     1   -0.75157781E+0001   -0.75157908E+0001    0.10668276E+0001      3200
    50   -0.75157902E+0001   -0.75158142E+0001    0.16843455E+0001      3200
   100   -0.75156738E+0001   -0.75151176E+0001    0.19862588E+0001      3200
   150   -0.75156069E+0001   -0.75155530E+0001    0.22084081E+0001      3200
   200   -0.75154655E+0001   -0.75148378E+0001    0.22383514E+0001      3200
   250   -0.75154055E+0001   -0.75147852E+0001    0.23293755E+0001      3200
   300   -0.75147789E+0001   -0.75151292E+0001    0.24370602E+0001      3200
   350   -0.75148661E+0001   -0.75138176E+0001    0.24153230E+0001      3200
   400   -0.75144063E+0001   -0.75142391E+0001    0.24556271E+0001      3200
   450   -0.75140394E+0001   -0.75140774E+0001    0.24450436E+0001      3200
   500   -0.75140792E+0001   -0.75137746E+0001    0.23269956E+0001      3200
   550   -0.75138256E+0001   -0.75139840E+0001    0.24354911E+0001      3200
   600   -0.75135250E+0001   -0.75138102E+0001    0.24272632E+0001      3200
   650   -0.75131835E+0001   -0.75135385E+0001    0.25404003E+0001      3200
   700   -0.75132645E+0001   -0.75130880E+0001    0.26889498E+0001      3200
   750   -0.75135101E+0001   -0.75128533E+0001    0.26366059E+0001      3200
   800   -0.75129425E+0001   -0.75128321E+0001    0.25930411E+0001      3200
   850   -0.75129287E+0001   -0.75129389E+0001    0.25587409E+0001      3200
   900   -0.75130987E+0001   -0.75129035E+0001    0.24276393E+0001      3200
   950   -0.75128751E+0001   -0.75125605E+0001    0.25776045E+0001      3200
  1000   -0.75130942E+0001   -0.75129225E+0001    0.25525785E+0001      3200
  1050   -0.75132391E+0001   -0.75128588E+0001    0.25721841E+0001      3200
  1100   -0.75136689E+0001   -0.75133207E+0001    0.24848402E+0001      3200
  1150   -0.75136872E+0001   -0.75134485E+0001    0.24104832E+0001      3200
  1200   -0.75138289E+0001   -0.75140372E+0001    0.23395250E+0001      3200
  1250   -0.75139937E+0001   -0.75138699E+0001    0.24066633E+0001      3200
  1300   -0.75141493E+0001   -0.75140925E+0001    0.23462989E+0001      3200
  1350   -0.75143241E+0001   -0.75139283E+0001    0.23885408E+0001      3200
  1400   -0.75141287E+0001   -0.75138271E+0001    0.24661051E+0001      3200
  1450   -0.75140521E+0001   -0.75140840E+0001    0.25310009E+0001      3200
  1500   -0.75143090E+0001   -0.75138798E+0001    0.25307489E+0001      3200
  1550   -0.75146896E+0001   -0.75145950E+0001    0.25195087E+0001      3200
  1600   -0.75147893E+0001   -0.75139184E+0001    0.24924514E+0001      3200
  1650   -0.75144907E+0001   -0.75142509E+0001    0.24926906E+0001      3200
  1700   -0.75138570E+0001   -0.75141252E+0001    0.24131335E+0001      3200
  1750   -0.75139412E+0001   -0.75136428E+0001    0.24314997E+0001      3200
  1800   -0.75139540E+0001   -0.75135933E+0001    0.24381369E+0001      3200
  1850   -0.75142665E+0001   -0.75139773E+0001    0.24627265E+0001      3200
  1900   -0.75141032E+0001   -0.75139156E+0001    0.23698959E+0001      3200
  1950   -0.75139752E+0001   -0.75137108E+0001    0.23892491E+0001      3200
  2000   -0.75137216E+0001   -0.75138832E+0001    0.24402798E+0001      3200
  2050   -0.75137836E+0001   -0.75142021E+0001    0.25118175E+0001      3200
  2100   -0.75138173E+0001   -0.75134214E+0001    0.25171008E+0001      3200
  2150   -0.75131856E+0001   -0.75140516E+0001    0.24828441E+0001      3200
  2200   -0.75129963E+0001   -0.75125986E+0001    0.26334173E+0001      3200
  2250   -0.75128127E+0001   -0.75122658E+0001    0.24940054E+0001      3200
  2300   -0.75124427E+0001   -0.75132110E+0001    0.25650401E+0001      3200
  2350   -0.75126244E+0001   -0.75123066E+0001    0.27431431E+0001      3200
  2400   -0.75129425E+0001   -0.75126194E+0001    0.25663309E+0001      3200
  2450   -0.75131952E+0001   -0.75132424E+0001    0.24459011E+0001      3200
  2500   -0.75135548E+0001   -0.75128834E+0001    0.24713563E+0001      3200
  2550   -0.75129602E+0001   -0.75133487E+0001    0.23693246E+0001      3200
  2600   -0.75128382E+0001   -0.75129192E+0001    0.26092804E+0001      3200
  2650   -0.75130210E+0001   -0.75126157E+0001    0.24961765E+0001      3200
  2700   -0.75128553E+0001   -0.75129488E+0001    0.25546394E+0001      3200
  2750   -0.75128797E+0001   -0.75125121E+0001    0.25174128E+0001      3200
  2800   -0.75126489E+0001   -0.75127212E+0001    0.24978548E+0001      3200
  2850   -0.75127770E+0001   -0.75126014E+0001    0.23680188E+0001      3200
  2900   -0.75130861E+0001   -0.75125974E+0001    0.25031601E+0001      3200
  2950   -0.75130163E+0001   -0.75126694E+0001    0.24553270E+0001      3200
  3000   -0.75127491E+0001   -0.75125143E+0001    0.25151769E+0001      3200
  3050   -0.75128198E+0001   -0.75125804E+0001    0.25567188E+0001      3200
  3100   -0.75129998E+0001   -0.75129597E+0001    0.25673006E+0001      3200
  3150   -0.75128593E+0001   -0.75132915E+0001    0.25674208E+0001      3200
  3200   -0.75127818E+0001   -0.75122083E+0001    0.26203591E+0001      3200
  3250   -0.75128018E+0001   -0.75124223E+0001    0.26296030E+0001      3200
  3300   -0.75129406E+0001   -0.75125657E+0001    0.26295807E+0001      3200
  3350   -0.75127514E+0001   -0.75119170E+0001    0.26754778E+0001      3200
  3400   -0.75122721E+0001   -0.75123045E+0001    0.25132161E+0001      3200
  3450   -0.75126288E+0001   -0.75127886E+0001    0.25673601E+0001      3200
  3500   -0.75130181E+0001   -0.75125024E+0001    0.26852310E+0001      3200
  3550   -0.75132548E+0001   -0.75136422E+0001    0.26780869E+0001      3200
  3600   -0.75129797E+0001   -0.75121450E+0001    0.26134626E+0001      3200
  3650   -0.75128165E+0001   -0.75128400E+0001    0.26843591E+0001      3200
  3700   -0.75126469E+0001   -0.75122132E+0001    0.26328336E+0001      3200
  3750   -0.75125483E+0001   -0.75124832E+0001    0.26284304E+0001      3200
  3800   -0.75126638E+0001   -0.75124637E+0001    0.26281766E+0001      3200
  3850   -0.75127540E+0001   -0.75124173E+0001    0.26250988E+0001      3200
  3900   -0.75129655E+0001   -0.75125533E+0001    0.25813695E+0001      3200
  3950   -0.75126777E+0001   -0.75128081E+0001    0.26681365E+0001      3200
  4000   -0.75128526E+0001   -0.75127300E+0001    0.26599736E+0001      3200
  4050   -0.75123330E+0001   -0.75123400E+0001    0.25769593E+0001      3200
  4100   -0.75116451E+0001   -0.75117614E+0001    0.26406484E+0001      3200
  4150   -0.75118143E+0001   -0.75126440E+0001    0.26378141E+0001      3200
  4200   -0.75120865E+0001   -0.75114424E+0001    0.25686547E+0001      3200
  4250   -0.75122457E+0001   -0.75118006E+0001    0.26155444E+0001      3200
  4300   -0.75125482E+0001   -0.75118005E+0001    0.26950320E+0001      3200
  4350   -0.75121900E+0001   -0.75118036E+0001    0.25915210E+0001      3200
  4400   -0.75119376E+0001   -0.75121426E+0001    0.26022210E+0001      3200
  4450   -0.75123196E+0001   -0.75119956E+0001    0.26059963E+0001      3200
  4500   -0.75121991E+0001   -0.75120027E+0001    0.25873579E+0001      3200
  4550   -0.75116077E+0001   -0.75116681E+0001    0.24556960E+0001      3200
  4600   -0.75120613E+0001   -0.75122368E+0001    0.25108469E+0001      3200
  4650   -0.75120760E+0001   -0.75117435E+0001    0.25871082E+0001      3200
  4700   -0.75122881E+0001   -0.75121101E+0001    0.24986537E+0001      3200
  4750   -0.75123279E+0001   -0.75122491E+0001    0.25655189E+0001      3200
  4800   -0.75122476E+0001   -0.75121348E+0001    0.26100856E+0001      3200
  4801   -0.75122940E+0001   -0.75122940E+0001    0.21142269E+0001      3200
  4850   -0.75134898E+0001   -0.75137672E+0001    0.20868542E+0001      3200
  4900   -0.75137663E+0001   -0.75134836E+0001    0.22356769E+0001      3200
  4950   -0.75135610E+0001   -0.75131008E+0001    0.23236009E+0001      3200
  5000   -0.75133806E+0001   -0.75130330E+0001    0.22885249E+0001      3200
  5050   -0.75129081E+0001   -0.75126567E+0001    0.24768535E+0001      3200
  5100   -0.75128120E+0001   -0.75125274E+0001    0.24696643E+0001      3200
  5150   -0.75128982E+0001   -0.75131181E+0001    0.24508006E+0001      3200
  5200   -0.75119574E+0001   -0.75123764E+0001    0.24606696E+0001      3200
  5250   -0.75119611E+0001   -0.75115009E+0001    0.25872593E+0001      3200
  5300   -0.75116877E+0001   -0.75116246E+0001    0.25121833E+0001      3200
  5350   -0.75115581E+0001   -0.75111604E+0001    0.25387166E+0001      3200
  5400   -0.75115862E+0001   -0.75118058E+0001    0.26897581E+0001      3200
  5450   -0.75116527E+0001   -0.75113213E+0001    0.25213522E+0001      3200
  5500   -0.75112774E+0001   -0.75117015E+0001    0.25362412E+0001      3200
  5550   -0.75116814E+0001   -0.75117865E+0001    0.25913508E+0001      3200
  5600   -0.75116569E+0001   -0.75114778E+0001    0.26211847E+0001      3200
  5650   -0.75118093E+0001   -0.75111217E+0001    0.25436006E+0001      3200
  5700   -0.75114921E+0001   -0.75112655E+0001    0.25968186E+0001      3200
  5750   -0.75117806E+0001   -0.75117190E+0001    0.25772894E+0001      3200
  5800   -0.75117781E+0001   -0.75116056E+0001    0.24724506E+0001      3200
  5850   -0.75119892E+0001   -0.75118853E+0001    0.23819263E+0001      3200
  5900   -0.75122877E+0001   -0.75116874E+0001    0.24432351E+0001      3200
  5950   -0.75123121E+0001   -0.75119243E+0001    0.25074575E+0001      3200
  6000   -0.75123929E+0001   -0.75115330E+0001    0.25009561E+0001      3200
  6050   -0.75117694E+0001   -0.75118004E+0001    0.25275480E+0001      3200
  6100   -0.75114701E+0001   -0.75113065E+0001    0.25536279E+0001      3200
  6150   -0.75113337E+0001   -0.75109945E+0001    0.26011732E+0001      3200
  6200   -0.75114795E+0001   -0.75109829E+0001    0.25611263E+0001      3200
  6250   -0.75114479E+0001   -0.75111909E+0001    0.24588852E+0001      3200
  6300   -0.75110406E+0001   -0.75108567E+0001    0.25614960E+0001      3200
  6350   -0.75111585E+0001   -0.75114910E+0001    0.25687111E+0001      3200
  6400   -0.75109147E+0001   -0.75103478E+0001    0.26667469E+0001      3200
  6450   -0.75108401E+0001   -0.75110314E+0001    0.25374745E+0001      3200
  6500   -0.75104034E+0001   -0.75105641E+0001    0.25070420E+0001      3200
  6550   -0.75102906E+0001   -0.75100610E+0001    0.26066080E+0001      3200
  6600   -0.75099453E+0001   -0.75096659E+0001    0.25099778E+0001      3200
  6650   -0.75095548E+0001   -0.75098275E+0001    0.25021358E+0001      3200
  6700   -0.75095111E+0001   -0.75090216E+0001    0.25620414E+0001      3200
  6750   -0.75096728E+0001   -0.75092779E+0001    0.25903079E+0001      3200
  6800   -0.75095670E+0001   -0.75091772E+0001    0.26945463E+0001      3200
  6850   -0.75095202E+0001   -0.75097597E+0001    0.26818813E+0001      3200
  6900   -0.75093646E+0001   -0.75093464E+0001    0.26138155E+0001      3200
  6950   -0.75089141E+0001   -0.75088799E+0001    0.26964243E+0001      3200
  7000   -0.75090984E+0001   -0.75088265E+0001    0.28163896E+0001      3200
  7050   -0.75089999E+0001   -0.75086028E+0001    0.27168113E+0001      3200
  7100   -0.75086818E+0001   -0.75089859E+0001    0.27944176E+0001      3200
  7150   -0.75089982E+0001   -0.75085429E+0001    0.27239391E+0001      3200
  7200   -0.75089460E+0001   -0.75090150E+0001    0.28278742E+0001      3200
  7250   -0.75087210E+0001   -0.75082894E+0001    0.28798116E+0001      3200
  7300   -0.75082314E+0001   -0.75084994E+0001    0.25872867E+0001      3200
  7350   -0.75087023E+0001   -0.75087259E+0001    0.26477163E+0001      3200
  7400   -0.75089049E+0001   -0.75085984E+0001    0.27750488E+0001      3200
  7450   -0.75093559E+0001   -0.75091605E+0001    0.26637401E+0001      3200
  7500   -0.75094329E+0001   -0.75095362E+0001    0.25385531E+0001      3200
  7550   -0.75094565E+0001   -0.75093909E+0001    0.26505235E+0001      3200
  7600   -0.75096526E+0001   -0.75094706E+0001    0.26463782E+0001      3200
  7650   -0.75093700E+0001   -0.75089454E+0001    0.26198867E+0001      3200
  7700   -0.75091310E+0001   -0.75089237E+0001    0.25897904E+0001      3200
  7750   -0.75092189E+0001   -0.75090077E+0001    0.26864413E+0001      3200
  7800   -0.75087171E+0001   -0.75086412E+0001    0.26608637E+0001      3200
  7850   -0.75086435E+0001   -0.75085858E+0001    0.26889155E+0001      3200
  7900   -0.75084146E+0001   -0.75087404E+0001    0.27116188E+0001      3200
  7950   -0.75085923E+0001   -0.75088453E+0001    0.27686723E+0001      3200
  8000   -0.75083236E+0001   -0.75084609E+0001    0.27844228E+0001      3200
  8050   -0.75082088E+0001   -0.75081575E+0001    0.27604852E+0001      3200
  8100   -0.75081567E+0001   -0.75080350E+0001    0.27950773E+0001      3200
  8150   -0.75085166E+0001   -0.75078587E+0001    0.28027200E+0001      3200
  8200   -0.75084436E+0001   -0.75080305E+0001    0.26744404E+0001      3200
  8250   -0.75072987E+0001   -0.75084810E+0001    0.28146904E+0001      3200
  8300   -0.75073458E+0001   -0.75075820E+0001    0.27520338E+0001      3200
  8350   -0.75072589E+0001   -0.75077794E+0001    0.27797055E+0001      3200
  8400   -0.75073661E+0001   -0.75072582E+0001    0.27938950E+0001      3200
  8450   -0.75076162E+0001   -0.75074481E+0001    0.27416311E+0001      3200
  8500   -0.75073099E+0001   -0.75072819E+0001    0.28700177E+0001      3200
  8550   -0.75075472E+0001   -0.75072936E+0001    0.28894977E+0001      3200
  8600   -0.75077252E+0001   -0.75075623E+0001    0.29076168E+0001      3200
  8650   -0.75072422E+0001   -0.75072096E+0001    0.28841854E+0001      3200
  8700   -0.75069413E+0001   -0.75069814E+0001    0.28667534E+0001      3200
  8750   -0.75070510E+0001   -0.75067564E+0001    0.27573413E+0001      3200
  8800   -0.75071462E+0001   -0.75068798E+0001    0.28176638E+0001      3200
  8850   -0.75071814E+0001   -0.75072681E+0001    0.28237086E+0001      3200
  8900   -0.75072783E+0001   -0.75073431E+0001    0.26467070E+0001      3200
  8950   -0.75072212E+0001   -0.75072163E+0001    0.25885271E+0001      3200
  9000   -0.75072235E+0001   -0.75075272E+0001    0.28232257E+0001      3200
  9050   -0.75073490E+0001   -0.75075247E+0001    0.28678563E+0001      3200
  9100   -0.75070896E+0001   -0.75071451E+0001    0.28551723E+0001      3200
  9150   -0.75067419E+0001   -0.75066369E+0001    0.27609948E+0001      3200
  9200   -0.75068764E+0001   -0.75068895E+0001    0.27214071E+0001      3200
  9250   -0.75070904E+0001   -0.75066920E+0001    0.28978084E+0001      3200
  9300   -0.75073096E+0001   -0.75069852E+0001    0.28791099E+0001      3200
  9350   -0.75070157E+0001   -0.75064661E+0001    0.29704260E+0001      3200
  9400   -0.75071729E+0001   -0.75069234E+0001    0.28730131E+0001      3200
  9450   -0.75070356E+0001   -0.75069728E+0001    0.27713535E+0001      3200
  9500   -0.75075174E+0001   -0.75075428E+0001    0.27367908E+0001      3200
  9550   -0.75074226E+0001   -0.75072947E+0001    0.27471236E+0001      3200
  9600   -0.75075476E+0001   -0.75077749E+0001    0.28111032E+0001      3200
  9601   -0.75076049E+0001   -0.75076049E+0001    0.23224243E+0001      3200
  9650   -0.75090184E+0001   -0.75095268E+0001    0.22816998E+0001      3200
  9700   -0.75091597E+0001   -0.75087732E+0001    0.24877157E+0001      3200
  9750   -0.75091545E+0001   -0.75089305E+0001    0.24240513E+0001      3200
  9800   -0.75085154E+0001   -0.75084703E+0001    0.25628877E+0001      3200
  9850   -0.75089646E+0001   -0.75088136E+0001    0.25608849E+0001      3200
  9900   -0.75093984E+0001   -0.75093144E+0001    0.25718275E+0001      3200
  9950   -0.75089199E+0001   -0.75089773E+0001    0.25249653E+0001      3200
 10000   -0.75085139E+0001   -0.75083766E+0001    0.26587112E+0001      3200
 10050   -0.75086965E+0001   -0.75085869E+0001    0.26329985E+0001      3200
 10100   -0.75084209E+0001   -0.75078738E+0001    0.25751215E+0001      3200
 10150   -0.75077847E+0001   -0.75083407E+0001    0.27092257E+0001      3200
 10200   -0.75079534E+0001   -0.75075165E+0001    0.27466021E+0001      3200
 10250   -0.75075241E+0001   -0.75077520E+0001    0.27126303E+0001      3200
 10300   -0.75075794E+0001   -0.75076066E+0001    0.28196018E+0001      3200
 10350   -0.75073078E+0001   -0.75073473E+0001    0.26451688E+0001      3200
 10400   -0.75073899E+0001   -0.75079537E+0001    0.25710680E+0001      3200
 10450   -0.75073424E+0001   -0.75070207E+0001    0.26172950E+0001      3200
 10500   -0.75075895E+0001   -0.75076259E+0001    0.26384458E+0001      3200
 10550   -0.75070392E+0001   -0.75076377E+0001    0.25904619E+0001      3200
 10600   -0.75068672E+0001   -0.75065363E+0001    0.27195654E+0001      3200
 10650   -0.75063665E+0001   -0.75069681E+0001    0.25528792E+0001      3200
 10700   -0.75062627E+0001   -0.75062325E+0001    0.27186121E+0001      3200
 10750   -0.75061385E+0001   -0.75066423E+0001    0.27200401E+0001      3200
 10800   -0.75058724E+0001   -0.75057077E+0001    0.27904368E+0001      3200
 10850   -0.75061119E+0001   -0.75061761E+0001    0.26744060E+0001      3200
 10900   -0.75061405E+0001   -0.75063589E+0001    0.26854844E+0001      3200
 10950   -0.75061091E+0001   -0.75058252E+0001    0.27376600E+0001      3200
 11000   -0.75059971E+0001   -0.75059122E+0001    0.27615556E+0001      3200
 11050   -0.75058600E+0001   -0.75058654E+0001    0.28056853E+0001      3200
 11100   -0.75061394E+0001   -0.75055905E+0001    0.28468776E+0001      3200
 11150   -0.75060774E+0001   -0.75056260E+0001    0.28363287E+0001      3200
 11200   -0.75060920E+0001   -0.75058030E+0001    0.29273827E+0001      3200
 11250   -0.75057869E+0001   -0.75055896E+0001    0.28661187E+0001      3200
 11300   -0.75058335E+0001   -0.75053134E+0001    0.28367536E+0001      3200
 11350   -0.75058861E+0001   -0.75057069E+0001    0.28480285E+0001      3200
 11400   -0.75056964E+0001   -0.75054003E+0001    0.26763090E+0001      3200
 11450   -0.75060490E+0001   -0.75060756E+0001    0.27789041E+0001      3200
 11500   -0.75059872E+0001   -0.75054715E+0001    0.28125471E+0001      3200
 11550   -0.75059650E+0001   -0.75051390E+0001    0.26884381E+0001      3200
 11600   -0.75054642E+0001   -0.75054391E+0001    0.27395730E+0001      3200
 11650   -0.75057155E+0001   -0.75060455E+0001    0.27278297E+0001      3200
 11700   -0.75058394E+0001   -0.75058753E+0001    0.28212761E+0001      3200
 11750   -0.75057687E+0001   -0.75059526E+0001    0.28091738E+0001      3200
 11800   -0.75057597E+0001   -0.75056581E+0001    0.27435409E+0001      3200
 11850   -0.75057511E+0001   -0.75060135E+0001    0.26864221E+0001      3200
 11900   -0.75058547E+0001   -0.75060411E+0001    0.26154677E+0001      3200
 11950   -0.75059001E+0001   -0.75058360E+0001    0.25094370E+0001      3200
 12000   -0.75058695E+0001   -0.75056633E+0001    0.26812624E+0001      3200
 12050   -0.75060416E+0001   -0.75055730E+0001    0.26272330E+0001      3200
 12100   -0.75052673E+0001   -0.75059805E+0001    0.27121291E+0001      3200
 12150   -0.75055900E+0001   -0.75053029E+0001    0.27237219E+0001      3200
 12200   -0.75056578E+0001   -0.75053533E+0001    0.27656498E+0001      3200
 12250   -0.75047853E+0001   -0.75055713E+0001    0.26343830E+0001      3200
 12300   -0.75047497E+0001   -0.75046847E+0001    0.27108124E+0001      3200
 12350   -0.75046854E+0001   -0.75046635E+0001    0.26584948E+0001      3200
 12400   -0.75044557E+0001   -0.75045061E+0001    0.25798306E+0001      3200
 12450   -0.75046346E+0001   -0.75051510E+0001    0.25618382E+0001      3200
 12500   -0.75043827E+0001   -0.75045798E+0001    0.26386632E+0001      3200
 12550   -0.75043444E+0001   -0.75041013E+0001    0.26964460E+0001      3200
 12600   -0.75041524E+0001   -0.75038807E+0001    0.27288699E+0001      3200
 12650   -0.75036424E+0001   -0.75042537E+0001    0.28040435E+0001      3200
 12700   -0.75034432E+0001   -0.75039288E+0001    0.26780163E+0001      3200
 12750   -0.75033016E+0001   -0.75038267E+0001    0.26417097E+0001      3200
 12800   -0.75033602E+0001   -0.75032802E+0001    0.28089340E+0001      3200
 12850   -0.75035007E+0001   -0.75033035E+0001    0.28091791E+0001      3200
 12900   -0.75034669E+0001   -0.75037761E+0001    0.28445468E+0001      3200
 12950   -0.75035889E+0001   -0.75033871E+0001    0.29238968E+0001      3200
 13000   -0.75037621E+0001   -0.75036011E+0001    0.27612444E+0001      3200
 13050   -0.75036093E+0001   -0.75035075E+0001    0.27967877E+0001      3200
 13100   -0.75036583E+0001   -0.75032953E+0001    0.27272336E+0001      3200
 13150   -0.75038377E+0001   -0.75033425E+0001    0.27377829E+0001      3200
 13200   -0.75037097E+0001   -0.75038566E+0001    0.25984252E+0001      3200
 13250   -0.75040154E+0001   -0.75043261E+0001    0.26940153E+0001      3200
 13300   -0.75037177E+0001   -0.75036614E+0001    0.25998021E+0001      3200
 13350   -0.75037577E+0001   -0.75037874E+0001    0.26370793E+0001      3200
 13400   -0.75039043E+0001   -0.75035691E+0001    0.27098909E+0001      3200
 13450   -0.75037772E+0001   -0.75035148E+0001    0.27711397E+0001      3200
 13500   -0.75038934E+0001   -0.75037420E+0001    0.27443403E+0001      3200
 13550   -0.75040074E+0001   -0.75031338E+0001    0.27684541E+0001      3200
 13600   -0.75042902E+0001   -0.75037255E+0001    0.27156014E+0001      3200
 13650   -0.75039176E+0001   -0.75039187E+0001    0.27881430E+0001      3200
 13700   -0.75038367E+0001   -0.75038538E+0001    0.27246021E+0001      3200
 13750   -0.75035680E+0001   -0.75034783E+0001    0.27112939E+0001      3200
 13800   -0.75034782E+0001   -0.75038757E+0001    0.25306189E+0001      3200
 13850   -0.75041012E+0001   -0.75045830E+0001    0.24621349E+0001      3200
 13900   -0.75039577E+0001   -0.75039276E+0001    0.25608905E+0001      3200
 13950   -0.75041565E+0001   -0.75045111E+0001    0.25923051E+0001      3200
 14000   -0.75037658E+0001   -0.75041133E+0001    0.25161313E+0001      3200
 14050   -0.75038740E+0001   -0.75041163E+0001    0.27212343E+0001      3200
 14100   -0.75036239E+0001   -0.75038548E+0001    0.26336671E+0001      3200
 14150   -0.75026911E+0001   -0.75028259E+0001    0.26773321E+0001      3200
 14200   -0.75027603E+0001   -0.75027129E+0001    0.26714840E+0001      3200
 14250   -0.75029244E+0001   -0.75030759E+0001    0.23500341E+0001      3200
 14300   -0.75032063E+0001   -0.75032667E+0001    0.25893470E+0001      3200
 14350   -0.75034656E+0001   -0.75035717E+0001    0.26530665E+0001      3200
 14400   -0.75029009E+0001   -0.75028903E+0001    0.25897367E+0001      3200
 14401   -0.75029500E+0001   -0.75029500E+0001    0.21502752E+0001      3200
 14450   -0.75041786E+0001   -0.75046410E+0001    0.22349636E+0001      3200
 14500   -0.75041751E+0001   -0.75040576E+0001    0.24834019E+0001      3200
 14550   -0.75042550E+0001   -0.75045626E+0001    0.26042371E+0001      3200
 14600   -0.75037848E+0001   -0.75031562E+0001    0.26642118E+0001      3200
 14650   -0.75032626E+0001   -0.75041491E+0001    0.26271382E+0001      3200
 14700   -0.75032332E+0001   -0.75029919E+0001    0.26793732E+0001      3200
 14750   -0.75024913E+0001   -0.75026659E+0001    0.26958357E+0001      3200
 14800   -0.75021853E+0001   -0.75019589E+0001    0.26863980E+0001      3200
 14850   -0.75021951E+0001   -0.75015333E+0001    0.28832773E+0001      3200
 14900   -0.75021316E+0001   -0.75024162E+0001    0.26781587E+0001      3200
 14950   -0.75012225E+0001   -0.75014300E+0001    0.27676124E+0001      3200
 15000   -0.75014323E+0001   -0.75019512E+0001    0.28161720E+0001      3200
 15050   -0.75016359E+0001   -0.75015210E+0001    0.27569423E+0001      3200
 15100   -0.75016426E+0001   -0.75013905E+0001    0.28498915E+0001      3200
 15150   -0.75019245E+0001   -0.75017672E+0001    0.27947497E+0001      3200
 15200   -0.75019006E+0001   -0.75016154E+0001    0.27091076E+0001      3200
 15250   -0.75017890E+0001   -0.75016131E+0001    0.27228918E+0001      3200
 15300   -0.75018553E+0001   -0.75017829E+0001    0.28123846E+0001      3200
 15350   -0.75022992E+0001   -0.75021212E+0001    0.27493071E+0001      3200
 15400   -0.75024532E+0001   -0.75023529E+0001    0.27962740E+0001      3200
 15450   -0.75023099E+0001   -0.75032374E+0001    0.26865465E+0001      3200
 15500   -0.75021487E+0001   -0.75024870E+0001    0.27156471E+0001      3200
 15550   -0.75015207E+0001   -0.75015922E+0001    0.28687819E+0001      3200
 15600   -0.75016431E+0001   -0.75012890E+0001    0.29642232E+0001      3200
 15650   -0.75015649E+0001   -0.75012841E+0001    0.29574618E+0001      3200
 15700   -0.75015415E+0001   -0.75012349E+0001    0.29975583E+0001      3200
 15750   -0.75019332E+0001   -0.75014453E+0001    0.29254277E+0001      3200
 15800   -0.75014933E+0001   -0.75022643E+0001    0.29089839E+0001      3200
 15850   -0.75014053E+0001   -0.75019435E+0001    0.30125307E+0001      3200
 15900   -0.75019514E+0001   -0.75013018E+0001    0.30623848E+0001      3200
 15950   -0.75017423E+0001   -0.75020336E+0001    0.28967900E+0001      3200
 16000   -0.75015365E+0001   -0.75017338E+0001    0.28934466E+0001      3200
 16050   -0.75016500E+0001   -0.75018836E+0001    0.29553032E+0001      3200
 16100   -0.75018526E+0001   -0.75023555E+0001    0.29674489E+0001      3200
 16150   -0.75019673E+0001   -0.75024068E+0001    0.29314139E+0001      3200
 16200   -0.75015067E+0001   -0.75013858E+0001    0.29622626E+0001      3200
 16250   -0.75018231E+0001   -0.75017254E+0001    0.29444643E+0001      3200
 16300   -0.75011338E+0001   -0.75019166E+0001    0.29943447E+0001      3200
 16350   -0.75019924E+0001   -0.75020043E+0001    0.28488655E+0001      3200
 16400   -0.75019411E+0001   -0.75025239E+0001    0.27709708E+0001      3200
 16450   -0.75019693E+0001   -0.75021438E+0001    0.27696808E+0001      3200
 16500   -0.75023251E+0001   -0.75025955E+0001    0.27519314E+0001      3200
 16550   -0.75025388E+0001   -0.75021393E+0001    0.27455192E+0001      3200
 16600   -0.75022293E+0001   -0.75025379E+0001    0.27624055E+0001      3200
 16650   -0.75021670E+0001   -0.75019821E+0001    0.26690744E+0001      3200
 16700   -0.75018818E+0001   -0.75019481E+0001    0.27902207E+0001      3200
 16750   -0.75020410E+0001   -0.75017307E+0001    0.28721354E+0001      3200
 16800   -0.75017995E+0001   -0.75016005E+0001    0.27817391E+0001      3200
 16850   -0.75015627E+0001   -0.75010910E+0001    0.28099926E+0001      3200
 16900   -0.75011823E+0001   -0.75009940E+0001    0.28870866E+0001      3200
 16950   -0.75012707E+0001   -0.75010371E+0001    0.28071883E+0001      3200
 17000   -0.75012289E+0001   -0.75008540E+0001    0.28223550E+0001      3200
 17050   -0.75012098E+0001   -0.75011171E+0001    0.27463250E+0001      3200
 17100   -0.75009562E+0001   -0.75008938E+0001    0.28554301E+0001      3200
 17150   -0.75007747E+0001   -0.75015219E+0001    0.29105736E+0001      3200
 17200   -0.75005391E+0001   -0.75004569E+0001    0.29971002E+0001      3200
 17250   -0.74999163E+0001   -0.75007152E+0001    0.29147175E+0001      3200
 17300   -0.74996966E+0001   -0.74997205E+0001    0.28371530E+0001      3200
 17350   -0.74999390E+0001   -0.74999179E+0001    0.28536773E+0001      3200
 17400   -0.75000089E+0001   -0.75003243E+0001    0.29562017E+0001      3200
 17450   -0.75003670E+0001   -0.75007735E+0001    0.28951677E+0001      3200
 17500   -0.75001891E+0001   -0.75001209E+0001    0.29272015E+0001      3200
 17550   -0.75001142E+0001   -0.74998975E+0001    0.29997056E+0001      3200
 17600   -0.74992144E+0001   -0.74999614E+0001    0.27359791E+0001      3200
 17650   -0.74988728E+0001   -0.74996988E+0001    0.28836410E+0001      3200
 17700   -0.74991566E+0001   -0.74987857E+0001    0.29546428E+0001      3200
 17750   -0.74993456E+0001   -0.74991501E+0001    0.29722668E+0001      3200
 17800   -0.74995161E+0001   -0.74991585E+0001    0.29264164E+0001      3200
 17850   -0.74980059E+0001   -0.74986673E+0001    0.28615077E+0001      3200
 17900   -0.74985366E+0001   -0.74986462E+0001    0.28153744E+0001      3200
 17950   -0.74986515E+0001   -0.74986875E+0001    0.28147215E+0001      3200
 18000   -0.74988029E+0001   -0.74992958E+0001    0.29910212E+0001      3200
 18050   -0.74991246E+0001   -0.74990743E+0001    0.28729863E+0001      3200
 18100   -0.74979014E+0001   -0.74984131E+0001    0.29117803E+0001      3200
 18150   -0.74979906E+0001   -0.74978881E+0001    0.29946895E+0001      3200
 18200   -0.74980363E+0001   -0.74977280E+0001    0.30295752E+0001      3200
 18250   -0.74982785E+0001   -0.74981329E+0001    0.30096032E+0001      3200
 18300   -0.74981579E+0001   -0.74986420E+0001    0.30614783E+0001      3200
 18350   -0.74974496E+0001   -0.74982674E+0001    0.31504981E+0001      3200
 18400   -0.74972482E+0001   -0.74977208E+0001    0.31399539E+0001      3200
 18450   -0.74966481E+0001   -0.74967517E+0001    0.30510165E+0001      3200
 18500   -0.74962517E+0001   -0.74968923E+0001    0.30891695E+0001      3200
 18550   -0.74964946E+0001   -0.74967639E+0001    0.31072499E+0001      3200
 18600   -0.74967872E+0001   -0.74968861E+0001    0.30727460E+0001      3200
 18650   -0.74968392E+0001   -0.74972538E+0001    0.31835242E+0001      3200
 18700   -0.74972899E+0001   -0.74974538E+0001    0.30167345E+0001      3200
 18750   -0.74976949E+0001   -0.74979519E+0001    0.30171696E+0001      3200
 18800   -0.74981598E+0001   -0.74983558E+0001    0.30627593E+0001      3200
 18850   -0.74983414E+0001   -0.74982818E+0001    0.30669132E+0001      3200
 18900   -0.74987775E+0001   -0.74987287E+0001    0.30360098E+0001      3200
 18950   -0.74986973E+0001   -0.74988837E+0001    0.28345065E+0001      3200
 19000   -0.74991789E+0001   -0.74996115E+0001    0.28843919E+0001      3200
 19050   -0.74987845E+0001   -0.74986230E+0001    0.28920500E+0001      3200
 19100   -0.74987428E+0001   -0.74989345E+0001    0.29815004E+0001      3200
 19150   -0.74991736E+0001   -0.74988061E+0001    0.29043653E+0001      3200
 19200   -0.74991966E+0001   -0.74991524E+0001    0.28522596E+0001      3200
 19201   -0.74992636E+0001   -0.74992636E+0001    0.25439054E+0001      3200
 19250   -0.75009906E+0001   -0.75015711E+0001    0.23895705E+0001      3200
 19300   -0.75010448E+0001   -0.75007151E+0001    0.26891224E+0001      3200
 19350   -0.75012061E+0001   -0.75011157E+0001    0.27548493E+0001      3200
 19400   -0.75010598E+0001   -0.75008236E+0001    0.26736438E+0001      3200
 19450   -0.75007816E+0001   -0.75007909E+0001    0.27432129E+0001      3200
 19500   -0.75007884E+0001   -0.75013003E+0001    0.27445445E+0001      3200
 19550   -0.75011314E+0001   -0.75008026E+0001    0.27921317E+0001      3200
 19600   -0.75008754E+0001   -0.75003744E+0001    0.28233569E+0001      3200
 19650   -0.75010852E+0001   -0.75003503E+0001    0.28290338E+0001      3200
 19700   -0.75000678E+0001   -0.75002720E+0001    0.27464165E+0001      3200
 19750   -0.75002284E+0001   -0.75006876E+0001    0.27063742E+0001      3200
 19800   -0.75004199E+0001   -0.75002371E+0001    0.27905404E+0001      3200
 19850   -0.75003352E+0001   -0.75000930E+0001    0.28263310E+0001      3200
 19900   -0.75003191E+0001   -0.75008182E+0001    0.28742827E+0001      3200
 19950   -0.74999686E+0001   -0.75001772E+0001    0.29376641E+0001      3200
 20000   -0.74993878E+0001   -0.74994091E+0001    0.29854463E+0001      3200
 20050   -0.74988220E+0001   -0.75001164E+0001    0.29438506E+0001      3200
 20100   -0.74985373E+0001   -0.74983159E+0001    0.29514428E+0001      3200
 20150   -0.74987152E+0001   -0.74983684E+0001    0.29834753E+0001      3200
 20200   -0.74987398E+0001   -0.74981458E+0001    0.29804753E+0001      3200
 20250   -0.74982522E+0001   -0.74984326E+0001    0.28761053E+0001      3200
 20300   -0.74985344E+0001   -0.74989574E+0001    0.29691710E+0001      3200
 20350   -0.74986884E+0001   -0.74983533E+0001    0.29248818E+0001      3200
 20400   -0.74984468E+0001   -0.74986739E+0001    0.28236494E+0001      3200
 20450   -0.74986595E+0001   -0.74986671E+0001    0.29324760E+0001      3200
 20500   -0.74988397E+0001   -0.74991208E+0001    0.29456309E+0001      3200
 20550   -0.74990260E+0001   -0.74988588E+0001    0.29149614E+0001      3200
 20600   -0.74994028E+0001   -0.74995368E+0001    0.28795661E+0001      3200
 20650   -0.74996013E+0001   -0.74995726E+0001    0.27785372E+0001      3200
 20700   -0.74996336E+0001   -0.74996014E+0001    0.28885908E+0001      3200
 20750   -0.74998144E+0001   -0.74994560E+0001    0.28948927E+0001      3200
 20800   -0.74998698E+0001   -0.74996679E+0001    0.27985203E+0001      3200
 20850   -0.74996841E+0001   -0.75000369E+0001    0.28091280E+0001      3200
 20900   -0.74998645E+0001   -0.74996598E+0001    0.29015970E+0001      3200
 20950   -0.74996910E+0001   -0.74995851E+0001    0.28145572E+0001      3200
 21000   -0.74998070E+0001   -0.74997837E+0001    0.28617556E+0001      3200
 21050   -0.74999488E+0001   -0.75002091E+0001    0.27335578E+0001      3200
 21100   -0.74996864E+0001   -0.74997284E+0001    0.28447322E+0001      3200
 21150   -0.74995015E+0001   -0.74996088E+0001    0.27484832E+0001      3200
 21200   -0.74990017E+0001   -0.74997296E+0001    0.27857860E+0001      3200
 21250   -0.74992498E+0001   -0.74989569E+0001    0.28240480E+0001      3200
 21300   -0.74993669E+0001   -0.74992060E+0001    0.28424196E+0001      3200
 21350   -0.74988259E+0001   -0.74993964E+0001    0.29130357E+0001      3200
 21400   -0.74992093E+0001   -0.74990690E+0001    0.30048348E+0001      3200
 21450   -0.74995631E+0001   -0.74991158E+0001    0.29996046E+0001      3200
 21500   -0.74992219E+0001   -0.74989495E+0001    0.29032739E+0001      3200
 21550   -0.74988105E+0001   -0.74991250E+0001    0.28331162E+0001      3200
 21600   -0.74993766E+0001   -0.74993395E+0001    0.27954317E+0001      3200
 21650   -0.74993839E+0001   -0.74993037E+0001    0.29010325E+0001      3200
 21700   -0.75000790E+0001   -0.74998880E+0001    0.29125586E+0001      3200
 21750   -0.74999107E+0001   -0.74998331E+0001    0.28282184E+0001      3200
 21800   -0.74997983E+0001   -0.75003329E+0001    0.29180575E+0001      3200
 21850   -0.74993684E+0001   -0.74991704E+0001    0.28692857E+0001      3200
 21900   -0.74992522E+0001   -0.74992224E+0001    0.28462324E+0001      3200
 21950   -0.74988741E+0001   -0.74987481E+0001    0.29174487E+0001      3200
 22000   -0.74985839E+0001   -0.74982527E+0001    0.30276216E+0001      3200
 22050   -0.74985877E+0001   -0.74983981E+0001    0.28802428E+0001      3200
 22100   -0.74979739E+0001   -0.74981049E+0001    0.29167781E+0001      3200
 22150   -0.74981902E+0001   -0.74980952E+0001    0.28540662E+0001      3200
 22200   -0.74985660E+0001   -0.74986809E+0001    0.30015453E+0001      3200
 22250   -0.74985197E+0001   -0.74982924E+0001    0.30422986E+0001      3200
 22300   -0.74985489E+0001   -0.74975472E+0001    0.30165805E+0001      3200
 22350   -0.74982933E+0001   -0.74980083E+0001    0.29448552E+0001      3200
 22400   -0.74983199E+0001   -0.74977458E+0001    0.30448778E+0001      3200
 22450   -0.74981502E+0001   -0.74978512E+0001    0.30789629E+0001      3200
 22500   -0.74978613E+0001   -0.74976590E+0001    0.30403326E+0001      3200
 22550   -0.74978617E+0001   -0.74984507E+0001    0.30043577E+0001      3200
 22600   -0.74984422E+0001   -0.74982568E+0001    0.28879948E+0001      3200
 22650   -0.74986925E+0001   -0.74984217E+0001    0.29217372E+0001      3200
 22700   -0.74990331E+0001   -0.74987503E+0001    0.29545022E+0001      3200
 22750   -0.74990600E+0001   -0.74985815E+0001    0.28650800E+0001      3200
 22800   -0.74986141E+0001   -0.74986015E+0001    0.28623581E+0001      3200
 22850   -0.74987583E+0001   -0.74990469E+0001    0.28644138E+0001      3200
 22900   -0.74988176E+0001   -0.74987039E+0001    0.28322799E+0001      3200
 22950   -0.74991353E+0001   -0.74992868E+0001    0.28090247E+0001      3200
 23000   -0.74991167E+0001   -0.74993046E+0001    0.27588480E+0001      3200
 23050   -0.74987112E+0001   -0.74989451E+0001    0.28501164E+0001      3200
 23100   -0.74988071E+0001   -0.74990615E+0001    0.28648770E+0001      3200
 23150   -0.74984873E+0001   -0.74992440E+0001    0.29287995E+0001      3200
 23200   -0.74979391E+0001   -0.74984807E+0001    0.28529016E+0001      3200
 23250   -0.74982292E+0001   -0.74985140E+0001    0.29152082E+0001      3200
 23300   -0.74982801E+0001   -0.74986159E+0001    0.29521438E+0001      3200
 23350   -0.74977045E+0001   -0.74981106E+0001    0.29168294E+0001      3200
 23400   -0.74976920E+0001   -0.74979918E+0001    0.28863711E+0001      3200
 23450   -0.74977578E+0001   -0.74978057E+0001    0.29238232E+0001      3200
 23500   -0.74976924E+0001   -0.74977396E+0001    0.29553244E+0001      3200
 23550   -0.74976746E+0001   -0.74978512E+0001    0.29136381E+0001      3200
 23600   -0.74983760E+0001   -0.74982837E+0001    0.28827306E+0001      3200
 23650   -0.74989401E+0001   -0.74991652E+0001    0.29563968E+0001      3200
 23700   -0.74987229E+0001   -0.74982267E+0001    0.28432014E+0001      3200
 23750   -0.74983609E+0001   -0.74987329E+0001    0.28197552E+0001      3200
 23800   -0.74984560E+0001   -0.74984116E+0001    0.28330476E+0001      3200
 23850   -0.74985895E+0001   -0.74985291E+0001    0.29334226E+0001      3200
 23900   -0.74980197E+0001   -0.74990347E+0001    0.29896741E+0001      3200
 23950   -0.74982539E+0001   -0.74982974E+0001    0.29593837E+0001      3200
 24000   -0.74976127E+0001   -0.74977221E+0001    0.29365960E+0001      3200
 24001   -0.74976876E+0001   -0.74976876E+0001    0.26748619E+0001      3200
 24050   -0.74996311E+0001   -0.75001664E+0001    0.25532447E+0001      3200
 24100   -0.74999563E+0001   -0.74998737E+0001    0.26610304E+0001      3200
 24150   -0.74999260E+0001   -0.74995088E+0001    0.28343812E+0001      3200
 24200   -0.74999802E+0001   -0.74995752E+0001    0.27602978E+0001      3200
 24250   -0.74989860E+0001   -0.74988757E+0001    0.28199075E+0001      3200
 24300   -0.74985521E+0001   -0.74992446E+0001    0.29394464E+0001      3200
 24350   -0.74986465E+0001   -0.74985218E+0001    0.28213350E+0001      3200
 24400   -0.74986472E+0001   -0.74989431E+0001    0.27815414E+0001      3200
 24450   -0.74987779E+0001   -0.74989476E+0001    0.28703046E+0001      3200
 24500   -0.74987285E+0001   -0.74989513E+0001    0.28904489E+0001      3200
 24550   -0.74987791E+0001   -0.74985766E+0001    0.29225700E+0001      3200
 24600   -0.74990431E+0001   -0.74989725E+0001    0.28586827E+0001      3200
 24650   -0.74988775E+0001   -0.74988010E+0001    0.29003894E+0001      3200
 24700   -0.74992504E+0001   -0.74995071E+0001    0.28929272E+0001      3200
 24750   -0.74989697E+0001   -0.74989870E+0001    0.28901924E+0001      3200
 24800   -0.74990152E+0001   -0.74993267E+0001    0.29389882E+0001      3200
 24850   -0.74992665E+0001   -0.74994021E+0001    0.28312939E+0001      3200
 24900   -0.74989781E+0001   -0.74990061E+0001    0.29299622E+0001      3200
 24950   -0.74991234E+0001   -0.74987189E+0001    0.29505884E+0001      3200
 25000   -0.74988467E+0001   -0.74988796E+0001    0.29454365E+0001      3200
 25050   -0.74981214E+0001   -0.74987703E+0001    0.30600928E+0001      3200
 25100   -0.74978972E+0001   -0.74977907E+0001    0.30458110E+0001      3200
 25150   -0.74978227E+0001   -0.74978368E+0001    0.30601478E+0001      3200
 25200   -0.74973960E+0001   -0.74978208E+0001    0.29638841E+0001      3200
 25250   -0.74975358E+0001   -0.74977863E+0001    0.29778547E+0001      3200
 25300   -0.74977072E+0001   -0.74975554E+0001    0.29276984E+0001      3200
 25350   -0.74975013E+0001   -0.74975997E+0001    0.29289430E+0001      3200
 25400   -0.74969437E+0001   -0.74973685E+0001    0.28154211E+0001      3200
 25450   -0.74966502E+0001   -0.74965954E+0001    0.29158055E+0001      3200
 25500   -0.74965434E+0001   -0.74966297E+0001    0.29652914E+0001      3200
 25550   -0.74968402E+0001   -0.74965205E+0001    0.30098093E+0001      3200
 25600   -0.74962913E+0001   -0.74977022E+0001    0.30308148E+0001      3200
 25650   -0.74962606E+0001   -0.74963663E+0001    0.28901667E+0001      3200
 25700   -0.74959399E+0001   -0.74965715E+0001    0.29335963E+0001      3200
 25750   -0.74961815E+0001   -0.74965967E+0001    0.30120032E+0001      3200
 25800   -0.74963275E+0001   -0.74962991E+0001    0.29952094E+0001      3200
 25850   -0.74964279E+0001   -0.74966105E+0001    0.30622671E+0001      3200
 25900   -0.74963552E+0001   -0.74964630E+0001    0.29177252E+0001      3200
 25950   -0.74968077E+0001   -0.74970784E+0001    0.29261340E+0001      3200
 26000   -0.74972676E+0001   -0.74973376E+0001    0.29064501E+0001      3200
 26050   -0.74969580E+0001   -0.74970623E+0001    0.29776245E+0001      3200
 26100   -0.74970804E+0001   -0.74973371E+0001    0.29521438E+0001      3200
 26150   -0.74968040E+0001   -0.74967111E+0001    0.29072817E+0001      3200
 26200   -0.74963900E+0001   -0.74965315E+0001    0.29814505E+0001      3200
 26250   -0.74965274E+0001   -0.74966023E+0001    0.30603103E+0001      3200
 26300   -0.74962222E+0001   -0.74962187E+0001    0.30721776E+0001      3200
 26350   -0.74962304E+0001   -0.74959303E+0001    0.30988827E+0001      3200
 26400   -0.74957985E+0001   -0.74956489E+0001    0.31526795E+0001      3200
 26450   -0.74958081E+0001   -0.74954311E+0001    0.30412804E+0001      3200
 26500   -0.74955449E+0001   -0.74953208E+0001    0.31706651E+0001      3200
 26550   -0.74951459E+0001   -0.74959092E+0001    0.30112306E+0001      3200
 26600   -0.74950422E+0001   -0.74952329E+0001    0.30364339E+0001      3200
 26650   -0.74953474E+0001   -0.74961564E+0001    0.29998837E+0001      3200
 26700   -0.74955200E+0001   -0.74958059E+0001    0.30651460E+0001      3200
 26750   -0.74959708E+0001   -0.74957882E+0001    0.31350322E+0001      3200
 26800   -0.74964354E+0001   -0.74957547E+0001    0.31878908E+0001      3200
 26850   -0.74961877E+0001   -0.74958452E+0001    0.31181292E+0001      3200
 26900   -0.74958877E+0001   -0.74957621E+0001    0.30941843E+0001      3200
 26950   -0.74962400E+0001   -0.74954831E+0001    0.31379079E+0001      3200
 27000   -0.74961719E+0001   -0.74965419E+0001    0.30393860E+0001      3200
 27050   -0.74965584E+0001   -0.74973621E+0001    0.30982289E+0001      3200
 27100   -0.74963985E+0001   -0.74968827E+0001    0.30575524E+0001      3200
 27150   -0.74964451E+0001   -0.74967865E+0001    0.30915283E+0001      3200
 27200   -0.74967770E+0001   -0.74968577E+0001    0.30008653E+0001      3200
 27250   -0.74969692E+0001   -0.74967330E+0001    0.29907894E+0001      3200
 27300   -0.74971873E+0001   -0.74971792E+0001    0.29919939E+0001      3200
 27350   -0.74973860E+0001   -0.74972975E+0001    0.29175597E+0001      3200
 27400   -0.74971272E+0001   -0.74974631E+0001    0.29086611E+0001      3200
 27450   -0.74971522E+0001   -0.74969197E+0001    0.29225484E+0001      3200
 27500   -0.74974099E+0001   -0.74973446E+0001    0.29392616E+0001      3200
 27550   -0.74971625E+0001   -0.74972565E+0001    0.29005832E+0001      3200
 27600   -0.74967477E+0001   -0.74968055E+0001    0.29730471E+0001      3200
 27650   -0.74967933E+0001   -0.74966985E+0001    0.28775713E+0001      3200
 27700   -0.74966764E+0001   -0.74966519E+0001    0.29324173E+0001      3200
 27750   -0.74966425E+0001   -0.74967366E+0001    0.28935469E+0001      3200
 27800   -0.74970334E+0001   -0.74970372E+0001    0.29382530E+0001      3200
 27850   -0.74972368E+0001   -0.74969835E+0001    0.29869394E+0001      3200
 27900   -0.74973329E+0001   -0.74970926E+0001    0.30305185E+0001      3200
 27950   -0.74971343E+0001   -0.74968189E+0001    0.29841697E+0001      3200
 28000   -0.74970061E+0001   -0.74969008E+0001    0.30267632E+0001      3200
 28050   -0.74972457E+0001   -0.74970954E+0001    0.29312024E+0001      3200
 28100   -0.74972871E+0001   -0.74977876E+0001    0.30050325E+0001      3200
 28150   -0.74976957E+0001   -0.74971928E+0001    0.29449381E+0001      3200
 28200   -0.74970477E+0001   -0.74975180E+0001    0.27776953E+0001      3200
 28250   -0.74972001E+0001   -0.74975268E+0001    0.28282743E+0001      3200
 28300   -0.74969580E+0001   -0.74973829E+0001    0.28295670E+0001      3200
 28350   -0.74969561E+0001   -0.74968094E+0001    0.28787177E+0001      3200
 28400   -0.74968038E+0001   -0.74963325E+0001    0.28786574E+0001      3200
 28450   -0.74966176E+0001   -0.74968922E+0001    0.28025460E+0001      3200
 28500   -0.74963086E+0001   -0.74965223E+0001    0.28479733E+0001      3200
 28550   -0.74963213E+0001   -0.74966160E+0001    0.29638103E+0001      3200
 28600   -0.74961790E+0001   -0.74959281E+0001    0.29763054E+0001      3200
 28650   -0.74966494E+0001   -0.74964709E+0001    0.28580180E+0001      3200
 28700   -0.74959942E+0001   -0.74961159E+0001    0.28449746E+0001      3200
 28750   -0.74962716E+0001   -0.74967167E+0001    0.28905351E+0001      3200
 28800   -0.74963437E+0001   -0.74962346E+0001    0.28024371E+0001      3200
 28801   -0.74964100E+0001   -0.74964100E+0001    0.24855534E+0001      3200
 28850   -0.74980354E+0001   -0.74986281E+0001    0.24263964E+0001      3200
 28900   -0.74979426E+0001   -0.74980424E+0001    0.24699487E+0001      3200
 28950   -0.74977489E+0001   -0.74976505E+0001    0.25283070E+0001      3200
 29000   -0.74973816E+0001   -0.74975441E+0001    0.26588682E+0001      3200
 29050   -0.74978432E+0001   -0.74978960E+0001    0.26961650E+0001      3200
 29100   -0.74980420E+0001   -0.74982568E+0001    0.28435369E+0001      3200
 29150   -0.74983112E+0001   -0.74978075E+0001    0.27966497E+0001      3200
 29200   -0.74981516E+0001   -0.74981723E+0001    0.28957860E+0001      3200
 29250   -0.74981660E+0001   -0.74974530E+0001    0.28813777E+0001      3200
 29300   -0.74979253E+0001   -0.74975356E+0001    0.28122616E+0001      3200
 29350   -0.74976414E+0001   -0.74975247E+0001    0.29119107E+0001      3200
 29400   -0.74970445E+0001   -0.74974316E+0001    0.29164892E+0001      3200
 29450   -0.74970772E+0001   -0.74967160E+0001    0.29366935E+0001      3200
 29500   -0.74969625E+0001   -0.74968885E+0001    0.29221059E+0001      3200
 29550   -0.74971582E+0001   -0.74974131E+0001    0.28419913E+0001      3200
 29600   -0.74969665E+0001   -0.74975299E+0001    0.28452125E+0001      3200
 29650   -0.74965878E+0001   -0.74975316E+0001    0.27893576E+0001      3200
 29700   -0.74964739E+0001   -0.74967695E+0001    0.26726168E+0001      3200
 29750   -0.74967406E+0001   -0.74970564E+0001    0.26519475E+0001      3200
 29800   -0.74963469E+0001   -0.74967145E+0001    0.28270006E+0001      3200
 29850   -0.74964014E+0001   -0.74969784E+0001    0.28602874E+0001      3200
 29900   -0.74961675E+0001   -0.74965620E+0001    0.28458711E+0001      3200
 29950   -0.74961814E+0001   -0.74961735E+0001    0.28279771E+0001      3200
 30000   -0.74965295E+0001   -0.74967722E+0001    0.27249649E+0001      3200
 30050   -0.74967136E+0001   -0.74967557E+0001    0.27125730E+0001      3200
 30100   -0.74968880E+0001   -0.74968201E+0001    0.28201865E+0001      3200
 30150   -0.74972872E+0001   -0.74972574E+0001    0.26721606E+0001      3200
 30200   -0.74968351E+0001   -0.74964725E+0001    0.27692963E+0001      3200
 30250   -0.74963848E+0001   -0.74976644E+0001    0.27578586E+0001      3200
 30300   -0.74960234E+0001   -0.74958097E+0001    0.29200817E+0001      3200
 30350   -0.74956499E+0001   -0.74955902E+0001    0.29033124E+0001      3200
 30400   -0.74954853E+0001   -0.74950476E+0001    0.29617066E+0001      3200
 30450   -0.74946263E+0001   -0.74947301E+0001    0.29672775E+0001      3200
 30500   -0.74948440E+0001   -0.74948592E+0001    0.29390328E+0001      3200
 30550   -0.74945240E+0001   -0.74945079E+0001    0.28780054E+0001      3200
 30600   -0.74945952E+0001   -0.74948092E+0001    0.29833043E+0001      3200
 30650   -0.74949129E+0001   -0.74949512E+0001    0.29566018E+0001      3200
 30700   -0.74950294E+0001   -0.74950152E+0001    0.28017354E+0001      3200
 30750   -0.74950187E+0001   -0.74949881E+0001    0.28288094E+0001      3200
 30800   -0.74952834E+0001   -0.74956930E+0001    0.28220339E+0001      3200
 30850   -0.74953520E+0001   -0.74955070E+0001    0.28303013E+0001      3200
 30900   -0.74956667E+0001   -0.74957145E+0001    0.28141551E+0001      3200
 30950   -0.74956485E+0001   -0.74958891E+0001    0.28655158E+0001      3200
 31000   -0.74961188E+0001   -0.74963089E+0001    0.28685896E+0001      3200
 31050   -0.74961708E+0001   -0.74965413E+0001    0.28376306E+0001      3200
 31100   -0.74962235E+0001   -0.74958811E+0001    0.28799041E+0001      3200
 31150   -0.74960998E+0001   -0.74958149E+0001    0.29369162E+0001      3200
 31200   -0.74965932E+0001   -0.74965042E+0001    0.28942447E+0001      3200
 31250   -0.74959735E+0001   -0.74960681E+0001    0.28177622E+0001      3200
 31300   -0.74958324E+0001   -0.74962056E+0001    0.27686361E+0001      3200
 31350   -0.74957572E+0001   -0.74956215E+0001    0.28289887E+0001      3200
 31400   -0.74958600E+0001   -0.74959791E+0001    0.27936507E+0001      3200
 31450   -0.74955622E+0001   -0.74961116E+0001    0.28944010E+0001      3200
 31500   -0.74957191E+0001   -0.74957688E+0001    0.29034793E+0001      3200
 31550   -0.74957490E+0001   -0.74958168E+0001    0.29296439E+0001      3200
 31600   -0.74959542E+0001   -0.74957543E+0001    0.29622587E+0001      3200
 31650   -0.74961124E+0001   -0.74960224E+0001    0.28305172E+0001      3200
 31700   -0.74963395E+0001   -0.74965340E+0001    0.28834728E+0001      3200
 31750   -0.74963004E+0001   -0.74959549E+0001    0.28202901E+0001      3200
 31800   -0.74960703E+0001   -0.74960578E+0001    0.29117555E+0001      3200
 31850   -0.74962820E+0001   -0.74956489E+0001    0.29423345E+0001      3200
 31900   -0.74960102E+0001   -0.74957951E+0001    0.29154331E+0001      3200
 31950   -0.74964081E+0001   -0.74963874E+0001    0.28018386E+0001      3200
 32000   -0.74965160E+0001   -0.74969793E+0001    0.27995454E+0001      3200
 32050   -0.74965790E+0001   -0.74964866E+0001    0.27608885E+0001      3200
 32100   -0.74963465E+0001   -0.74966556E+0001    0.27537081E+0001      3200
 32150   -0.74965664E+0001   -0.74966692E+0001    0.27593926E+0001      3200
 32200   -0.74966510E+0001   -0.74969581E+0001    0.28518052E+0001      3200
 32250   -0.74966337E+0001   -0.74965701E+0001    0.28013846E+0001      3200
 32300   -0.74964241E+0001   -0.74965941E+0001    0.27028239E+0001      3200
 32350   -0.74961895E+0001   -0.74957700E+0001    0.28236104E+0001      3200
 32400   -0.74961194E+0001   -0.74956838E+0001    0.27930205E+0001      3200
 32450   -0.74959761E+0001   -0.74959504E+0001    0.28198829E+0001      3200
 32500   -0.74951988E+0001   -0.74960731E+0001    0.28437829E+0001      3200
 32550   -0.74953879E+0001   -0.74952112E+0001    0.28753529E+0001      3200
 32600   -0.74951352E+0001   -0.74956784E+0001    0.28756952E+0001      3200
 32650   -0.74954919E+0001   -0.74956188E+0001    0.29567052E+0001      3200
 32700   -0.74949471E+0001   -0.74947587E+0001    0.29151637E+0001      3200
 32750   -0.74946485E+0001   -0.74947153E+0001    0.28838883E+0001      3200
 32800   -0.74946231E+0001   -0.74950090E+0001    0.29079910E+0001      3200
 32850   -0.74949928E+0001   -0.74951263E+0001    0.29388621E+0001      3200
 32900   -0.74950225E+0001   -0.74948589E+0001    0.29619552E+0001      3200
 32950   -0.74947257E+0001   -0.74949070E+0001    0.29400219E+0001      3200
 33000   -0.74947140E+0001   -0.74946716E+0001    0.29708250E+0001      3200
 33050   -0.74948119E+0001   -0.74947035E+0001    0.29300792E+0001      3200
 33100   -0.74949523E+0001   -0.74951174E+0001    0.30528967E+0001      3200
 33150   -0.74946925E+0001   -0.74952585E+0001    0.29634499E+0001      3200
 33200   -0.74947251E+0001   -0.74939644E+0001    0.30296311E+0001      3200
 33250   -0.74948144E+0001   -0.74943586E+0001    0.29662988E+0001      3200
 33300   -0.74944748E+0001   -0.74947591E+0001    0.30131805E+0001      3200
 33350   -0.74947699E+0001   -0.74942267E+0001    0.30560740E+0001      3200
 33400   -0.74944749E+0001   -0.74940770E+0001    0.29553892E+0001      3200
 33450   -0.74940792E+0001   -0.74940087E+0001    0.29949536E+0001      3200
 33500   -0.74939554E+0001   -0.74936418E+0001    0.28518060E+0001      3200
 33550   -0.74937231E+0001   -0.74942105E+0001    0.28814485E+0001      3200
 33600   -0.74939278E+0001   -0.74939341E+0001    0.28631264E+0001      3200
 33601   -0.74939918E+0001   -0.74939918E+0001    0.24853520E+0001      3200
 33650   -0.74956827E+0001   -0.74958491E+0001    0.24378114E+0001      3200
 33700   -0.74959436E+0001   -0.74962940E+0001    0.26862657E+0001      3200
 33750   -0.74959218E+0001   -0.74962657E+0001    0.26564898E+0001      3200
 33800   -0.74954548E+0001   -0.74952275E+0001    0.27018452E+0001      3200
 33850   -0.74950894E+0001   -0.74954031E+0001    0.28068951E+0001      3200
 33900   -0.74949930E+0001   -0.74948088E+0001    0.27565154E+0001      3200
 33950   -0.74940274E+0001   -0.74949656E+0001    0.28115001E+0001      3200
 34000   -0.74941072E+0001   -0.74941902E+0001    0.28459809E+0001      3200
 34050   -0.74940265E+0001   -0.74938962E+0001    0.28348868E+0001      3200
 34100   -0.74941370E+0001   -0.74939050E+0001    0.29147668E+0001      3200
 34150   -0.74938835E+0001   -0.74938905E+0001    0.30320887E+0001      3200
 34200   -0.74944579E+0001   -0.74940685E+0001    0.28944564E+0001      3200
 34250   -0.74941025E+0001   -0.74940787E+0001    0.29474924E+0001      3200
 34300   -0.74940005E+0001   -0.74946500E+0001    0.29072894E+0001      3200
 34350   -0.74940861E+0001   -0.74944766E+0001    0.29820367E+0001      3200
 34400   -0.74940563E+0001   -0.74939238E+0001    0.30307488E+0001      3200
 34450   -0.74944172E+0001   -0.74942711E+0001    0.29786112E+0001      3200
 34500   -0.74942859E+0001   -0.74944219E+0001    0.29606909E+0001      3200
 34550   -0.74945885E+0001   -0.74948963E+0001    0.29386621E+0001      3200
 34600   -0.74948456E+0001   -0.74953570E+0001    0.28872598E+0001      3200
 34650   -0.74949779E+0001   -0.74948283E+0001    0.28283234E+0001      3200
 34700   -0.74947878E+0001   -0.74951294E+0001    0.27943133E+0001      3200
 34750   -0.74949140E+0001   -0.74948215E+0001    0.28372990E+0001      3200
 34800   -0.74952547E+0001   -0.74949096E+0001    0.28573031E+0001      3200
 34850   -0.74951126E+0001   -0.74955901E+0001    0.28646013E+0001      3200
 34900   -0.74954772E+0001   -0.74953459E+0001    0.28009259E+0001      3200
 34950   -0.74955624E+0001   -0.74953896E+0001    0.28346979E+0001      3200
 35000   -0.74955740E+0001   -0.74952829E+0001    0.28502251E+0001      3200
 35050   -0.74957620E+0001   -0.74957130E+0001    0.27460975E+0001      3200
 35100   -0.74955377E+0001   -0.74961550E+0001    0.27934851E+0001      3200
 35150   -0.74955108E+0001   -0.74949564E+0001    0.27654753E+0001      3200
 35200   -0.74953827E+0001   -0.74957859E+0001    0.28017777E+0001      3200
 35250   -0.74949697E+0001   -0.74951591E+0001    0.27771298E+0001      3200
 35300   -0.74950756E+0001   -0.74947269E+0001    0.28338699E+0001      3200
 35350   -0.74949266E+0001   -0.74948095E+0001    0.28254815E+0001      3200
 35400   -0.74951181E+0001   -0.74945684E+0001    0.28323008E+0001      3200
 35450   -0.74945356E+0001   -0.74955093E+0001    0.28712633E+0001      3200
 35500   -0.74939433E+0001   -0.74941550E+0001    0.27234478E+0001      3200
 35550   -0.74942026E+0001   -0.74944871E+0001    0.27672722E+0001      3200
 35600   -0.74946290E+0001   -0.74948042E+0001    0.27917073E+0001      3200
 35650   -0.74950213E+0001   -0.74951322E+0001    0.27939734E+0001      3200
 35700   -0.74952431E+0001   -0.74956051E+0001    0.27949100E+0001      3200
 35750   -0.74950784E+0001   -0.74948981E+0001    0.28044795E+0001      3200
 35800   -0.74948027E+0001   -0.74949201E+0001    0.29250872E+0001      3200
 35850   -0.74949825E+0001   -0.74947091E+0001    0.28786291E+0001      3200
 35900   -0.74947746E+0001   -0.74945650E+0001    0.27841929E+0001      3200
 35950   -0.74950249E+0001   -0.74951929E+0001    0.27936090E+0001      3200
 36000   -0.74952203E+0001   -0.74953074E+0001    0.27344229E+0001      3200
 36050   -0.74953622E+0001   -0.74950012E+0001    0.28321258E+0001      3200
 36100   -0.74954550E+0001   -0.74950445E+0001    0.27934723E+0001      3200
 36150   -0.74955357E+0001   -0.74951287E+0001    0.28965037E+0001      3200
 36200   -0.74956697E+0001   -0.74953692E+0001    0.28466724E+0001      3200
 36250   -0.74955254E+0001   -0.74954862E+0001    0.27797911E+0001      3200
 36300   -0.74953181E+0001   -0.74950869E+0001    0.27930640E+0001      3200
 36350   -0.74952424E+0001   -0.74949564E+0001    0.28419867E+0001      3200
 36400   -0.74947851E+0001   -0.74945484E+0001    0.27949467E+0001      3200
 36450   -0.74944125E+0001   -0.74943159E+0001    0.27954854E+0001      3200
 36500   -0.74942893E+0001   -0.74945968E+0001    0.28982419E+0001      3200
 36550   -0.74944724E+0001   -0.74943675E+0001    0.28137091E+0001      3200
 36600   -0.74943559E+0001   -0.74946343E+0001    0.28912584E+0001      3200
 36650   -0.74947181E+0001   -0.74949125E+0001    0.29846480E+0001      3200
 36700   -0.74950573E+0001   -0.74946814E+0001    0.29584579E+0001      3200
 36750   -0.74951853E+0001   -0.74948850E+0001    0.29428820E+0001      3200
 36800   -0.74953356E+0001   -0.74960008E+0001    0.28963564E+0001      3200
 36850   -0.74953970E+0001   -0.74958105E+0001    0.30000324E+0001      3200
 36900   -0.74950303E+0001   -0.74953288E+0001    0.29662308E+0001      3200
 36950   -0.74950355E+0001   -0.74944306E+0001    0.29679242E+0001      3200
 37000   -0.74949826E+0001   -0.74945412E+0001    0.30583546E+0001      3200
 37050   -0.74952944E+0001   -0.74956101E+0001    0.29849276E+0001      3200
 37100   -0.74952636E+0001   -0.74953703E+0001    0.28664263E+0001      3200
 37150   -0.74954034E+0001   -0.74954244E+0001    0.29765934E+0001      3200
 37200   -0.74954823E+0001   -0.74958697E+0001    0.28806753E+0001      3200
 37250   -0.74957197E+0001   -0.74958938E+0001    0.28184428E+0001      3200
 37300   -0.74960679E+0001   -0.74962712E+0001    0.27393515E+0001      3200
 37350   -0.74962118E+0001   -0.74964628E+0001    0.29040006E+0001      3200
 37400   -0.74961718E+0001   -0.74962211E+0001    0.28769575E+0001      3200
 37450   -0.74963751E+0001   -0.74962236E+0001    0.28870778E+0001      3200
 37500   -0.74965012E+0001   -0.74966653E+0001    0.30274510E+0001      3200
 37550   -0.74965108E+0001   -0.74963358E+0001    0.29179883E+0001      3200
 37600   -0.74965523E+0001   -0.74961830E+0001    0.28864858E+0001      3200
 37650   -0.74967762E+0001   -0.74970663E+0001    0.29921031E+0001      3200
 37700   -0.74966715E+0001   -0.74964015E+0001    0.30250902E+0001      3200
 37750   -0.74970115E+0001   -0.74968852E+0001    0.28892940E+0001      3200
 37800   -0.74971685E+0001   -0.74969887E+0001    0.27689256E+0001      3200
 37850   -0.74961772E+0001   -0.74968073E+0001    0.28103905E+0001      3200
 37900   -0.74957185E+0001   -0.74963033E+0001    0.28971753E+0001      3200
 37950   -0.74952896E+0001   -0.74956304E+0001    0.29046593E+0001      3200
 38000   -0.74949672E+0001   -0.74952444E+0001    0.28827259E+0001      3200
 38050   -0.74948831E+0001   -0.74948063E+0001    0.29309795E+0001      3200
 38100   -0.74950530E+0001   -0.74951531E+0001    0.29465059E+0001      3200
 38150   -0.74948550E+0001   -0.74950932E+0001    0.28738377E+0001      3200
 38200   -0.74938802E+0001   -0.74942850E+0001    0.30126734E+0001      3200
 38250   -0.74939606E+0001   -0.74939716E+0001    0.29558653E+0001      3200
 38300   -0.74943263E+0001   -0.74939994E+0001    0.29645935E+0001      3200
 38350   -0.74944645E+0001   -0.74944432E+0001    0.29792536E+0001      3200
 38400   -0.74941411E+0001   -0.74939971E+0001    0.30674923E+0001      3200
 38401   -0.74942070E+0001   -0.74942070E+0001    0.25204913E+0001      3200
 38450   -0.74959507E+0001   -0.74961684E+0001    0.24027164E+0001      3200
 38500   -0.74963638E+0001   -0.74966933E+0001    0.25491944E+0001      3200
 38550   -0.74966579E+0001   -0.74968177E+0001    0.26661493E+0001      3200
 38600   -0.74965411E+0001   -0.74965997E+0001    0.26769604E+0001      3200
 38650   -0.74962456E+0001   -0.74962792E+0001    0.26738340E+0001      3200
 38700   -0.74962502E+0001   -0.74968542E+0001    0.26154276E+0001      3200
 38750   -0.74963989E+0001   -0.74963893E+0001    0.27950339E+0001      3200
 38800   -0.74961368E+0001   -0.74961321E+0001    0.26274522E+0001      3200
 38850   -0.74958354E+0001   -0.74957979E+0001    0.26780163E+0001      3200
 38900   -0.74954780E+0001   -0.74958065E+0001    0.28163193E+0001      3200
 38950   -0.74956619E+0001   -0.74959437E+0001    0.26161193E+0001      3200
 39000   -0.74961096E+0001   -0.74957416E+0001    0.27747971E+0001      3200
 39050   -0.74962287E+0001   -0.74958805E+0001    0.27879681E+0001      3200
 39100   -0.74962130E+0001   -0.74960005E+0001    0.27181192E+0001      3200
 39150   -0.74962501E+0001   -0.74963156E+0001    0.27794167E+0001      3200
 39200   -0.74962630E+0001   -0.74956014E+0001    0.27245218E+0001      3200
 39250   -0.74954029E+0001   -0.74955021E+0001    0.26515923E+0001      3200
 39300   -0.74953253E+0001   -0.74952916E+0001    0.26519945E+0001      3200
 39350   -0.74957540E+0001   -0.74956870E+0001    0.27847777E+0001      3200
 39400   -0.74954714E+0001   -0.74949887E+0001    0.28029343E+0001      3200
 39450   -0.74954416E+0001   -0.74954453E+0001    0.27717303E+0001      3200
 39500   -0.74959494E+0001   -0.74953967E+0001    0.27676939E+0001      3200
 39550   -0.74956871E+0001   -0.74955692E+0001    0.27186250E+0001      3200
 39600   -0.74949541E+0001   -0.74947490E+0001    0.27771755E+0001      3200
 39650   -0.74950442E+0001   -0.74951447E+0001    0.27745670E+0001      3200
 39700   -0.74947416E+0001   -0.74950570E+0001    0.28859860E+0001      3200
 39750   -0.74949369E+0001   -0.74948557E+0001    0.27670269E+0001      3200
 39800   -0.74950213E+0001   -0.74948016E+0001    0.28865196E+0001      3200
 39850   -0.74950495E+0001   -0.74945574E+0001    0.28724557E+0001      3200
 39900   -0.74946809E+0001   -0.74945911E+0001    0.28795437E+0001      3200
 39950   -0.74947208E+0001   -0.74952080E+0001    0.28629724E+0001      3200
 40000   -0.74944370E+0001   -0.74948218E+0001    0.28099335E+0001      3200
 40050   -0.74941519E+0001   -0.74943055E+0001    0.28975275E+0001      3200
 40100   -0.74942424E+0001   -0.74938238E+0001    0.29688782E+0001      3200
 40150   -0.74939771E+0001   -0.74937129E+0001    0.29068826E+0001      3200
 40200   -0.74941119E+0001   -0.74938838E+0001    0.29075220E+0001      3200
 40250   -0.74941807E+0001   -0.74938087E+0001    0.29932232E+0001      3200
 40300   -0.74938637E+0001   -0.74948684E+0001    0.29185055E+0001      3200
 40350   -0.74937330E+0001   -0.74939120E+0001    0.28640235E+0001      3200
 40400   -0.74938206E+0001   -0.74932217E+0001    0.29286198E+0001      3200
 40450   -0.74939563E+0001   -0.74943815E+0001    0.29124834E+0001      3200
 40500   -0.74931410E+0001   -0.74933054E+0001    0.28873837E+0001      3200
 40550   -0.74932671E+0001   -0.74929687E+0001    0.28464401E+0001      3200
 40600   -0.74928578E+0001   -0.74929905E+0001    0.28400435E+0001      3200
 40650   -0.74930400E+0001   -0.74930723E+0001    0.28523763E+0001      3200
 40700   -0.74930468E+0001   -0.74931131E+0001    0.28595020E+0001      3200
 40750   -0.74933127E+0001   -0.74930467E+0001    0.28946919E+0001      3200
 40800   -0.74932640E+0001   -0.74928942E+0001    0.29054264E+0001      3200
 40850   -0.74929225E+0001   -0.74926893E+0001    0.29044206E+0001      3200
 40900   -0.74929327E+0001   -0.74929852E+0001    0.28179717E+0001      3200
 40950   -0.74928525E+0001   -0.74932697E+0001    0.29091133E+0001      3200
 41000   -0.74928840E+0001   -0.74929816E+0001    0.30307610E+0001      3200
 41050   -0.74927958E+0001   -0.74936352E+0001    0.29565769E+0001      3200
 41100   -0.74920504E+0001   -0.74925423E+0001    0.29978311E+0001      3200
 41150   -0.74920466E+0001   -0.74923416E+0001    0.29481136E+0001      3200
 41200   -0.74921980E+0001   -0.74920306E+0001    0.29514071E+0001      3200
 41250   -0.74922542E+0001   -0.74917999E+0001    0.30254493E+0001      3200
 41300   -0.74921149E+0001   -0.74917635E+0001    0.31370775E+0001      3200
 41350   -0.74925621E+0001   -0.74921459E+0001    0.30987555E+0001      3200
 41400   -0.74924648E+0001   -0.74923892E+0001    0.30376809E+0001      3200
 41450   -0.74925178E+0001   -0.74923809E+0001    0.30657682E+0001      3200
 41500   -0.74924260E+0001   -0.74925913E+0001    0.30400196E+0001      3200
 41550   -0.74926735E+0001   -0.74928280E+0001    0.30278248E+0001      3200
 41600   -0.74927208E+0001   -0.74926061E+0001    0.30374739E+0001      3200
 41650   -0.74920414E+0001   -0.74926240E+0001    0.29659115E+0001      3200
 41700   -0.74917090E+0001   -0.74922755E+0001    0.30396742E+0001      3200
 41750   -0.74917003E+0001   -0.74920189E+0001    0.29304726E+0001      3200
 41800   -0.74920260E+0001   -0.74918097E+0001    0.30088901E+0001      3200
 41850   -0.74925873E+0001   -0.74927768E+0001    0.28832937E+0001      3200
 41900   -0.74930968E+0001   -0.74932261E+0001    0.29864210E+0001      3200
 41950   -0.74934397E+0001   -0.74937333E+0001    0.29306588E+0001      3200
 42000   -0.74928027E+0001   -0.74928583E+0001    0.27732763E+0001      3200
 42050   -0.74925690E+0001   -0.74928743E+0001    0.28390612E+0001      3200
 42100   -0.74930657E+0001   -0.74932459E+0001    0.28878225E+0001      3200
 42150   -0.74929852E+0001   -0.74932613E+0001    0.28122861E+0001      3200
 42200   -0.74935157E+0001   -0.74939773E+0001    0.29369331E+0001      3200
 42250   -0.74938484E+0001   -0.74939796E+0001    0.27181647E+0001      3200
 42300   -0.74939279E+0001   -0.74936650E+0001    0.27761465E+0001      3200
 42350   -0.74942146E+0001   -0.74938062E+0001    0.28874575E+0001      3200
 42400   -0.74940119E+0001   -0.74950717E+0001    0.29410392E+0001      3200
 42450   -0.74937960E+0001   -0.74931545E+0001    0.29373669E+0001      3200
 42500   -0.74938343E+0001   -0.74926614E+0001    0.30064630E+0001      3200
 42550   -0.74929509E+0001   -0.74926476E+0001    0.29197100E+0001      3200
 42600   -0.74936328E+0001   -0.74930070E+0001    0.28082617E+0001      3200
 42650   -0.74930918E+0001   -0.74934194E+0001    0.28841401E+0001      3200
 42700   -0.74930140E+0001   -0.74927113E+0001    0.28522464E+0001      3200
 42750   -0.74929453E+0001   -0.74931296E+0001    0.29175994E+0001      3200
 42800   -0.74928932E+0001   -0.74932503E+0001    0.28290248E+0001      3200
 42850   -0.74924016E+0001   -0.74927873E+0001    0.28584972E+0001      3200
 42900   -0.74925694E+0001   -0.74921267E+0001    0.30085470E+0001      3200
 42950   -0.74932757E+0001   -0.74926943E+0001    0.28481698E+0001      3200
 43000   -0.74928595E+0001   -0.74927211E+0001    0.28813398E+0001      3200
 43050   -0.74925900E+0001   -0.74931044E+0001    0.29401571E+0001      3200
 43100   -0.74927414E+0001   -0.74926388E+0001    0.28144049E+0001      3200
 43150   -0.74919845E+0001   -0.74919957E+0001    0.27965915E+0001      3200
 43200   -0.74920386E+0001   -0.74924375E+0001    0.28746477E+0001      3200
 43250   -0.74918627E+0001   -0.74919898E+0001    0.27195431E+0001      3200
 43300   -0.74921746E+0001   -0.74924489E+0001    0.28312926E+0001      3200
 43350   -0.74923024E+0001   -0.74922930E+0001    0.29423833E+0001      3200
 43400   -0.74920155E+0001   -0.74919282E+0001    0.29226543E+0001      3200
 43450   -0.74919215E+0001   -0.74923207E+0001    0.28936360E+0001      3200
 43500   -0.74920941E+0001   -0.74922646E+0001    0.29503903E+0001      3200
 43550   -0.74913901E+0001   -0.74916739E+0001    0.29219103E+0001      3200
 43600   -0.74915160E+0001   -0.74916815E+0001    0.30332415E+0001      3200
 43650   -0.74916679E+0001   -0.74921554E+0001    0.29139836E+0001      3200
 43700   -0.74922778E+0001   -0.74922581E+0001    0.29000144E+0001      3200
 43750   -0.74927653E+0001   -0.74927808E+0001    0.28132957E+0001      3200
 43800   -0.74929994E+0001   -0.74935375E+0001    0.28067636E+0001      3200
 43850   -0.74931862E+0001   -0.74930254E+0001    0.28061514E+0001      3200
 43900   -0.74930085E+0001   -0.74927746E+0001    0.28150667E+0001      3200
 43950   -0.74927074E+0001   -0.74925144E+0001    0.28662484E+0001      3200
 44000   -0.74927113E+0001   -0.74928061E+0001    0.29023424E+0001      3200
 44050   -0.74924997E+0001   -0.74933916E+0001    0.28216543E+0001      3200
 44100   -0.74921927E+0001   -0.74922391E+0001    0.29754768E+0001      3200
 44150   -0.74918659E+0001   -0.74919528E+0001    0.29579831E+0001      3200
 44200   -0.74912284E+0001   -0.74924249E+0001    0.29543794E+0001      3200
 44250   -0.74912056E+0001   -0.74910861E+0001    0.30037228E+0001      3200
 44300   -0.74907670E+0001   -0.74909044E+0001    0.30692273E+0001      3200
 44350   -0.74905196E+0001   -0.74906403E+0001    0.30013863E+0001      3200
 44400   -0.74898010E+0001   -0.74900213E+0001    0.30047137E+0001      3200
 44450   -0.74898219E+0001   -0.74900289E+0001    0.30513592E+0001      3200
 44500   -0.74898089E+0001   -0.74898262E+0001    0.31237321E+0001      3200
 44550   -0.74901495E+0001   -0.74899895E+0001    0.30805356E+0001      3200
 44600   -0.74903426E+0001   -0.74905938E+0001    0.30136874E+0001      3200
 44650   -0.74906276E+0001   -0.74907321E+0001    0.29385778E+0001      3200
 44700   -0.74905045E+0001   -0.74905300E+0001    0.30264601E+0001      3200
 44750   -0.74906137E+0001   -0.74908703E+0001    0.30063994E+0001      3200
 44800   -0.74904726E+0001   -0.74907117E+0001    0.30867965E+0001      3200
 44850   -0.74907023E+0001   -0.74910242E+0001    0.30443179E+0001      3200
 44900   -0.74910812E+0001   -0.74910760E+0001    0.30809269E+0001      3200
 44950   -0.74910483E+0001   -0.74905546E+0001    0.31618353E+0001      3200
 45000   -0.74911466E+0001   -0.74911536E+0001    0.31277214E+0001      3200
 45050   -0.74910101E+0001   -0.74914047E+0001    0.30488761E+0001      3200
 45100   -0.74911353E+0001   -0.74919683E+0001    0.31316441E+0001      3200
 45150   -0.74912601E+0001   -0.74916443E+0001    0.29850835E+0001      3200
 45200   -0.74917311E+0001   -0.74918970E+0001    0.30454123E+0001      3200
 45250   -0.74923047E+0001   -0.74920803E+0001    0.30563062E+0001      3200
 45300   -0.74929033E+0001   -0.74929623E+0001    0.29277936E+0001      3200
 45350   -0.74927088E+0001   -0.74924206E+0001    0.30373781E+0001      3200
 45400   -0.74924782E+0001   -0.74937183E+0001    0.29917843E+0001      3200
 45450   -0.74922276E+0001   -0.74927292E+0001    0.29426546E+0001      3200
 45500   -0.74923312E+0001   -0.74924256E+0001    0.29628975E+0001      3200
 45550   -0.74926115E+0001   -0.74927430E+0001    0.30685765E+0001      3200
 45600   -0.74926413E+0001   -0.74922170E+0001    0.30693457E+0001      3200
 45650   -0.74927605E+0001   -0.74929079E+0001    0.29959934E+0001      3200
 45700   -0.74929142E+0001   -0.74928937E+0001    0.29570890E+0001      3200
 45750   -0.74925667E+0001   -0.74925668E+0001    0.29328883E+0001      3200
 45800   -0.74924347E+0001   -0.74927017E+0001    0.29067582E+0001      3200
 45850   -0.74921949E+0001   -0.74924337E+0001    0.29740273E+0001      3200
 45900   -0.74924425E+0001   -0.74925588E+0001    0.29443661E+0001      3200
 45950   -0.74927872E+0001   -0.74927237E+0001    0.29920291E+0001      3200
 46000   -0.74922808E+0001   -0.74928850E+0001    0.29019463E+0001      3200
 46050   -0.74922416E+0001   -0.74925811E+0001    0.29907022E+0001      3200
 46100   -0.74925225E+0001   -0.74924104E+0001    0.30207286E+0001      3200
 46150   -0.74926851E+0001   -0.74933683E+0001    0.31086887E+0001      3200
 46200   -0.74929178E+0001   -0.74925205E+0001    0.29252590E+0001      3200
 46250   -0.74926700E+0001   -0.74931683E+0001    0.28836242E+0001      3200
 46300   -0.74924047E+0001   -0.74926563E+0001    0.29447682E+0001      3200
 46350   -0.74924967E+0001   -0.74925390E+0001    0.29523676E+0001      3200
 46400   -0.74930220E+0001   -0.74927977E+0001    0.28919033E+0001      3200
 46450   -0.74929557E+0001   -0.74924695E+0001    0.29284388E+0001      3200
 46500   -0.74932765E+0001   -0.74927567E+0001    0.29959245E+0001      3200
 46550   -0.74933072E+0001   -0.74925647E+0001    0.29207092E+0001      3200
 46600   -0.74925226E+0001   -0.74925199E+0001    0.28999759E+0001      3200
 46650   -0.74923934E+0001   -0.74922330E+0001    0.29205839E+0001      3200
 46700   -0.74926070E+0001   -0.74927166E+0001    0.30041296E+0001      3200
 46750   -0.74919712E+0001   -0.74923027E+0001    0.29776468E+0001      3200
 46800   -0.74918526E+0001   -0.74922145E+0001    0.29303239E+0001      3200
 46850   -0.74919856E+0001   -0.74922440E+0001    0.29229242E+0001      3200
 46900   -0.74920259E+0001   -0.74918707E+0001    0.29945018E+0001      3200
 46950   -0.74917736E+0001   -0.74926047E+0001    0.29311294E+0001      3200
 47000   -0.74911346E+0001   -0.74918294E+0001    0.30348272E+0001      3200
 47050   -0.74912574E+0001   -0.74914033E+0001    0.31088969E+0001      3200
 47100   -0.74915189E+0001   -0.74917465E+0001    0.30614535E+0001      3200
 47150   -0.74914184E+0001   -0.74919378E+0001    0.30217025E+0001      3200
 47200   -0.74912776E+0001   -0.74916062E+0001    0.30887538E+0001      3200
 47250   -0.74916470E+0001   -0.74914325E+0001    0.30370329E+0001      3200
 47300   -0.74917478E+0001   -0.74917497E+0001    0.29979424E+0001      3200
 47350   -0.74917720E+0001   -0.74916778E+0001    0.29618519E+0001      3200
 47400   -0.74919615E+0001   -0.74924060E+0001    0.29553739E+0001      3200
 47450   -0.74921805E+0001   -0.74924394E+0001    0.30778735E+0001      3200
 47500   -0.74920881E+0001   -0.74917327E+0001    0.31520843E+0001      3200
 47550   -0.74924259E+0001   -0.74922145E+0001    0.30760686E+0001      3200
 47600   -0.74923428E+0001   -0.74930419E+0001    0.29700566E+0001      3200
 47650   -0.74921528E+0001   -0.74923890E+0001    0.29063187E+0001      3200
 47700   -0.74923604E+0001   -0.74928638E+0001    0.28532114E+0001      3200
 47750   -0.74926668E+0001   -0.74930073E+0001    0.28696932E+0001      3200
 47800   -0.74923420E+0001   -0.74927630E+0001    0.29096916E+0001      3200
 47850   -0.74920408E+0001   -0.74919506E+0001    0.30074946E+0001      3200
 47900   -0.74922695E+0001   -0.74921816E+0001    0.30437201E+0001      3200
 47950   -0.74926991E+0001   -0.74926284E+0001    0.29481521E+0001      3200
 48000   -0.74925804E+0001   -0.74929897E+0001    0.29938571E+0001      3200
