     1   -0.39239789E+0001   -0.39242564E+0001    0.12683083E+0001     12003
    50   -0.39234135E+0001   -0.39276557E+0001    0.11335339E+0001     12018
   100   -0.39239269E+0001   -0.39289427E+0001    0.10136493E+0001     12270
   150   -0.39252051E+0001   -0.39302453E+0001    0.96513230E+0000     12516
   200   -0.39269179E+0001   -0.39315429E+0001    0.91768752E+0000     12958
   250   -0.39279412E+0001   -0.39319490E+0001    0.88640205E+0000     13174
   300   -0.39285282E+0001   -0.39330966E+0001    0.85484836E+0000     13394
   350   -0.39293565E+0001   -0.39333121E+0001    0.82434186E+0000     13827
   400   -0.39302153E+0001   -0.39339933E+0001    0.81282965E+0000     14185
     1   -0.39239721E+0001   -0.39242405E+0001    0.12683083E+0001     12001
    50   -0.39231581E+0001   -0.39272573E+0001    0.11530755E+0001     11996
   100   -0.39234394E+0001   -0.39285903E+0001    0.10786704E+0001     12283
   150   -0.39242741E+0001   -0.39291341E+0001    0.10731094E+0001     12384
   200   -0.39252762E+0001   -0.39301407E+0001    0.94729382E+0000     12710
   250   -0.39270550E+0001   -0.39317221E+0001    0.89024569E+0000     13237
   300   -0.39284839E+0001   -0.39319607E+0001    0.86410327E+0000     13707
   350   -0.39292327E+0001   -0.39328289E+0001    0.84877106E+0000     13966
   400   -0.39298226E+0001   -0.39334388E+0001    0.81936789E+0000     14264
     1   -0.39239701E+0001   -0.39242644E+0001    0.12683083E+0001     12004
    50   -0.39229787E+0001   -0.39269955E+0001    0.11309431E+0001     12163
   100   -0.39231086E+0001   -0.39281892E+0001    0.10955081E+0001     12566
   150   -0.39242726E+0001   -0.39295960E+0001    0.10534889E+0001     12722
   200   -0.39254817E+0001   -0.39303821E+0001    0.95308411E+0000     12935
   250   -0.39270432E+0001   -0.39312117E+0001    0.95420862E+0000     13177
   300   -0.39283747E+0001   -0.39319502E+0001    0.88467392E+0000     13522
   350   -0.39290067E+0001   -0.39327349E+0001    0.89066368E+0000     13952
   400   -0.39297225E+0001   -0.39332806E+0001    0.83803480E+0000     14169
     1   -0.39239666E+0001   -0.39242728E+0001    0.12683083E+0001     11995
    50   -0.39228037E+0001   -0.39269712E+0001    0.11357376E+0001     12029
   100   -0.39227962E+0001   -0.39281595E+0001    0.10917048E+0001     12175
   150   -0.39237784E+0001   -0.39287263E+0001    0.10936746E+0001     12375
   200   -0.39251182E+0001   -0.39294620E+0001    0.10093822E+0001     12899
   250   -0.39263693E+0001   -0.39302695E+0001    0.97649197E+0000     13652
   300   -0.39269369E+0001   -0.39307080E+0001    0.94712201E+0000     13930
   350   -0.39272578E+0001   -0.39313424E+0001    0.92757230E+0000     14428
   400   -0.39276985E+0001   -0.39316237E+0001    0.92164647E+0000     14721
     1   -0.39239645E+0001   -0.39242555E+0001    0.12683083E+0001     12005
    50   -0.39225988E+0001   -0.39275122E+0001    0.11474905E+0001     12075
   100   -0.39223359E+0001   -0.39294367E+0001    0.11230192E+0001     12227
   150   -0.39234122E+0001   -0.39306640E+0001    0.10478860E+0001     12532
   200   -0.39255745E+0001   -0.39315438E+0001    0.10258959E+0001     12989
   250   -0.39271117E+0001   -0.39323712E+0001    0.90051684E+0000     13512
   300   -0.39288060E+0001   -0.39329407E+0001    0.89052734E+0000     13848
   350   -0.39298984E+0001   -0.39330278E+0001    0.84003543E+0000     14290
   400   -0.39303324E+0001   -0.39337177E+0001    0.80245183E+0000     14612
     1   -0.39239618E+0001   -0.39242547E+0001    0.12683083E+0001     12004
    50   -0.39224922E+0001   -0.39262249E+0001    0.11890384E+0001     12104
   100   -0.39220278E+0001   -0.39268542E+0001    0.11721415E+0001     12343
   150   -0.39222616E+0001   -0.39276254E+0001    0.11137037E+0001     12438
   200   -0.39231586E+0001   -0.39278180E+0001    0.10924574E+0001     12906
   250   -0.39240555E+0001   -0.39282854E+0001    0.10931886E+0001     13088
   300   -0.39245004E+0001   -0.39287169E+0001    0.10646843E+0001     13752
   350   -0.39248863E+0001   -0.39289432E+0001    0.10413381E+0001     14152
   400   -0.39253205E+0001   -0.39288323E+0001    0.10571206E+0001     14429
     1   -0.39239603E+0001   -0.39242835E+0001    0.12683083E+0001     12002
    50   -0.39223567E+0001   -0.39262759E+0001    0.11811035E+0001     12072
   100   -0.39218983E+0001   -0.39276614E+0001    0.10944425E+0001     12203
   150   -0.39226289E+0001   -0.39272732E+0001    0.11364517E+0001     12307
   200   -0.39232608E+0001   -0.39280291E+0001    0.10766829E+0001     12843
   250   -0.39238748E+0001   -0.39287297E+0001    0.10402587E+0001     13079
   300   -0.39245848E+0001   -0.39291108E+0001    0.99402036E+0000     13387
   350   -0.39252124E+0001   -0.39296308E+0001    0.99221847E+0000     13759
   400   -0.39259691E+0001   -0.39304053E+0001    0.96148337E+0000     14195
     1   -0.39239572E+0001   -0.39242862E+0001    0.12683083E+0001     12001
    50   -0.39222048E+0001   -0.39264403E+0001    0.11797376E+0001     11955
   100   -0.39215735E+0001   -0.39271427E+0001    0.11616029E+0001     12091
   150   -0.39219009E+0001   -0.39272870E+0001    0.11323440E+0001     12638
   200   -0.39226470E+0001   -0.39284529E+0001    0.10869027E+0001     12742
   250   -0.39231676E+0001   -0.39285841E+0001    0.10558972E+0001     13437
   300   -0.39238374E+0001   -0.39291189E+0001    0.10469084E+0001     13761
   350   -0.39247050E+0001   -0.39297334E+0001    0.96583938E+0000     14149
   400   -0.39257564E+0001   -0.39304350E+0001    0.95341712E+0000     14553
     1   -0.39239539E+0001   -0.39242575E+0001    0.12683083E+0001     12000
    50   -0.39220899E+0001   -0.39264995E+0001    0.11912384E+0001     12337
   100   -0.39212667E+0001   -0.39270625E+0001    0.11754347E+0001     12602
   150   -0.39217377E+0001   -0.39285849E+0001    0.10484847E+0001     12868
   200   -0.39234451E+0001   -0.39293711E+0001    0.99590270E+0000     13137
   250   -0.39253945E+0001   -0.39305708E+0001    0.97124742E+0000     13695
   300   -0.39268009E+0001   -0.39314448E+0001    0.92688454E+0000     14081
   350   -0.39271624E+0001   -0.39313106E+0001    0.93413725E+0000     14414
   400   -0.39273841E+0001   -0.39317260E+0001    0.91699905E+0000     14681
     1   -0.39239522E+0001   -0.39242747E+0001    0.12683083E+0001     11998
    50   -0.39220034E+0001   -0.39259144E+0001    0.12051460E+0001     11972
   100   -0.39211754E+0001   -0.39271857E+0001    0.11878322E+0001     12491
   150   -0.39213081E+0001   -0.39266882E+0001    0.11876433E+0001     12772
   200   -0.39217858E+0001   -0.39267307E+0001    0.11841708E+0001     13177
   250   -0.39222105E+0001   -0.39272874E+0001    0.11409129E+0001     13771
   300   -0.39220855E+0001   -0.39274723E+0001    0.11497821E+0001     14173
   350   -0.39223021E+0001   -0.39283397E+0001    0.11074183E+0001     14411
   400   -0.39231873E+0001   -0.39281420E+0001    0.10818833E+0001     14609
   450   -0.39231889E+0001   -0.39284226E+0001    0.10703365E+0001     14920
   500   -0.39230406E+0001   -0.39283534E+0001    0.10800471E+0001     15464
   550   -0.39231154E+0001   -0.39289070E+0001    0.10570879E+0001     15884
   600   -0.39237505E+0001   -0.39293439E+0001    0.10626059E+0001     16435
     1   -0.39239495E+0001   -0.39242889E+0001    0.12683083E+0001     12002
    50   -0.39218839E+0001   -0.39259780E+0001    0.11980792E+0001     12083
   100   -0.39207284E+0001   -0.39260089E+0001    0.12100736E+0001     12306
   150   -0.39202980E+0001   -0.39262345E+0001    0.11840977E+0001     12718
   200   -0.39200711E+0001   -0.39258174E+0001    0.11739289E+0001     13193
   250   -0.39202188E+0001   -0.39269427E+0001    0.11315234E+0001     13617
   300   -0.39204309E+0001   -0.39265836E+0001    0.11339533E+0001     13846
   350   -0.39209160E+0001   -0.39270289E+0001    0.11900373E+0001     14158
   400   -0.39208443E+0001   -0.39262859E+0001    0.11524730E+0001     14648
   450   -0.39207373E+0001   -0.39260635E+0001    0.11563220E+0001     14987
   500   -0.39202385E+0001   -0.39261798E+0001    0.11433486E+0001     15262
   550   -0.39202002E+0001   -0.39267001E+0001    0.11575417E+0001     15600
   600   -0.39204746E+0001   -0.39270873E+0001    0.11365715E+0001     15854
   650   -0.39206760E+0001   -0.39270678E+0001    0.10822170E+0001     15968
   700   -0.39209406E+0001   -0.39266901E+0001    0.11144399E+0001     16475
   750   -0.39216280E+0001   -0.39262253E+0001    0.11365952E+0001     17165
   800   -0.39215072E+0001   -0.39256714E+0001    0.11746891E+0001     17805
   850   -0.39210493E+0001   -0.39260770E+0001    0.10843029E+0001     18029
   900   -0.39211480E+0001   -0.39261243E+0001    0.10698720E+0001     18610
   950   -0.39218987E+0001   -0.39264126E+0001    0.10796665E+0001     19203
  1000   -0.39224869E+0001   -0.39263252E+0001    0.11092965E+0001     19742
  1050   -0.39221328E+0001   -0.39264773E+0001    0.10958389E+0001     19917
  1100   -0.39216648E+0001   -0.39265460E+0001    0.10455078E+0001     20223
  1150   -0.39214758E+0001   -0.39264776E+0001    0.10663686E+0001     20800
  1200   -0.39217929E+0001   -0.39267017E+0001    0.10614853E+0001     21382
  1250   -0.39222268E+0001   -0.39267617E+0001    0.10373062E+0001     22126
  1300   -0.39221706E+0001   -0.39276886E+0001    0.10429716E+0001     22401
  1350   -0.39222310E+0001   -0.39275651E+0001    0.10225120E+0001     22890
  1400   -0.39227376E+0001   -0.39278521E+0001    0.10356021E+0001     23290
  1450   -0.39228862E+0001   -0.39280518E+0001    0.10596816E+0001     24239
  1500   -0.39228962E+0001   -0.39285844E+0001    0.10409125E+0001     24583
  1550   -0.39228847E+0001   -0.39293359E+0001    0.10151377E+0001     25215
  1600   -0.39230987E+0001   -0.39288733E+0001    0.99452669E+0000     25851
  1601   -0.39231815E+0001   -0.39231815E+0001    0.10878996E+0001     12000
  1650   -0.39249837E+0001   -0.39283419E+0001    0.93947582E+0000     11967
  1700   -0.39240568E+0001   -0.39281198E+0001    0.99490731E+0000     12263
  1750   -0.39236079E+0001   -0.39289885E+0001    0.96678072E+0000     12348
  1800   -0.39236090E+0001   -0.39289481E+0001    0.94779680E+0000     12576
  1850   -0.39240151E+0001   -0.39292391E+0001    0.96992108E+0000     13149
  1900   -0.39249415E+0001   -0.39293156E+0001    0.99632309E+0000     13386
  1950   -0.39252453E+0001   -0.39294280E+0001    0.95865777E+0000     13719
  2000   -0.39253613E+0001   -0.39301078E+0001    0.97354356E+0000     13533
     1   -0.39239514E+0001   -0.39242702E+0001    0.12683083E+0001     12000
    50   -0.39219760E+0001   -0.39266561E+0001    0.11827307E+0001     12222
   100   -0.39210872E+0001   -0.39284224E+0001    0.10536932E+0001     12291
   150   -0.39221948E+0001   -0.39290269E+0001    0.11006823E+0001     12662
   200   -0.39245206E+0001   -0.39298158E+0001    0.10281362E+0001     12915
   250   -0.39257374E+0001   -0.39303534E+0001    0.10087432E+0001     13306
   300   -0.39262813E+0001   -0.39313889E+0001    0.97460977E+0000     13406
   350   -0.39262639E+0001   -0.39306164E+0001    0.97466252E+0000     13811
   400   -0.39261124E+0001   -0.39304948E+0001    0.10226871E+0001     14291
     1   -0.39239524E+0001   -0.39242804E+0001    0.12683083E+0001     12001
    50   -0.39218549E+0001   -0.39259776E+0001    0.11691486E+0001     11898
   100   -0.39208352E+0001   -0.39258534E+0001    0.11517851E+0001     12122
   150   -0.39210533E+0001   -0.39258878E+0001    0.11581708E+0001     12416
   200   -0.39210366E+0001   -0.39265799E+0001    0.11691790E+0001     12749
   250   -0.39206577E+0001   -0.39255298E+0001    0.11638114E+0001     13186
   300   -0.39202940E+0001   -0.39249117E+0001    0.12185914E+0001     13396
   350   -0.39199258E+0001   -0.39248323E+0001    0.11556034E+0001     13627
   400   -0.39194524E+0001   -0.39253015E+0001    0.12055498E+0001     13792
   450   -0.39190934E+0001   -0.39263012E+0001    0.11281857E+0001     14407
   500   -0.39201012E+0001   -0.39264993E+0001    0.11244361E+0001     14997
   550   -0.39215785E+0001   -0.39271724E+0001    0.10831111E+0001     15499
   600   -0.39225997E+0001   -0.39279860E+0001    0.10645492E+0001     15994
   650   -0.39234026E+0001   -0.39283691E+0001    0.10349865E+0001     16571
   700   -0.39236392E+0001   -0.39296409E+0001    0.99625044E+0000     17004
     1   -0.39239471E+0001   -0.39242627E+0001    0.12683083E+0001     12001
    50   -0.39217611E+0001   -0.39259222E+0001    0.12218288E+0001     12062
   100   -0.39206144E+0001   -0.39259446E+0001    0.11946421E+0001     12301
   150   -0.39205940E+0001   -0.39270624E+0001    0.11954717E+0001     12603
   200   -0.39212527E+0001   -0.39271172E+0001    0.12023494E+0001     13098
   250   -0.39210866E+0001   -0.39277732E+0001    0.11860191E+0001     13408
   300   -0.39209995E+0001   -0.39276369E+0001    0.11205877E+0001     13742
   350   -0.39215266E+0001   -0.39279755E+0001    0.11736244E+0001     14226
   400   -0.39216726E+0001   -0.39276059E+0001    0.11376784E+0001     14674
   450   -0.39217120E+0001   -0.39277960E+0001    0.10955474E+0001     15097
   500   -0.39221009E+0001   -0.39277189E+0001    0.11195977E+0001     15195
   550   -0.39229629E+0001   -0.39277498E+0001    0.10889813E+0001     15479
   600   -0.39230259E+0001   -0.39271655E+0001    0.10978231E+0001     15770
   650   -0.39227056E+0001   -0.39268875E+0001    0.11204176E+0001     16063
   700   -0.39226514E+0001   -0.39271003E+0001    0.10798813E+0001     16382
   750   -0.39225738E+0001   -0.39268479E+0001    0.10711515E+0001     16793
   800   -0.39223331E+0001   -0.39270117E+0001    0.10808001E+0001     17347
   850   -0.39221597E+0001   -0.39273551E+0001    0.10496886E+0001     18029
   900   -0.39227103E+0001   -0.39276411E+0001    0.10174009E+0001     18593
   950   -0.39226850E+0001   -0.39277566E+0001    0.10052091E+0001     19121
  1000   -0.39226706E+0001   -0.39281984E+0001    0.98578428E+0000     19859
  1050   -0.39234539E+0001   -0.39281885E+0001    0.10107700E+0001     20484
  1100   -0.39236892E+0001   -0.39286676E+0001    0.10001117E+0001     20991
  1150   -0.39239275E+0001   -0.39284126E+0001    0.10203697E+0001     21701
     1   -0.39239500E+0001   -0.39242754E+0001    0.12683083E+0001     11994
    50   -0.39217119E+0001   -0.39260251E+0001    0.11853595E+0001     11866
   100   -0.39205078E+0001   -0.39256589E+0001    0.11970543E+0001     12037
   150   -0.39205476E+0001   -0.39251265E+0001    0.12196475E+0001     12392
   200   -0.39201942E+0001   -0.39254028E+0001    0.11853556E+0001     12424
   250   -0.39197221E+0001   -0.39252829E+0001    0.11833446E+0001     12786
   300   -0.39197498E+0001   -0.39248275E+0001    0.11863538E+0001     13258
   350   -0.39197900E+0001   -0.39244161E+0001    0.11893248E+0001     13381
   400   -0.39192448E+0001   -0.39246987E+0001    0.12072775E+0001     13595
   450   -0.39186693E+0001   -0.39239426E+0001    0.12280458E+0001     14062
   500   -0.39178804E+0001   -0.39236606E+0001    0.12232567E+0001     14392
   550   -0.39173771E+0001   -0.39226492E+0001    0.12574933E+0001     14840
   600   -0.39169063E+0001   -0.39216193E+0001    0.12584449E+0001     15397
   650   -0.39165828E+0001   -0.39216916E+0001    0.12375264E+0001     16085
   700   -0.39160479E+0001   -0.39207986E+0001    0.12506635E+0001     16347
   750   -0.39151487E+0001   -0.39211070E+0001    0.12526256E+0001     16835
   800   -0.39136046E+0001   -0.39193317E+0001    0.13084003E+0001     17140
   850   -0.39123083E+0001   -0.39186583E+0001    0.13453086E+0001     17575
   900   -0.39112702E+0001   -0.39182029E+0001    0.13457622E+0001     18055
   950   -0.39098808E+0001   -0.39165161E+0001    0.13535077E+0001     18974
  1000   -0.39092391E+0001   -0.39160601E+0001    0.13858381E+0001     19515
  1050   -0.39090904E+0001   -0.39148085E+0001    0.13747484E+0001     20166
  1100   -0.39081333E+0001   -0.39157977E+0001    0.13877249E+0001     20758
  1150   -0.39071331E+0001   -0.39153511E+0001    0.14313232E+0001     21137
  1200   -0.39073629E+0001   -0.39151296E+0001    0.14357260E+0001     21835
  1250   -0.39069942E+0001   -0.39153104E+0001    0.13852362E+0001     22263
  1300   -0.39064114E+0001   -0.39147870E+0001    0.13725401E+0001     23115
  1350   -0.39071509E+0001   -0.39152092E+0001    0.13777304E+0001     24112
  1400   -0.39069853E+0001   -0.39131752E+0001    0.14089618E+0001     24546
  1450   -0.39060693E+0001   -0.39136858E+0001    0.14383981E+0001     25348
  1500   -0.39049934E+0001   -0.39138651E+0001    0.14341565E+0001     26060
  1550   -0.39046120E+0001   -0.39126777E+0001    0.14318359E+0001     26847
  1600   -0.39044659E+0001   -0.39122933E+0001    0.14061036E+0001     27382
  1601   -0.39046309E+0001   -0.39046309E+0001    0.15342729E+0001     12000
  1650   -0.39081032E+0001   -0.39134304E+0001    0.13700074E+0001     12019
  1700   -0.39058500E+0001   -0.39113525E+0001    0.14255719E+0001     12265
  1750   -0.39042088E+0001   -0.39109318E+0001    0.14487393E+0001     12653
  1800   -0.39029247E+0001   -0.39101631E+0001    0.14778496E+0001     13176
  1850   -0.39020296E+0001   -0.39095534E+0001    0.15080988E+0001     13560
  1900   -0.39012504E+0001   -0.39078863E+0001    0.15148826E+0001     14031
  1950   -0.39006006E+0001   -0.39073260E+0001    0.15048709E+0001     14453
  2000   -0.38997436E+0001   -0.39071892E+0001    0.14793522E+0001     14696
  2050   -0.38987548E+0001   -0.39062274E+0001    0.15135572E+0001     14745
  2100   -0.38980265E+0001   -0.39053095E+0001    0.15407614E+0001     15523
  2150   -0.38967039E+0001   -0.39039811E+0001    0.15275496E+0001     16027
  2200   -0.38950815E+0001   -0.39032868E+0001    0.15708235E+0001     16429
  2250   -0.38940323E+0001   -0.39019911E+0001    0.15771836E+0001     16814
  2300   -0.38923593E+0001   -0.38997133E+0001    0.15976863E+0001     17066
  2350   -0.38901369E+0001   -0.38987560E+0001    0.16002014E+0001     17670
  2400   -0.38875176E+0001   -0.38962438E+0001    0.16220585E+0001     17990
  2450   -0.38845123E+0001   -0.38928463E+0001    0.16433808E+0001     18668
  2500   -0.38813131E+0001   -0.38906307E+0001    0.16398438E+0001     19206
  2550   -0.38781719E+0001   -0.38869173E+0001    0.16695577E+0001     19832
  2600   -0.38751755E+0001   -0.38859715E+0001    0.16599160E+0001     20266
  2650   -0.38723192E+0001   -0.38840533E+0001    0.16737823E+0001     20852
  2700   -0.38692318E+0001   -0.38814730E+0001    0.16873115E+0001     21053
  2750   -0.38655023E+0001   -0.38801812E+0001    0.16812971E+0001     21555
  2800   -0.38613284E+0001   -0.38791361E+0001    0.16897406E+0001     22228
  2850   -0.38572547E+0001   -0.38760393E+0001    0.16804471E+0001     22740
  2900   -0.38530139E+0001   -0.38693638E+0001    0.16735811E+0001     22997
  2950   -0.38485939E+0001   -0.38644801E+0001    0.16559866E+0001     23330
  3000   -0.38443038E+0001   -0.38593297E+0001    0.16543036E+0001     23486
  3050   -0.38400613E+0001   -0.38554162E+0001    0.16520446E+0001     24259
  3100   -0.38356794E+0001   -0.38521101E+0001    0.16344734E+0001     25067
  3150   -0.38315587E+0001   -0.38490263E+0001    0.16028106E+0001     25754
  3200   -0.38280011E+0001   -0.38422314E+0001    0.15964714E+0001     26557
  3201   -0.38281801E+0001   -0.38281801E+0001    0.15905980E+0001     12000
  3250   -0.38319607E+0001   -0.38377494E+0001    0.15898306E+0001     11970
  3300   -0.38282215E+0001   -0.38357082E+0001    0.15883191E+0001     12172
  3350   -0.38243953E+0001   -0.38327558E+0001    0.15661031E+0001     12484
  3400   -0.38201865E+0001   -0.38293141E+0001    0.15409533E+0001     12477
  3450   -0.38161539E+0001   -0.38277743E+0001    0.15371509E+0001     13004
  3500   -0.38122720E+0001   -0.38241830E+0001    0.15175086E+0001     13022
  3550   -0.38082516E+0001   -0.38195254E+0001    0.15141982E+0001     13429
  3600   -0.38039655E+0001   -0.38178626E+0001    0.14866364E+0001     13643
  3650   -0.38001879E+0001   -0.38129987E+0001    0.14803393E+0001     14012
  3700   -0.37964154E+0001   -0.38083176E+0001    0.14576644E+0001     14398
  3750   -0.37926235E+0001   -0.38046109E+0001    0.14464723E+0001     14662
  3800   -0.37889065E+0001   -0.38012723E+0001    0.14358875E+0001     15174
  3850   -0.37852054E+0001   -0.37989066E+0001    0.14126540E+0001     15720
  3900   -0.37815165E+0001   -0.37945299E+0001    0.13717413E+0001     16048
  3950   -0.37777527E+0001   -0.37910427E+0001    0.13494201E+0001     16750
  4000   -0.37742964E+0001   -0.37869015E+0001    0.13171622E+0001     17344
  4050   -0.37714223E+0001   -0.37835361E+0001    0.13123267E+0001     17703
  4100   -0.37684529E+0001   -0.37819212E+0001    0.12816041E+0001     18373
  4150   -0.37657001E+0001   -0.37805341E+0001    0.12834216E+0001     18694
  4200   -0.37629346E+0001   -0.37762582E+0001    0.12683805E+0001     19132
  4250   -0.37599900E+0001   -0.37725260E+0001    0.12462421E+0001     19572
  4300   -0.37571374E+0001   -0.37679250E+0001    0.12106881E+0001     20269
  4350   -0.37547184E+0001   -0.37649582E+0001    0.11805366E+0001     21033
  4400   -0.37525735E+0001   -0.37628761E+0001    0.11757014E+0001     21093
  4450   -0.37503974E+0001   -0.37616772E+0001    0.11427826E+0001     21480
  4500   -0.37482936E+0001   -0.37590957E+0001    0.11046704E+0001     21939
  4550   -0.37461867E+0001   -0.37579971E+0001    0.10873976E+0001     22624
  4600   -0.37442337E+0001   -0.37549455E+0001    0.10756043E+0001     23317
  4650   -0.37422121E+0001   -0.37509382E+0001    0.10288452E+0001     23908
  4700   -0.37400778E+0001   -0.37477702E+0001    0.10427005E+0001     24263
  4750   -0.37381300E+0001   -0.37452970E+0001    0.10413776E+0001     24804
  4800   -0.37360823E+0001   -0.37442791E+0001    0.10036752E+0001     25155
  4801   -0.37361538E+0001   -0.37361538E+0001    0.98956593E+0000     12000
  4850   -0.37376527E+0001   -0.37419436E+0001    0.99333000E+0000     11998
  4900   -0.37361762E+0001   -0.37409434E+0001    0.10081277E+0001     12194
  4950   -0.37347058E+0001   -0.37390623E+0001    0.99432820E+0000     12480
  5000   -0.37331806E+0001   -0.37387775E+0001    0.99056329E+0000     12688
  5050   -0.37316712E+0001   -0.37378764E+0001    0.98783545E+0000     13037
  5100   -0.37303018E+0001   -0.37362497E+0001    0.95873585E+0000     13107
  5150   -0.37289018E+0001   -0.37344454E+0001    0.97408964E+0000     13509
  5200   -0.37274831E+0001   -0.37330361E+0001    0.94235017E+0000     13851
  5250   -0.37262231E+0001   -0.37321771E+0001    0.93949876E+0000     13845
  5300   -0.37250451E+0001   -0.37321331E+0001    0.91024859E+0000     14356
  5350   -0.37238816E+0001   -0.37301615E+0001    0.91372485E+0000     14438
  5400   -0.37224320E+0001   -0.37306292E+0001    0.90888644E+0000     14691
  5450   -0.37209140E+0001   -0.37291021E+0001    0.88973547E+0000     14906
  5500   -0.37196469E+0001   -0.37277940E+0001    0.88093871E+0000     15137
  5550   -0.37183687E+0001   -0.37284187E+0001    0.83668842E+0000     15383
  5600   -0.37172358E+0001   -0.37262033E+0001    0.84839584E+0000     15595
  5650   -0.37160144E+0001   -0.37246672E+0001    0.84271147E+0000     15895
  5700   -0.37147275E+0001   -0.37210347E+0001    0.76663469E+0000     16048
  5750   -0.37132275E+0001   -0.37207525E+0001    0.73235394E+0000     16455
  5800   -0.37116490E+0001   -0.37186391E+0001    0.76208034E+0000     16584
  5850   -0.37099835E+0001   -0.37184755E+0001    0.72477915E+0000     17056
  5900   -0.37081291E+0001   -0.37177545E+0001    0.69651701E+0000     17634
  5950   -0.37066092E+0001   -0.37172051E+0001    0.71089502E+0000     17918
  6000   -0.37055475E+0001   -0.37147614E+0001    0.71313666E+0000     18207
  6050   -0.37047705E+0001   -0.37129583E+0001    0.69238821E+0000     18593
  6100   -0.37040868E+0001   -0.37097105E+0001    0.69762136E+0000     18897
  6150   -0.37035842E+0001   -0.37094424E+0001    0.65367657E+0000     19327
  6200   -0.37031456E+0001   -0.37071957E+0001    0.65405561E+0000     19826
  6250   -0.37026994E+0001   -0.37068314E+0001    0.62099995E+0000     20165
  6300   -0.37021857E+0001   -0.37065412E+0001    0.64219547E+0000     20662
  6350   -0.37016094E+0001   -0.37054633E+0001    0.63365938E+0000     20954
  6400   -0.37010853E+0001   -0.37044834E+0001    0.59654126E+0000     21750
  6401   -0.37011076E+0001   -0.37011076E+0001    0.55630958E+0000     12000
  6450   -0.37015968E+0001   -0.37035050E+0001    0.56659833E+0000     12081
  6500   -0.37011907E+0001   -0.37036922E+0001    0.58436701E+0000     12101
  6550   -0.37007380E+0001   -0.37034286E+0001    0.58531870E+0000     12163
  6600   -0.37002997E+0001   -0.37034112E+0001    0.61627421E+0000     12513
  6650   -0.36998746E+0001   -0.37033326E+0001    0.57488491E+0000     12732
  6700   -0.36994013E+0001   -0.37024615E+0001    0.57453792E+0000     12737
  6750   -0.36988473E+0001   -0.37025310E+0001    0.58593934E+0000     13068
  6800   -0.36983412E+0001   -0.37023071E+0001    0.56697326E+0000     13294
  6850   -0.36979048E+0001   -0.37018107E+0001    0.54949478E+0000     13528
  6900   -0.36974778E+0001   -0.37015818E+0001    0.54285782E+0000     13846
  6950   -0.36970339E+0001   -0.37012311E+0001    0.53046563E+0000     13935
  7000   -0.36965977E+0001   -0.37018488E+0001    0.53816784E+0000     14142
  7050   -0.36962043E+0001   -0.37011574E+0001    0.47614471E+0000     14311
  7100   -0.36957547E+0001   -0.37013636E+0001    0.48802445E+0000     14552
  7150   -0.36952540E+0001   -0.36996683E+0001    0.48662934E+0000     14496
  7200   -0.36948454E+0001   -0.36998392E+0001    0.48894551E+0000     14894
  7250   -0.36944613E+0001   -0.36996631E+0001    0.49358149E+0000     15354
  7300   -0.36940427E+0001   -0.37005061E+0001    0.48807206E+0000     15626
  7350   -0.36936745E+0001   -0.37000136E+0001    0.49428416E+0000     15907
  7400   -0.36934409E+0001   -0.36972671E+0001    0.44783467E+0000     16298
  7450   -0.36931748E+0001   -0.36971782E+0001    0.44355403E+0000     16756
  7500   -0.36928716E+0001   -0.36965783E+0001    0.45524756E+0000     16766
  7550   -0.36925633E+0001   -0.36965141E+0001    0.41367422E+0000     17092
  7600   -0.36923111E+0001   -0.36964216E+0001    0.44360239E+0000     17564
  7650   -0.36920758E+0001   -0.36954027E+0001    0.45635551E+0000     17910
  7700   -0.36918065E+0001   -0.36953091E+0001    0.38741839E+0000     18123
  7750   -0.36914873E+0001   -0.36949663E+0001    0.39942647E+0000     18483
  7800   -0.36911221E+0001   -0.36949033E+0001    0.38681341E+0000     18877
  7850   -0.36908618E+0001   -0.36943503E+0001    0.38620601E+0000     18982
  7900   -0.36905796E+0001   -0.36939474E+0001    0.41611207E+0000     19614
  7950   -0.36903155E+0001   -0.36936795E+0001    0.40386159E+0000     19914
  8000   -0.36900334E+0001   -0.36934615E+0001    0.36010503E+0000     20205
  8001   -0.36900389E+0001   -0.36900389E+0001    0.26207124E+0000     12000
  8050   -0.36901484E+0001   -0.36907312E+0001    0.29437247E+0000     11904
  8100   -0.36900682E+0001   -0.36911602E+0001    0.32639246E+0000     11849
  8150   -0.36899817E+0001   -0.36913527E+0001    0.38108193E+0000     12047
  8200   -0.36898903E+0001   -0.36912834E+0001    0.35943485E+0000     12520
  8250   -0.36897926E+0001   -0.36908487E+0001    0.36731540E+0000     12612
  8300   -0.36896837E+0001   -0.36907591E+0001    0.38908569E+0000     12682
  8350   -0.36895889E+0001   -0.36906779E+0001    0.36061384E+0000     12687
  8400   -0.36894927E+0001   -0.36906536E+0001    0.39173080E+0000     12991
  8450   -0.36894115E+0001   -0.36906184E+0001    0.35042861E+0000     13338
  8500   -0.36893334E+0001   -0.36903775E+0001    0.36887882E+0000     13853
  8550   -0.36892781E+0001   -0.36904906E+0001    0.38771669E+0000     13983
  8600   -0.36892234E+0001   -0.36901004E+0001    0.36947900E+0000     14181
  8650   -0.36891518E+0001   -0.36903676E+0001    0.32767125E+0000     14715
  8700   -0.36890618E+0001   -0.36903462E+0001    0.38869324E+0000     14803
  8750   -0.36889722E+0001   -0.36906131E+0001    0.36831000E+0000     15132
  8800   -0.36888545E+0001   -0.36900317E+0001    0.39665936E+0000     15492
  8850   -0.36887659E+0001   -0.36902254E+0001    0.36939577E+0000     16031
  8900   -0.36886724E+0001   -0.36905297E+0001    0.36543401E+0000     16200
  8950   -0.36885367E+0001   -0.36899334E+0001    0.38314434E+0000     16648
  9000   -0.36884225E+0001   -0.36898726E+0001    0.38795635E+0000     17121
  9050   -0.36883768E+0001   -0.36902218E+0001    0.39624136E+0000     17283
  9100   -0.36883684E+0001   -0.36899183E+0001    0.39362856E+0000     17550
  9150   -0.36883335E+0001   -0.36897890E+0001    0.33789296E+0000     17886
  9200   -0.36882627E+0001   -0.36898971E+0001    0.36163450E+0000     18272
  9250   -0.36882048E+0001   -0.36898368E+0001    0.36303488E+0000     18773
  9300   -0.36881649E+0001   -0.36896615E+0001    0.35597520E+0000     19105
  9350   -0.36881367E+0001   -0.36896515E+0001    0.35642973E+0000     19347
  9400   -0.36881025E+0001   -0.36897494E+0001    0.32079527E+0000     19924
  9450   -0.36880424E+0001   -0.36899864E+0001    0.28600547E+0000     20188
  9500   -0.36879527E+0001   -0.36895691E+0001    0.27553576E+0000     20745
  9550   -0.36878449E+0001   -0.36893045E+0001    0.31027563E+0000     21466
  9600   -0.36877300E+0001   -0.36890854E+0001    0.34816680E+0000     21973
  9601   -0.36877309E+0001   -0.36877309E+0001    0.13735762E+0000     12000
  9650   -0.36877611E+0001   -0.36880117E+0001    0.21657516E+0000     11994
  9700   -0.36877427E+0001   -0.36881528E+0001    0.27581537E+0000     12153
  9750   -0.36877231E+0001   -0.36880825E+0001    0.27315047E+0000     12446
  9800   -0.36877031E+0001   -0.36881690E+0001    0.32648273E+0000     12678
  9850   -0.36876703E+0001   -0.36882896E+0001    0.32741856E+0000     12965
  9900   -0.36876526E+0001   -0.36882424E+0001    0.31418199E+0000     13062
  9950   -0.36876225E+0001   -0.36881840E+0001    0.26063112E+0000     13201
 10000   -0.36875931E+0001   -0.36882515E+0001    0.25701851E+0000     13337
 10050   -0.36875591E+0001   -0.36880958E+0001    0.30497744E+0000     13343
 10100   -0.36875390E+0001   -0.36881312E+0001    0.30421531E+0000     13510
 10150   -0.36875178E+0001   -0.36881526E+0001    0.33470716E+0000     13876
 10200   -0.36874965E+0001   -0.36881931E+0001    0.33039615E+0000     14038
 10250   -0.36874722E+0001   -0.36881974E+0001    0.34540796E+0000     14265
 10300   -0.36874486E+0001   -0.36882863E+0001    0.25563274E+0000     14354
 10350   -0.36874244E+0001   -0.36883639E+0001    0.33094170E+0000     14563
 10400   -0.36873908E+0001   -0.36884886E+0001    0.32062046E+0000     14656
 10450   -0.36873414E+0001   -0.36885997E+0001    0.31432135E+0000     14755
 10500   -0.36873051E+0001   -0.36882340E+0001    0.28898210E+0000     15065
 10550   -0.36872733E+0001   -0.36878280E+0001    0.31357779E+0000     15116
 10600   -0.36872460E+0001   -0.36879446E+0001    0.27478157E+0000     15160
 10650   -0.36872587E+0001   -0.36880271E+0001    0.32196362E+0000     15423
 10700   -0.36872668E+0001   -0.36882533E+0001    0.30635087E+0000     15695
 10750   -0.36872532E+0001   -0.36882706E+0001    0.29464349E+0000     15935
 10800   -0.36872350E+0001   -0.36879080E+0001    0.28203752E+0000     16192
 10850   -0.36872207E+0001   -0.36881602E+0001    0.30460849E+0000     16236
 10900   -0.36872079E+0001   -0.36877934E+0001    0.35253786E+0000     16495
 10950   -0.36871972E+0001   -0.36880326E+0001    0.32863216E+0000     16617
 11000   -0.36871874E+0001   -0.36883839E+0001    0.24596085E+0000     16819
 11050   -0.36871901E+0001   -0.36883186E+0001    0.27408519E+0000     17057
 11100   -0.36871994E+0001   -0.36882826E+0001    0.31286198E+0000     17208
 11150   -0.36871992E+0001   -0.36882582E+0001    0.27501968E+0000     17671
 11200   -0.36871931E+0001   -0.36884417E+0001    0.23909102E+0000     18067
 11201   -0.36871937E+0001   -0.36871937E+0001    0.96388492E-0001     12000
 11250   -0.36872092E+0001   -0.36872803E+0001    0.16987990E+0000     12034
 11300   -0.36872038E+0001   -0.36873425E+0001    0.20049303E+0000     11904
 11350   -0.36871939E+0001   -0.36873815E+0001    0.25830627E+0000     12038
 11400   -0.36871852E+0001   -0.36874151E+0001    0.27498125E+0000     12031
 11450   -0.36871753E+0001   -0.36875390E+0001    0.32580142E+0000     12208
 11500   -0.36871589E+0001   -0.36875201E+0001    0.25561314E+0000     12591
 11550   -0.36871361E+0001   -0.36875932E+0001    0.30568066E+0000     13019
 11600   -0.36871195E+0001   -0.36875276E+0001    0.28395580E+0000     13178
 11650   -0.36871059E+0001   -0.36879289E+0001    0.27826014E+0000     13386
 11700   -0.36870822E+0001   -0.36878804E+0001    0.27638336E+0000     13686
 11750   -0.36870619E+0001   -0.36874870E+0001    0.30960927E+0000     14157
 11800   -0.36870493E+0001   -0.36873664E+0001    0.29195340E+0000     14483
 11850   -0.36870381E+0001   -0.36875679E+0001    0.30641648E+0000     14863
 11900   -0.36870200E+0001   -0.36876699E+0001    0.27325034E+0000     15234
 11950   -0.36870060E+0001   -0.36875980E+0001    0.26963398E+0000     15107
 12000   -0.36869963E+0001   -0.36875827E+0001    0.25359481E+0000     15185
 12050   -0.36869932E+0001   -0.36876010E+0001    0.29729111E+0000     15487
 12100   -0.36869806E+0001   -0.36875582E+0001    0.29737348E+0000     15917
 12150   -0.36869635E+0001   -0.36876594E+0001    0.28126354E+0000     16162
 12200   -0.36869516E+0001   -0.36876521E+0001    0.30333833E+0000     16305
 12250   -0.36869439E+0001   -0.36875427E+0001    0.26457169E+0000     16338
 12300   -0.36869364E+0001   -0.36872148E+0001    0.25764332E+0000     16398
 12350   -0.36869301E+0001   -0.36873707E+0001    0.34344542E+0000     16869
 12400   -0.36869268E+0001   -0.36874660E+0001    0.31719390E+0000     17150
 12450   -0.36869254E+0001   -0.36871842E+0001    0.28989545E+0000     17231
 12500   -0.36869328E+0001   -0.36872090E+0001    0.27673340E+0000     17469
 12550   -0.36869355E+0001   -0.36871693E+0001    0.27504558E+0000     17486
 12600   -0.36869292E+0001   -0.36871168E+0001    0.30281468E+0000     17655
 12650   -0.36869289E+0001   -0.36870786E+0001    0.27590743E+0000     17989
 12700   -0.36869245E+0001   -0.36870953E+0001    0.25193047E+0000     18477
 12750   -0.36869137E+0001   -0.36870900E+0001    0.27278840E+0000     18791
 12800   -0.36869028E+0001   -0.36873844E+0001    0.29324615E+0000     18894
 12801   -0.36869031E+0001   -0.36869031E+0001    0.62757400E-0001     12000
 12850   -0.36869089E+0001   -0.36869243E+0001    0.15346484E+0000     12095
 12900   -0.36869080E+0001   -0.36869358E+0001    0.22138529E+0000     12152
 12950   -0.36869048E+0001   -0.36869341E+0001    0.25654923E+0000     12371
 13000   -0.36869016E+0001   -0.36869471E+0001    0.25910539E+0000     12472
 13050   -0.36868998E+0001   -0.36869200E+0001    0.16847107E+0000     12837
 13100   -0.36869003E+0001   -0.36869348E+0001    0.27833873E+0000     13159
 13150   -0.36869024E+0001   -0.36869254E+0001    0.26945582E+0000     13562
 13200   -0.36868999E+0001   -0.36869680E+0001    0.29418636E+0000     14033
 13250   -0.36868998E+0001   -0.36869742E+0001    0.31044538E+0000     14288
 13300   -0.36868999E+0001   -0.36870285E+0001    0.28738425E+0000     14549
 13350   -0.36869039E+0001   -0.36870911E+0001    0.30664664E+0000     14865
 13400   -0.36869062E+0001   -0.36871276E+0001    0.29883564E+0000     15147
 13450   -0.36869101E+0001   -0.36871408E+0001    0.25398520E+0000     15581
 13500   -0.36869081E+0001   -0.36871902E+0001    0.23208608E+0000     16236
 13550   -0.36869054E+0001   -0.36872706E+0001    0.28689568E+0000     16617
 13600   -0.36869082E+0001   -0.36873422E+0001    0.29153651E+0000     16845
 13650   -0.36869101E+0001   -0.36872730E+0001    0.26711432E+0000     16879
 13700   -0.36869062E+0001   -0.36874470E+0001    0.28298340E+0000     16873
 13750   -0.36868938E+0001   -0.36873782E+0001    0.27877295E+0000     17012
 13800   -0.36868863E+0001   -0.36875082E+0001    0.30863019E+0000     17433
 13850   -0.36868869E+0001   -0.36873866E+0001    0.26233958E+0000     17673
 13900   -0.36868793E+0001   -0.36873346E+0001    0.27131684E+0000     18168
 13950   -0.36868841E+0001   -0.36874245E+0001    0.28565286E+0000     18380
 14000   -0.36868929E+0001   -0.36874113E+0001    0.30553374E+0000     18772
 14050   -0.36868975E+0001   -0.36873801E+0001    0.27752445E+0000     19251
 14100   -0.36869049E+0001   -0.36873849E+0001    0.29560458E+0000     19806
 14150   -0.36869081E+0001   -0.36873389E+0001    0.24951409E+0000     20430
 14200   -0.36869016E+0001   -0.36874943E+0001    0.20649508E+0000     20769
 14250   -0.36868901E+0001   -0.36878270E+0001    0.30833482E+0000     20999
 14300   -0.36868886E+0001   -0.36877132E+0001    0.33991018E+0000     21238
 14350   -0.36868920E+0001   -0.36876358E+0001    0.29903415E+0000     21556
 14400   -0.36868919E+0001   -0.36879012E+0001    0.30818535E+0000     22400
 14450   -0.36868912E+0001   -0.36873987E+0001    0.27229870E+0000     22839
 14500   -0.36868866E+0001   -0.36877098E+0001    0.25941120E+0000     23148
 14550   -0.36868840E+0001   -0.36874065E+0001    0.23237848E+0000     23517
 14600   -0.36868806E+0001   -0.36877090E+0001    0.27489849E+0000     23604
 14650   -0.36868804E+0001   -0.36871769E+0001    0.26751636E+0000     24046
 14700   -0.36868799E+0001   -0.36874281E+0001    0.29888964E+0000     24254
 14750   -0.36868791E+0001   -0.36878907E+0001    0.26843804E+0000     24538
 14800   -0.36868858E+0001   -0.36878202E+0001    0.28302609E+0000     25081
 14850   -0.36868923E+0001   -0.36876353E+0001    0.28327430E+0000     25517
 14900   -0.36868943E+0001   -0.36879094E+0001    0.31926825E+0000     26175
 14950   -0.36868938E+0001   -0.36880206E+0001    0.32954431E+0000     26485
 15000   -0.36868895E+0001   -0.36880030E+0001    0.31470714E+0000     26863
 15050   -0.36868860E+0001   -0.36885525E+0001    0.27225663E+0000     27249
 15100   -0.36868843E+0001   -0.36884740E+0001    0.29575355E+0000     27468
 15150   -0.36868786E+0001   -0.36886278E+0001    0.28172980E+0000     27843
 15200   -0.36868771E+0001   -0.36880971E+0001    0.28553475E+0000     28403
 15250   -0.36868794E+0001   -0.36883925E+0001    0.27085511E+0000     29036
 15300   -0.36868790E+0001   -0.36884515E+0001    0.25891918E+0000     28957
 15350   -0.36868791E+0001   -0.36880735E+0001    0.26041342E+0000     29579
 15400   -0.36868794E+0001   -0.36883525E+0001    0.30019175E+0000     30063
 15450   -0.36868780E+0001   -0.36881618E+0001    0.25820880E+0000     30469
 15500   -0.36868759E+0001   -0.36879557E+0001    0.25066271E+0000     30844
 15550   -0.36868794E+0001   -0.36875885E+0001    0.26921410E+0000     31421
 15600   -0.36868822E+0001   -0.36879004E+0001    0.21680320E+0000     32169
 15650   -0.36868861E+0001   -0.36872070E+0001    0.30012489E+0000     32445
 15700   -0.36868915E+0001   -0.36872621E+0001    0.29024106E+0000     33297
 15750   -0.36868979E+0001   -0.36870344E+0001    0.24424044E+0000     33870
 15800   -0.36869060E+0001   -0.36872106E+0001    0.23189506E+0000     34314
 15850   -0.36869075E+0001   -0.36871776E+0001    0.28348234E+0000     35044
 15900   -0.36869057E+0001   -0.36872243E+0001    0.32201275E+0000     35389
 15950   -0.36869047E+0001   -0.36872775E+0001    0.29376251E+0000     35747
 16000   -0.36869050E+0001   -0.36873378E+0001    0.29591183E+0000     36173
 16001   -0.36868817E+0001   -0.36868817E+0001    0.55460380E-0001         1
 16050   -0.36863582E+0001   -0.36863582E+0001    0.39403324E+0000         1
 16100   -0.36861524E+0001   -0.36861524E+0001    0.43025262E+0000         1
 16150   -0.36859971E+0001   -0.36859971E+0001    0.52954270E+0000         1
 16200   -0.36851731E+0001   -0.36851731E+0001    0.67124966E+0000         1
 16250   -0.36856677E+0001   -0.36856677E+0001    0.58389492E+0000         1
 16300   -0.36860098E+0001   -0.36860098E+0001    0.40725154E+0000         1
 16350   -0.36861593E+0001   -0.36861593E+0001    0.38623627E+0000         1
 16400   -0.36861899E+0001   -0.36861899E+0001    0.44154340E+0000         1
 16450   -0.36861707E+0001   -0.36861707E+0001    0.49339484E+0000         1
 16500   -0.36863550E+0001   -0.36863550E+0001    0.40732752E+0000         1
 16550   -0.36863998E+0001   -0.36863998E+0001    0.34794708E+0000         1
 16600   -0.36861822E+0001   -0.36861822E+0001    0.40603251E+0000         1
 16650   -0.36863981E+0001   -0.36863981E+0001    0.40766481E+0000         1
 16700   -0.36856980E+0001   -0.36856980E+0001    0.62822017E+0000         1
 16750   -0.36860234E+0001   -0.36860234E+0001    0.51846516E+0000         1
 16800   -0.36861039E+0001   -0.36861039E+0001    0.47721930E+0000         1
 16850   -0.36862954E+0001   -0.36862954E+0001    0.44092593E+0000         1
 16900   -0.36848438E+0001   -0.36848438E+0001    0.86027777E+0000         1
 16950   -0.36862095E+0001   -0.36862095E+0001    0.37177861E+0000         1
 17000   -0.36861132E+0001   -0.36861132E+0001    0.50131978E+0000         1
 17050   -0.36857383E+0001   -0.36857383E+0001    0.57427604E+0000         1
 17100   -0.36857128E+0001   -0.36857128E+0001    0.68449407E+0000         1
 17150   -0.36861525E+0001   -0.36861525E+0001    0.45051754E+0000         1
 17200   -0.36863857E+0001   -0.36863857E+0001    0.41214789E+0000         1
 17250   -0.36860396E+0001   -0.36860396E+0001    0.55372377E+0000         1
 17300   -0.36857506E+0001   -0.36857506E+0001    0.54655652E+0000         1
 17350   -0.36863982E+0001   -0.36863982E+0001    0.36980076E+0000         1
 17400   -0.36862130E+0001   -0.36862130E+0001    0.48996134E+0000         1
 17450   -0.36859236E+0001   -0.36859236E+0001    0.47724053E+0000         1
 17500   -0.36860730E+0001   -0.36860730E+0001    0.37438294E+0000         1
 17550   -0.36864490E+0001   -0.36864490E+0001    0.36275593E+0000         1
 17600   -0.36857972E+0001   -0.36857972E+0001    0.53934782E+0000         1
 17650   -0.36857111E+0001   -0.36857111E+0001    0.58874291E+0000         1
 17700   -0.36861396E+0001   -0.36861396E+0001    0.45872204E+0000         1
 17750   -0.36854053E+0001   -0.36854053E+0001    0.57523882E+0000         1
 17800   -0.36856159E+0001   -0.36856159E+0001    0.51277730E+0000         1
 17850   -0.36854047E+0001   -0.36854047E+0001    0.60337832E+0000         1
 17900   -0.36857412E+0001   -0.36857412E+0001    0.51427011E+0000         1
 17950   -0.36855063E+0001   -0.36855063E+0001    0.68325931E+0000         1
 18000   -0.36863821E+0001   -0.36863821E+0001    0.41242092E+0000         1
 18050   -0.36864955E+0001   -0.36864955E+0001    0.46077961E+0000         1
 18100   -0.36865323E+0001   -0.36865323E+0001    0.46448125E+0000         1
 18150   -0.36857384E+0001   -0.36857384E+0001    0.71007265E+0000         1
 18200   -0.36865445E+0001   -0.36865445E+0001    0.61341868E+0000         1
 18250   -0.36865850E+0001   -0.36865850E+0001    0.52795737E+0000         1
 18300   -0.36869155E+0001   -0.36869155E+0001    0.58407857E+0000         1
 18350   -0.36875476E+0001   -0.36875476E+0001    0.38071945E+0000         1
 18400   -0.36874529E+0001   -0.36874529E+0001    0.42907597E+0000         1
 18450   -0.36871752E+0001   -0.36871752E+0001    0.52054153E+0000         1
 18500   -0.36872390E+0001   -0.36872390E+0001    0.49830524E+0000         1
 18550   -0.36872128E+0001   -0.36872128E+0001    0.54915203E+0000         1
 18600   -0.36875459E+0001   -0.36875459E+0001    0.59247084E+0000         1
 18650   -0.36872322E+0001   -0.36872322E+0001    0.63425150E+0000         1
 18700   -0.36878545E+0001   -0.36878545E+0001    0.56193022E+0000         1
 18750   -0.36872076E+0001   -0.36872076E+0001    0.70553616E+0000         1
 18800   -0.36876756E+0001   -0.36876756E+0001    0.63653993E+0000         1
 18850   -0.36876699E+0001   -0.36876699E+0001    0.64423522E+0000         1
 18900   -0.36885650E+0001   -0.36885650E+0001    0.44348903E+0000         1
 18950   -0.36889454E+0001   -0.36889454E+0001    0.40959068E+0000         1
 19000   -0.36888977E+0001   -0.36888977E+0001    0.49787339E+0000         1
 19050   -0.36887860E+0001   -0.36887860E+0001    0.60130070E+0000         1
 19100   -0.36888145E+0001   -0.36888145E+0001    0.61390293E+0000         1
 19150   -0.36891734E+0001   -0.36891734E+0001    0.53467389E+0000         1
 19200   -0.36896224E+0001   -0.36896224E+0001    0.50489717E+0000         1
 19250   -0.36889933E+0001   -0.36889933E+0001    0.66384926E+0000         1
 19300   -0.36893969E+0001   -0.36893969E+0001    0.52299895E+0000         1
 19350   -0.36896967E+0001   -0.36896967E+0001    0.66520946E+0000         1
 19400   -0.36894044E+0001   -0.36894044E+0001    0.76777286E+0000         1
 19450   -0.36904336E+0001   -0.36904336E+0001    0.53566272E+0000         1
 19500   -0.36902567E+0001   -0.36902567E+0001    0.54658520E+0000         1
 19550   -0.36903574E+0001   -0.36903574E+0001    0.47143519E+0000         1
 19600   -0.36910466E+0001   -0.36910466E+0001    0.56556698E+0000         1
 19650   -0.36918198E+0001   -0.36918198E+0001    0.58047836E+0000         1
 19700   -0.36930058E+0001   -0.36930058E+0001    0.43177255E+0000         1
 19750   -0.36938736E+0001   -0.36938736E+0001    0.49768800E+0000         1
 19800   -0.36935875E+0001   -0.36935875E+0001    0.63054949E+0000         1
 19850   -0.36946650E+0001   -0.36946650E+0001    0.54704367E+0000         1
 19900   -0.36959152E+0001   -0.36959152E+0001    0.53227003E+0000         1
 19950   -0.36961435E+0001   -0.36961435E+0001    0.58414697E+0000         1
 20000   -0.36958587E+0001   -0.36958587E+0001    0.84612088E+0000         1
 20050   -0.36962484E+0001   -0.36962484E+0001    0.85628394E+0000         1
 20100   -0.36978221E+0001   -0.36978221E+0001    0.80572282E+0000         1
 20150   -0.36993709E+0001   -0.36993709E+0001    0.65741503E+0000         1
 20200   -0.36998677E+0001   -0.36998677E+0001    0.66799000E+0000         1
 20250   -0.37012032E+0001   -0.37012032E+0001    0.65386474E+0000         1
 20300   -0.37015981E+0001   -0.37015981E+0001    0.61922414E+0000         1
 20350   -0.37023407E+0001   -0.37023407E+0001    0.75543019E+0000         1
 20400   -0.37030414E+0001   -0.37030414E+0001    0.81345068E+0000         1
 20450   -0.37053210E+0001   -0.37053210E+0001    0.80101078E+0000         1
 20500   -0.37076378E+0001   -0.37076378E+0001    0.88062446E+0000         1
 20550   -0.37096900E+0001   -0.37096900E+0001    0.79362478E+0000         1
 20600   -0.37109467E+0001   -0.37109467E+0001    0.79680432E+0000         1
 20650   -0.37114245E+0001   -0.37114245E+0001    0.89573314E+0000         1
 20700   -0.37139821E+0001   -0.37139821E+0001    0.88892660E+0000         1
 20750   -0.37159432E+0001   -0.37159432E+0001    0.85269896E+0000         1
 20800   -0.37168612E+0001   -0.37168612E+0001    0.88368727E+0000         1
 20850   -0.37187140E+0001   -0.37187140E+0001    0.97410338E+0000         1
 20900   -0.37202899E+0001   -0.37202899E+0001    0.86959990E+0000         1
 20950   -0.37216576E+0001   -0.37216576E+0001    0.10192231E+0001         1
 21000   -0.37234778E+0001   -0.37234778E+0001    0.97922201E+0000         1
 21050   -0.37258638E+0001   -0.37258638E+0001    0.10232421E+0001         1
 21100   -0.37269806E+0001   -0.37269806E+0001    0.10477295E+0001         1
 21150   -0.37302533E+0001   -0.37302533E+0001    0.99418029E+0000         1
 21200   -0.37340076E+0001   -0.37340076E+0001    0.10508777E+0001         1
 21250   -0.37377341E+0001   -0.37377341E+0001    0.12100874E+0001         1
 21300   -0.37421128E+0001   -0.37421128E+0001    0.11477382E+0001         1
 21350   -0.37471408E+0001   -0.37471408E+0001    0.11924132E+0001         1
 21400   -0.37515531E+0001   -0.37515531E+0001    0.12015411E+0001         1
 21450   -0.37555893E+0001   -0.37555893E+0001    0.12216469E+0001         1
 21500   -0.37561132E+0001   -0.37561132E+0001    0.12747536E+0001         1
 21550   -0.37637180E+0001   -0.37637180E+0001    0.13003535E+0001         1
 21600   -0.37702070E+0001   -0.37702070E+0001    0.13298323E+0001         1
 21650   -0.37740944E+0001   -0.37740944E+0001    0.13663766E+0001         1
 21700   -0.37796757E+0001   -0.37796757E+0001    0.14370007E+0001         1
 21750   -0.37862089E+0001   -0.37862089E+0001    0.14549643E+0001         1
 21800   -0.37934009E+0001   -0.37934009E+0001    0.14888756E+0001         1
 21850   -0.37999462E+0001   -0.37999462E+0001    0.16044463E+0001         1
 21900   -0.38084694E+0001   -0.38084694E+0001    0.16080824E+0001         1
 21950   -0.38153822E+0001   -0.38153822E+0001    0.16767998E+0001         1
 22000   -0.38265963E+0001   -0.38265963E+0001    0.16156755E+0001         1
 22050   -0.38387953E+0001   -0.38387953E+0001    0.16480788E+0001         1
 22100   -0.38457386E+0001   -0.38457386E+0001    0.16924982E+0001         1
 22150   -0.38550967E+0001   -0.38550967E+0001    0.16627797E+0001         1
 22200   -0.38651199E+0001   -0.38651199E+0001    0.16808479E+0001         1
 22250   -0.38745687E+0001   -0.38745687E+0001    0.16900122E+0001         1
 22300   -0.38831722E+0001   -0.38831722E+0001    0.16589556E+0001         1
 22350   -0.38930575E+0001   -0.38930575E+0001    0.16117618E+0001         1
 22400   -0.39004598E+0001   -0.39004598E+0001    0.15910368E+0001         1
 22450   -0.39076369E+0001   -0.39076369E+0001    0.14933599E+0001         1
 22500   -0.39151117E+0001   -0.39151117E+0001    0.13552155E+0001         1
 22550   -0.39208878E+0001   -0.39208878E+0001    0.12923075E+0001         1
 22600   -0.39260408E+0001   -0.39260408E+0001    0.11320407E+0001         1
 22650   -0.39296457E+0001   -0.39296457E+0001    0.95827894E+0000         1
 22700   -0.39309740E+0001   -0.39309740E+0001    0.92210434E+0000         1
 22750   -0.39316789E+0001   -0.39316789E+0001    0.90143343E+0000         1
 22800   -0.39328964E+0001   -0.39328964E+0001    0.89140332E+0000         1
 22850   -0.39351612E+0001   -0.39351612E+0001    0.76456987E+0000         1
 22900   -0.39350524E+0001   -0.39350524E+0001    0.96217766E+0000         1
 22950   -0.39369248E+0001   -0.39369248E+0001    0.62204046E+0000         1
 23000   -0.39368850E+0001   -0.39368850E+0001    0.60549545E+0000         1
 23050   -0.39371121E+0001   -0.39371121E+0001    0.65073580E+0000         1
 23100   -0.39375699E+0001   -0.39375699E+0001    0.57680548E+0000         1
 23150   -0.39385845E+0001   -0.39385845E+0001    0.57251688E+0000         1
 23200   -0.39384220E+0001   -0.39384220E+0001    0.70272256E+0000         1
 23250   -0.39388161E+0001   -0.39388161E+0001    0.57333777E+0000         1
 23300   -0.39380932E+0001   -0.39380932E+0001    0.64810181E+0000         1
 23350   -0.39382577E+0001   -0.39382577E+0001    0.70933435E+0000         1
 23400   -0.39385386E+0001   -0.39385386E+0001    0.61767529E+0000         1
 23450   -0.39387315E+0001   -0.39387315E+0001    0.48904343E+0000         1
 23500   -0.39388885E+0001   -0.39388885E+0001    0.50319203E+0000         1
 23550   -0.39393966E+0001   -0.39393966E+0001    0.37395262E+0000         1
 23600   -0.39392517E+0001   -0.39392517E+0001    0.46122129E+0000         1
 23650   -0.39390123E+0001   -0.39390123E+0001    0.42214211E+0000         1
 23700   -0.39390007E+0001   -0.39390007E+0001    0.45302855E+0000         1
 23750   -0.39386871E+0001   -0.39386871E+0001    0.58892712E+0000         1
 23800   -0.39391796E+0001   -0.39391796E+0001    0.42001976E+0000         1
 23850   -0.39393425E+0001   -0.39393425E+0001    0.43069074E+0000         1
 23900   -0.39383094E+0001   -0.39383094E+0001    0.78900569E+0000         1
 23950   -0.39386193E+0001   -0.39386193E+0001    0.66847725E+0000         1
 24000   -0.39389139E+0001   -0.39389139E+0001    0.53949965E+0000         1
 24050   -0.39389282E+0001   -0.39389282E+0001    0.51969035E+0000         1
 24100   -0.39386218E+0001   -0.39386218E+0001    0.60371812E+0000         1
 24150   -0.39389127E+0001   -0.39389127E+0001    0.56697979E+0000         1
 24200   -0.39381123E+0001   -0.39381123E+0001    0.72812698E+0000         1
 24250   -0.39381067E+0001   -0.39381067E+0001    0.73279078E+0000         1
 24300   -0.39385309E+0001   -0.39385309E+0001    0.69109591E+0000         1
 24350   -0.39388253E+0001   -0.39388253E+0001    0.58814441E+0000         1
 24400   -0.39392420E+0001   -0.39392420E+0001    0.40927613E+0000         1
 24450   -0.39389659E+0001   -0.39389659E+0001    0.46411609E+0000         1
 24500   -0.39381813E+0001   -0.39381813E+0001    0.68216908E+0000         1
 24550   -0.39383777E+0001   -0.39383777E+0001    0.68997803E+0000         1
 24600   -0.39390495E+0001   -0.39390495E+0001    0.39609208E+0000         1
 24650   -0.39388049E+0001   -0.39388049E+0001    0.56619833E+0000         1
 24700   -0.39387309E+0001   -0.39387309E+0001    0.59260841E+0000         1
 24750   -0.39390254E+0001   -0.39390254E+0001    0.43360421E+0000         1
 24800   -0.39391046E+0001   -0.39391046E+0001    0.49199184E+0000         1
 24850   -0.39392698E+0001   -0.39392698E+0001    0.41366987E+0000         1
 24900   -0.39391866E+0001   -0.39391866E+0001    0.46909306E+0000         1
 24950   -0.39384063E+0001   -0.39384063E+0001    0.63234701E+0000         1
 25000   -0.39382170E+0001   -0.39382170E+0001    0.77316738E+0000         1
 25050   -0.39389518E+0001   -0.39389518E+0001    0.50722890E+0000         1
 25100   -0.39388834E+0001   -0.39388834E+0001    0.57553932E+0000         1
 25150   -0.39394830E+0001   -0.39394830E+0001    0.38089113E+0000         1
 25200   -0.39393181E+0001   -0.39393181E+0001    0.45690252E+0000         1
 25250   -0.39385949E+0001   -0.39385949E+0001    0.71849049E+0000         1
 25300   -0.39387101E+0001   -0.39387101E+0001    0.68531904E+0000         1
 25350   -0.39387732E+0001   -0.39387732E+0001    0.59333100E+0000         1
 25400   -0.39390433E+0001   -0.39390433E+0001    0.49582654E+0000         1
 25450   -0.39390239E+0001   -0.39390239E+0001    0.51581664E+0000         1
 25500   -0.39392488E+0001   -0.39392488E+0001    0.47361050E+0000         1
 25550   -0.39388655E+0001   -0.39388655E+0001    0.57710469E+0000         1
 25600   -0.39391375E+0001   -0.39391375E+0001    0.46815224E+0000         1
 25650   -0.39389035E+0001   -0.39389035E+0001    0.57689083E+0000         1
 25700   -0.39391220E+0001   -0.39391220E+0001    0.46347347E+0000         1
 25750   -0.39389953E+0001   -0.39389953E+0001    0.48799467E+0000         1
 25800   -0.39390940E+0001   -0.39390940E+0001    0.49899140E+0000         1
 25850   -0.39392965E+0001   -0.39392965E+0001    0.41745148E+0000         1
 25900   -0.39388758E+0001   -0.39388758E+0001    0.57515413E+0000         1
 25950   -0.39390108E+0001   -0.39390108E+0001    0.39821264E+0000         1
 26000   -0.39384396E+0001   -0.39384396E+0001    0.58366399E+0000         1
 26050   -0.39381475E+0001   -0.39381475E+0001    0.65035393E+0000         1
 26100   -0.39382183E+0001   -0.39382183E+0001    0.63124154E+0000         1
 26150   -0.39386280E+0001   -0.39386280E+0001    0.61895144E+0000         1
 26200   -0.39388966E+0001   -0.39388966E+0001    0.46154572E+0000         1
 26250   -0.39391055E+0001   -0.39391055E+0001    0.37111250E+0000         1
 26300   -0.39390356E+0001   -0.39390356E+0001    0.46020613E+0000         1
 26350   -0.39389759E+0001   -0.39389759E+0001    0.48094658E+0000         1
 26400   -0.39392899E+0001   -0.39392899E+0001    0.44119301E+0000         1
 26450   -0.39391043E+0001   -0.39391043E+0001    0.57019630E+0000         1
 26500   -0.39392426E+0001   -0.39392426E+0001    0.56748681E+0000         1
 26550   -0.39398027E+0001   -0.39398027E+0001    0.25259296E+0000         1
 26600   -0.39390503E+0001   -0.39390503E+0001    0.55505016E+0000         1
 26650   -0.39392475E+0001   -0.39392475E+0001    0.50535777E+0000         1
 26700   -0.39385962E+0001   -0.39385962E+0001    0.58665993E+0000         1
 26750   -0.39391358E+0001   -0.39391358E+0001    0.40924671E+0000         1
 26800   -0.39386099E+0001   -0.39386099E+0001    0.58961614E+0000         1
 26850   -0.39389795E+0001   -0.39389795E+0001    0.48129281E+0000         1
 26900   -0.39387555E+0001   -0.39387555E+0001    0.57394527E+0000         1
 26950   -0.39390312E+0001   -0.39390312E+0001    0.45615821E+0000         1
 27000   -0.39392682E+0001   -0.39392682E+0001    0.46758266E+0000         1
 27050   -0.39393375E+0001   -0.39393375E+0001    0.43965570E+0000         1
 27100   -0.39393501E+0001   -0.39393501E+0001    0.46320829E+0000         1
 27150   -0.39391161E+0001   -0.39391161E+0001    0.47610549E+0000         1
 27200   -0.39388204E+0001   -0.39388204E+0001    0.59935398E+0000         1
 27250   -0.39390018E+0001   -0.39390018E+0001    0.44673268E+0000         1
 27300   -0.39391448E+0001   -0.39391448E+0001    0.48537160E+0000         1
 27350   -0.39389833E+0001   -0.39389833E+0001    0.48234708E+0000         1
 27400   -0.39391838E+0001   -0.39391838E+0001    0.43340088E+0000         1
 27450   -0.39382419E+0001   -0.39382419E+0001    0.59532800E+0000         1
 27500   -0.39391270E+0001   -0.39391270E+0001    0.51772821E+0000         1
 27550   -0.39383984E+0001   -0.39383984E+0001    0.65367618E+0000         1
 27600   -0.39386142E+0001   -0.39386142E+0001    0.56410585E+0000         1
 27650   -0.39390380E+0001   -0.39390380E+0001    0.51348302E+0000         1
 27700   -0.39391771E+0001   -0.39391771E+0001    0.47379195E+0000         1
 27750   -0.39392494E+0001   -0.39392494E+0001    0.50812729E+0000         1
 27800   -0.39389061E+0001   -0.39389061E+0001    0.58260236E+0000         1
 27850   -0.39382477E+0001   -0.39382477E+0001    0.77415183E+0000         1
 27900   -0.39388217E+0001   -0.39388217E+0001    0.58535877E+0000         1
 27950   -0.39393036E+0001   -0.39393036E+0001    0.41304752E+0000         1
 28000   -0.39390183E+0001   -0.39390183E+0001    0.49697894E+0000         1
 28050   -0.39393448E+0001   -0.39393448E+0001    0.43489336E+0000         1
 28100   -0.39392138E+0001   -0.39392138E+0001    0.49069073E+0000         1
 28150   -0.39393774E+0001   -0.39393774E+0001    0.55007880E+0000         1
 28200   -0.39387535E+0001   -0.39387535E+0001    0.58515550E+0000         1
 28250   -0.39393978E+0001   -0.39393978E+0001    0.36096723E+0000         1
 28300   -0.39392467E+0001   -0.39392467E+0001    0.50912229E+0000         1
 28350   -0.39395148E+0001   -0.39395148E+0001    0.38694185E+0000         1
 28400   -0.39390245E+0001   -0.39390245E+0001    0.48705856E+0000         1
 28450   -0.39388592E+0001   -0.39388592E+0001    0.50084608E+0000         1
 28500   -0.39393265E+0001   -0.39393265E+0001    0.36912166E+0000         1
 28550   -0.39387112E+0001   -0.39387112E+0001    0.53076912E+0000         1
 28600   -0.39389874E+0001   -0.39389874E+0001    0.53062475E+0000         1
 28650   -0.39388879E+0001   -0.39388879E+0001    0.46120237E+0000         1
 28700   -0.39388690E+0001   -0.39388690E+0001    0.51483911E+0000         1
 28750   -0.39387571E+0001   -0.39387571E+0001    0.54102026E+0000         1
 28800   -0.39392160E+0001   -0.39392160E+0001    0.46749453E+0000         1
 28850   -0.39389740E+0001   -0.39389740E+0001    0.54312205E+0000         1
 28900   -0.39390680E+0001   -0.39390680E+0001    0.51276640E+0000         1
 28950   -0.39392586E+0001   -0.39392586E+0001    0.44675030E+0000         1
 29000   -0.39395908E+0001   -0.39395908E+0001    0.35084773E+0000         1
 29050   -0.39393031E+0001   -0.39393031E+0001    0.44149587E+0000         1
 29100   -0.39394481E+0001   -0.39394481E+0001    0.47655782E+0000         1
 29150   -0.39394146E+0001   -0.39394146E+0001    0.36379368E+0000         1
 29200   -0.39386780E+0001   -0.39386780E+0001    0.54998983E+0000         1
 29250   -0.39388073E+0001   -0.39388073E+0001    0.65556794E+0000         1
 29300   -0.39392799E+0001   -0.39392799E+0001    0.45915518E+0000         1
 29350   -0.39391966E+0001   -0.39391966E+0001    0.43269799E+0000         1
 29400   -0.39388386E+0001   -0.39388386E+0001    0.43699420E+0000         1
 29450   -0.39383794E+0001   -0.39383794E+0001    0.53260337E+0000         1
 29500   -0.39393062E+0001   -0.39393062E+0001    0.39015871E+0000         1
 29550   -0.39386665E+0001   -0.39386665E+0001    0.63560756E+0000         1
 29600   -0.39392632E+0001   -0.39392632E+0001    0.47974208E+0000         1
 29650   -0.39388853E+0001   -0.39388853E+0001    0.53251491E+0000         1
 29700   -0.39387998E+0001   -0.39387998E+0001    0.59444698E+0000         1
 29750   -0.39388275E+0001   -0.39388275E+0001    0.55541608E+0000         1
 29800   -0.39387577E+0001   -0.39387577E+0001    0.63422571E+0000         1
 29850   -0.39391374E+0001   -0.39391374E+0001    0.44488703E+0000         1
 29900   -0.39391780E+0001   -0.39391780E+0001    0.53634466E+0000         1
 29950   -0.39390546E+0001   -0.39390546E+0001    0.57662941E+0000         1
 30000   -0.39389229E+0001   -0.39389229E+0001    0.67632537E+0000         1
 30050   -0.39395484E+0001   -0.39395484E+0001    0.38504577E+0000         1
 30100   -0.39396003E+0001   -0.39396003E+0001    0.30326064E+0000         1
 30150   -0.39392989E+0001   -0.39392989E+0001    0.54377284E+0000         1
 30200   -0.39392799E+0001   -0.39392799E+0001    0.36300457E+0000         1
 30250   -0.39389084E+0001   -0.39389084E+0001    0.51620760E+0000         1
 30300   -0.39391226E+0001   -0.39391226E+0001    0.44258275E+0000         1
 30350   -0.39390461E+0001   -0.39390461E+0001    0.45756922E+0000         1
 30400   -0.39389860E+0001   -0.39389860E+0001    0.42720505E+0000         1
 30450   -0.39389933E+0001   -0.39389933E+0001    0.45412313E+0000         1
 30500   -0.39391053E+0001   -0.39391053E+0001    0.50919841E+0000         1
 30550   -0.39394925E+0001   -0.39394925E+0001    0.37345992E+0000         1
 30600   -0.39385089E+0001   -0.39385089E+0001    0.63326499E+0000         1
 30650   -0.39384759E+0001   -0.39384759E+0001    0.61813729E+0000         1
 30700   -0.39390169E+0001   -0.39390169E+0001    0.56929994E+0000         1
 30750   -0.39394901E+0001   -0.39394901E+0001    0.35219176E+0000         1
 30800   -0.39391237E+0001   -0.39391237E+0001    0.49468969E+0000         1
 30850   -0.39395794E+0001   -0.39395794E+0001    0.34075424E+0000         1
 30900   -0.39392604E+0001   -0.39392604E+0001    0.40493467E+0000         1
 30950   -0.39393115E+0001   -0.39393115E+0001    0.40042023E+0000         1
 31000   -0.39389156E+0001   -0.39389156E+0001    0.55584751E+0000         1
 31050   -0.39386340E+0001   -0.39386340E+0001    0.60140469E+0000         1
 31100   -0.39392930E+0001   -0.39392930E+0001    0.41854953E+0000         1
 31150   -0.39392963E+0001   -0.39392963E+0001    0.41688584E+0000         1
 31200   -0.39394375E+0001   -0.39394375E+0001    0.37111245E+0000         1
 31250   -0.39390091E+0001   -0.39390091E+0001    0.48075002E+0000         1
 31300   -0.39385895E+0001   -0.39385895E+0001    0.53481507E+0000         1
 31350   -0.39386944E+0001   -0.39386944E+0001    0.48406237E+0000         1
 31400   -0.39381910E+0001   -0.39381910E+0001    0.66736663E+0000         1
 31450   -0.39383676E+0001   -0.39383676E+0001    0.66001416E+0000         1
 31500   -0.39392506E+0001   -0.39392506E+0001    0.39379955E+0000         1
 31550   -0.39391902E+0001   -0.39391902E+0001    0.44150913E+0000         1
 31600   -0.39390063E+0001   -0.39390063E+0001    0.54970091E+0000         1
 31650   -0.39391785E+0001   -0.39391785E+0001    0.57047806E+0000         1
 31700   -0.39388197E+0001   -0.39388197E+0001    0.68144950E+0000         1
 31750   -0.39388007E+0001   -0.39388007E+0001    0.65916409E+0000         1
 31800   -0.39397565E+0001   -0.39397565E+0001    0.24857849E+0000         1
 31850   -0.39392974E+0001   -0.39392974E+0001    0.51867486E+0000         1
 31900   -0.39389055E+0001   -0.39389055E+0001    0.60710839E+0000         1
 31950   -0.39389184E+0001   -0.39389184E+0001    0.56832868E+0000         1
 32000   -0.39392657E+0001   -0.39392657E+0001    0.51431142E+0000         1
 32050   -0.39393235E+0001   -0.39393235E+0001    0.45059889E+0000         1
 32100   -0.39390242E+0001   -0.39390242E+0001    0.60742204E+0000         1
 32150   -0.39390254E+0001   -0.39390254E+0001    0.50364114E+0000         1
 32200   -0.39391790E+0001   -0.39391790E+0001    0.50979979E+0000         1
 32250   -0.39395166E+0001   -0.39395166E+0001    0.35620976E+0000         1
 32300   -0.39391450E+0001   -0.39391450E+0001    0.56976754E+0000         1
 32350   -0.39390796E+0001   -0.39390796E+0001    0.47883033E+0000         1
 32400   -0.39392960E+0001   -0.39392960E+0001    0.36178660E+0000         1
 32450   -0.39388152E+0001   -0.39388152E+0001    0.64341950E+0000         1
 32500   -0.39384428E+0001   -0.39384428E+0001    0.50046080E+0000         1
 32550   -0.39385604E+0001   -0.39385604E+0001    0.64979709E+0000         1
 32600   -0.39391640E+0001   -0.39391640E+0001    0.47327782E+0000         1
 32650   -0.39389814E+0001   -0.39389814E+0001    0.57119058E+0000         1
 32700   -0.39391481E+0001   -0.39391481E+0001    0.41351557E+0000         1
 32750   -0.39390548E+0001   -0.39390548E+0001    0.51143154E+0000         1
 32800   -0.39382142E+0001   -0.39382142E+0001    0.66565116E+0000         1
 32850   -0.39380018E+0001   -0.39380018E+0001    0.73698259E+0000         1
 32900   -0.39381462E+0001   -0.39381462E+0001    0.67056212E+0000         1
 32950   -0.39381329E+0001   -0.39381329E+0001    0.56059047E+0000         1
 33000   -0.39383294E+0001   -0.39383294E+0001    0.59551824E+0000         1
 33050   -0.39386899E+0001   -0.39386899E+0001    0.64611806E+0000         1
 33100   -0.39390270E+0001   -0.39390270E+0001    0.53843430E+0000         1
 33150   -0.39387983E+0001   -0.39387983E+0001    0.59076456E+0000         1
 33200   -0.39383383E+0001   -0.39383383E+0001    0.82463270E+0000         1
 33250   -0.39387751E+0001   -0.39387751E+0001    0.64743590E+0000         1
 33300   -0.39393680E+0001   -0.39393680E+0001    0.41168656E+0000         1
 33350   -0.39384888E+0001   -0.39384888E+0001    0.50167099E+0000         1
 33400   -0.39387823E+0001   -0.39387823E+0001    0.47217705E+0000         1
 33450   -0.39384782E+0001   -0.39384782E+0001    0.67541388E+0000         1
 33500   -0.39390568E+0001   -0.39390568E+0001    0.46291690E+0000         1
 33550   -0.39389618E+0001   -0.39389618E+0001    0.46141780E+0000         1
 33600   -0.39386193E+0001   -0.39386193E+0001    0.51939832E+0000         1
 33650   -0.39386681E+0001   -0.39386681E+0001    0.60106015E+0000         1
 33700   -0.39384654E+0001   -0.39384654E+0001    0.64630176E+0000         1
 33750   -0.39379077E+0001   -0.39379077E+0001    0.67449184E+0000         1
 33800   -0.39382569E+0001   -0.39382569E+0001    0.49756254E+0000         1
 33850   -0.39379758E+0001   -0.39379758E+0001    0.67295334E+0000         1
 33900   -0.39385582E+0001   -0.39385582E+0001    0.63570514E+0000         1
 33950   -0.39393636E+0001   -0.39393636E+0001    0.38316737E+0000         1
 34000   -0.39389698E+0001   -0.39389698E+0001    0.55748916E+0000         1
 34050   -0.39395471E+0001   -0.39395471E+0001    0.36756243E+0000         1
 34100   -0.39395154E+0001   -0.39395154E+0001    0.41419309E+0000         1
 34150   -0.39390574E+0001   -0.39390574E+0001    0.49087980E+0000         1
 34200   -0.39389604E+0001   -0.39389604E+0001    0.50044096E+0000         1
 34250   -0.39392977E+0001   -0.39392977E+0001    0.44038261E+0000         1
 34300   -0.39388553E+0001   -0.39388553E+0001    0.60078716E+0000         1
 34350   -0.39388669E+0001   -0.39388669E+0001    0.57107231E+0000         1
 34400   -0.39392611E+0001   -0.39392611E+0001    0.50117081E+0000         1
 34450   -0.39394424E+0001   -0.39394424E+0001    0.42267680E+0000         1
 34500   -0.39390410E+0001   -0.39390410E+0001    0.50650313E+0000         1
 34550   -0.39392515E+0001   -0.39392515E+0001    0.45616254E+0000         1
 34600   -0.39392074E+0001   -0.39392074E+0001    0.44983811E+0000         1
 34650   -0.39393927E+0001   -0.39393927E+0001    0.40649979E+0000         1
 34700   -0.39390558E+0001   -0.39390558E+0001    0.60126209E+0000         1
 34750   -0.39391954E+0001   -0.39391954E+0001    0.59965914E+0000         1
 34800   -0.39385895E+0001   -0.39385895E+0001    0.66565793E+0000         1
 34850   -0.39393022E+0001   -0.39393022E+0001    0.44689161E+0000         1
 34900   -0.39390825E+0001   -0.39390825E+0001    0.49025782E+0000         1
 34950   -0.39395236E+0001   -0.39395236E+0001    0.35259302E+0000         1
 35000   -0.39387408E+0001   -0.39387408E+0001    0.72893555E+0000         1
 35050   -0.39393287E+0001   -0.39393287E+0001    0.45494060E+0000         1
 35100   -0.39388122E+0001   -0.39388122E+0001    0.60534862E+0000         1
 35150   -0.39386992E+0001   -0.39386992E+0001    0.70033446E+0000         1
 35200   -0.39381758E+0001   -0.39381758E+0001    0.69498537E+0000         1
 35250   -0.39388169E+0001   -0.39388169E+0001    0.54418781E+0000         1
 35300   -0.39384156E+0001   -0.39384156E+0001    0.64050399E+0000         1
 35350   -0.39386739E+0001   -0.39386739E+0001    0.63124045E+0000         1
 35400   -0.39385217E+0001   -0.39385217E+0001    0.73404969E+0000         1
 35450   -0.39391695E+0001   -0.39391695E+0001    0.47438537E+0000         1
 35500   -0.39388320E+0001   -0.39388320E+0001    0.58613713E+0000         1
 35550   -0.39383359E+0001   -0.39383359E+0001    0.61239200E+0000         1
 35600   -0.39388397E+0001   -0.39388397E+0001    0.47719434E+0000         1
 35650   -0.39382990E+0001   -0.39382990E+0001    0.59643954E+0000         1
 35700   -0.39388382E+0001   -0.39388382E+0001    0.50208079E+0000         1
 35750   -0.39390725E+0001   -0.39390725E+0001    0.51478999E+0000         1
 35800   -0.39388058E+0001   -0.39388058E+0001    0.47558117E+0000         1
 35850   -0.39390877E+0001   -0.39390877E+0001    0.46327880E+0000         1
 35900   -0.39393558E+0001   -0.39393558E+0001    0.42671818E+0000         1
 35950   -0.39396114E+0001   -0.39396114E+0001    0.28833006E+0000         1
 36000   -0.39391422E+0001   -0.39391422E+0001    0.46511427E+0000         1
 36050   -0.39392666E+0001   -0.39392666E+0001    0.43630740E+0000         1
 36100   -0.39389917E+0001   -0.39389917E+0001    0.56356270E+0000         1
 36150   -0.39384928E+0001   -0.39384928E+0001    0.68348134E+0000         1
 36200   -0.39394213E+0001   -0.39394213E+0001    0.38710037E+0000         1
 36250   -0.39391087E+0001   -0.39391087E+0001    0.49942127E+0000         1
 36300   -0.39395650E+0001   -0.39395650E+0001    0.34483966E+0000         1
 36350   -0.39388744E+0001   -0.39388744E+0001    0.57358324E+0000         1
 36400   -0.39389659E+0001   -0.39389659E+0001    0.57615269E+0000         1
 36450   -0.39390110E+0001   -0.39390110E+0001    0.52989146E+0000         1
 36500   -0.39389309E+0001   -0.39389309E+0001    0.58460780E+0000         1
 36550   -0.39386573E+0001   -0.39386573E+0001    0.59711545E+0000         1
 36600   -0.39390687E+0001   -0.39390687E+0001    0.55185477E+0000         1
 36650   -0.39391415E+0001   -0.39391415E+0001    0.53149165E+0000         1
 36700   -0.39391483E+0001   -0.39391483E+0001    0.49146162E+0000         1
 36750   -0.39388105E+0001   -0.39388105E+0001    0.58462352E+0000         1
 36800   -0.39385844E+0001   -0.39385844E+0001    0.60981276E+0000         1
 36850   -0.39389459E+0001   -0.39389459E+0001    0.58985686E+0000         1
 36900   -0.39389509E+0001   -0.39389509E+0001    0.59643198E+0000         1
 36950   -0.39390333E+0001   -0.39390333E+0001    0.51078067E+0000         1
 37000   -0.39392066E+0001   -0.39392066E+0001    0.47658180E+0000         1
 37050   -0.39392348E+0001   -0.39392348E+0001    0.43485668E+0000         1
 37100   -0.39392438E+0001   -0.39392438E+0001    0.42861615E+0000         1
 37150   -0.39390129E+0001   -0.39390129E+0001    0.52155693E+0000         1
 37200   -0.39389145E+0001   -0.39389145E+0001    0.53170512E+0000         1
 37250   -0.39388461E+0001   -0.39388461E+0001    0.53392609E+0000         1
 37300   -0.39391275E+0001   -0.39391275E+0001    0.53494974E+0000         1
 37350   -0.39388124E+0001   -0.39388124E+0001    0.56778484E+0000         1
 37400   -0.39389958E+0001   -0.39389958E+0001    0.52196625E+0000         1
 37450   -0.39394295E+0001   -0.39394295E+0001    0.46605786E+0000         1
 37500   -0.39391880E+0001   -0.39391880E+0001    0.51105602E+0000         1
 37550   -0.39395547E+0001   -0.39395547E+0001    0.38023564E+0000         1
 37600   -0.39393379E+0001   -0.39393379E+0001    0.38134677E+0000         1
 37650   -0.39391207E+0001   -0.39391207E+0001    0.43748634E+0000         1
 37700   -0.39391189E+0001   -0.39391189E+0001    0.45057732E+0000         1
 37750   -0.39391650E+0001   -0.39391650E+0001    0.46103970E+0000         1
 37800   -0.39393363E+0001   -0.39393363E+0001    0.42569004E+0000         1
 37850   -0.39385499E+0001   -0.39385499E+0001    0.71584188E+0000         1
 37900   -0.39388087E+0001   -0.39388087E+0001    0.62021700E+0000         1
 37950   -0.39390323E+0001   -0.39390323E+0001    0.47175834E+0000         1
 38000   -0.39390344E+0001   -0.39390344E+0001    0.54663271E+0000         1
 38050   -0.39394177E+0001   -0.39394177E+0001    0.39154063E+0000         1
 38100   -0.39394561E+0001   -0.39394561E+0001    0.44349805E+0000         1
 38150   -0.39393222E+0001   -0.39393222E+0001    0.44843140E+0000         1
 38200   -0.39393435E+0001   -0.39393435E+0001    0.44761997E+0000         1
 38250   -0.39391116E+0001   -0.39391116E+0001    0.52809557E+0000         1
 38300   -0.39391700E+0001   -0.39391700E+0001    0.47930712E+0000         1
 38350   -0.39388111E+0001   -0.39388111E+0001    0.64574692E+0000         1
 38400   -0.39388699E+0001   -0.39388699E+0001    0.65709078E+0000         1
 38450   -0.39385747E+0001   -0.39385747E+0001    0.61257873E+0000         1
 38500   -0.39391012E+0001   -0.39391012E+0001    0.54436858E+0000         1
 38550   -0.39392705E+0001   -0.39392705E+0001    0.44324383E+0000         1
 38600   -0.39390159E+0001   -0.39390159E+0001    0.50083479E+0000         1
 38650   -0.39394408E+0001   -0.39394408E+0001    0.46719048E+0000         1
 38700   -0.39396190E+0001   -0.39396190E+0001    0.29845860E+0000         1
 38750   -0.39393898E+0001   -0.39393898E+0001    0.49782176E+0000         1
 38800   -0.39395716E+0001   -0.39395716E+0001    0.34011152E+0000         1
 38850   -0.39393432E+0001   -0.39393432E+0001    0.49261762E+0000         1
 38900   -0.39394047E+0001   -0.39394047E+0001    0.40988787E+0000         1
 38950   -0.39389463E+0001   -0.39389463E+0001    0.51299224E+0000         1
 39000   -0.39394189E+0001   -0.39394189E+0001    0.36050608E+0000         1
 39050   -0.39388913E+0001   -0.39388913E+0001    0.64946792E+0000         1
 39100   -0.39391956E+0001   -0.39391956E+0001    0.49895682E+0000         1
 39150   -0.39394155E+0001   -0.39394155E+0001    0.40189094E+0000         1
 39200   -0.39392310E+0001   -0.39392310E+0001    0.55609079E+0000         1
 39250   -0.39397128E+0001   -0.39397128E+0001    0.27165593E+0000         1
 39300   -0.39391450E+0001   -0.39391450E+0001    0.49980813E+0000         1
 39350   -0.39388979E+0001   -0.39388979E+0001    0.58207376E+0000         1
 39400   -0.39393103E+0001   -0.39393103E+0001    0.42334039E+0000         1
 39450   -0.39388034E+0001   -0.39388034E+0001    0.65339024E+0000         1
 39500   -0.39394521E+0001   -0.39394521E+0001    0.41782721E+0000         1
 39550   -0.39388685E+0001   -0.39388685E+0001    0.50456805E+0000         1
 39600   -0.39383791E+0001   -0.39383791E+0001    0.67280292E+0000         1
 39650   -0.39384656E+0001   -0.39384656E+0001    0.63914196E+0000         1
 39700   -0.39388143E+0001   -0.39388143E+0001    0.60635285E+0000         1
 39750   -0.39390858E+0001   -0.39390858E+0001    0.46226491E+0000         1
 39800   -0.39390662E+0001   -0.39390662E+0001    0.45507154E+0000         1
 39850   -0.39396274E+0001   -0.39396274E+0001    0.32693864E+0000         1
 39900   -0.39396619E+0001   -0.39396619E+0001    0.30231582E+0000         1
 39950   -0.39394451E+0001   -0.39394451E+0001    0.36381981E+0000         1
 40000   -0.39396183E+0001   -0.39396183E+0001    0.38881960E+0000         1
 40050   -0.39393718E+0001   -0.39393718E+0001    0.45465820E+0000         1
 40100   -0.39395616E+0001   -0.39395616E+0001    0.34818349E+0000         1
 40150   -0.39392472E+0001   -0.39392472E+0001    0.50487981E+0000         1
 40200   -0.39386816E+0001   -0.39386816E+0001    0.64019068E+0000         1
 40250   -0.39390157E+0001   -0.39390157E+0001    0.52453954E+0000         1
 40300   -0.39383685E+0001   -0.39383685E+0001    0.65291431E+0000         1
 40350   -0.39390009E+0001   -0.39390009E+0001    0.44940258E+0000         1
 40400   -0.39387452E+0001   -0.39387452E+0001    0.58941115E+0000         1
 40450   -0.39382434E+0001   -0.39382434E+0001    0.74415521E+0000         1
 40500   -0.39395265E+0001   -0.39395265E+0001    0.37494443E+0000         1
 40550   -0.39389090E+0001   -0.39389090E+0001    0.58391468E+0000         1
 40600   -0.39392694E+0001   -0.39392694E+0001    0.42363598E+0000         1
 40650   -0.39391479E+0001   -0.39391479E+0001    0.42080115E+0000         1
 40700   -0.39391691E+0001   -0.39391691E+0001    0.46111590E+0000         1
 40750   -0.39391575E+0001   -0.39391575E+0001    0.40201145E+0000         1
 40800   -0.39388854E+0001   -0.39388854E+0001    0.59160361E+0000         1
 40850   -0.39393310E+0001   -0.39393310E+0001    0.38924033E+0000         1
 40900   -0.39395881E+0001   -0.39395881E+0001    0.36779830E+0000         1
 40950   -0.39389893E+0001   -0.39389893E+0001    0.67084773E+0000         1
 41000   -0.39397597E+0001   -0.39397597E+0001    0.27641674E+0000         1
 41050   -0.39397337E+0001   -0.39397337E+0001    0.29523023E+0000         1
 41100   -0.39393497E+0001   -0.39393497E+0001    0.42619373E+0000         1
 41150   -0.39391522E+0001   -0.39391522E+0001    0.50060863E+0000         1
 41200   -0.39385995E+0001   -0.39385995E+0001    0.56696188E+0000         1
 41250   -0.39394276E+0001   -0.39394276E+0001    0.36430659E+0000         1
 41300   -0.39394348E+0001   -0.39394348E+0001    0.44285753E+0000         1
 41350   -0.39386607E+0001   -0.39386607E+0001    0.54434336E+0000         1
 41400   -0.39389033E+0001   -0.39389033E+0001    0.58640313E+0000         1
 41450   -0.39389060E+0001   -0.39389060E+0001    0.56856479E+0000         1
 41500   -0.39381660E+0001   -0.39381660E+0001    0.70199966E+0000         1
 41550   -0.39386996E+0001   -0.39386996E+0001    0.54829401E+0000         1
 41600   -0.39383045E+0001   -0.39383045E+0001    0.73356324E+0000         1
 41650   -0.39385483E+0001   -0.39385483E+0001    0.54415725E+0000         1
 41700   -0.39387340E+0001   -0.39387340E+0001    0.64528467E+0000         1
 41750   -0.39393340E+0001   -0.39393340E+0001    0.45103646E+0000         1
 41800   -0.39391277E+0001   -0.39391277E+0001    0.44025770E+0000         1
 41850   -0.39392495E+0001   -0.39392495E+0001    0.52465904E+0000         1
 41900   -0.39391297E+0001   -0.39391297E+0001    0.46534347E+0000         1
 41950   -0.39387480E+0001   -0.39387480E+0001    0.58472397E+0000         1
 42000   -0.39382011E+0001   -0.39382011E+0001    0.64154355E+0000         1
 42050   -0.39385596E+0001   -0.39385596E+0001    0.64012754E+0000         1
 42100   -0.39390912E+0001   -0.39390912E+0001    0.45308907E+0000         1
 42150   -0.39386810E+0001   -0.39386810E+0001    0.60243393E+0000         1
 42200   -0.39386204E+0001   -0.39386204E+0001    0.57512343E+0000         1
 42250   -0.39392596E+0001   -0.39392596E+0001    0.42474438E+0000         1
 42300   -0.39391621E+0001   -0.39391621E+0001    0.52615692E+0000         1
 42350   -0.39387192E+0001   -0.39387192E+0001    0.57711433E+0000         1
 42400   -0.39388637E+0001   -0.39388637E+0001    0.64637388E+0000         1
 42450   -0.39386631E+0001   -0.39386631E+0001    0.76060414E+0000         1
 42500   -0.39392564E+0001   -0.39392564E+0001    0.49592907E+0000         1
 42550   -0.39384869E+0001   -0.39384869E+0001    0.70472497E+0000         1
 42600   -0.39392316E+0001   -0.39392316E+0001    0.47670637E+0000         1
 42650   -0.39393324E+0001   -0.39393324E+0001    0.40967472E+0000         1
 42700   -0.39389868E+0001   -0.39389868E+0001    0.58992089E+0000         1
 42750   -0.39389383E+0001   -0.39389383E+0001    0.66180589E+0000         1
 42800   -0.39391018E+0001   -0.39391018E+0001    0.46464392E+0000         1
 42850   -0.39388386E+0001   -0.39388386E+0001    0.58608321E+0000         1
 42900   -0.39386077E+0001   -0.39386077E+0001    0.64092275E+0000         1
 42950   -0.39387327E+0001   -0.39387327E+0001    0.64514082E+0000         1
 43000   -0.39386171E+0001   -0.39386171E+0001    0.65633224E+0000         1
 43050   -0.39393171E+0001   -0.39393171E+0001    0.46246461E+0000         1
 43100   -0.39390945E+0001   -0.39390945E+0001    0.49120944E+0000         1
 43150   -0.39391729E+0001   -0.39391729E+0001    0.48562995E+0000         1
 43200   -0.39389746E+0001   -0.39389746E+0001    0.53086282E+0000         1
 43250   -0.39387427E+0001   -0.39387427E+0001    0.52169766E+0000         1
 43300   -0.39387950E+0001   -0.39387950E+0001    0.53344710E+0000         1
 43350   -0.39389331E+0001   -0.39389331E+0001    0.58377397E+0000         1
 43400   -0.39387358E+0001   -0.39387358E+0001    0.54477013E+0000         1
 43450   -0.39389611E+0001   -0.39389611E+0001    0.60249459E+0000         1
 43500   -0.39392784E+0001   -0.39392784E+0001    0.40050741E+0000         1
 43550   -0.39389735E+0001   -0.39389735E+0001    0.48174308E+0000         1
 43600   -0.39389218E+0001   -0.39389218E+0001    0.62664169E+0000         1
 43650   -0.39394227E+0001   -0.39394227E+0001    0.36545309E+0000         1
 43700   -0.39393571E+0001   -0.39393571E+0001    0.44342941E+0000         1
 43750   -0.39393197E+0001   -0.39393197E+0001    0.39440983E+0000         1
 43800   -0.39393890E+0001   -0.39393890E+0001    0.36065341E+0000         1
 43850   -0.39394068E+0001   -0.39394068E+0001    0.38294207E+0000         1
 43900   -0.39387750E+0001   -0.39387750E+0001    0.70537308E+0000         1
 43950   -0.39387905E+0001   -0.39387905E+0001    0.63793067E+0000         1
 44000   -0.39388086E+0001   -0.39388086E+0001    0.56793600E+0000         1
 44050   -0.39385040E+0001   -0.39385040E+0001    0.59571580E+0000         1
 44100   -0.39391292E+0001   -0.39391292E+0001    0.43438925E+0000         1
 44150   -0.39390578E+0001   -0.39390578E+0001    0.48186597E+0000         1
 44200   -0.39392858E+0001   -0.39392858E+0001    0.38293939E+0000         1
 44250   -0.39388779E+0001   -0.39388779E+0001    0.47619912E+0000         1
 44300   -0.39387837E+0001   -0.39387837E+0001    0.53673767E+0000         1
 44350   -0.39388660E+0001   -0.39388660E+0001    0.48877131E+0000         1
 44400   -0.39392343E+0001   -0.39392343E+0001    0.40884617E+0000         1
 44450   -0.39391977E+0001   -0.39391977E+0001    0.41188848E+0000         1
 44500   -0.39389113E+0001   -0.39389113E+0001    0.55563526E+0000         1
 44550   -0.39388961E+0001   -0.39388961E+0001    0.52924788E+0000         1
 44600   -0.39389543E+0001   -0.39389543E+0001    0.47363355E+0000         1
 44650   -0.39389897E+0001   -0.39389897E+0001    0.51038718E+0000         1
 44700   -0.39391151E+0001   -0.39391151E+0001    0.56678748E+0000         1
 44750   -0.39394659E+0001   -0.39394659E+0001    0.48137973E+0000         1
 44800   -0.39393359E+0001   -0.39393359E+0001    0.45765469E+0000         1
 44850   -0.39390841E+0001   -0.39390841E+0001    0.60266055E+0000         1
 44900   -0.39397250E+0001   -0.39397250E+0001    0.29641867E+0000         1
 44950   -0.39393344E+0001   -0.39393344E+0001    0.50524396E+0000         1
 45000   -0.39390046E+0001   -0.39390046E+0001    0.58034104E+0000         1
 45050   -0.39389711E+0001   -0.39389711E+0001    0.50743860E+0000         1
 45100   -0.39384586E+0001   -0.39384586E+0001    0.71922764E+0000         1
 45150   -0.39387705E+0001   -0.39387705E+0001    0.57521767E+0000         1
 45200   -0.39386818E+0001   -0.39386818E+0001    0.51361165E+0000         1
 45250   -0.39389905E+0001   -0.39389905E+0001    0.47034594E+0000         1
 45300   -0.39388700E+0001   -0.39388700E+0001    0.53576836E+0000         1
 45350   -0.39383519E+0001   -0.39383519E+0001    0.67801375E+0000         1
 45400   -0.39387333E+0001   -0.39387333E+0001    0.53491374E+0000         1
 45450   -0.39390770E+0001   -0.39390770E+0001    0.52689961E+0000         1
 45500   -0.39392153E+0001   -0.39392153E+0001    0.46184495E+0000         1
 45550   -0.39390429E+0001   -0.39390429E+0001    0.44767146E+0000         1
 45600   -0.39392831E+0001   -0.39392831E+0001    0.51297819E+0000         1
 45650   -0.39394050E+0001   -0.39394050E+0001    0.39014992E+0000         1
 45700   -0.39388394E+0001   -0.39388394E+0001    0.55002421E+0000         1
 45750   -0.39388993E+0001   -0.39388993E+0001    0.44079365E+0000         1
 45800   -0.39391415E+0001   -0.39391415E+0001    0.41537667E+0000         1
 45850   -0.39392069E+0001   -0.39392069E+0001    0.37818002E+0000         1
 45900   -0.39393652E+0001   -0.39393652E+0001    0.35097823E+0000         1
 45950   -0.39392701E+0001   -0.39392701E+0001    0.38028379E+0000         1
 46000   -0.39392802E+0001   -0.39392802E+0001    0.40332808E+0000         1
 46050   -0.39392663E+0001   -0.39392663E+0001    0.45675802E+0000         1
 46100   -0.39389926E+0001   -0.39389926E+0001    0.63741039E+0000         1
 46150   -0.39394743E+0001   -0.39394743E+0001    0.40141506E+0000         1
 46200   -0.39394251E+0001   -0.39394251E+0001    0.49616383E+0000         1
 46250   -0.39392774E+0001   -0.39392774E+0001    0.43547386E+0000         1
 46300   -0.39391401E+0001   -0.39391401E+0001    0.45398111E+0000         1
 46350   -0.39393508E+0001   -0.39393508E+0001    0.41337009E+0000         1
 46400   -0.39390303E+0001   -0.39390303E+0001    0.48890511E+0000         1
 46450   -0.39387128E+0001   -0.39387128E+0001    0.53017153E+0000         1
 46500   -0.39385000E+0001   -0.39385000E+0001    0.56705109E+0000         1
 46550   -0.39380676E+0001   -0.39380676E+0001    0.61288506E+0000         1
 46600   -0.39380344E+0001   -0.39380344E+0001    0.73927720E+0000         1
 46650   -0.39382397E+0001   -0.39382397E+0001    0.73862839E+0000         1
 46700   -0.39381979E+0001   -0.39381979E+0001    0.65555298E+0000         1
 46750   -0.39388851E+0001   -0.39388851E+0001    0.51877881E+0000         1
 46800   -0.39386432E+0001   -0.39386432E+0001    0.61706089E+0000         1
 46850   -0.39386900E+0001   -0.39386900E+0001    0.53499482E+0000         1
 46900   -0.39382875E+0001   -0.39382875E+0001    0.63896160E+0000         1
 46950   -0.39386365E+0001   -0.39386365E+0001    0.58635115E+0000         1
 47000   -0.39393888E+0001   -0.39393888E+0001    0.44969110E+0000         1
 47050   -0.39391879E+0001   -0.39391879E+0001    0.52499695E+0000         1
 47100   -0.39393203E+0001   -0.39393203E+0001    0.45752751E+0000         1
 47150   -0.39394186E+0001   -0.39394186E+0001    0.47851295E+0000         1
 47200   -0.39393053E+0001   -0.39393053E+0001    0.48900893E+0000         1
 47250   -0.39391545E+0001   -0.39391545E+0001    0.51482543E+0000         1
 47300   -0.39390475E+0001   -0.39390475E+0001    0.50544136E+0000         1
 47350   -0.39388438E+0001   -0.39388438E+0001    0.61127449E+0000         1
 47400   -0.39391786E+0001   -0.39391786E+0001    0.57479610E+0000         1
 47450   -0.39396002E+0001   -0.39396002E+0001    0.39619162E+0000         1
 47500   -0.39391966E+0001   -0.39391966E+0001    0.46003144E+0000         1
 47550   -0.39393943E+0001   -0.39393943E+0001    0.35941796E+0000         1
 47600   -0.39391615E+0001   -0.39391615E+0001    0.52857452E+0000         1
 47650   -0.39390508E+0001   -0.39390508E+0001    0.59693028E+0000         1
 47700   -0.39386582E+0001   -0.39386582E+0001    0.66931240E+0000         1
 47750   -0.39394684E+0001   -0.39394684E+0001    0.33748105E+0000         1
 47800   -0.39388228E+0001   -0.39388228E+0001    0.58683167E+0000         1
 47850   -0.39392822E+0001   -0.39392822E+0001    0.44393683E+0000         1
 47900   -0.39393902E+0001   -0.39393902E+0001    0.43934107E+0000         1
 47950   -0.39389341E+0001   -0.39389341E+0001    0.55890040E+0000         1
 48000   -0.39391379E+0001   -0.39391379E+0001    0.50921540E+0000         1
