     1   -0.39239929E+0001   -0.39243755E+0001    0.15150861E+0001     11997
    50   -0.39234307E+0001   -0.39279804E+0001    0.13206253E+0001     12193
   100   -0.39249616E+0001   -0.39314795E+0001    0.11523859E+0001     12453
   150   -0.39282812E+0001   -0.39330324E+0001    0.10246415E+0001     12872
   200   -0.39305462E+0001   -0.39343409E+0001    0.92092990E+0000     13250
   250   -0.39321556E+0001   -0.39356534E+0001    0.85076037E+0000     13798
   300   -0.39333902E+0001   -0.39365940E+0001    0.79545006E+0000     13988
   350   -0.39342934E+0001   -0.39371568E+0001    0.72409268E+0000     14340
   400   -0.39352746E+0001   -0.39381721E+0001    0.63401028E+0000     14564
     1   -0.39239924E+0001   -0.39243726E+0001    0.15150861E+0001     12003
    50   -0.39230690E+0001   -0.39281547E+0001    0.13340521E+0001     12223
   100   -0.39242669E+0001   -0.39316288E+0001    0.11426047E+0001     12356
   150   -0.39278645E+0001   -0.39333942E+0001    0.10355792E+0001     12757
   200   -0.39311081E+0001   -0.39349715E+0001    0.87725136E+0000     13314
   250   -0.39327792E+0001   -0.39361265E+0001    0.76531503E+0000     13973
   300   -0.39342184E+0001   -0.39371078E+0001    0.71003680E+0000     14531
   350   -0.39352171E+0001   -0.39374925E+0001    0.65980789E+0000     14727
   400   -0.39359163E+0001   -0.39380206E+0001    0.59715474E+0000     15037
     1   -0.39239857E+0001   -0.39244032E+0001    0.15150861E+0001     11999
    50   -0.39227870E+0001   -0.39270836E+0001    0.13844790E+0001     11875
   100   -0.39234697E+0001   -0.39289119E+0001    0.12957641E+0001     12057
   150   -0.39252216E+0001   -0.39297065E+0001    0.11879438E+0001     12243
   200   -0.39270905E+0001   -0.39317484E+0001    0.11294670E+0001     12759
   250   -0.39283812E+0001   -0.39326055E+0001    0.99831246E+0000     13049
   300   -0.39299418E+0001   -0.39341360E+0001    0.92905038E+0000     13426
   350   -0.39316562E+0001   -0.39352131E+0001    0.83719431E+0000     13841
   400   -0.39330108E+0001   -0.39365390E+0001    0.80442675E+0000     14048
     1   -0.39239769E+0001   -0.39244054E+0001    0.15150861E+0001     12005
    50   -0.39225260E+0001   -0.39270519E+0001    0.13761816E+0001     12096
   100   -0.39228564E+0001   -0.39282931E+0001    0.13271399E+0001     12368
   150   -0.39240831E+0001   -0.39289698E+0001    0.12613599E+0001     12787
   200   -0.39256250E+0001   -0.39299122E+0001    0.12349878E+0001     12940
   250   -0.39269582E+0001   -0.39310987E+0001    0.11774936E+0001     13589
   300   -0.39279452E+0001   -0.39323853E+0001    0.10731249E+0001     14018
   350   -0.39294523E+0001   -0.39329163E+0001    0.98807036E+0000     14287
   400   -0.39303721E+0001   -0.39343690E+0001    0.90233358E+0000     14600
     1   -0.39239755E+0001   -0.39243816E+0001    0.15150861E+0001     12002
    50   -0.39222416E+0001   -0.39269651E+0001    0.14158914E+0001     11893
   100   -0.39223215E+0001   -0.39277995E+0001    0.13709094E+0001     12042
   150   -0.39238020E+0001   -0.39298605E+0001    0.12671499E+0001     12812
   200   -0.39258029E+0001   -0.39316308E+0001    0.11771154E+0001     13282
   250   -0.39274853E+0001   -0.39329698E+0001    0.10769202E+0001     13779
   300   -0.39289002E+0001   -0.39345461E+0001    0.91714593E+0000     14341
   350   -0.39317711E+0001   -0.39355255E+0001    0.85450174E+0000     14596
   400   -0.39338427E+0001   -0.39365507E+0001    0.79639314E+0000     15351
     1   -0.39239736E+0001   -0.39244012E+0001    0.15150861E+0001     12003
    50   -0.39220338E+0001   -0.39266749E+0001    0.13946097E+0001     12057
   100   -0.39221376E+0001   -0.39282319E+0001    0.13447449E+0001     12233
   150   -0.39232528E+0001   -0.39298998E+0001    0.11682884E+0001     12526
   200   -0.39256571E+0001   -0.39307860E+0001    0.11165850E+0001     13245
   250   -0.39277729E+0001   -0.39326119E+0001    0.10777581E+0001     13792
   300   -0.39287984E+0001   -0.39327759E+0001    0.10432067E+0001     14018
   350   -0.39293978E+0001   -0.39331794E+0001    0.10317774E+0001     14541
   400   -0.39301860E+0001   -0.39341773E+0001    0.94221278E+0000     15165
     1   -0.39239700E+0001   -0.39244084E+0001    0.15150861E+0001     11997
    50   -0.39217976E+0001   -0.39265958E+0001    0.14091696E+0001     12081
   100   -0.39213668E+0001   -0.39265721E+0001    0.13923733E+0001     12591
   150   -0.39218910E+0001   -0.39275661E+0001    0.13555770E+0001     12771
   200   -0.39232409E+0001   -0.39289261E+0001    0.12999814E+0001     13425
   250   -0.39243625E+0001   -0.39292252E+0001    0.12651022E+0001     13909
   300   -0.39253111E+0001   -0.39296437E+0001    0.12149835E+0001     14429
   350   -0.39258604E+0001   -0.39305888E+0001    0.11955652E+0001     14817
   400   -0.39268900E+0001   -0.39314831E+0001    0.11465981E+0001     15233
     1   -0.39239633E+0001   -0.39243795E+0001    0.15150861E+0001     12005
    50   -0.39216694E+0001   -0.39262627E+0001    0.14156961E+0001     12164
   100   -0.39211860E+0001   -0.39276678E+0001    0.13259032E+0001     12367
   150   -0.39226090E+0001   -0.39281036E+0001    0.12834201E+0001     12713
   200   -0.39240837E+0001   -0.39290547E+0001    0.12558096E+0001     13142
   250   -0.39244531E+0001   -0.39291688E+0001    0.12592053E+0001     13531
   300   -0.39247696E+0001   -0.39290234E+0001    0.12458246E+0001     14004
   350   -0.39251618E+0001   -0.39302446E+0001    0.12228868E+0001     14563
   400   -0.39256107E+0001   -0.39305937E+0001    0.11690633E+0001     15032
     1   -0.39239646E+0001   -0.39244149E+0001    0.15150861E+0001     12003
    50   -0.39214828E+0001   -0.39266620E+0001    0.13996304E+0001     12102
   100   -0.39208671E+0001   -0.39269820E+0001    0.14004528E+0001     12351
   150   -0.39212682E+0001   -0.39267249E+0001    0.13947943E+0001     12943
   200   -0.39215447E+0001   -0.39262519E+0001    0.14166565E+0001     13347
   250   -0.39215679E+0001   -0.39277475E+0001    0.13989062E+0001     13759
   300   -0.39216526E+0001   -0.39267146E+0001    0.13437426E+0001     14382
   350   -0.39218002E+0001   -0.39268584E+0001    0.13533651E+0001     14742
   400   -0.39219717E+0001   -0.39263354E+0001    0.13764809E+0001     15143
   450   -0.39216776E+0001   -0.39271265E+0001    0.13016535E+0001     15680
   500   -0.39222166E+0001   -0.39287319E+0001    0.12526848E+0001     16139
   550   -0.39225095E+0001   -0.39280097E+0001    0.12604659E+0001     16769
   600   -0.39227743E+0001   -0.39291708E+0001    0.12142967E+0001     17409
   650   -0.39235802E+0001   -0.39293014E+0001    0.11594073E+0001     17748
     1   -0.39239581E+0001   -0.39243896E+0001    0.15150861E+0001     12000
    50   -0.39213434E+0001   -0.39264257E+0001    0.14010520E+0001     12092
   100   -0.39208726E+0001   -0.39269644E+0001    0.13970202E+0001     12428
   150   -0.39220368E+0001   -0.39277330E+0001    0.13988460E+0001     12869
   200   -0.39221194E+0001   -0.39291238E+0001    0.13791415E+0001     12945
   250   -0.39222725E+0001   -0.39289190E+0001    0.13126775E+0001     13392
   300   -0.39236010E+0001   -0.39286673E+0001    0.13112535E+0001     14028
   350   -0.39244313E+0001   -0.39289744E+0001    0.12706462E+0001     14673
   400   -0.39250240E+0001   -0.39300174E+0001    0.12290302E+0001     15069
     1   -0.39239562E+0001   -0.39244173E+0001    0.15150861E+0001     12004
    50   -0.39211490E+0001   -0.39264614E+0001    0.14195815E+0001     11966
   100   -0.39201503E+0001   -0.39260319E+0001    0.14395223E+0001     11955
   150   -0.39203994E+0001   -0.39265511E+0001    0.14327157E+0001     12647
   200   -0.39204956E+0001   -0.39283246E+0001    0.13343502E+0001     12943
   250   -0.39223780E+0001   -0.39300998E+0001    0.12567850E+0001     13432
   300   -0.39247655E+0001   -0.39304077E+0001    0.12337821E+0001     13960
   350   -0.39257109E+0001   -0.39302632E+0001    0.12056255E+0001     14282
   400   -0.39261778E+0001   -0.39306946E+0001    0.11822825E+0001     14751
     1   -0.39239570E+0001   -0.39244138E+0001    0.15150861E+0001     11990
    50   -0.39210178E+0001   -0.39260853E+0001    0.14158658E+0001     12122
   100   -0.39198223E+0001   -0.39265298E+0001    0.14618082E+0001     12373
   150   -0.39199900E+0001   -0.39259471E+0001    0.14666294E+0001     12810
   200   -0.39198255E+0001   -0.39259525E+0001    0.14598094E+0001     13396
   250   -0.39199221E+0001   -0.39269606E+0001    0.13837019E+0001     14097
   300   -0.39216450E+0001   -0.39276914E+0001    0.13029805E+0001     14604
   350   -0.39231099E+0001   -0.39280550E+0001    0.12816263E+0001     15290
   400   -0.39233366E+0001   -0.39290422E+0001    0.11692066E+0001     15881
   450   -0.39238756E+0001   -0.39296051E+0001    0.11735777E+0001     16229
     1   -0.39239531E+0001   -0.39244231E+0001    0.15150861E+0001     12000
    50   -0.39209422E+0001   -0.39260439E+0001    0.14160982E+0001     12182
   100   -0.39194748E+0001   -0.39260676E+0001    0.14751094E+0001     12336
   150   -0.39192361E+0001   -0.39260307E+0001    0.15089241E+0001     12648
   200   -0.39189574E+0001   -0.39252828E+0001    0.14620965E+0001     13038
   250   -0.39189689E+0001   -0.39250096E+0001    0.14399781E+0001     13563
   300   -0.39196935E+0001   -0.39254453E+0001    0.14117483E+0001     13899
   350   -0.39191281E+0001   -0.39251367E+0001    0.14260907E+0001     14422
   400   -0.39192505E+0001   -0.39258680E+0001    0.13949525E+0001     14797
   450   -0.39190449E+0001   -0.39265614E+0001    0.14136106E+0001     15525
   500   -0.39193960E+0001   -0.39276083E+0001    0.13776755E+0001     15899
   550   -0.39220521E+0001   -0.39290485E+0001    0.12772465E+0001     16567
   600   -0.39236293E+0001   -0.39301265E+0001    0.12601245E+0001     17240
     1   -0.39239486E+0001   -0.39244551E+0001    0.15150861E+0001     12000
    50   -0.39207823E+0001   -0.39259537E+0001    0.14447681E+0001     12094
   100   -0.39192052E+0001   -0.39257657E+0001    0.14258084E+0001     12251
   150   -0.39189945E+0001   -0.39265677E+0001    0.13939151E+0001     12672
   200   -0.39202771E+0001   -0.39265194E+0001    0.13821796E+0001     13420
   250   -0.39213902E+0001   -0.39271404E+0001    0.14075754E+0001     14007
   300   -0.39210182E+0001   -0.39266455E+0001    0.14327400E+0001     14379
   350   -0.39206813E+0001   -0.39271124E+0001    0.14291046E+0001     14576
   400   -0.39206703E+0001   -0.39264977E+0001    0.14223265E+0001     15331
   450   -0.39199324E+0001   -0.39257344E+0001    0.14098385E+0001     15555
   500   -0.39197471E+0001   -0.39253503E+0001    0.13999577E+0001     16199
   550   -0.39195646E+0001   -0.39261062E+0001    0.13881262E+0001     16798
   600   -0.39196549E+0001   -0.39271120E+0001    0.14147216E+0001     17258
   650   -0.39192928E+0001   -0.39252026E+0001    0.14339556E+0001     18120
   700   -0.39190770E+0001   -0.39265860E+0001    0.13590367E+0001     18615
   750   -0.39187960E+0001   -0.39245140E+0001    0.13823456E+0001     19234
   800   -0.39181217E+0001   -0.39239856E+0001    0.13980201E+0001     19921
   850   -0.39176149E+0001   -0.39250235E+0001    0.13135906E+0001     20700
   900   -0.39176579E+0001   -0.39247379E+0001    0.13365791E+0001     21594
   950   -0.39177519E+0001   -0.39239949E+0001    0.13660102E+0001     22047
  1000   -0.39175343E+0001   -0.39244551E+0001    0.13847832E+0001     22477
  1050   -0.39167837E+0001   -0.39237183E+0001    0.13620407E+0001     23244
  1100   -0.39159616E+0001   -0.39236151E+0001    0.13792349E+0001     23719
  1150   -0.39157041E+0001   -0.39246291E+0001    0.13626603E+0001     24272
  1200   -0.39149350E+0001   -0.39232533E+0001    0.14019692E+0001     25011
  1250   -0.39127066E+0001   -0.39231371E+0001    0.14204114E+0001     25830
  1300   -0.39107497E+0001   -0.39217684E+0001    0.14455217E+0001     26640
  1350   -0.39089289E+0001   -0.39201830E+0001    0.13997821E+0001     27513
  1400   -0.39068818E+0001   -0.39198785E+0001    0.14514359E+0001     28659
  1450   -0.39056244E+0001   -0.39151441E+0001    0.14507073E+0001     29842
  1500   -0.39036581E+0001   -0.39128474E+0001    0.14457372E+0001     30499
  1550   -0.39013325E+0001   -0.39097696E+0001    0.14705751E+0001     31035
  1600   -0.38993959E+0001   -0.39082918E+0001    0.14413278E+0001     31821
  1601   -0.38995661E+0001   -0.38995661E+0001    0.15475391E+0001     12000
  1650   -0.39030656E+0001   -0.39075919E+0001    0.14556187E+0001     12105
  1700   -0.39001019E+0001   -0.39059837E+0001    0.14976936E+0001     12390
  1750   -0.38973991E+0001   -0.39047067E+0001    0.15151204E+0001     12713
  1800   -0.38952330E+0001   -0.39037923E+0001    0.15349572E+0001     12983
  1850   -0.38932588E+0001   -0.39028462E+0001    0.15253881E+0001     13154
  1900   -0.38911708E+0001   -0.39007580E+0001    0.15619500E+0001     13563
  1950   -0.38892379E+0001   -0.38998143E+0001    0.15608870E+0001     13922
  2000   -0.38873761E+0001   -0.38988936E+0001    0.15650202E+0001     13987
  2050   -0.38853250E+0001   -0.38948847E+0001    0.16105615E+0001     14241
  2100   -0.38827737E+0001   -0.38932664E+0001    0.16347377E+0001     14485
  2150   -0.38798981E+0001   -0.38902045E+0001    0.16366558E+0001     14721
  2200   -0.38770646E+0001   -0.38873059E+0001    0.16604091E+0001     15253
  2250   -0.38743998E+0001   -0.38857767E+0001    0.16677797E+0001     15552
  2300   -0.38714506E+0001   -0.38827400E+0001    0.16790288E+0001     15936
  2350   -0.38680090E+0001   -0.38797179E+0001    0.16540345E+0001     16112
  2400   -0.38642156E+0001   -0.38776256E+0001    0.16705863E+0001     16781
  2450   -0.38607032E+0001   -0.38737763E+0001    0.16631378E+0001     17230
  2500   -0.38575206E+0001   -0.38695777E+0001    0.16588204E+0001     17414
  2550   -0.38546136E+0001   -0.38677275E+0001    0.16518560E+0001     17798
  2600   -0.38513135E+0001   -0.38661704E+0001    0.16502244E+0001     17994
  2650   -0.38472964E+0001   -0.38600348E+0001    0.16236686E+0001     18525
  2700   -0.38427875E+0001   -0.38543759E+0001    0.16216022E+0001     18952
  2750   -0.38371900E+0001   -0.38525443E+0001    0.16066787E+0001     19703
  2800   -0.38311554E+0001   -0.38491150E+0001    0.15885406E+0001     20457
  2850   -0.38254201E+0001   -0.38450170E+0001    0.15872761E+0001     21223
  2900   -0.38202487E+0001   -0.38401311E+0001    0.15542106E+0001     21650
  2950   -0.38159780E+0001   -0.38383655E+0001    0.15252186E+0001     22090
  3000   -0.38119030E+0001   -0.38330344E+0001    0.15136089E+0001     22879
  3050   -0.38076720E+0001   -0.38249579E+0001    0.14943035E+0001     23251
  3100   -0.38033837E+0001   -0.38181429E+0001    0.14721540E+0001     23644
  3150   -0.37987114E+0001   -0.38146354E+0001    0.14258906E+0001     24220
  3200   -0.37944013E+0001   -0.38116203E+0001    0.14329469E+0001     24749
  3201   -0.37945455E+0001   -0.37945455E+0001    0.14091819E+0001     12000
  3250   -0.37974774E+0001   -0.38027684E+0001    0.14220032E+0001     12023
  3300   -0.37943196E+0001   -0.38008672E+0001    0.14143797E+0001     12026
  3350   -0.37910629E+0001   -0.37988560E+0001    0.14105132E+0001     12214
  3400   -0.37877273E+0001   -0.37963500E+0001    0.13812211E+0001     12491
  3450   -0.37843855E+0001   -0.37929374E+0001    0.13422155E+0001     12552
  3500   -0.37810046E+0001   -0.37908520E+0001    0.13464283E+0001     12898
  3550   -0.37777075E+0001   -0.37880829E+0001    0.13309575E+0001     13357
  3600   -0.37745172E+0001   -0.37844569E+0001    0.12989210E+0001     13584
  3650   -0.37715029E+0001   -0.37815474E+0001    0.12811786E+0001     13765
  3700   -0.37685229E+0001   -0.37780312E+0001    0.12688846E+0001     13951
  3750   -0.37656132E+0001   -0.37753383E+0001    0.12469080E+0001     14237
  3800   -0.37625867E+0001   -0.37713458E+0001    0.11803146E+0001     14613
  3850   -0.37594672E+0001   -0.37693477E+0001    0.11890348E+0001     14772
  3900   -0.37558616E+0001   -0.37670086E+0001    0.11651575E+0001     15245
  3950   -0.37520554E+0001   -0.37672116E+0001    0.11563099E+0001     15665
  4000   -0.37487028E+0001   -0.37622480E+0001    0.11212796E+0001     16087
  4050   -0.37458242E+0001   -0.37607547E+0001    0.11007747E+0001     16538
  4100   -0.37430942E+0001   -0.37570669E+0001    0.10937655E+0001     16869
  4150   -0.37406325E+0001   -0.37536338E+0001    0.10706850E+0001     17095
  4200   -0.37385315E+0001   -0.37490430E+0001    0.10224511E+0001     17604
  4250   -0.37364471E+0001   -0.37501900E+0001    0.10107169E+0001     18273
  4300   -0.37343967E+0001   -0.37479671E+0001    0.10149001E+0001     18644
  4350   -0.37323732E+0001   -0.37446018E+0001    0.98821105E+0000     18983
  4400   -0.37305042E+0001   -0.37430483E+0001    0.95890399E+0000     19305
  4450   -0.37288509E+0001   -0.37418516E+0001    0.93007070E+0000     19550
  4500   -0.37271540E+0001   -0.37396253E+0001    0.92403682E+0000     19932
  4550   -0.37255564E+0001   -0.37338422E+0001    0.88905972E+0000     20011
  4600   -0.37242289E+0001   -0.37313183E+0001    0.89943588E+0000     20614
  4650   -0.37230370E+0001   -0.37304700E+0001    0.88650743E+0000     21339
  4700   -0.37217226E+0001   -0.37285355E+0001    0.86103685E+0000     21958
  4750   -0.37202388E+0001   -0.37275000E+0001    0.83277529E+0000     22538
  4800   -0.37187170E+0001   -0.37263366E+0001    0.84630655E+0000     22885
  4801   -0.37187632E+0001   -0.37187632E+0001    0.79739686E+0000     12000
  4850   -0.37197410E+0001   -0.37226414E+0001    0.80628417E+0000     12047
  4900   -0.37187875E+0001   -0.37220099E+0001    0.81133175E+0000     12065
  4950   -0.37177824E+0001   -0.37216656E+0001    0.81492475E+0000     12239
  5000   -0.37167699E+0001   -0.37205708E+0001    0.79972685E+0000     12482
  5050   -0.37157301E+0001   -0.37203481E+0001    0.79292256E+0000     12760
  5100   -0.37146322E+0001   -0.37194925E+0001    0.78111579E+0000     12994
  5150   -0.37135563E+0001   -0.37185969E+0001    0.74038473E+0000     13261
  5200   -0.37125897E+0001   -0.37174748E+0001    0.76674184E+0000     13154
  5250   -0.37116813E+0001   -0.37169302E+0001    0.75031357E+0000     13413
  5300   -0.37105980E+0001   -0.37160669E+0001    0.74499324E+0000     13696
  5350   -0.37094683E+0001   -0.37167449E+0001    0.70140210E+0000     13988
  5400   -0.37084964E+0001   -0.37146590E+0001    0.69985498E+0000     14397
  5450   -0.37076201E+0001   -0.37135075E+0001    0.70474873E+0000     14576
  5500   -0.37067729E+0001   -0.37126255E+0001    0.66985225E+0000     14805
  5550   -0.37058954E+0001   -0.37123184E+0001    0.64956333E+0000     14892
  5600   -0.37049891E+0001   -0.37114959E+0001    0.64558660E+0000     14954
  5650   -0.37041348E+0001   -0.37095558E+0001    0.61247016E+0000     15174
  5700   -0.37033034E+0001   -0.37097763E+0001    0.60758413E+0000     15196
  5750   -0.37024977E+0001   -0.37085719E+0001    0.62797959E+0000     15569
  5800   -0.37016783E+0001   -0.37083060E+0001    0.60832135E+0000     16198
  5850   -0.37010382E+0001   -0.37077032E+0001    0.59348066E+0000     16734
  5900   -0.37005459E+0001   -0.37050947E+0001    0.59977953E+0000     17026
  5950   -0.37000600E+0001   -0.37037228E+0001    0.58374117E+0000     17506
  6000   -0.36995330E+0001   -0.37042141E+0001    0.56732400E+0000     17948
  6050   -0.36990529E+0001   -0.37026231E+0001    0.56596661E+0000     18380
  6100   -0.36985362E+0001   -0.37019364E+0001    0.53291615E+0000     18894
  6150   -0.36979559E+0001   -0.37015881E+0001    0.53337273E+0000     19597
  6200   -0.36972881E+0001   -0.37011940E+0001    0.54625106E+0000     20186
  6250   -0.36966188E+0001   -0.37009699E+0001    0.51902485E+0000     20468
  6300   -0.36960774E+0001   -0.37009392E+0001    0.52487717E+0000     20955
  6350   -0.36956437E+0001   -0.37008052E+0001    0.50210204E+0000     21154
  6400   -0.36953255E+0001   -0.37002302E+0001    0.44558210E+0000     21721
  6401   -0.36953382E+0001   -0.36953382E+0001    0.43221865E+0000     12000
  6450   -0.36956295E+0001   -0.36969995E+0001    0.44243172E+0000     11936
  6500   -0.36953768E+0001   -0.36969854E+0001    0.46824482E+0000     12007
  6550   -0.36951312E+0001   -0.36966872E+0001    0.47453562E+0000     12201
  6600   -0.36948558E+0001   -0.36968349E+0001    0.48361064E+0000     12064
  6650   -0.36946127E+0001   -0.36965698E+0001    0.47204008E+0000     12084
  6700   -0.36943202E+0001   -0.36967629E+0001    0.50245697E+0000     12295
  6750   -0.36940306E+0001   -0.36966281E+0001    0.49931054E+0000     12778
  6800   -0.36938400E+0001   -0.36965152E+0001    0.48982025E+0000     12952
  6850   -0.36936439E+0001   -0.36959133E+0001    0.45605190E+0000     13274
  6900   -0.36933894E+0001   -0.36960033E+0001    0.46724763E+0000     13644
  6950   -0.36931336E+0001   -0.36954104E+0001    0.48064300E+0000     13974
  7000   -0.36929051E+0001   -0.36950517E+0001    0.47898306E+0000     14016
  7050   -0.36927423E+0001   -0.36953292E+0001    0.46749520E+0000     14477
  7100   -0.36926142E+0001   -0.36948623E+0001    0.43187073E+0000     14917
  7150   -0.36924930E+0001   -0.36946805E+0001    0.47383559E+0000     15326
  7200   -0.36922431E+0001   -0.36946841E+0001    0.40771184E+0000     15696
  7250   -0.36919151E+0001   -0.36944924E+0001    0.44674339E+0000     16197
  7300   -0.36916148E+0001   -0.36939705E+0001    0.45170028E+0000     16370
  7350   -0.36913798E+0001   -0.36938108E+0001    0.42337501E+0000     16713
  7400   -0.36911834E+0001   -0.36934481E+0001    0.43042060E+0000     16898
  7450   -0.36909017E+0001   -0.36928830E+0001    0.44161918E+0000     17147
  7500   -0.36906036E+0001   -0.36929995E+0001    0.39551469E+0000     17553
  7550   -0.36903790E+0001   -0.36934056E+0001    0.39602361E+0000     18321
  7600   -0.36902259E+0001   -0.36929528E+0001    0.39651040E+0000     18558
  7650   -0.36901068E+0001   -0.36927860E+0001    0.37382033E+0000     19188
  7700   -0.36899250E+0001   -0.36922684E+0001    0.42545437E+0000     19682
  7750   -0.36897857E+0001   -0.36924670E+0001    0.37273655E+0000     20001
  7800   -0.36897176E+0001   -0.36916300E+0001    0.35838706E+0000     20489
  7850   -0.36896477E+0001   -0.36916948E+0001    0.41017946E+0000     20818
  7900   -0.36895108E+0001   -0.36909786E+0001    0.38704897E+0000     21265
  7950   -0.36893754E+0001   -0.36910210E+0001    0.31329136E+0000     21594
  8000   -0.36892314E+0001   -0.36910909E+0001    0.38290481E+0000     22098
  8001   -0.36892358E+0001   -0.36892358E+0001    0.22968890E+0000     12000
  8050   -0.36893171E+0001   -0.36899246E+0001    0.25029200E+0000     12006
  8100   -0.36892469E+0001   -0.36900644E+0001    0.32878179E+0000     12064
  8150   -0.36891783E+0001   -0.36899443E+0001    0.36829654E+0000     12297
  8200   -0.36891204E+0001   -0.36899498E+0001    0.32977434E+0000     12508
  8250   -0.36890879E+0001   -0.36903674E+0001    0.35997236E+0000     13020
  8300   -0.36890356E+0001   -0.36898678E+0001    0.38550373E+0000     13012
  8350   -0.36889534E+0001   -0.36902718E+0001    0.36008319E+0000     13208
  8400   -0.36888727E+0001   -0.36899386E+0001    0.31447790E+0000     13261
  8450   -0.36887583E+0001   -0.36898922E+0001    0.31761940E+0000     13407
  8500   -0.36886003E+0001   -0.36901195E+0001    0.37160154E+0000     13579
  8550   -0.36884092E+0001   -0.36900270E+0001    0.35532697E+0000     13820
  8600   -0.36882345E+0001   -0.36902142E+0001    0.33669632E+0000     14121
  8650   -0.36880899E+0001   -0.36895488E+0001    0.24619620E+0000     14319
  8700   -0.36879857E+0001   -0.36891665E+0001    0.35614252E+0000     14687
  8750   -0.36879110E+0001   -0.36888466E+0001    0.34703521E+0000     14962
  8800   -0.36878465E+0001   -0.36888429E+0001    0.33063491E+0000     15007
  8850   -0.36878073E+0001   -0.36890645E+0001    0.30405788E+0000     15312
  8900   -0.36877865E+0001   -0.36891913E+0001    0.30443181E+0000     15592
  8950   -0.36877327E+0001   -0.36891676E+0001    0.26373384E+0000     15685
  9000   -0.36876636E+0001   -0.36890014E+0001    0.32346362E+0000     16013
  9050   -0.36875754E+0001   -0.36891975E+0001    0.33724375E+0000     16734
  9100   -0.36875095E+0001   -0.36893151E+0001    0.27951717E+0000     16886
  9150   -0.36874613E+0001   -0.36894964E+0001    0.27218456E+0000     17121
  9200   -0.36874122E+0001   -0.36887878E+0001    0.36700179E+0000     17528
  9250   -0.36873866E+0001   -0.36887792E+0001    0.30314651E+0000     17816
  9300   -0.36873877E+0001   -0.36887112E+0001    0.23710538E+0000     18119
  9350   -0.36873931E+0001   -0.36884816E+0001    0.26682847E+0000     18588
  9400   -0.36873838E+0001   -0.36887693E+0001    0.26947173E+0000     18958
  9450   -0.36873575E+0001   -0.36884333E+0001    0.26431293E+0000     19352
  9500   -0.36873241E+0001   -0.36877433E+0001    0.31299393E+0000     19694
  9550   -0.36872844E+0001   -0.36878921E+0001    0.34597525E+0000     20069
  9600   -0.36872432E+0001   -0.36880283E+0001    0.31304923E+0000     20272
  9601   -0.36872443E+0001   -0.36872443E+0001    0.10909504E+0000     12000
  9650   -0.36872630E+0001   -0.36873549E+0001    0.17813516E+0000     12085
  9700   -0.36872544E+0001   -0.36874165E+0001    0.27059301E+0000     12209
  9750   -0.36872448E+0001   -0.36874445E+0001    0.22098709E+0000     12332
  9800   -0.36872374E+0001   -0.36875081E+0001    0.25414370E+0000     12608
  9850   -0.36872319E+0001   -0.36875041E+0001    0.28140617E+0000     12793
  9900   -0.36872300E+0001   -0.36875627E+0001    0.31036651E+0000     12831
  9950   -0.36872299E+0001   -0.36874915E+0001    0.30356324E+0000     13064
 10000   -0.36872268E+0001   -0.36876381E+0001    0.29353321E+0000     13329
 10050   -0.36872120E+0001   -0.36875607E+0001    0.31261558E+0000     13823
 10100   -0.36871756E+0001   -0.36876520E+0001    0.33452794E+0000     13850
 10150   -0.36871575E+0001   -0.36875950E+0001    0.30704931E+0000     14102
 10200   -0.36871545E+0001   -0.36876304E+0001    0.34088359E+0000     14462
 10250   -0.36871673E+0001   -0.36877387E+0001    0.32258426E+0000     14659
 10300   -0.36871758E+0001   -0.36878551E+0001    0.34192591E+0000     15201
 10350   -0.36871598E+0001   -0.36877801E+0001    0.28133489E+0000     15503
 10400   -0.36871547E+0001   -0.36878481E+0001    0.34312312E+0000     16016
 10450   -0.36871550E+0001   -0.36875500E+0001    0.32608438E+0000     16178
 10500   -0.36871680E+0001   -0.36876332E+0001    0.34324468E+0000     16409
 10550   -0.36871672E+0001   -0.36874157E+0001    0.37083685E+0000     16736
 10600   -0.36871513E+0001   -0.36873889E+0001    0.30045989E+0000     17202
 10650   -0.36871466E+0001   -0.36876754E+0001    0.26070276E+0000     17562
 10700   -0.36871576E+0001   -0.36875339E+0001    0.29274620E+0000     17730
 10750   -0.36871508E+0001   -0.36876356E+0001    0.34959446E+0000     17984
 10800   -0.36871358E+0001   -0.36877363E+0001    0.33071798E+0000     18492
 10850   -0.36871206E+0001   -0.36875908E+0001    0.31471345E+0000     18715
 10900   -0.36871008E+0001   -0.36876064E+0001    0.30487958E+0000     18732
 10950   -0.36870876E+0001   -0.36879019E+0001    0.31960024E+0000     19206
 11000   -0.36870824E+0001   -0.36877002E+0001    0.29525208E+0000     19202
 11050   -0.36870686E+0001   -0.36879566E+0001    0.25552993E+0000     19573
 11100   -0.36870514E+0001   -0.36875748E+0001    0.27508831E+0000     19890
 11150   -0.36870324E+0001   -0.36874352E+0001    0.29486025E+0000     20166
 11200   -0.36870237E+0001   -0.36875324E+0001    0.33165575E+0000     20335
 11201   -0.36870240E+0001   -0.36870240E+0001    0.76838403E-0001     12000
 11250   -0.36870331E+0001   -0.36870752E+0001    0.12731244E+0000     12055
 11300   -0.36870306E+0001   -0.36871346E+0001    0.18809872E+0000     12251
 11350   -0.36870279E+0001   -0.36871292E+0001    0.25407315E+0000     12441
 11400   -0.36870263E+0001   -0.36872167E+0001    0.27055851E+0000     12663
 11450   -0.36870261E+0001   -0.36872147E+0001    0.25896857E+0000     12720
 11500   -0.36870231E+0001   -0.36872299E+0001    0.30855981E+0000     12879
 11550   -0.36870248E+0001   -0.36874452E+0001    0.28023153E+0000     13198
 11600   -0.36870319E+0001   -0.36873798E+0001    0.28513110E+0000     13298
 11650   -0.36870353E+0001   -0.36873999E+0001    0.32410127E+0000     13566
 11700   -0.36870278E+0001   -0.36874004E+0001    0.30462068E+0000     13846
 11750   -0.36870182E+0001   -0.36874550E+0001    0.29440928E+0000     14141
 11800   -0.36870158E+0001   -0.36874211E+0001    0.31204704E+0000     14368
 11850   -0.36870195E+0001   -0.36873608E+0001    0.35974339E+0000     14489
 11900   -0.36870143E+0001   -0.36874692E+0001    0.32337017E+0000     14697
 11950   -0.36870052E+0001   -0.36872441E+0001    0.30122660E+0000     14715
 12000   -0.36870054E+0001   -0.36872997E+0001    0.28646274E+0000     15132
 12050   -0.36870000E+0001   -0.36873944E+0001    0.32217723E+0000     15428
 12100   -0.36869922E+0001   -0.36873908E+0001    0.34360281E+0000     15689
 12150   -0.36869812E+0001   -0.36874685E+0001    0.31198572E+0000     15999
 12200   -0.36869714E+0001   -0.36873078E+0001    0.34107069E+0000     15994
 12250   -0.36869729E+0001   -0.36873512E+0001    0.32195190E+0000     16329
 12300   -0.36869836E+0001   -0.36874257E+0001    0.30771348E+0000     16588
 12350   -0.36869879E+0001   -0.36874581E+0001    0.30274327E+0000     16658
 12400   -0.36870005E+0001   -0.36875172E+0001    0.29999154E+0000     17020
 12450   -0.36870159E+0001   -0.36875504E+0001    0.32902786E+0000     17501
 12500   -0.36870243E+0001   -0.36874580E+0001    0.33714284E+0000     17733
 12550   -0.36870255E+0001   -0.36876304E+0001    0.26682066E+0000     17899
 12600   -0.36870194E+0001   -0.36876644E+0001    0.25169620E+0000     18334
 12650   -0.36870143E+0001   -0.36874046E+0001    0.33052580E+0000     18517
 12700   -0.36870115E+0001   -0.36875032E+0001    0.32763068E+0000     18833
 12750   -0.36870135E+0001   -0.36877027E+0001    0.30544806E+0000     19197
 12800   -0.36870077E+0001   -0.36873654E+0001    0.30854467E+0000     19372
 12801   -0.36870082E+0001   -0.36870082E+0001    0.74216894E-0001     12000
 12850   -0.36870180E+0001   -0.36870511E+0001    0.16381576E+0000     11982
 12900   -0.36870141E+0001   -0.36870984E+0001    0.24994851E+0000     12006
 12950   -0.36870108E+0001   -0.36871378E+0001    0.28833039E+0000     12341
 13000   -0.36870122E+0001   -0.36871744E+0001    0.24793886E+0000     12389
 13050   -0.36870089E+0001   -0.36872306E+0001    0.32000114E+0000     12521
 13100   -0.36870041E+0001   -0.36871952E+0001    0.30159047E+0000     12721
 13150   -0.36870010E+0001   -0.36871762E+0001    0.28535338E+0000     12755
 13200   -0.36870042E+0001   -0.36871614E+0001    0.23881198E+0000     13143
 13250   -0.36869997E+0001   -0.36871544E+0001    0.24654889E+0000     13260
 13300   -0.36869905E+0001   -0.36871707E+0001    0.30670622E+0000     13296
 13350   -0.36869772E+0001   -0.36872173E+0001    0.29295110E+0000     13214
 13400   -0.36869684E+0001   -0.36873944E+0001    0.29375083E+0000     13307
 13450   -0.36869546E+0001   -0.36871917E+0001    0.24111478E+0000     13519
 13500   -0.36869511E+0001   -0.36872899E+0001    0.26393994E+0000     13784
 13550   -0.36869448E+0001   -0.36873253E+0001    0.25060470E+0000     13934
 13600   -0.36869294E+0001   -0.36873846E+0001    0.29134365E+0000     14171
 13650   -0.36869132E+0001   -0.36871728E+0001    0.35041807E+0000     14421
 13700   -0.36869078E+0001   -0.36870868E+0001    0.32578997E+0000     14230
 13750   -0.36869096E+0001   -0.36872081E+0001    0.28575122E+0000     14660
 13800   -0.36869120E+0001   -0.36871930E+0001    0.27041817E+0000     14758
 13850   -0.36869124E+0001   -0.36872458E+0001    0.32912459E+0000     14937
 13900   -0.36869144E+0001   -0.36871500E+0001    0.30196004E+0000     15299
 13950   -0.36869098E+0001   -0.36870875E+0001    0.28166603E+0000     15505
 14000   -0.36869067E+0001   -0.36873534E+0001    0.27853815E+0000     15472
 14050   -0.36869109E+0001   -0.36872391E+0001    0.31717003E+0000     15718
 14100   -0.36869115E+0001   -0.36873578E+0001    0.29405963E+0000     15856
 14150   -0.36869071E+0001   -0.36873055E+0001    0.26804315E+0000     16070
 14200   -0.36869127E+0001   -0.36872907E+0001    0.29104219E+0000     16277
 14250   -0.36869142E+0001   -0.36873380E+0001    0.30196184E+0000     16644
 14300   -0.36869087E+0001   -0.36872652E+0001    0.29459130E+0000     16742
 14350   -0.36869020E+0001   -0.36870428E+0001    0.29385827E+0000     17074
 14400   -0.36868923E+0001   -0.36872728E+0001    0.27677057E+0000     17292
 14450   -0.36868818E+0001   -0.36870789E+0001    0.26279985E+0000     17729
 14500   -0.36868816E+0001   -0.36870379E+0001    0.25937387E+0000     17794
 14550   -0.36868798E+0001   -0.36870082E+0001    0.26003903E+0000     18167
 14600   -0.36868818E+0001   -0.36870070E+0001    0.26937438E+0000     18522
 14650   -0.36868849E+0001   -0.36870634E+0001    0.26292515E+0000     18753
 14700   -0.36868848E+0001   -0.36869783E+0001    0.24738708E+0000     19135
 14750   -0.36868931E+0001   -0.36871720E+0001    0.29342989E+0000     19144
 14800   -0.36868943E+0001   -0.36870212E+0001    0.29298349E+0000     19609
 14850   -0.36868969E+0001   -0.36868043E+0001    0.29886671E+0000     20232
 14900   -0.36869001E+0001   -0.36871803E+0001    0.30395634E+0000     20302
 14950   -0.36869001E+0001   -0.36869561E+0001    0.25837746E+0000     20486
 15000   -0.36869050E+0001   -0.36869821E+0001    0.29283809E+0000     20664
 15050   -0.36869075E+0001   -0.36874134E+0001    0.30736394E+0000     21195
 15100   -0.36869098E+0001   -0.36875650E+0001    0.28632068E+0000     21412
 15150   -0.36869174E+0001   -0.36877293E+0001    0.29750116E+0000     21773
 15200   -0.36869373E+0001   -0.36878734E+0001    0.29034634E+0000     21882
 15250   -0.36869555E+0001   -0.36878818E+0001    0.31213740E+0000     22098
 15300   -0.36869692E+0001   -0.36880980E+0001    0.29022674E+0000     22590
 15350   -0.36869811E+0001   -0.36881146E+0001    0.26224456E+0000     22834
 15400   -0.36869789E+0001   -0.36879532E+0001    0.21458839E+0000     22834
 15450   -0.36869722E+0001   -0.36867658E+0001    0.30546592E+0000     23261
 15500   -0.36869620E+0001   -0.36867659E+0001    0.29453792E+0000     23529
 15550   -0.36869458E+0001   -0.36870540E+0001    0.26922576E+0000     23826
 15600   -0.36869362E+0001   -0.36869966E+0001    0.28946990E+0000     23795
 15650   -0.36869367E+0001   -0.36875083E+0001    0.29389943E+0000     24171
 15700   -0.36869460E+0001   -0.36867124E+0001    0.30408144E+0000     24500
 15750   -0.36869524E+0001   -0.36877669E+0001    0.26171944E+0000     24853
 15800   -0.36869563E+0001   -0.36869241E+0001    0.24425993E+0000     25079
 15850   -0.36869538E+0001   -0.36877813E+0001    0.23565012E+0000     25411
 15900   -0.36869472E+0001   -0.36877158E+0001    0.25508924E+0000     25573
 15950   -0.36869399E+0001   -0.36876808E+0001    0.27123409E+0000     25988
 16000   -0.36869382E+0001   -0.36877972E+0001    0.26181962E+0000     26145
 16001   -0.36869318E+0001   -0.36869318E+0001    0.50116440E-0001         1
 16050   -0.36864500E+0001   -0.36864500E+0001    0.36277476E+0000         1
 16100   -0.36860376E+0001   -0.36860376E+0001    0.48451121E+0000         1
 16150   -0.36857671E+0001   -0.36857671E+0001    0.48380204E+0000         1
 16200   -0.36856071E+0001   -0.36856071E+0001    0.61043658E+0000         1
 16250   -0.36860125E+0001   -0.36860125E+0001    0.44036392E+0000         1
 16300   -0.36859393E+0001   -0.36859393E+0001    0.58599446E+0000         1
 16350   -0.36860383E+0001   -0.36860383E+0001    0.61374518E+0000         1
 16400   -0.36868069E+0001   -0.36868069E+0001    0.52397172E+0000         1
 16450   -0.36863416E+0001   -0.36863416E+0001    0.64538350E+0000         1
 16500   -0.36858146E+0001   -0.36858146E+0001    0.82539745E+0000         1
 16550   -0.36868970E+0001   -0.36868970E+0001    0.59526219E+0000         1
 16600   -0.36870131E+0001   -0.36870131E+0001    0.57133469E+0000         1
 16650   -0.36861937E+0001   -0.36861937E+0001    0.77546959E+0000         1
 16700   -0.36862472E+0001   -0.36862472E+0001    0.70009069E+0000         1
 16750   -0.36866502E+0001   -0.36866502E+0001    0.69859470E+0000         1
 16800   -0.36865197E+0001   -0.36865197E+0001    0.72226272E+0000         1
 16850   -0.36870772E+0001   -0.36870772E+0001    0.59475868E+0000         1
 16900   -0.36869447E+0001   -0.36869447E+0001    0.62876729E+0000         1
 16950   -0.36873334E+0001   -0.36873334E+0001    0.65107400E+0000         1
 17000   -0.36875282E+0001   -0.36875282E+0001    0.54558528E+0000         1
 17050   -0.36875399E+0001   -0.36875399E+0001    0.68240660E+0000         1
 17100   -0.36890823E+0001   -0.36890823E+0001    0.47622704E+0000         1
 17150   -0.36889740E+0001   -0.36889740E+0001    0.69181703E+0000         1
 17200   -0.36890534E+0001   -0.36890534E+0001    0.58957270E+0000         1
 17250   -0.36898342E+0001   -0.36898342E+0001    0.59468812E+0000         1
 17300   -0.36900928E+0001   -0.36900928E+0001    0.50784306E+0000         1
 17350   -0.36900166E+0001   -0.36900166E+0001    0.55285717E+0000         1
 17400   -0.36894642E+0001   -0.36894642E+0001    0.80571614E+0000         1
 17450   -0.36907685E+0001   -0.36907685E+0001    0.59521697E+0000         1
 17500   -0.36915105E+0001   -0.36915105E+0001    0.60035612E+0000         1
 17550   -0.36917778E+0001   -0.36917778E+0001    0.51134523E+0000         1
 17600   -0.36917963E+0001   -0.36917963E+0001    0.68748392E+0000         1
 17650   -0.36928808E+0001   -0.36928808E+0001    0.63992099E+0000         1
 17700   -0.36933111E+0001   -0.36933111E+0001    0.73334161E+0000         1
 17750   -0.36936167E+0001   -0.36936167E+0001    0.62563168E+0000         1
 17800   -0.36944866E+0001   -0.36944866E+0001    0.68369801E+0000         1
 17850   -0.36952955E+0001   -0.36952955E+0001    0.61195963E+0000         1
 17900   -0.36953918E+0001   -0.36953918E+0001    0.66872408E+0000         1
 17950   -0.36964390E+0001   -0.36964390E+0001    0.58680260E+0000         1
 18000   -0.36966692E+0001   -0.36966692E+0001    0.61029915E+0000         1
 18050   -0.36986510E+0001   -0.36986510E+0001    0.70956712E+0000         1
 18100   -0.36991239E+0001   -0.36991239E+0001    0.82209073E+0000         1
 18150   -0.36999344E+0001   -0.36999344E+0001    0.68828683E+0000         1
 18200   -0.37001511E+0001   -0.37001511E+0001    0.85193133E+0000         1
 18250   -0.37020392E+0001   -0.37020392E+0001    0.68664222E+0000         1
 18300   -0.37026074E+0001   -0.37026074E+0001    0.85805942E+0000         1
 18350   -0.37040278E+0001   -0.37040278E+0001    0.75835619E+0000         1
 18400   -0.37040752E+0001   -0.37040752E+0001    0.86901984E+0000         1
 18450   -0.37059206E+0001   -0.37059206E+0001    0.74652684E+0000         1
 18500   -0.37078842E+0001   -0.37078842E+0001    0.78561477E+0000         1
 18550   -0.37078692E+0001   -0.37078692E+0001    0.79518671E+0000         1
 18600   -0.37087543E+0001   -0.37087543E+0001    0.74499656E+0000         1
 18650   -0.37098679E+0001   -0.37098679E+0001    0.82861735E+0000         1
 18700   -0.37111621E+0001   -0.37111621E+0001    0.92069473E+0000         1
 18750   -0.37123952E+0001   -0.37123952E+0001    0.84969966E+0000         1
 18800   -0.37134127E+0001   -0.37134127E+0001    0.86787504E+0000         1
 18850   -0.37135811E+0001   -0.37135811E+0001    0.99895975E+0000         1
 18900   -0.37159588E+0001   -0.37159588E+0001    0.10407564E+0001         1
 18950   -0.37164692E+0001   -0.37164692E+0001    0.10470777E+0001         1
 19000   -0.37176325E+0001   -0.37176325E+0001    0.10411981E+0001         1
 19050   -0.37196957E+0001   -0.37196957E+0001    0.95849126E+0000         1
 19100   -0.37224220E+0001   -0.37224220E+0001    0.96932403E+0000         1
 19150   -0.37247612E+0001   -0.37247612E+0001    0.10275740E+0001         1
 19200   -0.37292253E+0001   -0.37292253E+0001    0.10280715E+0001         1
 19250   -0.37308677E+0001   -0.37308677E+0001    0.11065225E+0001         1
 19300   -0.37365259E+0001   -0.37365259E+0001    0.11366397E+0001         1
 19350   -0.37401055E+0001   -0.37401055E+0001    0.11288775E+0001         1
 19400   -0.37451690E+0001   -0.37451690E+0001    0.11352195E+0001         1
 19450   -0.37471568E+0001   -0.37471568E+0001    0.11482175E+0001         1
 19500   -0.37503242E+0001   -0.37503242E+0001    0.11837783E+0001         1
 19550   -0.37525968E+0001   -0.37525968E+0001    0.14241749E+0001         1
 19600   -0.37570658E+0001   -0.37570658E+0001    0.13077369E+0001         1
 19650   -0.37608189E+0001   -0.37608189E+0001    0.13976762E+0001         1
 19700   -0.37661697E+0001   -0.37661697E+0001    0.12932245E+0001         1
 19750   -0.37692527E+0001   -0.37692527E+0001    0.13643948E+0001         1
 19800   -0.37755934E+0001   -0.37755934E+0001    0.14461281E+0001         1
 19850   -0.37827601E+0001   -0.37827601E+0001    0.15986058E+0001         1
 19900   -0.37884116E+0001   -0.37884116E+0001    0.16009759E+0001         1
 19950   -0.37950594E+0001   -0.37950594E+0001    0.15523680E+0001         1
 20000   -0.38033055E+0001   -0.38033055E+0001    0.15789793E+0001         1
 20050   -0.38094077E+0001   -0.38094077E+0001    0.15460286E+0001         1
 20100   -0.38203636E+0001   -0.38203636E+0001    0.15839341E+0001         1
 20150   -0.38278151E+0001   -0.38278151E+0001    0.16716299E+0001         1
 20200   -0.38379216E+0001   -0.38379216E+0001    0.16871801E+0001         1
 20250   -0.38470162E+0001   -0.38470162E+0001    0.16456813E+0001         1
 20300   -0.38557171E+0001   -0.38557171E+0001    0.17175072E+0001         1
 20350   -0.38642518E+0001   -0.38642518E+0001    0.17399085E+0001         1
 20400   -0.38729481E+0001   -0.38729481E+0001    0.17478359E+0001         1
 20450   -0.38826566E+0001   -0.38826566E+0001    0.16860804E+0001         1
 20500   -0.38917055E+0001   -0.38917055E+0001    0.16050907E+0001         1
 20550   -0.39008003E+0001   -0.39008003E+0001    0.15545367E+0001         1
 20600   -0.39098741E+0001   -0.39098741E+0001    0.14011259E+0001         1
 20650   -0.39179691E+0001   -0.39179691E+0001    0.13006583E+0001         1
 20700   -0.39218388E+0001   -0.39218388E+0001    0.12120700E+0001         1
 20750   -0.39269509E+0001   -0.39269509E+0001    0.10397120E+0001         1
 20800   -0.39299363E+0001   -0.39299363E+0001    0.94027139E+0000         1
 20850   -0.39308030E+0001   -0.39308030E+0001    0.89542604E+0000         1
 20900   -0.39325515E+0001   -0.39325515E+0001    0.84951266E+0000         1
 20950   -0.39340995E+0001   -0.39340995E+0001    0.78539166E+0000         1
 21000   -0.39353718E+0001   -0.39353718E+0001    0.75779650E+0000         1
 21050   -0.39362020E+0001   -0.39362020E+0001    0.79054601E+0000         1
 21100   -0.39361924E+0001   -0.39361924E+0001    0.66973004E+0000         1
 21150   -0.39360220E+0001   -0.39360220E+0001    0.71024168E+0000         1
 21200   -0.39371492E+0001   -0.39371492E+0001    0.54886125E+0000         1
 21250   -0.39380506E+0001   -0.39380506E+0001    0.49463926E+0000         1
 21300   -0.39381467E+0001   -0.39381467E+0001    0.55887457E+0000         1
 21350   -0.39386831E+0001   -0.39386831E+0001    0.50531477E+0000         1
 21400   -0.39384912E+0001   -0.39384912E+0001    0.56872143E+0000         1
 21450   -0.39386434E+0001   -0.39386434E+0001    0.51637986E+0000         1
 21500   -0.39389129E+0001   -0.39389129E+0001    0.46524504E+0000         1
 21550   -0.39389940E+0001   -0.39389940E+0001    0.42871216E+0000         1
 21600   -0.39377709E+0001   -0.39377709E+0001    0.86665020E+0000         1
 21650   -0.39382878E+0001   -0.39382878E+0001    0.57890167E+0000         1
 21700   -0.39387200E+0001   -0.39387200E+0001    0.48739547E+0000         1
 21750   -0.39378688E+0001   -0.39378688E+0001    0.71449520E+0000         1
 21800   -0.39386925E+0001   -0.39386925E+0001    0.56641940E+0000         1
 21850   -0.39376430E+0001   -0.39376430E+0001    0.89224051E+0000         1
 21900   -0.39389306E+0001   -0.39389306E+0001    0.64227494E+0000         1
 21950   -0.39396069E+0001   -0.39396069E+0001    0.32066129E+0000         1
 22000   -0.39390581E+0001   -0.39390581E+0001    0.47373292E+0000         1
 22050   -0.39382448E+0001   -0.39382448E+0001    0.75991169E+0000         1
 22100   -0.39389667E+0001   -0.39389667E+0001    0.45339810E+0000         1
 22150   -0.39389531E+0001   -0.39389531E+0001    0.46293299E+0000         1
 22200   -0.39388089E+0001   -0.39388089E+0001    0.64491211E+0000         1
 22250   -0.39388322E+0001   -0.39388322E+0001    0.59523884E+0000         1
 22300   -0.39390092E+0001   -0.39390092E+0001    0.47939505E+0000         1
 22350   -0.39389053E+0001   -0.39389053E+0001    0.59683532E+0000         1
 22400   -0.39383422E+0001   -0.39383422E+0001    0.70882241E+0000         1
 22450   -0.39390253E+0001   -0.39390253E+0001    0.50774056E+0000         1
 22500   -0.39391881E+0001   -0.39391881E+0001    0.49167293E+0000         1
 22550   -0.39392670E+0001   -0.39392670E+0001    0.37003648E+0000         1
 22600   -0.39388644E+0001   -0.39388644E+0001    0.58334829E+0000         1
 22650   -0.39391304E+0001   -0.39391304E+0001    0.54573694E+0000         1
 22700   -0.39390500E+0001   -0.39390500E+0001    0.45704670E+0000         1
 22750   -0.39382873E+0001   -0.39382873E+0001    0.62091625E+0000         1
 22800   -0.39384691E+0001   -0.39384691E+0001    0.66348651E+0000         1
 22850   -0.39389215E+0001   -0.39389215E+0001    0.51084798E+0000         1
 22900   -0.39385848E+0001   -0.39385848E+0001    0.66737831E+0000         1
 22950   -0.39389364E+0001   -0.39389364E+0001    0.53918009E+0000         1
 23000   -0.39388850E+0001   -0.39388850E+0001    0.64011005E+0000         1
 23050   -0.39393543E+0001   -0.39393543E+0001    0.49292556E+0000         1
 23100   -0.39392460E+0001   -0.39392460E+0001    0.58234251E+0000         1
 23150   -0.39388808E+0001   -0.39388808E+0001    0.65366224E+0000         1
 23200   -0.39384882E+0001   -0.39384882E+0001    0.66248289E+0000         1
 23250   -0.39394456E+0001   -0.39394456E+0001    0.41298097E+0000         1
 23300   -0.39389356E+0001   -0.39389356E+0001    0.64750822E+0000         1
 23350   -0.39385377E+0001   -0.39385377E+0001    0.58117189E+0000         1
 23400   -0.39388932E+0001   -0.39388932E+0001    0.45671776E+0000         1
 23450   -0.39392764E+0001   -0.39392764E+0001    0.44206033E+0000         1
 23500   -0.39394573E+0001   -0.39394573E+0001    0.47798965E+0000         1
 23550   -0.39392198E+0001   -0.39392198E+0001    0.53987752E+0000         1
 23600   -0.39392290E+0001   -0.39392290E+0001    0.51492403E+0000         1
 23650   -0.39392208E+0001   -0.39392208E+0001    0.41542614E+0000         1
 23700   -0.39387569E+0001   -0.39387569E+0001    0.62534124E+0000         1
 23750   -0.39391565E+0001   -0.39391565E+0001    0.58464879E+0000         1
 23800   -0.39391734E+0001   -0.39391734E+0001    0.47187200E+0000         1
 23850   -0.39388641E+0001   -0.39388641E+0001    0.53225425E+0000         1
 23900   -0.39381079E+0001   -0.39381079E+0001    0.81968645E+0000         1
 23950   -0.39383821E+0001   -0.39383821E+0001    0.61216263E+0000         1
 24000   -0.39388456E+0001   -0.39388456E+0001    0.59482354E+0000         1
 24050   -0.39391040E+0001   -0.39391040E+0001    0.45685096E+0000         1
 24100   -0.39384192E+0001   -0.39384192E+0001    0.61159211E+0000         1
 24150   -0.39385777E+0001   -0.39385777E+0001    0.71567978E+0000         1
 24200   -0.39394191E+0001   -0.39394191E+0001    0.37804179E+0000         1
 24250   -0.39393527E+0001   -0.39393527E+0001    0.45108872E+0000         1
 24300   -0.39395253E+0001   -0.39395253E+0001    0.40039414E+0000         1
 24350   -0.39387834E+0001   -0.39387834E+0001    0.65898875E+0000         1
 24400   -0.39392240E+0001   -0.39392240E+0001    0.53860948E+0000         1
 24450   -0.39394984E+0001   -0.39394984E+0001    0.42164402E+0000         1
 24500   -0.39394202E+0001   -0.39394202E+0001    0.41171099E+0000         1
 24550   -0.39388604E+0001   -0.39388604E+0001    0.59720245E+0000         1
 24600   -0.39388616E+0001   -0.39388616E+0001    0.69573233E+0000         1
 24650   -0.39393194E+0001   -0.39393194E+0001    0.44760705E+0000         1
 24700   -0.39390521E+0001   -0.39390521E+0001    0.49056866E+0000         1
 24750   -0.39384143E+0001   -0.39384143E+0001    0.62228520E+0000         1
 24800   -0.39392495E+0001   -0.39392495E+0001    0.44934724E+0000         1
 24850   -0.39391391E+0001   -0.39391391E+0001    0.46089502E+0000         1
 24900   -0.39394785E+0001   -0.39394785E+0001    0.33792974E+0000         1
 24950   -0.39388932E+0001   -0.39388932E+0001    0.50398234E+0000         1
 25000   -0.39386934E+0001   -0.39386934E+0001    0.58335051E+0000         1
 25050   -0.39394695E+0001   -0.39394695E+0001    0.33709788E+0000         1
 25100   -0.39390363E+0001   -0.39390363E+0001    0.50397801E+0000         1
 25150   -0.39393063E+0001   -0.39393063E+0001    0.38478243E+0000         1
 25200   -0.39390102E+0001   -0.39390102E+0001    0.54632544E+0000         1
 25250   -0.39386757E+0001   -0.39386757E+0001    0.49347989E+0000         1
 25300   -0.39389334E+0001   -0.39389334E+0001    0.46107966E+0000         1
 25350   -0.39384965E+0001   -0.39384965E+0001    0.58827717E+0000         1
 25400   -0.39390030E+0001   -0.39390030E+0001    0.45512694E+0000         1
 25450   -0.39393267E+0001   -0.39393267E+0001    0.41321111E+0000         1
 25500   -0.39388744E+0001   -0.39388744E+0001    0.60725210E+0000         1
 25550   -0.39389372E+0001   -0.39389372E+0001    0.69159350E+0000         1
 25600   -0.39389981E+0001   -0.39389981E+0001    0.56267914E+0000         1
 25650   -0.39392209E+0001   -0.39392209E+0001    0.41549160E+0000         1
 25700   -0.39390611E+0001   -0.39390611E+0001    0.56344673E+0000         1
 25750   -0.39390790E+0001   -0.39390790E+0001    0.56006588E+0000         1
 25800   -0.39389763E+0001   -0.39389763E+0001    0.56718649E+0000         1
 25850   -0.39392212E+0001   -0.39392212E+0001    0.50137986E+0000         1
 25900   -0.39393212E+0001   -0.39393212E+0001    0.51675539E+0000         1
 25950   -0.39395786E+0001   -0.39395786E+0001    0.45456597E+0000         1
 26000   -0.39396404E+0001   -0.39396404E+0001    0.37654071E+0000         1
 26050   -0.39394859E+0001   -0.39394859E+0001    0.43661493E+0000         1
 26100   -0.39392187E+0001   -0.39392187E+0001    0.51638678E+0000         1
 26150   -0.39392575E+0001   -0.39392575E+0001    0.49402102E+0000         1
 26200   -0.39392154E+0001   -0.39392154E+0001    0.41627156E+0000         1
 26250   -0.39390882E+0001   -0.39390882E+0001    0.47565913E+0000         1
 26300   -0.39392900E+0001   -0.39392900E+0001    0.46588230E+0000         1
 26350   -0.39392026E+0001   -0.39392026E+0001    0.52668952E+0000         1
 26400   -0.39383854E+0001   -0.39383854E+0001    0.68189579E+0000         1
 26450   -0.39383723E+0001   -0.39383723E+0001    0.67332123E+0000         1
 26500   -0.39388200E+0001   -0.39388200E+0001    0.54651924E+0000         1
 26550   -0.39391999E+0001   -0.39391999E+0001    0.45089573E+0000         1
 26600   -0.39392064E+0001   -0.39392064E+0001    0.40469694E+0000         1
 26650   -0.39390603E+0001   -0.39390603E+0001    0.52946598E+0000         1
 26700   -0.39384908E+0001   -0.39384908E+0001    0.72582556E+0000         1
 26750   -0.39383450E+0001   -0.39383450E+0001    0.63415965E+0000         1
 26800   -0.39384714E+0001   -0.39384714E+0001    0.61517159E+0000         1
 26850   -0.39379690E+0001   -0.39379690E+0001    0.73451773E+0000         1
 26900   -0.39381551E+0001   -0.39381551E+0001    0.55946335E+0000         1
 26950   -0.39382428E+0001   -0.39382428E+0001    0.61488866E+0000         1
 27000   -0.39388364E+0001   -0.39388364E+0001    0.53768142E+0000         1
 27050   -0.39388109E+0001   -0.39388109E+0001    0.53842727E+0000         1
 27100   -0.39386229E+0001   -0.39386229E+0001    0.59423350E+0000         1
 27150   -0.39390643E+0001   -0.39390643E+0001    0.43803405E+0000         1
 27200   -0.39391162E+0001   -0.39391162E+0001    0.47255223E+0000         1
 27250   -0.39391339E+0001   -0.39391339E+0001    0.51690117E+0000         1
 27300   -0.39392145E+0001   -0.39392145E+0001    0.47900592E+0000         1
 27350   -0.39393037E+0001   -0.39393037E+0001    0.39900650E+0000         1
 27400   -0.39389071E+0001   -0.39389071E+0001    0.56091947E+0000         1
 27450   -0.39391130E+0001   -0.39391130E+0001    0.52295164E+0000         1
 27500   -0.39391701E+0001   -0.39391701E+0001    0.55602715E+0000         1
 27550   -0.39398562E+0001   -0.39398562E+0001    0.27175133E+0000         1
 27600   -0.39396588E+0001   -0.39396588E+0001    0.35911497E+0000         1
 27650   -0.39394125E+0001   -0.39394125E+0001    0.40761700E+0000         1
 27700   -0.39395124E+0001   -0.39395124E+0001    0.37133517E+0000         1
 27750   -0.39393818E+0001   -0.39393818E+0001    0.42505047E+0000         1
 27800   -0.39395331E+0001   -0.39395331E+0001    0.27748780E+0000         1
 27850   -0.39392656E+0001   -0.39392656E+0001    0.47422239E+0000         1
 27900   -0.39393904E+0001   -0.39393904E+0001    0.45910072E+0000         1
 27950   -0.39392763E+0001   -0.39392763E+0001    0.49540880E+0000         1
 28000   -0.39390082E+0001   -0.39390082E+0001    0.47561246E+0000         1
 28050   -0.39392156E+0001   -0.39392156E+0001    0.40054255E+0000         1
 28100   -0.39393005E+0001   -0.39393005E+0001    0.39122605E+0000         1
 28150   -0.39393056E+0001   -0.39393056E+0001    0.37237358E+0000         1
 28200   -0.39389023E+0001   -0.39389023E+0001    0.53846676E+0000         1
 28250   -0.39387450E+0001   -0.39387450E+0001    0.55325290E+0000         1
 28300   -0.39387244E+0001   -0.39387244E+0001    0.57254415E+0000         1
 28350   -0.39388068E+0001   -0.39388068E+0001    0.49209265E+0000         1
 28400   -0.39389874E+0001   -0.39389874E+0001    0.46325604E+0000         1
 28450   -0.39391267E+0001   -0.39391267E+0001    0.46145890E+0000         1
 28500   -0.39395000E+0001   -0.39395000E+0001    0.43444094E+0000         1
 28550   -0.39396783E+0001   -0.39396783E+0001    0.30449681E+0000         1
 28600   -0.39395436E+0001   -0.39395436E+0001    0.34521408E+0000         1
 28650   -0.39383312E+0001   -0.39383312E+0001    0.63213236E+0000         1
 28700   -0.39387900E+0001   -0.39387900E+0001    0.56627509E+0000         1
 28750   -0.39392118E+0001   -0.39392118E+0001    0.45282379E+0000         1
 28800   -0.39390009E+0001   -0.39390009E+0001    0.49625422E+0000         1
 28850   -0.39390046E+0001   -0.39390046E+0001    0.50586953E+0000         1
 28900   -0.39392565E+0001   -0.39392565E+0001    0.41471329E+0000         1
 28950   -0.39391351E+0001   -0.39391351E+0001    0.57350727E+0000         1
 29000   -0.39390577E+0001   -0.39390577E+0001    0.48000180E+0000         1
 29050   -0.39384562E+0001   -0.39384562E+0001    0.56710281E+0000         1
 29100   -0.39391066E+0001   -0.39391066E+0001    0.54349352E+0000         1
 29150   -0.39386969E+0001   -0.39386969E+0001    0.61590001E+0000         1
 29200   -0.39388637E+0001   -0.39388637E+0001    0.55002706E+0000         1
 29250   -0.39389896E+0001   -0.39389896E+0001    0.61968456E+0000         1
 29300   -0.39395053E+0001   -0.39395053E+0001    0.37039657E+0000         1
 29350   -0.39391760E+0001   -0.39391760E+0001    0.50017175E+0000         1
 29400   -0.39391266E+0001   -0.39391266E+0001    0.42194099E+0000         1
 29450   -0.39393749E+0001   -0.39393749E+0001    0.40756328E+0000         1
 29500   -0.39396285E+0001   -0.39396285E+0001    0.32241340E+0000         1
 29550   -0.39397026E+0001   -0.39397026E+0001    0.30704983E+0000         1
 29600   -0.39393230E+0001   -0.39393230E+0001    0.47668968E+0000         1
 29650   -0.39392969E+0001   -0.39392969E+0001    0.50463783E+0000         1
 29700   -0.39394696E+0001   -0.39394696E+0001    0.42278833E+0000         1
 29750   -0.39391683E+0001   -0.39391683E+0001    0.48996464E+0000         1
 29800   -0.39390063E+0001   -0.39390063E+0001    0.59822465E+0000         1
 29850   -0.39386468E+0001   -0.39386468E+0001    0.67535464E+0000         1
 29900   -0.39383505E+0001   -0.39383505E+0001    0.71169690E+0000         1
 29950   -0.39390008E+0001   -0.39390008E+0001    0.54574455E+0000         1
 30000   -0.39389581E+0001   -0.39389581E+0001    0.45955241E+0000         1
 30050   -0.39391080E+0001   -0.39391080E+0001    0.46131424E+0000         1
 30100   -0.39387941E+0001   -0.39387941E+0001    0.54219450E+0000         1
 30150   -0.39385836E+0001   -0.39385836E+0001    0.61258312E+0000         1
 30200   -0.39390127E+0001   -0.39390127E+0001    0.51476485E+0000         1
 30250   -0.39387893E+0001   -0.39387893E+0001    0.54610667E+0000         1
 30300   -0.39391733E+0001   -0.39391733E+0001    0.47084101E+0000         1
 30350   -0.39391401E+0001   -0.39391401E+0001    0.52223555E+0000         1
 30400   -0.39393645E+0001   -0.39393645E+0001    0.50261674E+0000         1
 30450   -0.39392897E+0001   -0.39392897E+0001    0.47713103E+0000         1
 30500   -0.39392484E+0001   -0.39392484E+0001    0.44948700E+0000         1
 30550   -0.39394424E+0001   -0.39394424E+0001    0.34638447E+0000         1
 30600   -0.39396710E+0001   -0.39396710E+0001    0.26449354E+0000         1
 30650   -0.39393226E+0001   -0.39393226E+0001    0.39682079E+0000         1
 30700   -0.39391553E+0001   -0.39391553E+0001    0.43267491E+0000         1
 30750   -0.39389867E+0001   -0.39389867E+0001    0.47380629E+0000         1
 30800   -0.39393832E+0001   -0.39393832E+0001    0.32689890E+0000         1
 30850   -0.39389275E+0001   -0.39389275E+0001    0.52186693E+0000         1
 30900   -0.39391528E+0001   -0.39391528E+0001    0.42943084E+0000         1
 30950   -0.39395329E+0001   -0.39395329E+0001    0.37773563E+0000         1
 31000   -0.39387058E+0001   -0.39387058E+0001    0.58794314E+0000         1
 31050   -0.39386332E+0001   -0.39386332E+0001    0.53875506E+0000         1
 31100   -0.39387917E+0001   -0.39387917E+0001    0.47387881E+0000         1
 31150   -0.39390579E+0001   -0.39390579E+0001    0.40369635E+0000         1
 31200   -0.39386844E+0001   -0.39386844E+0001    0.70003306E+0000         1
 31250   -0.39389958E+0001   -0.39389958E+0001    0.51678233E+0000         1
 31300   -0.39386024E+0001   -0.39386024E+0001    0.65282516E+0000         1
 31350   -0.39389331E+0001   -0.39389331E+0001    0.58427469E+0000         1
 31400   -0.39390170E+0001   -0.39390170E+0001    0.48651344E+0000         1
 31450   -0.39391880E+0001   -0.39391880E+0001    0.52321842E+0000         1
 31500   -0.39390057E+0001   -0.39390057E+0001    0.51748601E+0000         1
 31550   -0.39384999E+0001   -0.39384999E+0001    0.61561240E+0000         1
 31600   -0.39386622E+0001   -0.39386622E+0001    0.58458754E+0000         1
 31650   -0.39392272E+0001   -0.39392272E+0001    0.36853504E+0000         1
 31700   -0.39389119E+0001   -0.39389119E+0001    0.46346439E+0000         1
 31750   -0.39389596E+0001   -0.39389596E+0001    0.45797129E+0000         1
 31800   -0.39384415E+0001   -0.39384415E+0001    0.65718736E+0000         1
 31850   -0.39392803E+0001   -0.39392803E+0001    0.44331793E+0000         1
 31900   -0.39386929E+0001   -0.39386929E+0001    0.56581600E+0000         1
 31950   -0.39388320E+0001   -0.39388320E+0001    0.48684346E+0000         1
 32000   -0.39391572E+0001   -0.39391572E+0001    0.45024027E+0000         1
 32050   -0.39396461E+0001   -0.39396461E+0001    0.43582563E+0000         1
 32100   -0.39394648E+0001   -0.39394648E+0001    0.37512092E+0000         1
 32150   -0.39390174E+0001   -0.39390174E+0001    0.56135597E+0000         1
 32200   -0.39390705E+0001   -0.39390705E+0001    0.52281538E+0000         1
 32250   -0.39388926E+0001   -0.39388926E+0001    0.54197890E+0000         1
 32300   -0.39393082E+0001   -0.39393082E+0001    0.40390972E+0000         1
 32350   -0.39391449E+0001   -0.39391449E+0001    0.53374485E+0000         1
 32400   -0.39386889E+0001   -0.39386889E+0001    0.58932547E+0000         1
 32450   -0.39386867E+0001   -0.39386867E+0001    0.72747710E+0000         1
 32500   -0.39393456E+0001   -0.39393456E+0001    0.44441669E+0000         1
 32550   -0.39390606E+0001   -0.39390606E+0001    0.38940908E+0000         1
 32600   -0.39392046E+0001   -0.39392046E+0001    0.42280020E+0000         1
 32650   -0.39394400E+0001   -0.39394400E+0001    0.32775244E+0000         1
 32700   -0.39390580E+0001   -0.39390580E+0001    0.49818333E+0000         1
 32750   -0.39388540E+0001   -0.39388540E+0001    0.58857828E+0000         1
 32800   -0.39392420E+0001   -0.39392420E+0001    0.52436241E+0000         1
 32850   -0.39397660E+0001   -0.39397660E+0001    0.24166470E+0000         1
 32900   -0.39387360E+0001   -0.39387360E+0001    0.62133120E+0000         1
 32950   -0.39392750E+0001   -0.39392750E+0001    0.41522509E+0000         1
 33000   -0.39395031E+0001   -0.39395031E+0001    0.35909926E+0000         1
 33050   -0.39387012E+0001   -0.39387012E+0001    0.59223219E+0000         1
 33100   -0.39390169E+0001   -0.39390169E+0001    0.48447986E+0000         1
 33150   -0.39388398E+0001   -0.39388398E+0001    0.50424257E+0000         1
 33200   -0.39387532E+0001   -0.39387532E+0001    0.61017306E+0000         1
 33250   -0.39388101E+0001   -0.39388101E+0001    0.64853944E+0000         1
 33300   -0.39388570E+0001   -0.39388570E+0001    0.50720194E+0000         1
 33350   -0.39383358E+0001   -0.39383358E+0001    0.74491765E+0000         1
 33400   -0.39390040E+0001   -0.39390040E+0001    0.51958261E+0000         1
 33450   -0.39392130E+0001   -0.39392130E+0001    0.47974296E+0000         1
 33500   -0.39396319E+0001   -0.39396319E+0001    0.30462427E+0000         1
 33550   -0.39394922E+0001   -0.39394922E+0001    0.41210068E+0000         1
 33600   -0.39398105E+0001   -0.39398105E+0001    0.29432094E+0000         1
 33650   -0.39396645E+0001   -0.39396645E+0001    0.36718068E+0000         1
 33700   -0.39395072E+0001   -0.39395072E+0001    0.39783828E+0000         1
 33750   -0.39391719E+0001   -0.39391719E+0001    0.53688463E+0000         1
 33800   -0.39393530E+0001   -0.39393530E+0001    0.42136215E+0000         1
 33850   -0.39392595E+0001   -0.39392595E+0001    0.46112340E+0000         1
 33900   -0.39393918E+0001   -0.39393918E+0001    0.41343476E+0000         1
 33950   -0.39390657E+0001   -0.39390657E+0001    0.62261588E+0000         1
 34000   -0.39393356E+0001   -0.39393356E+0001    0.50894260E+0000         1
 34050   -0.39391224E+0001   -0.39391224E+0001    0.50530061E+0000         1
 34100   -0.39394447E+0001   -0.39394447E+0001    0.47388174E+0000         1
 34150   -0.39388826E+0001   -0.39388826E+0001    0.59826656E+0000         1
 34200   -0.39390198E+0001   -0.39390198E+0001    0.55608006E+0000         1
 34250   -0.39393980E+0001   -0.39393980E+0001    0.42981866E+0000         1
 34300   -0.39386583E+0001   -0.39386583E+0001    0.68525470E+0000         1
 34350   -0.39386701E+0001   -0.39386701E+0001    0.62549862E+0000         1
 34400   -0.39389323E+0001   -0.39389323E+0001    0.54580442E+0000         1
 34450   -0.39393122E+0001   -0.39393122E+0001    0.41578507E+0000         1
 34500   -0.39386283E+0001   -0.39386283E+0001    0.76653342E+0000         1
 34550   -0.39393292E+0001   -0.39393292E+0001    0.41691404E+0000         1
 34600   -0.39386512E+0001   -0.39386512E+0001    0.64766847E+0000         1
 34650   -0.39388212E+0001   -0.39388212E+0001    0.55315964E+0000         1
 34700   -0.39392315E+0001   -0.39392315E+0001    0.50726970E+0000         1
 34750   -0.39386160E+0001   -0.39386160E+0001    0.67869107E+0000         1
 34800   -0.39388165E+0001   -0.39388165E+0001    0.58480851E+0000         1
 34850   -0.39391519E+0001   -0.39391519E+0001    0.45733206E+0000         1
 34900   -0.39392370E+0001   -0.39392370E+0001    0.48835972E+0000         1
 34950   -0.39385837E+0001   -0.39385837E+0001    0.64508363E+0000         1
 35000   -0.39390957E+0001   -0.39390957E+0001    0.47275960E+0000         1
 35050   -0.39391147E+0001   -0.39391147E+0001    0.45550271E+0000         1
 35100   -0.39388426E+0001   -0.39388426E+0001    0.61970122E+0000         1
 35150   -0.39390165E+0001   -0.39390165E+0001    0.56257932E+0000         1
 35200   -0.39388401E+0001   -0.39388401E+0001    0.54758366E+0000         1
 35250   -0.39383361E+0001   -0.39383361E+0001    0.76074827E+0000         1
 35300   -0.39390093E+0001   -0.39390093E+0001    0.53390816E+0000         1
 35350   -0.39390949E+0001   -0.39390949E+0001    0.45662897E+0000         1
 35400   -0.39380328E+0001   -0.39380328E+0001    0.65145909E+0000         1
 35450   -0.39370383E+0001   -0.39370383E+0001    0.76722455E+0000         1
 35500   -0.39383168E+0001   -0.39383168E+0001    0.64372284E+0000         1
 35550   -0.39386537E+0001   -0.39386537E+0001    0.47336183E+0000         1
 35600   -0.39393311E+0001   -0.39393311E+0001    0.33900777E+0000         1
 35650   -0.39391946E+0001   -0.39391946E+0001    0.43549288E+0000         1
 35700   -0.39392495E+0001   -0.39392495E+0001    0.51961509E+0000         1
 35750   -0.39392365E+0001   -0.39392365E+0001    0.43073320E+0000         1
 35800   -0.39396040E+0001   -0.39396040E+0001    0.33211986E+0000         1
 35850   -0.39389790E+0001   -0.39389790E+0001    0.52819761E+0000         1
 35900   -0.39391926E+0001   -0.39391926E+0001    0.40772289E+0000         1
 35950   -0.39390417E+0001   -0.39390417E+0001    0.51054120E+0000         1
 36000   -0.39389072E+0001   -0.39389072E+0001    0.48264362E+0000         1
 36050   -0.39392223E+0001   -0.39392223E+0001    0.44242636E+0000         1
 36100   -0.39391497E+0001   -0.39391497E+0001    0.50477524E+0000         1
 36150   -0.39385067E+0001   -0.39385067E+0001    0.73571688E+0000         1
 36200   -0.39396543E+0001   -0.39396543E+0001    0.32495652E+0000         1
 36250   -0.39398429E+0001   -0.39398429E+0001    0.27823292E+0000         1
 36300   -0.39394313E+0001   -0.39394313E+0001    0.35067318E+0000         1
 36350   -0.39390296E+0001   -0.39390296E+0001    0.54269819E+0000         1
 36400   -0.39396138E+0001   -0.39396138E+0001    0.27344963E+0000         1
 36450   -0.39389828E+0001   -0.39389828E+0001    0.49998481E+0000         1
 36500   -0.39391920E+0001   -0.39391920E+0001    0.49354681E+0000         1
 36550   -0.39387852E+0001   -0.39387852E+0001    0.60192147E+0000         1
 36600   -0.39389832E+0001   -0.39389832E+0001    0.48141156E+0000         1
 36650   -0.39390595E+0001   -0.39390595E+0001    0.43474851E+0000         1
 36700   -0.39388804E+0001   -0.39388804E+0001    0.58451545E+0000         1
 36750   -0.39394238E+0001   -0.39394238E+0001    0.37650460E+0000         1
 36800   -0.39389333E+0001   -0.39389333E+0001    0.48215503E+0000         1
 36850   -0.39391677E+0001   -0.39391677E+0001    0.44145349E+0000         1
 36900   -0.39389789E+0001   -0.39389789E+0001    0.61222913E+0000         1
 36950   -0.39391105E+0001   -0.39391105E+0001    0.52176455E+0000         1
 37000   -0.39392426E+0001   -0.39392426E+0001    0.52865327E+0000         1
 37050   -0.39396114E+0001   -0.39396114E+0001    0.32101761E+0000         1
 37100   -0.39389254E+0001   -0.39389254E+0001    0.59488287E+0000         1
 37150   -0.39390860E+0001   -0.39390860E+0001    0.50995061E+0000         1
 37200   -0.39393926E+0001   -0.39393926E+0001    0.37986558E+0000         1
 37250   -0.39387674E+0001   -0.39387674E+0001    0.53271265E+0000         1
 37300   -0.39390313E+0001   -0.39390313E+0001    0.51636157E+0000         1
 37350   -0.39396545E+0001   -0.39396545E+0001    0.31473342E+0000         1
 37400   -0.39395614E+0001   -0.39395614E+0001    0.28128284E+0000         1
 37450   -0.39392214E+0001   -0.39392214E+0001    0.49531078E+0000         1
 37500   -0.39394676E+0001   -0.39394676E+0001    0.35457277E+0000         1
 37550   -0.39391505E+0001   -0.39391505E+0001    0.53534936E+0000         1
 37600   -0.39389959E+0001   -0.39389959E+0001    0.52517628E+0000         1
 37650   -0.39389213E+0001   -0.39389213E+0001    0.59035384E+0000         1
 37700   -0.39385083E+0001   -0.39385083E+0001    0.62447144E+0000         1
 37750   -0.39387039E+0001   -0.39387039E+0001    0.63950964E+0000         1
 37800   -0.39389157E+0001   -0.39389157E+0001    0.51827057E+0000         1
 37850   -0.39392079E+0001   -0.39392079E+0001    0.57552237E+0000         1
 37900   -0.39393123E+0001   -0.39393123E+0001    0.49410623E+0000         1
 37950   -0.39393048E+0001   -0.39393048E+0001    0.45889142E+0000         1
 38000   -0.39393397E+0001   -0.39393397E+0001    0.48295603E+0000         1
 38050   -0.39391936E+0001   -0.39391936E+0001    0.40315613E+0000         1
 38100   -0.39384532E+0001   -0.39384532E+0001    0.62825573E+0000         1
 38150   -0.39392336E+0001   -0.39392336E+0001    0.46603790E+0000         1
 38200   -0.39391721E+0001   -0.39391721E+0001    0.46201138E+0000         1
 38250   -0.39397616E+0001   -0.39397616E+0001    0.25790573E+0000         1
 38300   -0.39390677E+0001   -0.39390677E+0001    0.48701245E+0000         1
 38350   -0.39392193E+0001   -0.39392193E+0001    0.51655081E+0000         1
 38400   -0.39391189E+0001   -0.39391189E+0001    0.45284289E+0000         1
 38450   -0.39393140E+0001   -0.39393140E+0001    0.44222704E+0000         1
 38500   -0.39392573E+0001   -0.39392573E+0001    0.48340775E+0000         1
 38550   -0.39394555E+0001   -0.39394555E+0001    0.38548007E+0000         1
 38600   -0.39388531E+0001   -0.39388531E+0001    0.56932980E+0000         1
 38650   -0.39391034E+0001   -0.39391034E+0001    0.53387617E+0000         1
 38700   -0.39381186E+0001   -0.39381186E+0001    0.85663713E+0000         1
 38750   -0.39387754E+0001   -0.39387754E+0001    0.46205250E+0000         1
 38800   -0.39390114E+0001   -0.39390114E+0001    0.54153780E+0000         1
 38850   -0.39390348E+0001   -0.39390348E+0001    0.58262811E+0000         1
 38900   -0.39391476E+0001   -0.39391476E+0001    0.50169284E+0000         1
 38950   -0.39390533E+0001   -0.39390533E+0001    0.49063357E+0000         1
 39000   -0.39387103E+0001   -0.39387103E+0001    0.59545277E+0000         1
 39050   -0.39392251E+0001   -0.39392251E+0001    0.43545335E+0000         1
 39100   -0.39395225E+0001   -0.39395225E+0001    0.38007834E+0000         1
 39150   -0.39396559E+0001   -0.39396559E+0001    0.34181798E+0000         1
 39200   -0.39394018E+0001   -0.39394018E+0001    0.51176509E+0000         1
 39250   -0.39391259E+0001   -0.39391259E+0001    0.53656929E+0000         1
 39300   -0.39387453E+0001   -0.39387453E+0001    0.66422833E+0000         1
 39350   -0.39385735E+0001   -0.39385735E+0001    0.59986451E+0000         1
 39400   -0.39389118E+0001   -0.39389118E+0001    0.47099425E+0000         1
 39450   -0.39390079E+0001   -0.39390079E+0001    0.51855435E+0000         1
 39500   -0.39387579E+0001   -0.39387579E+0001    0.53417016E+0000         1
 39550   -0.39383924E+0001   -0.39383924E+0001    0.68236631E+0000         1
 39600   -0.39386345E+0001   -0.39386345E+0001    0.64029838E+0000         1
 39650   -0.39390296E+0001   -0.39390296E+0001    0.44510293E+0000         1
 39700   -0.39391211E+0001   -0.39391211E+0001    0.45726196E+0000         1
 39750   -0.39391852E+0001   -0.39391852E+0001    0.42191039E+0000         1
 39800   -0.39389560E+0001   -0.39389560E+0001    0.45335827E+0000         1
 39850   -0.39390096E+0001   -0.39390096E+0001    0.45902307E+0000         1
 39900   -0.39386742E+0001   -0.39386742E+0001    0.57101972E+0000         1
 39950   -0.39389920E+0001   -0.39389920E+0001    0.43917591E+0000         1
 40000   -0.39386911E+0001   -0.39386911E+0001    0.67739968E+0000         1
 40050   -0.39390485E+0001   -0.39390485E+0001    0.53256839E+0000         1
 40100   -0.39390081E+0001   -0.39390081E+0001    0.56371432E+0000         1
 40150   -0.39393398E+0001   -0.39393398E+0001    0.48558936E+0000         1
 40200   -0.39386015E+0001   -0.39386015E+0001    0.69241737E+0000         1
 40250   -0.39388617E+0001   -0.39388617E+0001    0.53874640E+0000         1
 40300   -0.39386756E+0001   -0.39386756E+0001    0.55339121E+0000         1
 40350   -0.39386969E+0001   -0.39386969E+0001    0.54079889E+0000         1
 40400   -0.39388433E+0001   -0.39388433E+0001    0.60792302E+0000         1
 40450   -0.39389616E+0001   -0.39389616E+0001    0.57276267E+0000         1
 40500   -0.39386292E+0001   -0.39386292E+0001    0.60194875E+0000         1
 40550   -0.39391811E+0001   -0.39391811E+0001    0.51751193E+0000         1
 40600   -0.39392827E+0001   -0.39392827E+0001    0.48124014E+0000         1
 40650   -0.39392873E+0001   -0.39392873E+0001    0.43635254E+0000         1
 40700   -0.39392221E+0001   -0.39392221E+0001    0.44709218E+0000         1
 40750   -0.39390433E+0001   -0.39390433E+0001    0.54854876E+0000         1
 40800   -0.39393545E+0001   -0.39393545E+0001    0.45576778E+0000         1
 40850   -0.39390543E+0001   -0.39390543E+0001    0.59369406E+0000         1
 40900   -0.39393650E+0001   -0.39393650E+0001    0.34969906E+0000         1
 40950   -0.39394088E+0001   -0.39394088E+0001    0.40867356E+0000         1
 41000   -0.39390680E+0001   -0.39390680E+0001    0.49688546E+0000         1
 41050   -0.39388869E+0001   -0.39388869E+0001    0.57227387E+0000         1
 41100   -0.39390444E+0001   -0.39390444E+0001    0.50635289E+0000         1
 41150   -0.39390156E+0001   -0.39390156E+0001    0.54093439E+0000         1
 41200   -0.39392219E+0001   -0.39392219E+0001    0.43182253E+0000         1
 41250   -0.39382645E+0001   -0.39382645E+0001    0.54239901E+0000         1
 41300   -0.39388358E+0001   -0.39388358E+0001    0.48312975E+0000         1
 41350   -0.39389603E+0001   -0.39389603E+0001    0.51106647E+0000         1
 41400   -0.39381144E+0001   -0.39381144E+0001    0.72961176E+0000         1
 41450   -0.39388217E+0001   -0.39388217E+0001    0.48647839E+0000         1
 41500   -0.39388596E+0001   -0.39388596E+0001    0.50477704E+0000         1
 41550   -0.39390877E+0001   -0.39390877E+0001    0.56050951E+0000         1
 41600   -0.39395087E+0001   -0.39395087E+0001    0.40616692E+0000         1
 41650   -0.39391019E+0001   -0.39391019E+0001    0.58076097E+0000         1
 41700   -0.39390341E+0001   -0.39390341E+0001    0.54357986E+0000         1
 41750   -0.39391163E+0001   -0.39391163E+0001    0.54142491E+0000         1
 41800   -0.39390749E+0001   -0.39390749E+0001    0.54746472E+0000         1
 41850   -0.39394701E+0001   -0.39394701E+0001    0.39078101E+0000         1
 41900   -0.39389168E+0001   -0.39389168E+0001    0.65386036E+0000         1
 41950   -0.39396154E+0001   -0.39396154E+0001    0.41920163E+0000         1
 42000   -0.39394704E+0001   -0.39394704E+0001    0.44627297E+0000         1
 42050   -0.39392645E+0001   -0.39392645E+0001    0.49447485E+0000         1
 42100   -0.39395311E+0001   -0.39395311E+0001    0.34801266E+0000         1
 42150   -0.39396660E+0001   -0.39396660E+0001    0.34591685E+0000         1
 42200   -0.39392095E+0001   -0.39392095E+0001    0.46980109E+0000         1
 42250   -0.39390910E+0001   -0.39390910E+0001    0.54732095E+0000         1
 42300   -0.39391838E+0001   -0.39391838E+0001    0.55621394E+0000         1
 42350   -0.39387329E+0001   -0.39387329E+0001    0.56451390E+0000         1
 42400   -0.39384367E+0001   -0.39384367E+0001    0.65391265E+0000         1
 42450   -0.39389061E+0001   -0.39389061E+0001    0.47554478E+0000         1
 42500   -0.39391293E+0001   -0.39391293E+0001    0.41417848E+0000         1
 42550   -0.39390455E+0001   -0.39390455E+0001    0.58251033E+0000         1
 42600   -0.39384210E+0001   -0.39384210E+0001    0.62806018E+0000         1
 42650   -0.39386458E+0001   -0.39386458E+0001    0.59708589E+0000         1
 42700   -0.39387707E+0001   -0.39387707E+0001    0.63256440E+0000         1
 42750   -0.39389019E+0001   -0.39389019E+0001    0.50550412E+0000         1
 42800   -0.39393404E+0001   -0.39393404E+0001    0.43902972E+0000         1
 42850   -0.39394444E+0001   -0.39394444E+0001    0.39944047E+0000         1
 42900   -0.39391134E+0001   -0.39391134E+0001    0.38872435E+0000         1
 42950   -0.39391726E+0001   -0.39391726E+0001    0.42365618E+0000         1
 43000   -0.39389034E+0001   -0.39389034E+0001    0.46618634E+0000         1
 43050   -0.39396558E+0001   -0.39396558E+0001    0.28384582E+0000         1
 43100   -0.39392636E+0001   -0.39392636E+0001    0.40457733E+0000         1
 43150   -0.39389963E+0001   -0.39389963E+0001    0.48659438E+0000         1
 43200   -0.39390258E+0001   -0.39390258E+0001    0.54479635E+0000         1
 43250   -0.39391740E+0001   -0.39391740E+0001    0.50292977E+0000         1
 43300   -0.39393752E+0001   -0.39393752E+0001    0.51262755E+0000         1
 43350   -0.39386895E+0001   -0.39386895E+0001    0.53544574E+0000         1
 43400   -0.39383694E+0001   -0.39383694E+0001    0.72567649E+0000         1
 43450   -0.39391004E+0001   -0.39391004E+0001    0.43257579E+0000         1
 43500   -0.39394415E+0001   -0.39394415E+0001    0.37529009E+0000         1
 43550   -0.39395145E+0001   -0.39395145E+0001    0.35180658E+0000         1
 43600   -0.39392490E+0001   -0.39392490E+0001    0.45607568E+0000         1
 43650   -0.39392964E+0001   -0.39392964E+0001    0.44335655E+0000         1
 43700   -0.39392414E+0001   -0.39392414E+0001    0.47736473E+0000         1
 43750   -0.39387557E+0001   -0.39387557E+0001    0.62481444E+0000         1
 43800   -0.39395203E+0001   -0.39395203E+0001    0.40555166E+0000         1
 43850   -0.39393911E+0001   -0.39393911E+0001    0.39947365E+0000         1
 43900   -0.39389264E+0001   -0.39389264E+0001    0.55466170E+0000         1
 43950   -0.39388148E+0001   -0.39388148E+0001    0.53655272E+0000         1
 44000   -0.39388488E+0001   -0.39388488E+0001    0.45483240E+0000         1
 44050   -0.39395285E+0001   -0.39395285E+0001    0.34657170E+0000         1
 44100   -0.39394244E+0001   -0.39394244E+0001    0.33660882E+0000         1
 44150   -0.39393499E+0001   -0.39393499E+0001    0.42550622E+0000         1
 44200   -0.39393687E+0001   -0.39393687E+0001    0.37153668E+0000         1
 44250   -0.39390475E+0001   -0.39390475E+0001    0.47770215E+0000         1
 44300   -0.39386231E+0001   -0.39386231E+0001    0.70537423E+0000         1
 44350   -0.39390332E+0001   -0.39390332E+0001    0.57455567E+0000         1
 44400   -0.39385040E+0001   -0.39385040E+0001    0.62343511E+0000         1
 44450   -0.39388130E+0001   -0.39388130E+0001    0.72075442E+0000         1
 44500   -0.39395124E+0001   -0.39395124E+0001    0.42267961E+0000         1
 44550   -0.39392682E+0001   -0.39392682E+0001    0.46645971E+0000         1
 44600   -0.39396475E+0001   -0.39396475E+0001    0.37956811E+0000         1
 44650   -0.39391560E+0001   -0.39391560E+0001    0.54871910E+0000         1
 44700   -0.39390234E+0001   -0.39390234E+0001    0.51420835E+0000         1
 44750   -0.39394431E+0001   -0.39394431E+0001    0.41150302E+0000         1
 44800   -0.39392755E+0001   -0.39392755E+0001    0.42639028E+0000         1
 44850   -0.39391958E+0001   -0.39391958E+0001    0.42106950E+0000         1
 44900   -0.39390127E+0001   -0.39390127E+0001    0.46354948E+0000         1
 44950   -0.39390184E+0001   -0.39390184E+0001    0.48997694E+0000         1
 45000   -0.39386139E+0001   -0.39386139E+0001    0.60985282E+0000         1
 45050   -0.39391690E+0001   -0.39391690E+0001    0.46879582E+0000         1
 45100   -0.39388380E+0001   -0.39388380E+0001    0.56799363E+0000         1
 45150   -0.39392430E+0001   -0.39392430E+0001    0.44359795E+0000         1
 45200   -0.39395171E+0001   -0.39395171E+0001    0.32237216E+0000         1
 45250   -0.39392867E+0001   -0.39392867E+0001    0.35840581E+0000         1
 45300   -0.39393402E+0001   -0.39393402E+0001    0.39796258E+0000         1
 45350   -0.39390035E+0001   -0.39390035E+0001    0.54975843E+0000         1
 45400   -0.39385295E+0001   -0.39385295E+0001    0.66912677E+0000         1
 45450   -0.39380266E+0001   -0.39380266E+0001    0.71719001E+0000         1
 45500   -0.39383834E+0001   -0.39383834E+0001    0.61728756E+0000         1
 45550   -0.39391617E+0001   -0.39391617E+0001    0.45880407E+0000         1
 45600   -0.39392126E+0001   -0.39392126E+0001    0.39750260E+0000         1
 45650   -0.39390357E+0001   -0.39390357E+0001    0.47161751E+0000         1
 45700   -0.39377663E+0001   -0.39377663E+0001    0.70926093E+0000         1
 45750   -0.39378771E+0001   -0.39378771E+0001    0.78478948E+0000         1
 45800   -0.39388045E+0001   -0.39388045E+0001    0.54335493E+0000         1
 45850   -0.39390952E+0001   -0.39390952E+0001    0.47392805E+0000         1
 45900   -0.39387306E+0001   -0.39387306E+0001    0.65211954E+0000         1
 45950   -0.39388156E+0001   -0.39388156E+0001    0.47460973E+0000         1
 46000   -0.39385026E+0001   -0.39385026E+0001    0.69893940E+0000         1
 46050   -0.39390181E+0001   -0.39390181E+0001    0.48623565E+0000         1
 46100   -0.39390002E+0001   -0.39390002E+0001    0.49237230E+0000         1
 46150   -0.39395569E+0001   -0.39395569E+0001    0.31108813E+0000         1
 46200   -0.39391882E+0001   -0.39391882E+0001    0.63166127E+0000         1
 46250   -0.39394228E+0001   -0.39394228E+0001    0.46514160E+0000         1
 46300   -0.39388632E+0001   -0.39388632E+0001    0.58033381E+0000         1
 46350   -0.39397465E+0001   -0.39397465E+0001    0.30928575E+0000         1
 46400   -0.39390564E+0001   -0.39390564E+0001    0.54211663E+0000         1
 46450   -0.39390982E+0001   -0.39390982E+0001    0.57213902E+0000         1
 46500   -0.39394132E+0001   -0.39394132E+0001    0.44657332E+0000         1
 46550   -0.39396563E+0001   -0.39396563E+0001    0.39474062E+0000         1
 46600   -0.39394761E+0001   -0.39394761E+0001    0.42110028E+0000         1
 46650   -0.39393915E+0001   -0.39393915E+0001    0.45691241E+0000         1
 46700   -0.39390377E+0001   -0.39390377E+0001    0.61321676E+0000         1
 46750   -0.39392246E+0001   -0.39392246E+0001    0.45746272E+0000         1
 46800   -0.39390179E+0001   -0.39390179E+0001    0.48003428E+0000         1
 46850   -0.39389276E+0001   -0.39389276E+0001    0.54558611E+0000         1
 46900   -0.39390038E+0001   -0.39390038E+0001    0.51788665E+0000         1
 46950   -0.39386253E+0001   -0.39386253E+0001    0.58146852E+0000         1
 47000   -0.39387810E+0001   -0.39387810E+0001    0.53578305E+0000         1
 47050   -0.39389833E+0001   -0.39389833E+0001    0.52215816E+0000         1
 47100   -0.39391205E+0001   -0.39391205E+0001    0.45679708E+0000         1
 47150   -0.39390617E+0001   -0.39390617E+0001    0.41535743E+0000         1
 47200   -0.39387105E+0001   -0.39387105E+0001    0.57905801E+0000         1
 47250   -0.39385071E+0001   -0.39385071E+0001    0.58673765E+0000         1
 47300   -0.39391398E+0001   -0.39391398E+0001    0.47769583E+0000         1
 47350   -0.39395770E+0001   -0.39395770E+0001    0.40845608E+0000         1
 47400   -0.39393210E+0001   -0.39393210E+0001    0.47314837E+0000         1
 47450   -0.39396608E+0001   -0.39396608E+0001    0.32142814E+0000         1
 47500   -0.39394322E+0001   -0.39394322E+0001    0.41703150E+0000         1
 47550   -0.39395792E+0001   -0.39395792E+0001    0.35059085E+0000         1
 47600   -0.39391294E+0001   -0.39391294E+0001    0.56162056E+0000         1
 47650   -0.39385887E+0001   -0.39385887E+0001    0.70712263E+0000         1
 47700   -0.39389493E+0001   -0.39389493E+0001    0.60731197E+0000         1
 47750   -0.39387583E+0001   -0.39387583E+0001    0.69189705E+0000         1
 47800   -0.39385612E+0001   -0.39385612E+0001    0.79159174E+0000         1
 47850   -0.39389081E+0001   -0.39389081E+0001    0.60148142E+0000         1
 47900   -0.39390206E+0001   -0.39390206E+0001    0.53448709E+0000         1
 47950   -0.39378568E+0001   -0.39378568E+0001    0.77046880E+0000         1
 48000   -0.39386698E+0001   -0.39386698E+0001    0.59957444E+0000         1
