     1   -0.39239518E+0001   -0.39245628E+0001    0.19845005E+0001     12005
    50   -0.39244176E+0001   -0.39293617E+0001    0.15643845E+0001     12470
   100   -0.39281039E+0001   -0.39324714E+0001    0.13129614E+0001     12685
   150   -0.39310345E+0001   -0.39355584E+0001    0.96128748E+0000     13536
   200   -0.39337106E+0001   -0.39370634E+0001    0.73934578E+0000     14225
   250   -0.39357295E+0001   -0.39382215E+0001    0.63904156E+0000     14743
   300   -0.39367918E+0001   -0.39387657E+0001    0.55208546E+0000     15272
   350   -0.39375380E+0001   -0.39392543E+0001    0.38206033E+0000     15633
   400   -0.39381364E+0001   -0.39396408E+0001    0.35863724E+0000     15735
     1   -0.39239468E+0001   -0.39245469E+0001    0.19845005E+0001     12008
    50   -0.39239933E+0001   -0.39295987E+0001    0.15320051E+0001     12435
   100   -0.39279768E+0001   -0.39326830E+0001    0.12340456E+0001     12981
   150   -0.39305912E+0001   -0.39349663E+0001    0.10365201E+0001     13435
   200   -0.39323920E+0001   -0.39367096E+0001    0.83209302E+0000     14058
   250   -0.39341552E+0001   -0.39378234E+0001    0.65863878E+0000     14496
   300   -0.39355728E+0001   -0.39384614E+0001    0.64053341E+0000     14930
   350   -0.39368484E+0001   -0.39389189E+0001    0.52859277E+0000     15169
   400   -0.39378283E+0001   -0.39393005E+0001    0.46016582E+0000     15569
     1   -0.39239363E+0001   -0.39246238E+0001    0.19845005E+0001     11994
    50   -0.39236925E+0001   -0.39292049E+0001    0.15296222E+0001     12334
   100   -0.39277035E+0001   -0.39323492E+0001    0.12567783E+0001     12980
   150   -0.39304193E+0001   -0.39342007E+0001    0.10934248E+0001     13632
   200   -0.39322233E+0001   -0.39358811E+0001    0.93485455E+0000     14162
   250   -0.39338603E+0001   -0.39375060E+0001    0.71636687E+0000     14592
   300   -0.39355019E+0001   -0.39385618E+0001    0.52818850E+0000     15023
   350   -0.39372503E+0001   -0.39390559E+0001    0.46591989E+0000     15573
   400   -0.39380189E+0001   -0.39393035E+0001    0.43582075E+0000     15787
     1   -0.39239280E+0001   -0.39246667E+0001    0.19845005E+0001     11987
    50   -0.39231846E+0001   -0.39298205E+0001    0.14986753E+0001     12339
   100   -0.39280471E+0001   -0.39327694E+0001    0.12021428E+0001     13473
   150   -0.39306080E+0001   -0.39347291E+0001    0.98406673E+0000     14081
   200   -0.39324550E+0001   -0.39359021E+0001    0.82365081E+0000     14571
   250   -0.39339255E+0001   -0.39369143E+0001    0.77154758E+0000     15282
   300   -0.39350099E+0001   -0.39375915E+0001    0.64196171E+0000     15583
   350   -0.39358557E+0001   -0.39382662E+0001    0.61115446E+0000     15942
   400   -0.39365916E+0001   -0.39385275E+0001    0.57526291E+0000     16297
     1   -0.39239237E+0001   -0.39245822E+0001    0.19845005E+0001     11995
    50   -0.39226931E+0001   -0.39283002E+0001    0.16486348E+0001     12212
   100   -0.39259656E+0001   -0.39310584E+0001    0.14367331E+0001     13357
   150   -0.39282088E+0001   -0.39325428E+0001    0.11982439E+0001     14117
   200   -0.39301108E+0001   -0.39357543E+0001    0.95417558E+0000     14921
   250   -0.39323828E+0001   -0.39373058E+0001    0.71802634E+0000     15397
   300   -0.39355019E+0001   -0.39380409E+0001    0.64518876E+0000     16038
   350   -0.39363358E+0001   -0.39388322E+0001    0.54367026E+0000     16393
   400   -0.39370204E+0001   -0.39391736E+0001    0.49804678E+0000     16755
     1   -0.39239154E+0001   -0.39245744E+0001    0.19845005E+0001     11996
    50   -0.39223246E+0001   -0.39284323E+0001    0.16527683E+0001     12426
   100   -0.39251492E+0001   -0.39308893E+0001    0.13890431E+0001     13085
   150   -0.39284885E+0001   -0.39329875E+0001    0.12066477E+0001     13925
   200   -0.39304151E+0001   -0.39351243E+0001    0.10085400E+0001     14454
   250   -0.39324108E+0001   -0.39360055E+0001    0.85015793E+0000     14987
   300   -0.39334898E+0001   -0.39367639E+0001    0.78203421E+0000     15637
   350   -0.39345374E+0001   -0.39371841E+0001    0.69659131E+0000     16205
   400   -0.39354715E+0001   -0.39381242E+0001    0.66750216E+0000     16435
     1   -0.39239097E+0001   -0.39246067E+0001    0.19845005E+0001     11979
    50   -0.39219209E+0001   -0.39276870E+0001    0.17287828E+0001     12526
   100   -0.39237006E+0001   -0.39294278E+0001    0.15452178E+0001     13081
   150   -0.39257964E+0001   -0.39310606E+0001    0.14161470E+0001     13726
   200   -0.39269843E+0001   -0.39319708E+0001    0.12910954E+0001     14603
   250   -0.39279393E+0001   -0.39333403E+0001    0.11348643E+0001     15170
   300   -0.39293647E+0001   -0.39338511E+0001    0.10724283E+0001     15939
   350   -0.39303408E+0001   -0.39351500E+0001    0.95732982E+0000     16379
   400   -0.39319964E+0001   -0.39357745E+0001    0.84735655E+0000     17110
     1   -0.39239030E+0001   -0.39247879E+0001    0.19845005E+0001     12004
    50   -0.39214798E+0001   -0.39268231E+0001    0.16788905E+0001     12273
   100   -0.39242000E+0001   -0.39297176E+0001    0.14227406E+0001     13177
   150   -0.39261260E+0001   -0.39312851E+0001    0.13223740E+0001     13888
   200   -0.39277039E+0001   -0.39330226E+0001    0.11911648E+0001     14563
   250   -0.39301834E+0001   -0.39345572E+0001    0.10153400E+0001     15065
   300   -0.39321660E+0001   -0.39357917E+0001    0.87595662E+0000     15554
   350   -0.39332884E+0001   -0.39366408E+0001    0.80153696E+0000     16096
   400   -0.39342583E+0001   -0.39371981E+0001    0.74489077E+0000     16563
     1   -0.39239008E+0001   -0.39246330E+0001    0.19845005E+0001     11991
    50   -0.39213327E+0001   -0.39277580E+0001    0.15820032E+0001     12423
   100   -0.39239595E+0001   -0.39295834E+0001    0.14638667E+0001     13820
   150   -0.39260610E+0001   -0.39309399E+0001    0.13259182E+0001     14584
   200   -0.39275652E+0001   -0.39317295E+0001    0.12051859E+0001     14988
   250   -0.39291388E+0001   -0.39332614E+0001    0.10665991E+0001     15683
   300   -0.39305431E+0001   -0.39342433E+0001    0.98409030E+0000     16455
   350   -0.39314441E+0001   -0.39347134E+0001    0.85534027E+0000     16780
   400   -0.39321080E+0001   -0.39348280E+0001    0.88882037E+0000     17240
     1   -0.39238911E+0001   -0.39245490E+0001    0.19845005E+0001     12007
    50   -0.39208855E+0001   -0.39263904E+0001    0.17526744E+0001     12192
   100   -0.39218879E+0001   -0.39283256E+0001    0.15929091E+0001     12888
   150   -0.39224267E+0001   -0.39284085E+0001    0.15518578E+0001     13635
   200   -0.39224943E+0001   -0.39293878E+0001    0.13185083E+0001     14301
   250   -0.39249979E+0001   -0.39305403E+0001    0.12537792E+0001     14888
   300   -0.39261009E+0001   -0.39311336E+0001    0.12089362E+0001     15337
   350   -0.39270322E+0001   -0.39317004E+0001    0.11980005E+0001     15707
   400   -0.39277547E+0001   -0.39319419E+0001    0.11350438E+0001     16255
     1   -0.39238902E+0001   -0.39246620E+0001    0.19845005E+0001     11999
    50   -0.39207164E+0001   -0.39268998E+0001    0.17796996E+0001     12349
   100   -0.39227243E+0001   -0.39288980E+0001    0.15401730E+0001     12896
   150   -0.39253449E+0001   -0.39308961E+0001    0.13007943E+0001     13549
   200   -0.39268149E+0001   -0.39320618E+0001    0.11988296E+0001     14001
   250   -0.39285259E+0001   -0.39329337E+0001    0.10898882E+0001     14787
   300   -0.39300252E+0001   -0.39340238E+0001    0.99589869E+0000     15278
   350   -0.39313584E+0001   -0.39349418E+0001    0.99644134E+0000     15565
   400   -0.39320494E+0001   -0.39352225E+0001    0.92482708E+0000     16075
     1   -0.39238867E+0001   -0.39245535E+0001    0.19845005E+0001     12007
    50   -0.39204935E+0001   -0.39264561E+0001    0.17547499E+0001     12232
   100   -0.39233493E+0001   -0.39290394E+0001    0.14200435E+0001     13334
   150   -0.39252125E+0001   -0.39313169E+0001    0.12725942E+0001     14598
   200   -0.39268529E+0001   -0.39321437E+0001    0.12034226E+0001     15439
   250   -0.39281655E+0001   -0.39328368E+0001    0.11366430E+0001     15805
   300   -0.39292347E+0001   -0.39340299E+0001    0.10546435E+0001     15866
   350   -0.39303799E+0001   -0.39348014E+0001    0.98073668E+0000     16930
   400   -0.39312584E+0001   -0.39355612E+0001    0.86888169E+0000     17321
     1   -0.39238798E+0001   -0.39246730E+0001    0.19845005E+0001     12011
    50   -0.39203009E+0001   -0.39264711E+0001    0.17713097E+0001     12408
   100   -0.39210131E+0001   -0.39271018E+0001    0.16723136E+0001     13592
   150   -0.39214536E+0001   -0.39275963E+0001    0.16498719E+0001     14014
   200   -0.39215495E+0001   -0.39272009E+0001    0.15742925E+0001     15036
   250   -0.39219899E+0001   -0.39276414E+0001    0.14268964E+0001     16053
   300   -0.39229335E+0001   -0.39284469E+0001    0.13064467E+0001     17013
   350   -0.39231054E+0001   -0.39282430E+0001    0.12766981E+0001     17571
   400   -0.39235117E+0001   -0.39287420E+0001    0.12712148E+0001     18164
     1   -0.39238766E+0001   -0.39246006E+0001    0.19845005E+0001     11999
    50   -0.39201030E+0001   -0.39268281E+0001    0.17775242E+0001     12299
   100   -0.39211297E+0001   -0.39281477E+0001    0.16798412E+0001     13075
   150   -0.39234009E+0001   -0.39287806E+0001    0.15018397E+0001     14139
   200   -0.39252915E+0001   -0.39309157E+0001    0.13445326E+0001     15224
   250   -0.39263589E+0001   -0.39311251E+0001    0.12840101E+0001     15915
   300   -0.39270396E+0001   -0.39323764E+0001    0.12858506E+0001     16324
   350   -0.39274459E+0001   -0.39330160E+0001    0.11236616E+0001     16866
   400   -0.39289444E+0001   -0.39339881E+0001    0.10532167E+0001     17548
     1   -0.39238745E+0001   -0.39245974E+0001    0.19845005E+0001     11997
    50   -0.39199248E+0001   -0.39269966E+0001    0.17581166E+0001     12293
   100   -0.39214207E+0001   -0.39285468E+0001    0.15722722E+0001     13105
   150   -0.39242952E+0001   -0.39297085E+0001    0.15192305E+0001     14234
   200   -0.39245337E+0001   -0.39297856E+0001    0.14363879E+0001     14964
   250   -0.39250264E+0001   -0.39307687E+0001    0.14368468E+0001     15847
   300   -0.39257965E+0001   -0.39308087E+0001    0.13617886E+0001     16253
   350   -0.39266940E+0001   -0.39315587E+0001    0.12508877E+0001     17606
   400   -0.39275419E+0001   -0.39323154E+0001    0.12085203E+0001     18707
     1   -0.39238759E+0001   -0.39246073E+0001    0.19845005E+0001     12001
    50   -0.39197162E+0001   -0.39274089E+0001    0.17907293E+0001     12294
   100   -0.39215333E+0001   -0.39291830E+0001    0.15397360E+0001     13094
   150   -0.39252818E+0001   -0.39300589E+0001    0.14042864E+0001     14256
   200   -0.39254775E+0001   -0.39311744E+0001    0.13746350E+0001     14794
   250   -0.39260551E+0001   -0.39311024E+0001    0.12953343E+0001     15568
   300   -0.39263700E+0001   -0.39322952E+0001    0.11624754E+0001     16382
   350   -0.39281767E+0001   -0.39334050E+0001    0.10673680E+0001     17440
   400   -0.39297686E+0001   -0.39337569E+0001    0.10230674E+0001     18099
     1   -0.39238796E+0001   -0.39245880E+0001    0.19845005E+0001     11989
    50   -0.39196830E+0001   -0.39264500E+0001    0.17896970E+0001     12569
   100   -0.39210143E+0001   -0.39276390E+0001    0.16829620E+0001     13518
   150   -0.39220229E+0001   -0.39295159E+0001    0.15628306E+0001     14267
   200   -0.39234763E+0001   -0.39299103E+0001    0.15106114E+0001     15077
   250   -0.39241457E+0001   -0.39306072E+0001    0.13504966E+0001     15683
   300   -0.39247726E+0001   -0.39297388E+0001    0.13859605E+0001     16736
   350   -0.39241491E+0001   -0.39291665E+0001    0.12737524E+0001     17091
   400   -0.39245317E+0001   -0.39300191E+0001    0.12357712E+0001     17851
     1   -0.39238712E+0001   -0.39247976E+0001    0.19845005E+0001     12001
    50   -0.39194935E+0001   -0.39261774E+0001    0.18039832E+0001     12382
   100   -0.39203239E+0001   -0.39267914E+0001    0.17141436E+0001     13594
   150   -0.39206183E+0001   -0.39260913E+0001    0.17003324E+0001     14535
   200   -0.39200392E+0001   -0.39262527E+0001    0.16240329E+0001     15322
   250   -0.39199477E+0001   -0.39264086E+0001    0.15865390E+0001     16019
   300   -0.39199643E+0001   -0.39255656E+0001    0.15413218E+0001     16900
   350   -0.39202777E+0001   -0.39252024E+0001    0.15333985E+0001     17984
   400   -0.39190211E+0001   -0.39261235E+0001    0.14666007E+0001     18540
   450   -0.39192786E+0001   -0.39258079E+0001    0.14579711E+0001     19292
   500   -0.39195545E+0001   -0.39254784E+0001    0.14734728E+0001     19911
   550   -0.39189197E+0001   -0.39257675E+0001    0.14707534E+0001     20781
   600   -0.39183289E+0001   -0.39260164E+0001    0.13830805E+0001     21957
   650   -0.39189133E+0001   -0.39266643E+0001    0.14119555E+0001     22786
   700   -0.39194496E+0001   -0.39262713E+0001    0.14148845E+0001     23633
   750   -0.39192083E+0001   -0.39255999E+0001    0.14297206E+0001     24282
   800   -0.39190383E+0001   -0.39249541E+0001    0.14763054E+0001     25495
   850   -0.39183864E+0001   -0.39247522E+0001    0.14504217E+0001     26274
   900   -0.39184139E+0001   -0.39244840E+0001    0.14607011E+0001     27354
   950   -0.39175682E+0001   -0.39240129E+0001    0.14811061E+0001     28496
  1000   -0.39165107E+0001   -0.39234200E+0001    0.14672003E+0001     29461
  1050   -0.39152582E+0001   -0.39236998E+0001    0.15100222E+0001     29954
  1100   -0.39142245E+0001   -0.39210299E+0001    0.15113308E+0001     31095
  1150   -0.39139755E+0001   -0.39214447E+0001    0.14936806E+0001     32151
  1200   -0.39130867E+0001   -0.39196640E+0001    0.15576385E+0001     33534
  1250   -0.39117806E+0001   -0.39186996E+0001    0.15652162E+0001     34577
  1300   -0.39103816E+0001   -0.39176389E+0001    0.15886803E+0001     35597
  1350   -0.39089990E+0001   -0.39183213E+0001    0.14574241E+0001     36611
  1400   -0.39098032E+0001   -0.39192969E+0001    0.14637306E+0001     38020
  1450   -0.39126238E+0001   -0.39191373E+0001    0.14791213E+0001     39875
  1500   -0.39108647E+0001   -0.39187862E+0001    0.14152879E+0001     41235
  1550   -0.39101389E+0001   -0.39190860E+0001    0.14133851E+0001     42358
  1600   -0.39102815E+0001   -0.39182096E+0001    0.14653665E+0001     43927
  1601   -0.39104645E+0001   -0.39104645E+0001    0.16111157E+0001     12000
  1650   -0.39141778E+0001   -0.39188018E+0001    0.14178065E+0001     12019
  1700   -0.39118219E+0001   -0.39181541E+0001    0.14523093E+0001     12216
  1750   -0.39103016E+0001   -0.39178368E+0001    0.14766343E+0001     12369
  1800   -0.39089835E+0001   -0.39170930E+0001    0.14859529E+0001     12662
  1850   -0.39078382E+0001   -0.39158854E+0001    0.14569529E+0001     12818
  1900   -0.39078301E+0001   -0.39151590E+0001    0.14288111E+0001     12987
  1950   -0.39079731E+0001   -0.39140983E+0001    0.14663214E+0001     13540
  2000   -0.39065329E+0001   -0.39137142E+0001    0.14676172E+0001     13902
  2050   -0.39044922E+0001   -0.39125180E+0001    0.15533006E+0001     14273
  2100   -0.39021538E+0001   -0.39113128E+0001    0.15674832E+0001     15084
  2150   -0.38990441E+0001   -0.39076492E+0001    0.15725276E+0001     15532
  2200   -0.38962820E+0001   -0.39058543E+0001    0.15696807E+0001     15739
  2250   -0.38935902E+0001   -0.39040073E+0001    0.15824214E+0001     16204
  2300   -0.38903602E+0001   -0.39015503E+0001    0.15901943E+0001     16859
  2350   -0.38874690E+0001   -0.38967316E+0001    0.16269108E+0001     17242
  2400   -0.38843685E+0001   -0.38946454E+0001    0.16189717E+0001     17700
  2450   -0.38811203E+0001   -0.38911127E+0001    0.16344605E+0001     18335
  2500   -0.38779328E+0001   -0.38888466E+0001    0.16659536E+0001     19070
  2550   -0.38746935E+0001   -0.38876095E+0001    0.16363152E+0001     19678
  2600   -0.38712014E+0001   -0.38848665E+0001    0.16721147E+0001     19812
  2650   -0.38681738E+0001   -0.38809654E+0001    0.16911695E+0001     20238
  2700   -0.38657408E+0001   -0.38776395E+0001    0.16912901E+0001     20938
  2750   -0.38621408E+0001   -0.38753947E+0001    0.16775223E+0001     21280
  2800   -0.38582801E+0001   -0.38744077E+0001    0.16835505E+0001     21713
  2850   -0.38530390E+0001   -0.38722177E+0001    0.16819545E+0001     22200
  2900   -0.38455725E+0001   -0.38700614E+0001    0.16599288E+0001     22798
  2950   -0.38384267E+0001   -0.38648705E+0001    0.16448367E+0001     23181
  3000   -0.38324136E+0001   -0.38560661E+0001    0.16545852E+0001     23802
  3050   -0.38280883E+0001   -0.38509470E+0001    0.16376147E+0001     24598
  3100   -0.38250820E+0001   -0.38467133E+0001    0.16048353E+0001     25444
  3150   -0.38217634E+0001   -0.38380348E+0001    0.16044154E+0001     26238
  3200   -0.38186520E+0001   -0.38348468E+0001    0.15789902E+0001     26840
  3201   -0.38188265E+0001   -0.38188265E+0001    0.15718039E+0001     12000
  3250   -0.38224181E+0001   -0.38284740E+0001    0.15633390E+0001     11989
  3300   -0.38184749E+0001   -0.38249822E+0001    0.15752203E+0001     12110
  3350   -0.38145266E+0001   -0.38227621E+0001    0.15565298E+0001     12247
  3400   -0.38105042E+0001   -0.38189891E+0001    0.15409855E+0001     12309
  3450   -0.38064348E+0001   -0.38163116E+0001    0.14969123E+0001     12598
  3500   -0.38019316E+0001   -0.38118177E+0001    0.14955256E+0001     13189
  3550   -0.37971866E+0001   -0.38094791E+0001    0.14794399E+0001     13644
  3600   -0.37923039E+0001   -0.38074289E+0001    0.14647450E+0001     13939
  3650   -0.37880406E+0001   -0.38036822E+0001    0.14333983E+0001     14494
  3700   -0.37840423E+0001   -0.38000979E+0001    0.14132731E+0001     14749
  3750   -0.37801819E+0001   -0.37971172E+0001    0.14033027E+0001     14933
  3800   -0.37764574E+0001   -0.37936731E+0001    0.13807428E+0001     15458
  3850   -0.37724729E+0001   -0.37915014E+0001    0.13654816E+0001     16075
  3900   -0.37686782E+0001   -0.37884286E+0001    0.13220799E+0001     16782
  3950   -0.37652452E+0001   -0.37828699E+0001    0.13242258E+0001     17208
  4000   -0.37625442E+0001   -0.37766242E+0001    0.13036820E+0001     17593
  4050   -0.37600660E+0001   -0.37739978E+0001    0.12872203E+0001     17773
  4100   -0.37574738E+0001   -0.37688291E+0001    0.12667144E+0001     18223
  4150   -0.37550867E+0001   -0.37660281E+0001    0.12434568E+0001     18724
  4200   -0.37528906E+0001   -0.37625123E+0001    0.12305827E+0001     19190
  4250   -0.37503903E+0001   -0.37609352E+0001    0.12148256E+0001     19428
  4300   -0.37476846E+0001   -0.37579287E+0001    0.12272050E+0001     19994
  4350   -0.37450815E+0001   -0.37557827E+0001    0.11903600E+0001     20735
  4400   -0.37425211E+0001   -0.37519795E+0001    0.11807719E+0001     21090
  4450   -0.37401837E+0001   -0.37505168E+0001    0.11503376E+0001     21510
  4500   -0.37380813E+0001   -0.37483215E+0001    0.11211947E+0001     22041
  4550   -0.37359756E+0001   -0.37463398E+0001    0.11091260E+0001     22524
  4600   -0.37338009E+0001   -0.37444836E+0001    0.10769534E+0001     23068
  4650   -0.37318083E+0001   -0.37417810E+0001    0.10697068E+0001     23335
  4700   -0.37299983E+0001   -0.37395754E+0001    0.10681095E+0001     23845
  4750   -0.37285144E+0001   -0.37348434E+0001    0.10581043E+0001     24447
  4800   -0.37271940E+0001   -0.37346672E+0001    0.10438482E+0001     25129
  4801   -0.37272661E+0001   -0.37272661E+0001    0.10140055E+0001     12000
  4850   -0.37288044E+0001   -0.37324445E+0001    0.10177770E+0001     12006
  4900   -0.37272884E+0001   -0.37313538E+0001    0.10186703E+0001     12192
  4950   -0.37258055E+0001   -0.37310343E+0001    0.10153388E+0001     12451
  5000   -0.37244141E+0001   -0.37299460E+0001    0.99021058E+0000     12694
  5050   -0.37231152E+0001   -0.37290973E+0001    0.94643132E+0000     13166
  5100   -0.37218946E+0001   -0.37280894E+0001    0.97752277E+0000     13382
  5150   -0.37206639E+0001   -0.37276173E+0001    0.96763764E+0000     13485
  5200   -0.37195273E+0001   -0.37277122E+0001    0.96575947E+0000     13753
  5250   -0.37178418E+0001   -0.37255776E+0001    0.96627131E+0000     13939
  5300   -0.37161593E+0001   -0.37236591E+0001    0.93454222E+0000     14343
  5350   -0.37146356E+0001   -0.37235259E+0001    0.93094728E+0000     14489
  5400   -0.37134196E+0001   -0.37227036E+0001    0.91012719E+0000     14781
  5450   -0.37123295E+0001   -0.37208658E+0001    0.89897234E+0000     14863
  5500   -0.37112712E+0001   -0.37197623E+0001    0.87351124E+0000     15236
  5550   -0.37106558E+0001   -0.37191372E+0001    0.87405132E+0000     15656
  5600   -0.37102594E+0001   -0.37165271E+0001    0.83960470E+0000     15895
  5650   -0.37096899E+0001   -0.37172833E+0001    0.85340737E+0000     16402
  5700   -0.37090540E+0001   -0.37170913E+0001    0.78483417E+0000     16810
  5750   -0.37082731E+0001   -0.37162971E+0001    0.81271016E+0000     16976
  5800   -0.37073344E+0001   -0.37157288E+0001    0.78817630E+0000     17297
  5850   -0.37064623E+0001   -0.37140216E+0001    0.77697604E+0000     17718
  5900   -0.37054819E+0001   -0.37137566E+0001    0.74299624E+0000     18127
  5950   -0.37045133E+0001   -0.37115466E+0001    0.74700067E+0000     18665
  6000   -0.37036414E+0001   -0.37102556E+0001    0.71805410E+0000     18802
  6050   -0.37027754E+0001   -0.37090094E+0001    0.68213200E+0000     18966
  6100   -0.37018256E+0001   -0.37078943E+0001    0.66520755E+0000     19321
  6150   -0.37008404E+0001   -0.37064421E+0001    0.65388370E+0000     19477
  6200   -0.36999619E+0001   -0.37053713E+0001    0.64622363E+0000     19891
  6250   -0.36992778E+0001   -0.37048427E+0001    0.63614961E+0000     20016
  6300   -0.36987523E+0001   -0.37035640E+0001    0.61394973E+0000     20425
  6350   -0.36982202E+0001   -0.37023177E+0001    0.63117416E+0000     20892
  6400   -0.36977184E+0001   -0.37013511E+0001    0.64132198E+0000     21098
  6401   -0.36977418E+0001   -0.36977418E+0001    0.57101425E+0000     12000
  6450   -0.36982393E+0001   -0.37000270E+0001    0.56804681E+0000     12008
  6500   -0.36978198E+0001   -0.36999914E+0001    0.59796281E+0000     12107
  6550   -0.36974052E+0001   -0.36999999E+0001    0.60214168E+0000     12335
  6600   -0.36970105E+0001   -0.36996322E+0001    0.57068024E+0000     12359
  6650   -0.36966352E+0001   -0.36997612E+0001    0.60353515E+0000     12876
  6700   -0.36963199E+0001   -0.36992804E+0001    0.59395895E+0000     13178
  6750   -0.36960338E+0001   -0.36989123E+0001    0.63789095E+0000     13507
  6800   -0.36956351E+0001   -0.36993495E+0001    0.60762083E+0000     13741
  6850   -0.36951893E+0001   -0.36985633E+0001    0.58373802E+0000     14149
  6900   -0.36947416E+0001   -0.36986981E+0001    0.54301318E+0000     14345
  6950   -0.36944677E+0001   -0.36989860E+0001    0.58712069E+0000     14826
  7000   -0.36942957E+0001   -0.36981796E+0001    0.53409619E+0000     15100
  7050   -0.36940185E+0001   -0.36977627E+0001    0.51624915E+0000     15438
  7100   -0.36938243E+0001   -0.36971840E+0001    0.52463997E+0000     15912
  7150   -0.36938005E+0001   -0.36970051E+0001    0.47125678E+0000     16302
  7200   -0.36938080E+0001   -0.36958024E+0001    0.46985593E+0000     16302
  7250   -0.36937032E+0001   -0.36962627E+0001    0.52415926E+0000     16855
  7300   -0.36935647E+0001   -0.36958834E+0001    0.49034428E+0000     17048
  7350   -0.36934619E+0001   -0.36961492E+0001    0.46275341E+0000     17251
  7400   -0.36933501E+0001   -0.36955359E+0001    0.46999168E+0000     17645
  7450   -0.36931905E+0001   -0.36954699E+0001    0.50036401E+0000     17687
  7500   -0.36929666E+0001   -0.36955603E+0001    0.47724302E+0000     17836
  7550   -0.36927287E+0001   -0.36949647E+0001    0.46496146E+0000     18404
  7600   -0.36925260E+0001   -0.36948118E+0001    0.46328649E+0000     18878
  7650   -0.36922759E+0001   -0.36947477E+0001    0.48540466E+0000     18940
  7700   -0.36920151E+0001   -0.36946456E+0001    0.40335074E+0000     19482
  7750   -0.36917834E+0001   -0.36946196E+0001    0.36823764E+0000     19743
  7800   -0.36915123E+0001   -0.36942567E+0001    0.42322503E+0000     20352
  7850   -0.36912601E+0001   -0.36938917E+0001    0.37188160E+0000     20782
  7900   -0.36909985E+0001   -0.36940410E+0001    0.39168760E+0000     21197
  7950   -0.36907576E+0001   -0.36930200E+0001    0.43873410E+0000     21449
  8000   -0.36905220E+0001   -0.36934084E+0001    0.38223570E+0000     21638
  8001   -0.36905276E+0001   -0.36905276E+0001    0.29278581E+0000     12000
  8050   -0.36906612E+0001   -0.36913372E+0001    0.30860413E+0000     11983
  8100   -0.36905610E+0001   -0.36916118E+0001    0.36663398E+0000     11872
  8150   -0.36904660E+0001   -0.36915587E+0001    0.35340373E+0000     11953
  8200   -0.36903613E+0001   -0.36915578E+0001    0.33028452E+0000     12188
  8250   -0.36902401E+0001   -0.36913264E+0001    0.37344962E+0000     12160
  8300   -0.36900901E+0001   -0.36911072E+0001    0.36331158E+0000     12377
  8350   -0.36899404E+0001   -0.36913562E+0001    0.36908796E+0000     12650
  8400   -0.36898163E+0001   -0.36914635E+0001    0.35024619E+0000     12788
  8450   -0.36896877E+0001   -0.36910106E+0001    0.35902467E+0000     12941
  8500   -0.36895782E+0001   -0.36913676E+0001    0.40121677E+0000     13117
  8550   -0.36894677E+0001   -0.36914363E+0001    0.41462013E+0000     13335
  8600   -0.36893559E+0001   -0.36912592E+0001    0.38784155E+0000     13672
  8650   -0.36892004E+0001   -0.36907541E+0001    0.37154634E+0000     14008
  8700   -0.36890192E+0001   -0.36911777E+0001    0.37636925E+0000     14384
  8750   -0.36888639E+0001   -0.36913428E+0001    0.37383037E+0000     14766
  8800   -0.36886788E+0001   -0.36915397E+0001    0.39865942E+0000     14873
  8850   -0.36885378E+0001   -0.36915478E+0001    0.34188673E+0000     15011
  8900   -0.36883949E+0001   -0.36913965E+0001    0.35715814E+0000     15143
  8950   -0.36882462E+0001   -0.36913662E+0001    0.35735836E+0000     15176
  9000   -0.36881442E+0001   -0.36917823E+0001    0.38827628E+0000     15422
  9050   -0.36880594E+0001   -0.36914515E+0001    0.26638783E+0000     15960
  9100   -0.36880036E+0001   -0.36909622E+0001    0.33413409E+0000     16514
  9150   -0.36879298E+0001   -0.36913183E+0001    0.33868194E+0000     16726
  9200   -0.36878433E+0001   -0.36907820E+0001    0.32279886E+0000     16943
  9250   -0.36877511E+0001   -0.36909327E+0001    0.35129577E+0000     17211
  9300   -0.36876996E+0001   -0.36908158E+0001    0.37584051E+0000     17349
  9350   -0.36876475E+0001   -0.36908411E+0001    0.34887663E+0000     17609
  9400   -0.36875982E+0001   -0.36908091E+0001    0.38050473E+0000     18010
  9450   -0.36875549E+0001   -0.36891724E+0001    0.33452655E+0000     18120
  9500   -0.36875499E+0001   -0.36891551E+0001    0.35182571E+0000     18382
  9550   -0.36875615E+0001   -0.36890930E+0001    0.32209397E+0000     18780
  9600   -0.36875439E+0001   -0.36898448E+0001    0.26425909E+0000     19271
  9601   -0.36875459E+0001   -0.36875459E+0001    0.15084402E+0000     12000
  9650   -0.36875825E+0001   -0.36877554E+0001    0.20666066E+0000     12088
  9700   -0.36875648E+0001   -0.36878493E+0001    0.25533194E+0000     11998
  9750   -0.36875446E+0001   -0.36880234E+0001    0.29207825E+0000     12087
  9800   -0.36875224E+0001   -0.36880601E+0001    0.22593472E+0000     12215
  9850   -0.36875108E+0001   -0.36881243E+0001    0.30963694E+0000     12515
  9900   -0.36874790E+0001   -0.36880851E+0001    0.29440579E+0000     12926
  9950   -0.36874426E+0001   -0.36881152E+0001    0.29047370E+0000     13427
 10000   -0.36874245E+0001   -0.36882127E+0001    0.30134440E+0000     13838
 10050   -0.36874056E+0001   -0.36879865E+0001    0.29730968E+0000     14142
 10100   -0.36873640E+0001   -0.36884319E+0001    0.32287607E+0000     14318
 10150   -0.36873465E+0001   -0.36878933E+0001    0.31578863E+0000     14454
 10200   -0.36873519E+0001   -0.36882138E+0001    0.37251250E+0000     14780
 10250   -0.36873464E+0001   -0.36882573E+0001    0.34728391E+0000     15001
 10300   -0.36873352E+0001   -0.36880245E+0001    0.35012259E+0000     15180
 10350   -0.36873186E+0001   -0.36880031E+0001    0.23288814E+0000     15593
 10400   -0.36872804E+0001   -0.36878617E+0001    0.34475134E+0000     15828
 10450   -0.36872657E+0001   -0.36878466E+0001    0.28219552E+0000     16022
 10500   -0.36872399E+0001   -0.36878631E+0001    0.29361024E+0000     16522
 10550   -0.36872162E+0001   -0.36880976E+0001    0.34245015E+0000     17078
 10600   -0.36871970E+0001   -0.36879681E+0001    0.33576180E+0000     17327
 10650   -0.36871795E+0001   -0.36878849E+0001    0.30914281E+0000     17967
 10700   -0.36871609E+0001   -0.36878406E+0001    0.33187927E+0000     17951
 10750   -0.36871403E+0001   -0.36879411E+0001    0.34110417E+0000     18339
 10800   -0.36871138E+0001   -0.36879384E+0001    0.31301077E+0000     18364
 10850   -0.36870915E+0001   -0.36880779E+0001    0.33364502E+0000     18916
 10900   -0.36870906E+0001   -0.36882954E+0001    0.31382947E+0000     19366
 10950   -0.36870938E+0001   -0.36881920E+0001    0.29917069E+0000     19647
 11000   -0.36870827E+0001   -0.36881666E+0001    0.30515533E+0000     20001
 11050   -0.36870535E+0001   -0.36882390E+0001    0.25752588E+0000     20286
 11100   -0.36870215E+0001   -0.36877842E+0001    0.23335369E+0000     20627
 11150   -0.36869908E+0001   -0.36877780E+0001    0.31598501E+0000     21147
 11200   -0.36869695E+0001   -0.36877478E+0001    0.29282127E+0000     21403
 11201   -0.36869696E+0001   -0.36869696E+0001    0.68125338E-0001     12000
 11250   -0.36869764E+0001   -0.36870056E+0001    0.14568995E+0000     11908
 11300   -0.36869733E+0001   -0.36870318E+0001    0.22958141E+0000     12111
 11350   -0.36869687E+0001   -0.36870344E+0001    0.24921547E+0000     12347
 11400   -0.36869650E+0001   -0.36871318E+0001    0.23217252E+0000     12777
 11450   -0.36869634E+0001   -0.36871511E+0001    0.27231577E+0000     12889
 11500   -0.36869601E+0001   -0.36871215E+0001    0.23678856E+0000     13038
 11550   -0.36869554E+0001   -0.36872174E+0001    0.28571947E+0000     13065
 11600   -0.36869534E+0001   -0.36872662E+0001    0.27021762E+0000     13361
 11650   -0.36869567E+0001   -0.36871287E+0001    0.26531785E+0000     13508
 11700   -0.36869564E+0001   -0.36872605E+0001    0.32377639E+0000     13708
 11750   -0.36869504E+0001   -0.36872472E+0001    0.29901484E+0000     13639
 11800   -0.36869442E+0001   -0.36872516E+0001    0.29758981E+0000     13829
 11850   -0.36869349E+0001   -0.36870893E+0001    0.21776284E+0000     13803
 11900   -0.36869328E+0001   -0.36871660E+0001    0.27892862E+0000     14370
 11950   -0.36869284E+0001   -0.36874071E+0001    0.28582272E+0000     14459
 12000   -0.36869145E+0001   -0.36873150E+0001    0.28425850E+0000     14854
 12050   -0.36869003E+0001   -0.36879513E+0001    0.31853503E+0000     14893
 12100   -0.36868935E+0001   -0.36876269E+0001    0.30030727E+0000     15122
 12150   -0.36868859E+0001   -0.36874583E+0001    0.28245677E+0000     15651
 12200   -0.36868704E+0001   -0.36872238E+0001    0.26293248E+0000     15912
 12250   -0.36868631E+0001   -0.36871588E+0001    0.31334363E+0000     16035
 12300   -0.36868699E+0001   -0.36870517E+0001    0.27957191E+0000     16446
 12350   -0.36868734E+0001   -0.36871433E+0001    0.33232161E+0000     16613
 12400   -0.36868733E+0001   -0.36875569E+0001    0.30991816E+0000     16831
 12450   -0.36868722E+0001   -0.36876060E+0001    0.27689248E+0000     17116
 12500   -0.36868734E+0001   -0.36869965E+0001    0.29567032E+0000     17615
 12550   -0.36868719E+0001   -0.36868908E+0001    0.33235638E+0000     17947
 12600   -0.36868704E+0001   -0.36868484E+0001    0.34262299E+0000     18210
 12650   -0.36868699E+0001   -0.36868411E+0001    0.30602681E+0000     18641
 12700   -0.36868709E+0001   -0.36869064E+0001    0.33219727E+0000     18749
 12750   -0.36868714E+0001   -0.36867448E+0001    0.33204604E+0000     18897
 12800   -0.36868712E+0001   -0.36868278E+0001    0.29928748E+0000     19141
 12801   -0.36868713E+0001   -0.36868713E+0001    0.45077186E-0001     12000
 12850   -0.36868741E+0001   -0.36868766E+0001    0.14692377E+0000     12001
 12900   -0.36868733E+0001   -0.36868740E+0001    0.19322780E+0000     12029
 12950   -0.36868714E+0001   -0.36868729E+0001    0.20812129E+0000     12027
 13000   -0.36868699E+0001   -0.36868777E+0001    0.27150372E+0000     12202
 13050   -0.36868707E+0001   -0.36868647E+0001    0.29078229E+0000     12203
 13100   -0.36868728E+0001   -0.36868723E+0001    0.29994261E+0000     12377
 13150   -0.36868712E+0001   -0.36868711E+0001    0.24464207E+0000     12727
 13200   -0.36868719E+0001   -0.36868524E+0001    0.26212350E+0000     12948
 13250   -0.36868717E+0001   -0.36868539E+0001    0.29733378E+0000     13059
 13300   -0.36868735E+0001   -0.36868506E+0001    0.24887893E+0000     13407
 13350   -0.36868733E+0001   -0.36868547E+0001    0.30311664E+0000     13618
 13400   -0.36868746E+0001   -0.36868679E+0001    0.23716551E+0000     14065
 13450   -0.36868720E+0001   -0.36868544E+0001    0.26583122E+0000     14192
 13500   -0.36868717E+0001   -0.36868356E+0001    0.28310327E+0000     14494
 13550   -0.36868694E+0001   -0.36868448E+0001    0.32234513E+0000     14650
 13600   -0.36868689E+0001   -0.36868590E+0001    0.30736578E+0000     15158
 13650   -0.36868699E+0001   -0.36868582E+0001    0.23441819E+0000     15200
 13700   -0.36868689E+0001   -0.36868718E+0001    0.29434523E+0000     15508
 13750   -0.36868652E+0001   -0.36868697E+0001    0.26186525E+0000     15496
 13800   -0.36868617E+0001   -0.36868470E+0001    0.26571102E+0000     15578
 13850   -0.36868625E+0001   -0.36868448E+0001    0.28535438E+0000     16140
 13900   -0.36868639E+0001   -0.36870092E+0001    0.31390885E+0000     16326
 13950   -0.36868610E+0001   -0.36869358E+0001    0.29569576E+0000     16742
 14000   -0.36868633E+0001   -0.36867946E+0001    0.29877466E+0000     16986
 14050   -0.36868726E+0001   -0.36868311E+0001    0.27196835E+0000     17397
 14100   -0.36868743E+0001   -0.36867741E+0001    0.26817821E+0000     17857
 14150   -0.36868744E+0001   -0.36868359E+0001    0.26524135E+0000     17954
 14200   -0.36868722E+0001   -0.36869572E+0001    0.26027970E+0000     17952
 14250   -0.36868702E+0001   -0.36873042E+0001    0.23485586E+0000     18203
 14300   -0.36868696E+0001   -0.36873348E+0001    0.25037078E+0000     18407
 14350   -0.36868661E+0001   -0.36872292E+0001    0.30447059E+0000     18647
 14400   -0.36868632E+0001   -0.36874137E+0001    0.29212889E+0000     18893
 14450   -0.36868638E+0001   -0.36871641E+0001    0.29497911E+0000     19077
 14500   -0.36868659E+0001   -0.36873601E+0001    0.31404126E+0000     19367
 14550   -0.36868671E+0001   -0.36870631E+0001    0.18967716E+0000     19448
 14600   -0.36868660E+0001   -0.36869531E+0001    0.25643637E+0000     19777
 14650   -0.36868693E+0001   -0.36870362E+0001    0.28107163E+0000     20272
 14700   -0.36868692E+0001   -0.36870458E+0001    0.25898336E+0000     20950
 14750   -0.36868664E+0001   -0.36870051E+0001    0.27883462E+0000     20908
 14800   -0.36868679E+0001   -0.36869169E+0001    0.29352411E+0000     21234
 14850   -0.36868700E+0001   -0.36868416E+0001    0.29490147E+0000     21345
 14900   -0.36868701E+0001   -0.36872642E+0001    0.27563835E+0000     21601
 14950   -0.36868704E+0001   -0.36874390E+0001    0.29801249E+0000     22045
 15000   -0.36868695E+0001   -0.36875878E+0001    0.27798679E+0000     22404
 15050   -0.36868702E+0001   -0.36874987E+0001    0.24281870E+0000     22765
 15100   -0.36868671E+0001   -0.36873862E+0001    0.28960245E+0000     23277
 15150   -0.36868664E+0001   -0.36874007E+0001    0.27020032E+0000     23983
 15200   -0.36868651E+0001   -0.36874973E+0001    0.26837511E+0000     24400
 15250   -0.36868651E+0001   -0.36874780E+0001    0.25071929E+0000     24879
 15300   -0.36868656E+0001   -0.36868978E+0001    0.29530150E+0000     25307
 15350   -0.36868667E+0001   -0.36874801E+0001    0.31120677E+0000     25530
 15400   -0.36868679E+0001   -0.36867914E+0001    0.28730629E+0000     25659
 15450   -0.36868674E+0001   -0.36867836E+0001    0.25055956E+0000     25749
 15500   -0.36868687E+0001   -0.36868514E+0001    0.26000119E+0000     26218
 15550   -0.36868681E+0001   -0.36868619E+0001    0.23964220E+0000     26553
 15600   -0.36868656E+0001   -0.36868671E+0001    0.31128860E+0000     26669
 15650   -0.36868645E+0001   -0.36868553E+0001    0.25696933E+0000     27002
 15700   -0.36868606E+0001   -0.36868599E+0001    0.19388253E+0000     27702
 15750   -0.36868624E+0001   -0.36869380E+0001    0.28841149E+0000     27946
 15800   -0.36868646E+0001   -0.36868835E+0001    0.26712134E+0000     28321
 15850   -0.36868631E+0001   -0.36868203E+0001    0.29379353E+0000     28777
 15900   -0.36868626E+0001   -0.36869097E+0001    0.25953823E+0000     29128
 15950   -0.36868652E+0001   -0.36871602E+0001    0.22287951E+0000     29378
 16000   -0.36868681E+0001   -0.36872158E+0001    0.25612598E+0000     29929
 16001   -0.36868126E+0001   -0.36868126E+0001    0.42052178E-0001         1
 16050   -0.36863318E+0001   -0.36863318E+0001    0.40733457E+0000         1
 16100   -0.36859154E+0001   -0.36859154E+0001    0.54520856E+0000         1
 16150   -0.36859384E+0001   -0.36859384E+0001    0.49531886E+0000         1
 16200   -0.36860277E+0001   -0.36860277E+0001    0.51625936E+0000         1
 16250   -0.36856463E+0001   -0.36856463E+0001    0.56315990E+0000         1
 16300   -0.36855297E+0001   -0.36855297E+0001    0.61557799E+0000         1
 16350   -0.36861732E+0001   -0.36861732E+0001    0.55071898E+0000         1
 16400   -0.36862858E+0001   -0.36862858E+0001    0.45100700E+0000         1
 16450   -0.36854088E+0001   -0.36854088E+0001    0.54949386E+0000         1
 16500   -0.36857124E+0001   -0.36857124E+0001    0.51489233E+0000         1
 16550   -0.36856985E+0001   -0.36856985E+0001    0.54021839E+0000         1
 16600   -0.36854189E+0001   -0.36854189E+0001    0.64497727E+0000         1
 16650   -0.36860797E+0001   -0.36860797E+0001    0.47922840E+0000         1
 16700   -0.36865493E+0001   -0.36865493E+0001    0.29512901E+0000         1
 16750   -0.36861401E+0001   -0.36861401E+0001    0.46841707E+0000         1
 16800   -0.36859723E+0001   -0.36859723E+0001    0.44015610E+0000         1
 16850   -0.36865967E+0001   -0.36865967E+0001    0.30186462E+0000         1
 16900   -0.36859369E+0001   -0.36859369E+0001    0.51983980E+0000         1
 16950   -0.36862524E+0001   -0.36862524E+0001    0.41869752E+0000         1
 17000   -0.36860298E+0001   -0.36860298E+0001    0.51863848E+0000         1
 17050   -0.36862224E+0001   -0.36862224E+0001    0.41995649E+0000         1
 17100   -0.36857906E+0001   -0.36857906E+0001    0.60551141E+0000         1
 17150   -0.36856379E+0001   -0.36856379E+0001    0.54726649E+0000         1
 17200   -0.36858436E+0001   -0.36858436E+0001    0.54469870E+0000         1
 17250   -0.36859177E+0001   -0.36859177E+0001    0.48221222E+0000         1
 17300   -0.36862962E+0001   -0.36862962E+0001    0.42391574E+0000         1
 17350   -0.36864428E+0001   -0.36864428E+0001    0.33421397E+0000         1
 17400   -0.36863893E+0001   -0.36863893E+0001    0.39813520E+0000         1
 17450   -0.36862261E+0001   -0.36862261E+0001    0.44247097E+0000         1
 17500   -0.36855724E+0001   -0.36855724E+0001    0.58102933E+0000         1
 17550   -0.36855638E+0001   -0.36855638E+0001    0.65711909E+0000         1
 17600   -0.36864177E+0001   -0.36864177E+0001    0.34076998E+0000         1
 17650   -0.36861719E+0001   -0.36861719E+0001    0.41227222E+0000         1
 17700   -0.36861810E+0001   -0.36861810E+0001    0.40438596E+0000         1
 17750   -0.36858859E+0001   -0.36858859E+0001    0.48879855E+0000         1
 17800   -0.36858043E+0001   -0.36858043E+0001    0.48735392E+0000         1
 17850   -0.36860440E+0001   -0.36860440E+0001    0.52001541E+0000         1
 17900   -0.36860854E+0001   -0.36860854E+0001    0.50904811E+0000         1
 17950   -0.36862718E+0001   -0.36862718E+0001    0.42414629E+0000         1
 18000   -0.36866562E+0001   -0.36866562E+0001    0.38944339E+0000         1
 18050   -0.36862871E+0001   -0.36862871E+0001    0.53260368E+0000         1
 18100   -0.36867379E+0001   -0.36867379E+0001    0.35753590E+0000         1
 18150   -0.36866010E+0001   -0.36866010E+0001    0.42196088E+0000         1
 18200   -0.36859620E+0001   -0.36859620E+0001    0.51501563E+0000         1
 18250   -0.36863853E+0001   -0.36863853E+0001    0.49000183E+0000         1
 18300   -0.36851838E+0001   -0.36851838E+0001    0.82024109E+0000         1
 18350   -0.36860119E+0001   -0.36860119E+0001    0.71388010E+0000         1
 18400   -0.36865108E+0001   -0.36865108E+0001    0.52079152E+0000         1
 18450   -0.36864939E+0001   -0.36864939E+0001    0.54039624E+0000         1
 18500   -0.36868163E+0001   -0.36868163E+0001    0.50285168E+0000         1
 18550   -0.36867889E+0001   -0.36867889E+0001    0.51659601E+0000         1
 18600   -0.36867934E+0001   -0.36867934E+0001    0.47464659E+0000         1
 18650   -0.36869306E+0001   -0.36869306E+0001    0.47080841E+0000         1
 18700   -0.36868123E+0001   -0.36868123E+0001    0.57377345E+0000         1
 18750   -0.36870036E+0001   -0.36870036E+0001    0.51471482E+0000         1
 18800   -0.36866865E+0001   -0.36866865E+0001    0.52944625E+0000         1
 18850   -0.36865086E+0001   -0.36865086E+0001    0.51246851E+0000         1
 18900   -0.36871247E+0001   -0.36871247E+0001    0.42772291E+0000         1
 18950   -0.36870302E+0001   -0.36870302E+0001    0.44518344E+0000         1
 19000   -0.36871732E+0001   -0.36871732E+0001    0.37518663E+0000         1
 19050   -0.36871467E+0001   -0.36871467E+0001    0.34512815E+0000         1
 19100   -0.36868556E+0001   -0.36868556E+0001    0.47902171E+0000         1
 19150   -0.36867560E+0001   -0.36867560E+0001    0.43586300E+0000         1
 19200   -0.36866458E+0001   -0.36866458E+0001    0.55675049E+0000         1
 19250   -0.36869530E+0001   -0.36869530E+0001    0.49540093E+0000         1
 19300   -0.36870446E+0001   -0.36870446E+0001    0.51302800E+0000         1
 19350   -0.36872805E+0001   -0.36872805E+0001    0.44617770E+0000         1
 19400   -0.36874034E+0001   -0.36874034E+0001    0.40964206E+0000         1
 19450   -0.36878631E+0001   -0.36878631E+0001    0.29341921E+0000         1
 19500   -0.36874448E+0001   -0.36874448E+0001    0.50419503E+0000         1
 19550   -0.36874057E+0001   -0.36874057E+0001    0.52248528E+0000         1
 19600   -0.36877486E+0001   -0.36877486E+0001    0.44719780E+0000         1
 19650   -0.36877971E+0001   -0.36877971E+0001    0.40264675E+0000         1
 19700   -0.36882038E+0001   -0.36882038E+0001    0.50178441E+0000         1
 19750   -0.36884931E+0001   -0.36884931E+0001    0.50152395E+0000         1
 19800   -0.36885743E+0001   -0.36885743E+0001    0.58329009E+0000         1
 19850   -0.36887820E+0001   -0.36887820E+0001    0.45816908E+0000         1
 19900   -0.36882695E+0001   -0.36882695E+0001    0.60882060E+0000         1
 19950   -0.36889999E+0001   -0.36889999E+0001    0.51604523E+0000         1
 20000   -0.36889339E+0001   -0.36889339E+0001    0.56685648E+0000         1
 20050   -0.36897480E+0001   -0.36897480E+0001    0.50080892E+0000         1
 20100   -0.36903301E+0001   -0.36903301E+0001    0.46277660E+0000         1
 20150   -0.36906645E+0001   -0.36906645E+0001    0.47797983E+0000         1
 20200   -0.36899314E+0001   -0.36899314E+0001    0.70256463E+0000         1
 20250   -0.36907372E+0001   -0.36907372E+0001    0.63332506E+0000         1
 20300   -0.36909355E+0001   -0.36909355E+0001    0.61247205E+0000         1
 20350   -0.36915935E+0001   -0.36915935E+0001    0.55974632E+0000         1
 20400   -0.36923224E+0001   -0.36923224E+0001    0.55359637E+0000         1
 20450   -0.36928063E+0001   -0.36928063E+0001    0.54246755E+0000         1
 20500   -0.36939930E+0001   -0.36939930E+0001    0.53304971E+0000         1
 20550   -0.36947396E+0001   -0.36947396E+0001    0.58073966E+0000         1
 20600   -0.36937972E+0001   -0.36937972E+0001    0.75958456E+0000         1
 20650   -0.36949272E+0001   -0.36949272E+0001    0.56075800E+0000         1
 20700   -0.36948470E+0001   -0.36948470E+0001    0.72974322E+0000         1
 20750   -0.36957056E+0001   -0.36957056E+0001    0.67383084E+0000         1
 20800   -0.36973451E+0001   -0.36973451E+0001    0.58462414E+0000         1
 20850   -0.36979543E+0001   -0.36979543E+0001    0.63671410E+0000         1
 20900   -0.36988525E+0001   -0.36988525E+0001    0.65715204E+0000         1
 20950   -0.37002823E+0001   -0.37002823E+0001    0.68819032E+0000         1
 21000   -0.37014246E+0001   -0.37014246E+0001    0.70006329E+0000         1
 21050   -0.37027982E+0001   -0.37027982E+0001    0.79590817E+0000         1
 21100   -0.37038394E+0001   -0.37038394E+0001    0.84051646E+0000         1
 21150   -0.37069802E+0001   -0.37069802E+0001    0.82727186E+0000         1
 21200   -0.37075572E+0001   -0.37075572E+0001    0.90480355E+0000         1
 21250   -0.37100959E+0001   -0.37100959E+0001    0.94107218E+0000         1
 21300   -0.37107297E+0001   -0.37107297E+0001    0.10975910E+0001         1
 21350   -0.37147602E+0001   -0.37147602E+0001    0.93497132E+0000         1
 21400   -0.37163838E+0001   -0.37163838E+0001    0.10538945E+0001         1
 21450   -0.37199726E+0001   -0.37199726E+0001    0.99861271E+0000         1
 21500   -0.37220101E+0001   -0.37220101E+0001    0.95129448E+0000         1
 21550   -0.37260165E+0001   -0.37260165E+0001    0.10114697E+0001         1
 21600   -0.37295737E+0001   -0.37295737E+0001    0.11307798E+0001         1
 21650   -0.37312038E+0001   -0.37312038E+0001    0.12733469E+0001         1
 21700   -0.37345381E+0001   -0.37345381E+0001    0.11512251E+0001         1
 21750   -0.37382582E+0001   -0.37382582E+0001    0.11258377E+0001         1
 21800   -0.37443309E+0001   -0.37443309E+0001    0.11119702E+0001         1
 21850   -0.37474435E+0001   -0.37474435E+0001    0.12470335E+0001         1
 21900   -0.37515179E+0001   -0.37515179E+0001    0.12579156E+0001         1
 21950   -0.37556867E+0001   -0.37556867E+0001    0.12501176E+0001         1
 22000   -0.37604294E+0001   -0.37604294E+0001    0.11917428E+0001         1
 22050   -0.37649639E+0001   -0.37649639E+0001    0.11768108E+0001         1
 22100   -0.37695746E+0001   -0.37695746E+0001    0.11853103E+0001         1
 22150   -0.37734286E+0001   -0.37734286E+0001    0.11319715E+0001         1
 22200   -0.37785129E+0001   -0.37785129E+0001    0.11282014E+0001         1
 22250   -0.37839892E+0001   -0.37839892E+0001    0.98551601E+0000         1
 22300   -0.37866950E+0001   -0.37866950E+0001    0.10482176E+0001         1
 22350   -0.37883393E+0001   -0.37883393E+0001    0.10009401E+0001         1
 22400   -0.37898009E+0001   -0.37898009E+0001    0.10091410E+0001         1
 22450   -0.37941008E+0001   -0.37941008E+0001    0.82915431E+0000         1
 22500   -0.37952755E+0001   -0.37952755E+0001    0.84927472E+0000         1
 22550   -0.37967613E+0001   -0.37967613E+0001    0.77831735E+0000         1
 22600   -0.37979849E+0001   -0.37979849E+0001    0.69155065E+0000         1
 22650   -0.37994660E+0001   -0.37994660E+0001    0.65864718E+0000         1
 22700   -0.37997416E+0001   -0.37997416E+0001    0.70507144E+0000         1
 22750   -0.38011042E+0001   -0.38011042E+0001    0.58018032E+0000         1
 22800   -0.38023562E+0001   -0.38023562E+0001    0.46742199E+0000         1
 22850   -0.38024041E+0001   -0.38024041E+0001    0.47857297E+0000         1
 22900   -0.38029070E+0001   -0.38029070E+0001    0.48577820E+0000         1
 22950   -0.38032282E+0001   -0.38032282E+0001    0.36016180E+0000         1
 23000   -0.38031699E+0001   -0.38031699E+0001    0.32948620E+0000         1
 23050   -0.38030649E+0001   -0.38030649E+0001    0.39306153E+0000         1
 23100   -0.38028934E+0001   -0.38028934E+0001    0.44663195E+0000         1
 23150   -0.38019869E+0001   -0.38019869E+0001    0.78332631E+0000         1
 23200   -0.38031796E+0001   -0.38031796E+0001    0.38553157E+0000         1
 23250   -0.38028658E+0001   -0.38028658E+0001    0.40558124E+0000         1
 23300   -0.38027991E+0001   -0.38027991E+0001    0.49729676E+0000         1
 23350   -0.38032265E+0001   -0.38032265E+0001    0.38612722E+0000         1
 23400   -0.38028058E+0001   -0.38028058E+0001    0.44733842E+0000         1
 23450   -0.38026458E+0001   -0.38026458E+0001    0.53560543E+0000         1
 23500   -0.38029300E+0001   -0.38029300E+0001    0.53109653E+0000         1
 23550   -0.38029413E+0001   -0.38029413E+0001    0.37167852E+0000         1
 23600   -0.38028289E+0001   -0.38028289E+0001    0.47452900E+0000         1
 23650   -0.38032098E+0001   -0.38032098E+0001    0.42809937E+0000         1
 23700   -0.38031769E+0001   -0.38031769E+0001    0.47458420E+0000         1
 23750   -0.38030135E+0001   -0.38030135E+0001    0.49632706E+0000         1
 23800   -0.38028202E+0001   -0.38028202E+0001    0.49724470E+0000         1
 23850   -0.38028967E+0001   -0.38028967E+0001    0.48810631E+0000         1
 23900   -0.38021531E+0001   -0.38021531E+0001    0.74489184E+0000         1
 23950   -0.38035004E+0001   -0.38035004E+0001    0.30989655E+0000         1
 24000   -0.38028051E+0001   -0.38028051E+0001    0.48504692E+0000         1
 24050   -0.38029855E+0001   -0.38029855E+0001    0.46560143E+0000         1
 24100   -0.38031141E+0001   -0.38031141E+0001    0.37680353E+0000         1
 24150   -0.38027638E+0001   -0.38027638E+0001    0.44519407E+0000         1
 24200   -0.38028524E+0001   -0.38028524E+0001    0.48566015E+0000         1
 24250   -0.38035179E+0001   -0.38035179E+0001    0.28938635E+0000         1
 24300   -0.38029595E+0001   -0.38029595E+0001    0.59424618E+0000         1
 24350   -0.38029778E+0001   -0.38029778E+0001    0.47424390E+0000         1
 24400   -0.38029878E+0001   -0.38029878E+0001    0.47315581E+0000         1
 24450   -0.38025045E+0001   -0.38025045E+0001    0.48738640E+0000         1
 24500   -0.38027736E+0001   -0.38027736E+0001    0.47876498E+0000         1
 24550   -0.38030122E+0001   -0.38030122E+0001    0.46334762E+0000         1
 24600   -0.38029478E+0001   -0.38029478E+0001    0.50716790E+0000         1
 24650   -0.38032519E+0001   -0.38032519E+0001    0.35083525E+0000         1
 24700   -0.38024614E+0001   -0.38024614E+0001    0.58210875E+0000         1
 24750   -0.38027794E+0001   -0.38027794E+0001    0.52157808E+0000         1
 24800   -0.38024594E+0001   -0.38024594E+0001    0.53374585E+0000         1
 24850   -0.38026951E+0001   -0.38026951E+0001    0.54416482E+0000         1
 24900   -0.38028664E+0001   -0.38028664E+0001    0.49567794E+0000         1
 24950   -0.38029855E+0001   -0.38029855E+0001    0.51275893E+0000         1
 25000   -0.38033602E+0001   -0.38033602E+0001    0.39707023E+0000         1
 25050   -0.38030445E+0001   -0.38030445E+0001    0.50928518E+0000         1
 25100   -0.38033557E+0001   -0.38033557E+0001    0.33616122E+0000         1
 25150   -0.38029032E+0001   -0.38029032E+0001    0.50409126E+0000         1
 25200   -0.38027905E+0001   -0.38027905E+0001    0.59114237E+0000         1
 25250   -0.38029989E+0001   -0.38029989E+0001    0.49813562E+0000         1
 25300   -0.38034862E+0001   -0.38034862E+0001    0.35196318E+0000         1
 25350   -0.38033147E+0001   -0.38033147E+0001    0.49614175E+0000         1
 25400   -0.38033324E+0001   -0.38033324E+0001    0.43459013E+0000         1
 25450   -0.38031275E+0001   -0.38031275E+0001    0.43452248E+0000         1
 25500   -0.38031453E+0001   -0.38031453E+0001    0.42459727E+0000         1
 25550   -0.38029313E+0001   -0.38029313E+0001    0.44700330E+0000         1
 25600   -0.38029393E+0001   -0.38029393E+0001    0.55976847E+0000         1
 25650   -0.38030270E+0001   -0.38030270E+0001    0.53613985E+0000         1
 25700   -0.38030743E+0001   -0.38030743E+0001    0.42857025E+0000         1
 25750   -0.38026902E+0001   -0.38026902E+0001    0.51591087E+0000         1
 25800   -0.38017527E+0001   -0.38017527E+0001    0.67909856E+0000         1
 25850   -0.38017179E+0001   -0.38017179E+0001    0.78180861E+0000         1
 25900   -0.38031059E+0001   -0.38031059E+0001    0.40755548E+0000         1
 25950   -0.38032319E+0001   -0.38032319E+0001    0.41743628E+0000         1
 26000   -0.38027333E+0001   -0.38027333E+0001    0.51994945E+0000         1
 26050   -0.38030853E+0001   -0.38030853E+0001    0.46935070E+0000         1
 26100   -0.38026527E+0001   -0.38026527E+0001    0.58146349E+0000         1
 26150   -0.38026121E+0001   -0.38026121E+0001    0.51507264E+0000         1
 26200   -0.38027210E+0001   -0.38027210E+0001    0.60793689E+0000         1
 26250   -0.38031138E+0001   -0.38031138E+0001    0.50107394E+0000         1
 26300   -0.38030661E+0001   -0.38030661E+0001    0.49783056E+0000         1
 26350   -0.38018872E+0001   -0.38018872E+0001    0.84289852E+0000         1
 26400   -0.38019608E+0001   -0.38019608E+0001    0.75824216E+0000         1
 26450   -0.38027229E+0001   -0.38027229E+0001    0.52699771E+0000         1
 26500   -0.38029659E+0001   -0.38029659E+0001    0.48131509E+0000         1
 26550   -0.38027953E+0001   -0.38027953E+0001    0.48409941E+0000         1
 26600   -0.38020382E+0001   -0.38020382E+0001    0.65488980E+0000         1
 26650   -0.38024032E+0001   -0.38024032E+0001    0.51887039E+0000         1
 26700   -0.38024853E+0001   -0.38024853E+0001    0.47346064E+0000         1
 26750   -0.38022600E+0001   -0.38022600E+0001    0.69908593E+0000         1
 26800   -0.38024593E+0001   -0.38024593E+0001    0.56483828E+0000         1
 26850   -0.38032912E+0001   -0.38032912E+0001    0.42199716E+0000         1
 26900   -0.38029580E+0001   -0.38029580E+0001    0.52131573E+0000         1
 26950   -0.38031587E+0001   -0.38031587E+0001    0.35795763E+0000         1
 27000   -0.38026558E+0001   -0.38026558E+0001    0.54661708E+0000         1
 27050   -0.38022427E+0001   -0.38022427E+0001    0.69019557E+0000         1
 27100   -0.38026457E+0001   -0.38026457E+0001    0.59612986E+0000         1
 27150   -0.38028598E+0001   -0.38028598E+0001    0.51466411E+0000         1
 27200   -0.38029937E+0001   -0.38029937E+0001    0.49716432E+0000         1
 27250   -0.38029714E+0001   -0.38029714E+0001    0.53748526E+0000         1
 27300   -0.38034865E+0001   -0.38034865E+0001    0.33334647E+0000         1
 27350   -0.38026412E+0001   -0.38026412E+0001    0.64494895E+0000         1
 27400   -0.38022160E+0001   -0.38022160E+0001    0.72180307E+0000         1
 27450   -0.38019436E+0001   -0.38019436E+0001    0.74908655E+0000         1
 27500   -0.38026415E+0001   -0.38026415E+0001    0.64445661E+0000         1
 27550   -0.38026554E+0001   -0.38026554E+0001    0.53103118E+0000         1
 27600   -0.38022267E+0001   -0.38022267E+0001    0.56954314E+0000         1
 27650   -0.38027807E+0001   -0.38027807E+0001    0.47108634E+0000         1
 27700   -0.38023479E+0001   -0.38023479E+0001    0.48810181E+0000         1
 27750   -0.38016579E+0001   -0.38016579E+0001    0.70379506E+0000         1
 27800   -0.38026950E+0001   -0.38026950E+0001    0.46648969E+0000         1
 27850   -0.38021837E+0001   -0.38021837E+0001    0.59693166E+0000         1
 27900   -0.38022989E+0001   -0.38022989E+0001    0.64053732E+0000         1
 27950   -0.38023083E+0001   -0.38023083E+0001    0.68947647E+0000         1
 28000   -0.38023690E+0001   -0.38023690E+0001    0.71361338E+0000         1
 28050   -0.38027784E+0001   -0.38027784E+0001    0.62629470E+0000         1
 28100   -0.38032799E+0001   -0.38032799E+0001    0.45260440E+0000         1
 28150   -0.38031796E+0001   -0.38031796E+0001    0.46834980E+0000         1
 28200   -0.38029949E+0001   -0.38029949E+0001    0.52369929E+0000         1
 28250   -0.38033777E+0001   -0.38033777E+0001    0.33598514E+0000         1
 28300   -0.38025193E+0001   -0.38025193E+0001    0.53215647E+0000         1
 28350   -0.38026585E+0001   -0.38026585E+0001    0.63480596E+0000         1
 28400   -0.38030603E+0001   -0.38030603E+0001    0.49717364E+0000         1
 28450   -0.38029773E+0001   -0.38029773E+0001    0.50507297E+0000         1
 28500   -0.38028718E+0001   -0.38028718E+0001    0.55064928E+0000         1
 28550   -0.38027141E+0001   -0.38027141E+0001    0.52248038E+0000         1
 28600   -0.38029224E+0001   -0.38029224E+0001    0.45836226E+0000         1
 28650   -0.38018524E+0001   -0.38018524E+0001    0.76541124E+0000         1
 28700   -0.38027864E+0001   -0.38027864E+0001    0.58080294E+0000         1
 28750   -0.38027994E+0001   -0.38027994E+0001    0.52106371E+0000         1
 28800   -0.38028607E+0001   -0.38028607E+0001    0.52079278E+0000         1
 28850   -0.38029163E+0001   -0.38029163E+0001    0.50182847E+0000         1
 28900   -0.38029669E+0001   -0.38029669E+0001    0.41607371E+0000         1
 28950   -0.38030653E+0001   -0.38030653E+0001    0.47479422E+0000         1
 29000   -0.38032524E+0001   -0.38032524E+0001    0.37980932E+0000         1
 29050   -0.38031239E+0001   -0.38031239E+0001    0.40891823E+0000         1
 29100   -0.38027922E+0001   -0.38027922E+0001    0.53961005E+0000         1
 29150   -0.38031616E+0001   -0.38031616E+0001    0.38305257E+0000         1
 29200   -0.38031633E+0001   -0.38031633E+0001    0.37892753E+0000         1
 29250   -0.38031476E+0001   -0.38031476E+0001    0.41091413E+0000         1
 29300   -0.38029700E+0001   -0.38029700E+0001    0.48408505E+0000         1
 29350   -0.38033546E+0001   -0.38033546E+0001    0.38766743E+0000         1
 29400   -0.38029429E+0001   -0.38029429E+0001    0.44474111E+0000         1
 29450   -0.38030231E+0001   -0.38030231E+0001    0.38237735E+0000         1
 29500   -0.38032374E+0001   -0.38032374E+0001    0.41848588E+0000         1
 29550   -0.38031613E+0001   -0.38031613E+0001    0.38960425E+0000         1
 29600   -0.38029270E+0001   -0.38029270E+0001    0.50281677E+0000         1
 29650   -0.38020039E+0001   -0.38020039E+0001    0.66657889E+0000         1
 29700   -0.38020845E+0001   -0.38020845E+0001    0.63656107E+0000         1
 29750   -0.38024790E+0001   -0.38024790E+0001    0.62193766E+0000         1
 29800   -0.38032168E+0001   -0.38032168E+0001    0.40602225E+0000         1
 29850   -0.38031315E+0001   -0.38031315E+0001    0.46505023E+0000         1
 29900   -0.38029630E+0001   -0.38029630E+0001    0.45278304E+0000         1
 29950   -0.38027416E+0001   -0.38027416E+0001    0.54159086E+0000         1
 30000   -0.38027824E+0001   -0.38027824E+0001    0.57034300E+0000         1
 30050   -0.38032053E+0001   -0.38032053E+0001    0.43262287E+0000         1
 30100   -0.38026727E+0001   -0.38026727E+0001    0.48505892E+0000         1
 30150   -0.38025425E+0001   -0.38025425E+0001    0.59569392E+0000         1
 30200   -0.38022903E+0001   -0.38022903E+0001    0.68781168E+0000         1
 30250   -0.38030559E+0001   -0.38030559E+0001    0.42267994E+0000         1
 30300   -0.38034588E+0001   -0.38034588E+0001    0.38171862E+0000         1
 30350   -0.38027353E+0001   -0.38027353E+0001    0.64923892E+0000         1
 30400   -0.38032492E+0001   -0.38032492E+0001    0.46791908E+0000         1
 30450   -0.38029937E+0001   -0.38029937E+0001    0.57786752E+0000         1
 30500   -0.38017524E+0001   -0.38017524E+0001    0.77303025E+0000         1
 30550   -0.38025506E+0001   -0.38025506E+0001    0.55497797E+0000         1
 30600   -0.38030380E+0001   -0.38030380E+0001    0.47862667E+0000         1
 30650   -0.38027720E+0001   -0.38027720E+0001    0.60005800E+0000         1
 30700   -0.38035080E+0001   -0.38035080E+0001    0.30966429E+0000         1
 30750   -0.38030557E+0001   -0.38030557E+0001    0.51901666E+0000         1
 30800   -0.38029649E+0001   -0.38029649E+0001    0.54912433E+0000         1
 30850   -0.38024135E+0001   -0.38024135E+0001    0.68567447E+0000         1
 30900   -0.38033967E+0001   -0.38033967E+0001    0.37567865E+0000         1
 30950   -0.38032901E+0001   -0.38032901E+0001    0.39613498E+0000         1
 31000   -0.38035261E+0001   -0.38035261E+0001    0.39965093E+0000         1
 31050   -0.38036779E+0001   -0.38036779E+0001    0.31866939E+0000         1
 31100   -0.38033329E+0001   -0.38033329E+0001    0.45104826E+0000         1
 31150   -0.38027549E+0001   -0.38027549E+0001    0.45678256E+0000         1
 31200   -0.38030424E+0001   -0.38030424E+0001    0.40279279E+0000         1
 31250   -0.38025946E+0001   -0.38025946E+0001    0.47537030E+0000         1
 31300   -0.38028784E+0001   -0.38028784E+0001    0.45462022E+0000         1
 31350   -0.38030498E+0001   -0.38030498E+0001    0.42375689E+0000         1
 31400   -0.38028410E+0001   -0.38028410E+0001    0.60112217E+0000         1
 31450   -0.38027633E+0001   -0.38027633E+0001    0.49906911E+0000         1
 31500   -0.38029737E+0001   -0.38029737E+0001    0.35871076E+0000         1
 31550   -0.38032265E+0001   -0.38032265E+0001    0.40873455E+0000         1
 31600   -0.38030407E+0001   -0.38030407E+0001    0.55984069E+0000         1
 31650   -0.38024802E+0001   -0.38024802E+0001    0.73657631E+0000         1
 31700   -0.38028961E+0001   -0.38028961E+0001    0.47592901E+0000         1
 31750   -0.38026789E+0001   -0.38026789E+0001    0.66685733E+0000         1
 31800   -0.38033036E+0001   -0.38033036E+0001    0.45768471E+0000         1
 31850   -0.38022933E+0001   -0.38022933E+0001    0.69490303E+0000         1
 31900   -0.38026198E+0001   -0.38026198E+0001    0.73164557E+0000         1
 31950   -0.38030344E+0001   -0.38030344E+0001    0.58470761E+0000         1
 32000   -0.38025430E+0001   -0.38025430E+0001    0.72480357E+0000         1
 32050   -0.38032083E+0001   -0.38032083E+0001    0.43370866E+0000         1
 32100   -0.38033251E+0001   -0.38033251E+0001    0.34559844E+0000         1
 32150   -0.38034021E+0001   -0.38034021E+0001    0.40922523E+0000         1
 32200   -0.38032095E+0001   -0.38032095E+0001    0.42147713E+0000         1
 32250   -0.38033105E+0001   -0.38033105E+0001    0.47237963E+0000         1
 32300   -0.38030309E+0001   -0.38030309E+0001    0.51702832E+0000         1
 32350   -0.38034155E+0001   -0.38034155E+0001    0.35816721E+0000         1
 32400   -0.38033860E+0001   -0.38033860E+0001    0.34190009E+0000         1
 32450   -0.38031452E+0001   -0.38031452E+0001    0.46646439E+0000         1
 32500   -0.38027267E+0001   -0.38027267E+0001    0.56879751E+0000         1
 32550   -0.38026303E+0001   -0.38026303E+0001    0.58793335E+0000         1
 32600   -0.38032985E+0001   -0.38032985E+0001    0.41189556E+0000         1
 32650   -0.38034175E+0001   -0.38034175E+0001    0.42574731E+0000         1
 32700   -0.38030723E+0001   -0.38030723E+0001    0.50628004E+0000         1
 32750   -0.38032656E+0001   -0.38032656E+0001    0.45312502E+0000         1
 32800   -0.38030054E+0001   -0.38030054E+0001    0.59830744E+0000         1
 32850   -0.38028359E+0001   -0.38028359E+0001    0.53839593E+0000         1
 32900   -0.38028887E+0001   -0.38028887E+0001    0.43350926E+0000         1
 32950   -0.38030346E+0001   -0.38030346E+0001    0.51711024E+0000         1
 33000   -0.38030469E+0001   -0.38030469E+0001    0.42899524E+0000         1
 33050   -0.38029591E+0001   -0.38029591E+0001    0.56924433E+0000         1
 33100   -0.38022337E+0001   -0.38022337E+0001    0.72217733E+0000         1
 33150   -0.38023608E+0001   -0.38023608E+0001    0.73355690E+0000         1
 33200   -0.38026406E+0001   -0.38026406E+0001    0.63468606E+0000         1
 33250   -0.38034881E+0001   -0.38034881E+0001    0.36661668E+0000         1
 33300   -0.38031332E+0001   -0.38031332E+0001    0.47382179E+0000         1
 33350   -0.38031951E+0001   -0.38031951E+0001    0.52166688E+0000         1
 33400   -0.38032638E+0001   -0.38032638E+0001    0.44046639E+0000         1
 33450   -0.38035100E+0001   -0.38035100E+0001    0.31629965E+0000         1
 33500   -0.38030447E+0001   -0.38030447E+0001    0.48414860E+0000         1
 33550   -0.38030914E+0001   -0.38030914E+0001    0.45517008E+0000         1
 33600   -0.38028463E+0001   -0.38028463E+0001    0.51457042E+0000         1
 33650   -0.38029693E+0001   -0.38029693E+0001    0.48210526E+0000         1
 33700   -0.38029793E+0001   -0.38029793E+0001    0.44643054E+0000         1
 33750   -0.38031174E+0001   -0.38031174E+0001    0.42860686E+0000         1
 33800   -0.38031888E+0001   -0.38031888E+0001    0.50047804E+0000         1
 33850   -0.38029832E+0001   -0.38029832E+0001    0.50073737E+0000         1
 33900   -0.38029673E+0001   -0.38029673E+0001    0.54711410E+0000         1
 33950   -0.38021179E+0001   -0.38021179E+0001    0.80061960E+0000         1
 34000   -0.38025483E+0001   -0.38025483E+0001    0.64616735E+0000         1
 34050   -0.38024177E+0001   -0.38024177E+0001    0.74902793E+0000         1
 34100   -0.38027744E+0001   -0.38027744E+0001    0.55994075E+0000         1
 34150   -0.38024873E+0001   -0.38024873E+0001    0.55494544E+0000         1
 34200   -0.38026660E+0001   -0.38026660E+0001    0.53954167E+0000         1
 34250   -0.38019567E+0001   -0.38019567E+0001    0.69669903E+0000         1
 34300   -0.38021585E+0001   -0.38021585E+0001    0.61023545E+0000         1
 34350   -0.38021929E+0001   -0.38021929E+0001    0.48738257E+0000         1
 34400   -0.38024693E+0001   -0.38024693E+0001    0.54180732E+0000         1
 34450   -0.38026144E+0001   -0.38026144E+0001    0.58456839E+0000         1
 34500   -0.38024364E+0001   -0.38024364E+0001    0.61527845E+0000         1
 34550   -0.38025412E+0001   -0.38025412E+0001    0.53750186E+0000         1
 34600   -0.38018196E+0001   -0.38018196E+0001    0.68442662E+0000         1
 34650   -0.38025919E+0001   -0.38025919E+0001    0.49227474E+0000         1
 34700   -0.38016484E+0001   -0.38016484E+0001    0.63156516E+0000         1
 34750   -0.38020199E+0001   -0.38020199E+0001    0.56177691E+0000         1
 34800   -0.38020414E+0001   -0.38020414E+0001    0.61081334E+0000         1
 34850   -0.38023698E+0001   -0.38023698E+0001    0.56501549E+0000         1
 34900   -0.38026576E+0001   -0.38026576E+0001    0.60501127E+0000         1
 34950   -0.38023102E+0001   -0.38023102E+0001    0.59034191E+0000         1
 35000   -0.38029653E+0001   -0.38029653E+0001    0.43791352E+0000         1
 35050   -0.38027215E+0001   -0.38027215E+0001    0.52747501E+0000         1
 35100   -0.38025844E+0001   -0.38025844E+0001    0.50385074E+0000         1
 35150   -0.38031717E+0001   -0.38031717E+0001    0.41893736E+0000         1
 35200   -0.38024272E+0001   -0.38024272E+0001    0.67657021E+0000         1
 35250   -0.38020348E+0001   -0.38020348E+0001    0.69642113E+0000         1
 35300   -0.38024099E+0001   -0.38024099E+0001    0.63100029E+0000         1
 35350   -0.38033770E+0001   -0.38033770E+0001    0.32194724E+0000         1
 35400   -0.38032801E+0001   -0.38032801E+0001    0.47886305E+0000         1
 35450   -0.38032174E+0001   -0.38032174E+0001    0.41501135E+0000         1
 35500   -0.38030690E+0001   -0.38030690E+0001    0.37807591E+0000         1
 35550   -0.38024487E+0001   -0.38024487E+0001    0.59571985E+0000         1
 35600   -0.38029601E+0001   -0.38029601E+0001    0.52869273E+0000         1
 35650   -0.38028888E+0001   -0.38028888E+0001    0.53167559E+0000         1
 35700   -0.38026631E+0001   -0.38026631E+0001    0.63950455E+0000         1
 35750   -0.38030691E+0001   -0.38030691E+0001    0.42792619E+0000         1
 35800   -0.38034369E+0001   -0.38034369E+0001    0.39391812E+0000         1
 35850   -0.38024800E+0001   -0.38024800E+0001    0.69055466E+0000         1
 35900   -0.38025801E+0001   -0.38025801E+0001    0.53481817E+0000         1
 35950   -0.38026930E+0001   -0.38026930E+0001    0.59466489E+0000         1
 36000   -0.38026275E+0001   -0.38026275E+0001    0.62609696E+0000         1
 36050   -0.38025767E+0001   -0.38025767E+0001    0.60762658E+0000         1
 36100   -0.38028305E+0001   -0.38028305E+0001    0.54634247E+0000         1
 36150   -0.38030875E+0001   -0.38030875E+0001    0.50113239E+0000         1
 36200   -0.38032254E+0001   -0.38032254E+0001    0.47027587E+0000         1
 36250   -0.38020573E+0001   -0.38020573E+0001    0.73464415E+0000         1
 36300   -0.38025231E+0001   -0.38025231E+0001    0.58780915E+0000         1
 36350   -0.38025846E+0001   -0.38025846E+0001    0.49176837E+0000         1
 36400   -0.38022609E+0001   -0.38022609E+0001    0.59565341E+0000         1
 36450   -0.38024565E+0001   -0.38024565E+0001    0.61179443E+0000         1
 36500   -0.38023653E+0001   -0.38023653E+0001    0.64854032E+0000         1
 36550   -0.38023114E+0001   -0.38023114E+0001    0.56089702E+0000         1
 36600   -0.38024084E+0001   -0.38024084E+0001    0.49319216E+0000         1
 36650   -0.38020019E+0001   -0.38020019E+0001    0.60053786E+0000         1
 36700   -0.38025065E+0001   -0.38025065E+0001    0.52915552E+0000         1
 36750   -0.38030551E+0001   -0.38030551E+0001    0.41433787E+0000         1
 36800   -0.38028479E+0001   -0.38028479E+0001    0.57106470E+0000         1
 36850   -0.38031114E+0001   -0.38031114E+0001    0.45857924E+0000         1
 36900   -0.38024926E+0001   -0.38024926E+0001    0.60651336E+0000         1
 36950   -0.38032119E+0001   -0.38032119E+0001    0.36196401E+0000         1
 37000   -0.38029454E+0001   -0.38029454E+0001    0.40229617E+0000         1
 37050   -0.38026612E+0001   -0.38026612E+0001    0.60065869E+0000         1
 37100   -0.38027151E+0001   -0.38027151E+0001    0.58654088E+0000         1
 37150   -0.38032044E+0001   -0.38032044E+0001    0.40113884E+0000         1
 37200   -0.38034898E+0001   -0.38034898E+0001    0.36897859E+0000         1
 37250   -0.38029147E+0001   -0.38029147E+0001    0.61844598E+0000         1
 37300   -0.38032317E+0001   -0.38032317E+0001    0.53467356E+0000         1
 37350   -0.38030282E+0001   -0.38030282E+0001    0.56203800E+0000         1
 37400   -0.38028249E+0001   -0.38028249E+0001    0.64325169E+0000         1
 37450   -0.38031431E+0001   -0.38031431E+0001    0.44433239E+0000         1
 37500   -0.38028546E+0001   -0.38028546E+0001    0.51654963E+0000         1
 37550   -0.38033579E+0001   -0.38033579E+0001    0.41715896E+0000         1
 37600   -0.38028701E+0001   -0.38028701E+0001    0.69197302E+0000         1
 37650   -0.38030658E+0001   -0.38030658E+0001    0.47455210E+0000         1
 37700   -0.38030031E+0001   -0.38030031E+0001    0.48519635E+0000         1
 37750   -0.38028526E+0001   -0.38028526E+0001    0.51437730E+0000         1
 37800   -0.38020038E+0001   -0.38020038E+0001    0.70326661E+0000         1
 37850   -0.38027886E+0001   -0.38027886E+0001    0.50844979E+0000         1
 37900   -0.38028713E+0001   -0.38028713E+0001    0.50931677E+0000         1
 37950   -0.38024785E+0001   -0.38024785E+0001    0.65840459E+0000         1
 38000   -0.38029893E+0001   -0.38029893E+0001    0.52894286E+0000         1
 38050   -0.38029092E+0001   -0.38029092E+0001    0.48974333E+0000         1
 38100   -0.38034679E+0001   -0.38034679E+0001    0.36558745E+0000         1
 38150   -0.38034540E+0001   -0.38034540E+0001    0.28178371E+0000         1
 38200   -0.38024778E+0001   -0.38024778E+0001    0.69434519E+0000         1
 38250   -0.38027899E+0001   -0.38027899E+0001    0.58187427E+0000         1
 38300   -0.38029249E+0001   -0.38029249E+0001    0.45540987E+0000         1
 38350   -0.38028162E+0001   -0.38028162E+0001    0.51516585E+0000         1
 38400   -0.38028754E+0001   -0.38028754E+0001    0.53713401E+0000         1
 38450   -0.38032098E+0001   -0.38032098E+0001    0.45384835E+0000         1
 38500   -0.38034645E+0001   -0.38034645E+0001    0.36667478E+0000         1
 38550   -0.38031843E+0001   -0.38031843E+0001    0.38992996E+0000         1
 38600   -0.38031249E+0001   -0.38031249E+0001    0.48709506E+0000         1
 38650   -0.38029851E+0001   -0.38029851E+0001    0.55020370E+0000         1
 38700   -0.38025591E+0001   -0.38025591E+0001    0.56664215E+0000         1
 38750   -0.38014037E+0001   -0.38014037E+0001    0.87182326E+0000         1
 38800   -0.38030670E+0001   -0.38030670E+0001    0.53465357E+0000         1
 38850   -0.38028595E+0001   -0.38028595E+0001    0.56407229E+0000         1
 38900   -0.38025519E+0001   -0.38025519E+0001    0.63732405E+0000         1
 38950   -0.38021320E+0001   -0.38021320E+0001    0.76821087E+0000         1
 39000   -0.38027244E+0001   -0.38027244E+0001    0.61173648E+0000         1
 39050   -0.38028868E+0001   -0.38028868E+0001    0.55842012E+0000         1
 39100   -0.38028954E+0001   -0.38028954E+0001    0.59951245E+0000         1
 39150   -0.38030629E+0001   -0.38030629E+0001    0.47900199E+0000         1
 39200   -0.38029350E+0001   -0.38029350E+0001    0.57310405E+0000         1
 39250   -0.38030199E+0001   -0.38030199E+0001    0.44115708E+0000         1
 39300   -0.38025905E+0001   -0.38025905E+0001    0.59920785E+0000         1
 39350   -0.38031803E+0001   -0.38031803E+0001    0.48787622E+0000         1
 39400   -0.38032884E+0001   -0.38032884E+0001    0.38524815E+0000         1
 39450   -0.38031620E+0001   -0.38031620E+0001    0.46886294E+0000         1
 39500   -0.38028491E+0001   -0.38028491E+0001    0.47768886E+0000         1
 39550   -0.38027408E+0001   -0.38027408E+0001    0.41933254E+0000         1
 39600   -0.38028309E+0001   -0.38028309E+0001    0.59869648E+0000         1
 39650   -0.38023487E+0001   -0.38023487E+0001    0.63045611E+0000         1
 39700   -0.38032864E+0001   -0.38032864E+0001    0.35633881E+0000         1
 39750   -0.38031511E+0001   -0.38031511E+0001    0.46396589E+0000         1
 39800   -0.38035182E+0001   -0.38035182E+0001    0.32979887E+0000         1
 39850   -0.38031501E+0001   -0.38031501E+0001    0.46173997E+0000         1
 39900   -0.38028359E+0001   -0.38028359E+0001    0.50907228E+0000         1
 39950   -0.38020909E+0001   -0.38020909E+0001    0.70535528E+0000         1
 40000   -0.38022521E+0001   -0.38022521E+0001    0.64011312E+0000         1
 40050   -0.38028153E+0001   -0.38028153E+0001    0.53302421E+0000         1
 40100   -0.38031816E+0001   -0.38031816E+0001    0.52398102E+0000         1
 40150   -0.38036682E+0001   -0.38036682E+0001    0.24009768E+0000         1
 40200   -0.38034160E+0001   -0.38034160E+0001    0.31221595E+0000         1
 40250   -0.38034531E+0001   -0.38034531E+0001    0.39602376E+0000         1
 40300   -0.38032516E+0001   -0.38032516E+0001    0.46318917E+0000         1
 40350   -0.38026911E+0001   -0.38026911E+0001    0.60622101E+0000         1
 40400   -0.38023819E+0001   -0.38023819E+0001    0.65337529E+0000         1
 40450   -0.38023973E+0001   -0.38023973E+0001    0.59341018E+0000         1
 40500   -0.38020557E+0001   -0.38020557E+0001    0.64215590E+0000         1
 40550   -0.38029131E+0001   -0.38029131E+0001    0.57804974E+0000         1
 40600   -0.38025983E+0001   -0.38025983E+0001    0.64527001E+0000         1
 40650   -0.38031541E+0001   -0.38031541E+0001    0.46968033E+0000         1
 40700   -0.38027949E+0001   -0.38027949E+0001    0.62201285E+0000         1
 40750   -0.38029012E+0001   -0.38029012E+0001    0.46634756E+0000         1
 40800   -0.38030857E+0001   -0.38030857E+0001    0.42593542E+0000         1
 40850   -0.38025630E+0001   -0.38025630E+0001    0.64277906E+0000         1
 40900   -0.38028412E+0001   -0.38028412E+0001    0.51727403E+0000         1
 40950   -0.38031824E+0001   -0.38031824E+0001    0.36750636E+0000         1
 41000   -0.38026119E+0001   -0.38026119E+0001    0.57909594E+0000         1
 41050   -0.38025013E+0001   -0.38025013E+0001    0.57764023E+0000         1
 41100   -0.38026873E+0001   -0.38026873E+0001    0.52366741E+0000         1
 41150   -0.38031745E+0001   -0.38031745E+0001    0.36662529E+0000         1
 41200   -0.38027032E+0001   -0.38027032E+0001    0.60184422E+0000         1
 41250   -0.38027403E+0001   -0.38027403E+0001    0.45498722E+0000         1
 41300   -0.38031848E+0001   -0.38031848E+0001    0.43527069E+0000         1
 41350   -0.38029924E+0001   -0.38029924E+0001    0.44999797E+0000         1
 41400   -0.38033239E+0001   -0.38033239E+0001    0.33383211E+0000         1
 41450   -0.38033655E+0001   -0.38033655E+0001    0.31167997E+0000         1
 41500   -0.38034330E+0001   -0.38034330E+0001    0.27067675E+0000         1
 41550   -0.38027713E+0001   -0.38027713E+0001    0.50430487E+0000         1
 41600   -0.38026619E+0001   -0.38026619E+0001    0.42764992E+0000         1
 41650   -0.38029696E+0001   -0.38029696E+0001    0.40159661E+0000         1
 41700   -0.38027953E+0001   -0.38027953E+0001    0.63724355E+0000         1
 41750   -0.38030491E+0001   -0.38030491E+0001    0.47035349E+0000         1
 41800   -0.38030445E+0001   -0.38030445E+0001    0.43858841E+0000         1
 41850   -0.38029653E+0001   -0.38029653E+0001    0.45808781E+0000         1
 41900   -0.38031781E+0001   -0.38031781E+0001    0.37457491E+0000         1
 41950   -0.38022239E+0001   -0.38022239E+0001    0.68151829E+0000         1
 42000   -0.38028955E+0001   -0.38028955E+0001    0.50007504E+0000         1
 42050   -0.38032040E+0001   -0.38032040E+0001    0.44835841E+0000         1
 42100   -0.38030533E+0001   -0.38030533E+0001    0.49832557E+0000         1
 42150   -0.38025935E+0001   -0.38025935E+0001    0.57973960E+0000         1
 42200   -0.38029400E+0001   -0.38029400E+0001    0.48757444E+0000         1
 42250   -0.38026853E+0001   -0.38026853E+0001    0.52964135E+0000         1
 42300   -0.38033922E+0001   -0.38033922E+0001    0.35665007E+0000         1
 42350   -0.38031704E+0001   -0.38031704E+0001    0.42951904E+0000         1
 42400   -0.38030135E+0001   -0.38030135E+0001    0.46122764E+0000         1
 42450   -0.38027419E+0001   -0.38027419E+0001    0.63828961E+0000         1
 42500   -0.38028581E+0001   -0.38028581E+0001    0.55359506E+0000         1
 42550   -0.38027268E+0001   -0.38027268E+0001    0.67084499E+0000         1
 42600   -0.38032883E+0001   -0.38032883E+0001    0.34015650E+0000         1
 42650   -0.38029350E+0001   -0.38029350E+0001    0.48380657E+0000         1
 42700   -0.38027151E+0001   -0.38027151E+0001    0.67583842E+0000         1
 42750   -0.38026806E+0001   -0.38026806E+0001    0.66834251E+0000         1
 42800   -0.38030302E+0001   -0.38030302E+0001    0.47922808E+0000         1
 42850   -0.38029837E+0001   -0.38029837E+0001    0.42864956E+0000         1
 42900   -0.38028597E+0001   -0.38028597E+0001    0.47875622E+0000         1
 42950   -0.38030717E+0001   -0.38030717E+0001    0.41984766E+0000         1
 43000   -0.38025715E+0001   -0.38025715E+0001    0.51610747E+0000         1
 43050   -0.38026593E+0001   -0.38026593E+0001    0.51929764E+0000         1
 43100   -0.38031022E+0001   -0.38031022E+0001    0.42686970E+0000         1
 43150   -0.38030962E+0001   -0.38030962E+0001    0.43245773E+0000         1
 43200   -0.38026530E+0001   -0.38026530E+0001    0.51698641E+0000         1
 43250   -0.38026972E+0001   -0.38026972E+0001    0.50661490E+0000         1
 43300   -0.38024646E+0001   -0.38024646E+0001    0.50436996E+0000         1
 43350   -0.38026353E+0001   -0.38026353E+0001    0.52439774E+0000         1
 43400   -0.38023003E+0001   -0.38023003E+0001    0.59504431E+0000         1
 43450   -0.38021466E+0001   -0.38021466E+0001    0.61682037E+0000         1
 43500   -0.38020778E+0001   -0.38020778E+0001    0.62851308E+0000         1
 43550   -0.38012557E+0001   -0.38012557E+0001    0.78892383E+0000         1
 43600   -0.38020443E+0001   -0.38020443E+0001    0.67168312E+0000         1
 43650   -0.38018435E+0001   -0.38018435E+0001    0.62289541E+0000         1
 43700   -0.38021398E+0001   -0.38021398E+0001    0.62134038E+0000         1
 43750   -0.38023688E+0001   -0.38023688E+0001    0.55043028E+0000         1
 43800   -0.38024682E+0001   -0.38024682E+0001    0.51188415E+0000         1
 43850   -0.38024309E+0001   -0.38024309E+0001    0.64614944E+0000         1
 43900   -0.38026656E+0001   -0.38026656E+0001    0.61228274E+0000         1
 43950   -0.38028495E+0001   -0.38028495E+0001    0.54954681E+0000         1
 44000   -0.38026076E+0001   -0.38026076E+0001    0.62553952E+0000         1
 44050   -0.38027999E+0001   -0.38027999E+0001    0.48018996E+0000         1
 44100   -0.38030862E+0001   -0.38030862E+0001    0.46010814E+0000         1
 44150   -0.38028134E+0001   -0.38028134E+0001    0.49129288E+0000         1
 44200   -0.38031313E+0001   -0.38031313E+0001    0.44739677E+0000         1
 44250   -0.38029550E+0001   -0.38029550E+0001    0.41255060E+0000         1
 44300   -0.38024445E+0001   -0.38024445E+0001    0.55043750E+0000         1
 44350   -0.38025966E+0001   -0.38025966E+0001    0.55250769E+0000         1
 44400   -0.38024315E+0001   -0.38024315E+0001    0.49159945E+0000         1
 44450   -0.38024234E+0001   -0.38024234E+0001    0.43793503E+0000         1
 44500   -0.38024120E+0001   -0.38024120E+0001    0.51177530E+0000         1
 44550   -0.38018248E+0001   -0.38018248E+0001    0.70637400E+0000         1
 44600   -0.38022520E+0001   -0.38022520E+0001    0.55157559E+0000         1
 44650   -0.38028035E+0001   -0.38028035E+0001    0.42600901E+0000         1
 44700   -0.38027474E+0001   -0.38027474E+0001    0.47212450E+0000         1
 44750   -0.38028610E+0001   -0.38028610E+0001    0.49835043E+0000         1
 44800   -0.38020764E+0001   -0.38020764E+0001    0.73858091E+0000         1
 44850   -0.38026119E+0001   -0.38026119E+0001    0.51886880E+0000         1
 44900   -0.38026016E+0001   -0.38026016E+0001    0.53059995E+0000         1
 44950   -0.38029953E+0001   -0.38029953E+0001    0.39614262E+0000         1
 45000   -0.38028920E+0001   -0.38028920E+0001    0.45296318E+0000         1
 45050   -0.38030951E+0001   -0.38030951E+0001    0.43762677E+0000         1
 45100   -0.38031635E+0001   -0.38031635E+0001    0.40981332E+0000         1
 45150   -0.38030127E+0001   -0.38030127E+0001    0.48573546E+0000         1
 45200   -0.38034201E+0001   -0.38034201E+0001    0.34511139E+0000         1
 45250   -0.38031831E+0001   -0.38031831E+0001    0.40218874E+0000         1
 45300   -0.38026242E+0001   -0.38026242E+0001    0.57301514E+0000         1
 45350   -0.38030657E+0001   -0.38030657E+0001    0.37918349E+0000         1
 45400   -0.38029158E+0001   -0.38029158E+0001    0.44655855E+0000         1
 45450   -0.38031188E+0001   -0.38031188E+0001    0.40828912E+0000         1
 45500   -0.38034199E+0001   -0.38034199E+0001    0.30762448E+0000         1
 45550   -0.38033652E+0001   -0.38033652E+0001    0.32301935E+0000         1
 45600   -0.38031894E+0001   -0.38031894E+0001    0.36012155E+0000         1
 45650   -0.38032931E+0001   -0.38032931E+0001    0.44463703E+0000         1
 45700   -0.38033652E+0001   -0.38033652E+0001    0.36289346E+0000         1
 45750   -0.38034023E+0001   -0.38034023E+0001    0.36495368E+0000         1
 45800   -0.38029117E+0001   -0.38029117E+0001    0.54488512E+0000         1
 45850   -0.38031365E+0001   -0.38031365E+0001    0.49013180E+0000         1
 45900   -0.38033194E+0001   -0.38033194E+0001    0.38229160E+0000         1
 45950   -0.38031323E+0001   -0.38031323E+0001    0.43903476E+0000         1
 46000   -0.38028615E+0001   -0.38028615E+0001    0.60634384E+0000         1
 46050   -0.38027120E+0001   -0.38027120E+0001    0.54616616E+0000         1
 46100   -0.38026902E+0001   -0.38026902E+0001    0.44779769E+0000         1
 46150   -0.38029790E+0001   -0.38029790E+0001    0.50395573E+0000         1
 46200   -0.38030089E+0001   -0.38030089E+0001    0.50388587E+0000         1
 46250   -0.38028713E+0001   -0.38028713E+0001    0.51973750E+0000         1
 46300   -0.38024429E+0001   -0.38024429E+0001    0.57770770E+0000         1
 46350   -0.38029060E+0001   -0.38029060E+0001    0.50273661E+0000         1
 46400   -0.38025471E+0001   -0.38025471E+0001    0.57475824E+0000         1
 46450   -0.38032496E+0001   -0.38032496E+0001    0.40898864E+0000         1
 46500   -0.38030466E+0001   -0.38030466E+0001    0.38705054E+0000         1
 46550   -0.38025579E+0001   -0.38025579E+0001    0.60660016E+0000         1
 46600   -0.38027387E+0001   -0.38027387E+0001    0.57649267E+0000         1
 46650   -0.38025189E+0001   -0.38025189E+0001    0.66180103E+0000         1
 46700   -0.38026470E+0001   -0.38026470E+0001    0.52752686E+0000         1
 46750   -0.38027550E+0001   -0.38027550E+0001    0.61524098E+0000         1
 46800   -0.38027921E+0001   -0.38027921E+0001    0.56166851E+0000         1
 46850   -0.38028110E+0001   -0.38028110E+0001    0.47773227E+0000         1
 46900   -0.38030404E+0001   -0.38030404E+0001    0.45419760E+0000         1
 46950   -0.38034171E+0001   -0.38034171E+0001    0.34485074E+0000         1
 47000   -0.38032835E+0001   -0.38032835E+0001    0.53971945E+0000         1
 47050   -0.38029268E+0001   -0.38029268E+0001    0.61625619E+0000         1
 47100   -0.38030990E+0001   -0.38030990E+0001    0.48522033E+0000         1
 47150   -0.38024104E+0001   -0.38024104E+0001    0.60000820E+0000         1
 47200   -0.38025925E+0001   -0.38025925E+0001    0.56545795E+0000         1
 47250   -0.38029210E+0001   -0.38029210E+0001    0.43628754E+0000         1
 47300   -0.38031547E+0001   -0.38031547E+0001    0.38497394E+0000         1
 47350   -0.38029880E+0001   -0.38029880E+0001    0.52030301E+0000         1
 47400   -0.38028529E+0001   -0.38028529E+0001    0.52580050E+0000         1
 47450   -0.38032356E+0001   -0.38032356E+0001    0.45367899E+0000         1
 47500   -0.38033719E+0001   -0.38033719E+0001    0.38090621E+0000         1
 47550   -0.38028945E+0001   -0.38028945E+0001    0.57903933E+0000         1
 47600   -0.38027279E+0001   -0.38027279E+0001    0.61307803E+0000         1
 47650   -0.38037724E+0001   -0.38037724E+0001    0.19293813E+0000         1
 47700   -0.38032737E+0001   -0.38032737E+0001    0.46084162E+0000         1
 47750   -0.38032639E+0001   -0.38032639E+0001    0.45119559E+0000         1
 47800   -0.38023666E+0001   -0.38023666E+0001    0.78325671E+0000         1
 47850   -0.38026158E+0001   -0.38026158E+0001    0.64718224E+0000         1
 47900   -0.38030578E+0001   -0.38030578E+0001    0.50248228E+0000         1
 47950   -0.38028986E+0001   -0.38028986E+0001    0.50019960E+0000         1
 48000   -0.38029742E+0001   -0.38029742E+0001    0.47504079E+0000         1
