     1   -0.39240001E+0001   -0.39243722E+0001    0.14725405E+0001     12004
    50   -0.39235200E+0001   -0.39282552E+0001    0.12573602E+0001     11989
   100   -0.39252003E+0001   -0.39312077E+0001    0.10852420E+0001     12224
   150   -0.39278193E+0001   -0.39325764E+0001    0.95984601E+0000     12646
   200   -0.39300639E+0001   -0.39342740E+0001    0.88985376E+0000     12881
   250   -0.39319193E+0001   -0.39350531E+0001    0.80833847E+0000     13269
   300   -0.39329724E+0001   -0.39359740E+0001    0.77051257E+0000     13284
   350   -0.39338439E+0001   -0.39365335E+0001    0.74727486E+0000     13430
   400   -0.39345681E+0001   -0.39373301E+0001    0.67987831E+0000     13468
     1   -0.39239940E+0001   -0.39243861E+0001    0.14725405E+0001     12006
    50   -0.39231611E+0001   -0.39279284E+0001    0.12877302E+0001     12257
   100   -0.39241266E+0001   -0.39288834E+0001    0.12196270E+0001     12494
   150   -0.39260623E+0001   -0.39306816E+0001    0.10680313E+0001     12948
   200   -0.39280051E+0001   -0.39325672E+0001    0.10101593E+0001     13266
   250   -0.39295773E+0001   -0.39335782E+0001    0.95583453E+0000     13641
   300   -0.39309297E+0001   -0.39345340E+0001    0.89883194E+0000     14080
   350   -0.39318458E+0001   -0.39351855E+0001    0.82877745E+0000     14107
   400   -0.39327306E+0001   -0.39365404E+0001    0.67637287E+0000     14488
     1   -0.39239881E+0001   -0.39243495E+0001    0.14725405E+0001     12002
    50   -0.39228613E+0001   -0.39271882E+0001    0.13293266E+0001     12351
   100   -0.39235989E+0001   -0.39308523E+0001    0.11672957E+0001     12618
   150   -0.39266550E+0001   -0.39330893E+0001    0.10372416E+0001     13083
   200   -0.39302811E+0001   -0.39351158E+0001    0.93286978E+0000     13613
   250   -0.39320719E+0001   -0.39360775E+0001    0.84132752E+0000     13907
   300   -0.39335540E+0001   -0.39367482E+0001    0.75858658E+0000     14271
   350   -0.39348224E+0001   -0.39379569E+0001    0.64478039E+0000     14367
   400   -0.39357670E+0001   -0.39381685E+0001    0.63714280E+0000     14550
     1   -0.39239852E+0001   -0.39243658E+0001    0.14725405E+0001     11997
    50   -0.39226122E+0001   -0.39273751E+0001    0.13281981E+0001     12075
   100   -0.39233096E+0001   -0.39285428E+0001    0.12752126E+0001     12274
   150   -0.39249898E+0001   -0.39296077E+0001    0.11598530E+0001     12728
   200   -0.39261276E+0001   -0.39305690E+0001    0.11298396E+0001     12953
   250   -0.39272995E+0001   -0.39320117E+0001    0.10290719E+0001     13513
   300   -0.39288460E+0001   -0.39332049E+0001    0.89924094E+0000     13695
   350   -0.39307139E+0001   -0.39344192E+0001    0.91875120E+0000     13972
   400   -0.39316564E+0001   -0.39350364E+0001    0.80823693E+0000     14367
     1   -0.39239794E+0001   -0.39243664E+0001    0.14725405E+0001     12005
    50   -0.39223952E+0001   -0.39273760E+0001    0.13467151E+0001     12266
   100   -0.39228706E+0001   -0.39282074E+0001    0.12466473E+0001     12297
   150   -0.39246519E+0001   -0.39307795E+0001    0.11227384E+0001     12816
   200   -0.39265581E+0001   -0.39318106E+0001    0.10211669E+0001     13355
   250   -0.39282814E+0001   -0.39322140E+0001    0.10004674E+0001     13645
   300   -0.39290891E+0001   -0.39330790E+0001    0.96073050E+0000     13669
   350   -0.39299164E+0001   -0.39339863E+0001    0.88936087E+0000     13930
   400   -0.39307576E+0001   -0.39344543E+0001    0.80861346E+0000     14384
     1   -0.39239754E+0001   -0.39244265E+0001    0.14725405E+0001     12004
    50   -0.39221906E+0001   -0.39270827E+0001    0.13011761E+0001     12093
   100   -0.39226253E+0001   -0.39280056E+0001    0.12420843E+0001     12024
   150   -0.39243026E+0001   -0.39290398E+0001    0.11913644E+0001     12559
   200   -0.39255374E+0001   -0.39298968E+0001    0.11307272E+0001     12989
   250   -0.39263048E+0001   -0.39306390E+0001    0.11116838E+0001     13400
   300   -0.39271289E+0001   -0.39315694E+0001    0.10505165E+0001     13855
   350   -0.39279757E+0001   -0.39327314E+0001    0.92869930E+0000     14259
   400   -0.39291642E+0001   -0.39343246E+0001    0.90618778E+0000     14741
     1   -0.39239714E+0001   -0.39243789E+0001    0.14725405E+0001     11998
    50   -0.39219881E+0001   -0.39264499E+0001    0.13798471E+0001     12264
   100   -0.39216960E+0001   -0.39272447E+0001    0.12935077E+0001     12792
   150   -0.39231270E+0001   -0.39287821E+0001    0.11966814E+0001     12951
   200   -0.39249511E+0001   -0.39300419E+0001    0.11438803E+0001     13562
   250   -0.39255538E+0001   -0.39303377E+0001    0.11173204E+0001     13939
   300   -0.39263878E+0001   -0.39313592E+0001    0.10135020E+0001     14225
   350   -0.39273665E+0001   -0.39323586E+0001    0.10016033E+0001     14760
   400   -0.39286089E+0001   -0.39329007E+0001    0.92136453E+0000     14874
     1   -0.39239715E+0001   -0.39243660E+0001    0.14725405E+0001     11999
    50   -0.39218336E+0001   -0.39272270E+0001    0.13497434E+0001     12075
   100   -0.39217670E+0001   -0.39278489E+0001    0.13348040E+0001     12474
   150   -0.39229616E+0001   -0.39284058E+0001    0.12407938E+0001     12874
   200   -0.39240839E+0001   -0.39296175E+0001    0.12075670E+0001     13424
   250   -0.39250559E+0001   -0.39302233E+0001    0.11739034E+0001     13868
   300   -0.39257661E+0001   -0.39308887E+0001    0.11495335E+0001     14185
   350   -0.39260940E+0001   -0.39302528E+0001    0.11856203E+0001     14524
   400   -0.39264568E+0001   -0.39323646E+0001    0.10771027E+0001     14885
     1   -0.39239691E+0001   -0.39243863E+0001    0.14725405E+0001     12001
    50   -0.39216366E+0001   -0.39263667E+0001    0.13525073E+0001     12081
   100   -0.39212481E+0001   -0.39273759E+0001    0.13128185E+0001     12523
   150   -0.39229440E+0001   -0.39286131E+0001    0.12337726E+0001     13062
   200   -0.39242145E+0001   -0.39292961E+0001    0.11528609E+0001     13586
   250   -0.39250057E+0001   -0.39297468E+0001    0.11311591E+0001     14221
   300   -0.39258444E+0001   -0.39305195E+0001    0.10795227E+0001     14341
   350   -0.39266425E+0001   -0.39316284E+0001    0.10104578E+0001     14821
   400   -0.39274395E+0001   -0.39318665E+0001    0.10372675E+0001     15283
     1   -0.39239617E+0001   -0.39244015E+0001    0.14725405E+0001     11992
    50   -0.39215176E+0001   -0.39266426E+0001    0.13794110E+0001     11965
   100   -0.39210340E+0001   -0.39276450E+0001    0.13053230E+0001     12274
   150   -0.39225224E+0001   -0.39297041E+0001    0.12006126E+0001     12849
   200   -0.39250396E+0001   -0.39299634E+0001    0.11597575E+0001     13131
   250   -0.39261644E+0001   -0.39306836E+0001    0.10990174E+0001     13872
   300   -0.39267056E+0001   -0.39313840E+0001    0.10796372E+0001     14373
   350   -0.39279017E+0001   -0.39319088E+0001    0.10252096E+0001     14974
   400   -0.39286799E+0001   -0.39333916E+0001    0.98661075E+0000     15411
     1   -0.39239629E+0001   -0.39244006E+0001    0.14725405E+0001     11998
    50   -0.39213553E+0001   -0.39259038E+0001    0.13811598E+0001     12072
   100   -0.39203969E+0001   -0.39268933E+0001    0.13322082E+0001     12532
   150   -0.39210196E+0001   -0.39273674E+0001    0.12929308E+0001     13092
   200   -0.39227491E+0001   -0.39278880E+0001    0.12696462E+0001     13293
   250   -0.39234017E+0001   -0.39280498E+0001    0.11927246E+0001     13693
   300   -0.39239437E+0001   -0.39283599E+0001    0.11867838E+0001     14080
   350   -0.39242278E+0001   -0.39300546E+0001    0.11191708E+0001     14248
   400   -0.39244285E+0001   -0.39306025E+0001    0.11330016E+0001     14581
     1   -0.39239603E+0001   -0.39243688E+0001    0.14725405E+0001     12006
    50   -0.39212548E+0001   -0.39270643E+0001    0.13347975E+0001     12091
   100   -0.39204430E+0001   -0.39274985E+0001    0.13417179E+0001     12351
   150   -0.39218756E+0001   -0.39278674E+0001    0.12635993E+0001     12969
   200   -0.39228151E+0001   -0.39282509E+0001    0.12354923E+0001     13530
   250   -0.39238055E+0001   -0.39289332E+0001    0.12578072E+0001     14252
   300   -0.39242980E+0001   -0.39289822E+0001    0.12259186E+0001     14732
   350   -0.39242304E+0001   -0.39287437E+0001    0.11985047E+0001     14977
   400   -0.39240275E+0001   -0.39289694E+0001    0.11666835E+0001     15512
     1   -0.39239566E+0001   -0.39244007E+0001    0.14725405E+0001     12005
    50   -0.39211555E+0001   -0.39262593E+0001    0.13608457E+0001     12138
   100   -0.39200389E+0001   -0.39269860E+0001    0.13495174E+0001     12492
   150   -0.39208872E+0001   -0.39273010E+0001    0.13242692E+0001     12738
   200   -0.39221461E+0001   -0.39271202E+0001    0.13054845E+0001     12999
   250   -0.39226720E+0001   -0.39274142E+0001    0.12672229E+0001     13414
   300   -0.39228396E+0001   -0.39276302E+0001    0.12281953E+0001     13936
   350   -0.39229890E+0001   -0.39284542E+0001    0.12185484E+0001     14486
   400   -0.39235410E+0001   -0.39283260E+0001    0.12408296E+0001     14976
   450   -0.39232994E+0001   -0.39277956E+0001    0.12128828E+0001     15523
   500   -0.39230116E+0001   -0.39277143E+0001    0.12618191E+0001     15646
   550   -0.39225931E+0001   -0.39281520E+0001    0.12298726E+0001     16169
   600   -0.39220323E+0001   -0.39281474E+0001    0.11959767E+0001     16767
   650   -0.39226845E+0001   -0.39279519E+0001    0.11665622E+0001     17316
   700   -0.39233955E+0001   -0.39287313E+0001    0.10986756E+0001     17714
   750   -0.39238665E+0001   -0.39284972E+0001    0.10821858E+0001     18199
     1   -0.39239586E+0001   -0.39244169E+0001    0.14725405E+0001     12001
    50   -0.39210478E+0001   -0.39267865E+0001    0.13360909E+0001     11987
   100   -0.39200432E+0001   -0.39262773E+0001    0.13731318E+0001     12434
   150   -0.39204252E+0001   -0.39259059E+0001    0.14003891E+0001     12980
   200   -0.39200847E+0001   -0.39256472E+0001    0.14115078E+0001     13683
   250   -0.39198834E+0001   -0.39254363E+0001    0.13288544E+0001     13980
   300   -0.39204301E+0001   -0.39253938E+0001    0.13163157E+0001     14597
   350   -0.39195221E+0001   -0.39247480E+0001    0.12562414E+0001     15483
   400   -0.39184456E+0001   -0.39246063E+0001    0.13291645E+0001     15805
   450   -0.39183761E+0001   -0.39239032E+0001    0.13736436E+0001     16090
   500   -0.39178948E+0001   -0.39243501E+0001    0.13601531E+0001     16595
   550   -0.39177379E+0001   -0.39245574E+0001    0.12899615E+0001     17295
   600   -0.39183595E+0001   -0.39241440E+0001    0.13269816E+0001     17935
   650   -0.39185947E+0001   -0.39245254E+0001    0.13287948E+0001     18394
   700   -0.39179798E+0001   -0.39245567E+0001    0.13200946E+0001     18853
   750   -0.39176972E+0001   -0.39236559E+0001    0.12815652E+0001     19174
   800   -0.39178973E+0001   -0.39228315E+0001    0.12525735E+0001     19814
   850   -0.39173201E+0001   -0.39229707E+0001    0.12295856E+0001     20502
   900   -0.39171782E+0001   -0.39228855E+0001    0.12090652E+0001     20893
   950   -0.39177592E+0001   -0.39223310E+0001    0.12390389E+0001     21672
  1000   -0.39171716E+0001   -0.39215397E+0001    0.12823028E+0001     22415
  1050   -0.39159863E+0001   -0.39219051E+0001    0.12638434E+0001     23003
  1100   -0.39149825E+0001   -0.39213751E+0001    0.12650613E+0001     23385
  1150   -0.39144538E+0001   -0.39210948E+0001    0.13072548E+0001     23922
  1200   -0.39135190E+0001   -0.39201173E+0001    0.13438414E+0001     24571
  1250   -0.39122313E+0001   -0.39197326E+0001    0.13559761E+0001     25149
  1300   -0.39113015E+0001   -0.39193979E+0001    0.13719193E+0001     25705
  1350   -0.39100742E+0001   -0.39173135E+0001    0.13581188E+0001     26332
  1400   -0.39083705E+0001   -0.39158511E+0001    0.14031339E+0001     27189
  1450   -0.39065619E+0001   -0.39148675E+0001    0.13954947E+0001     28352
  1500   -0.39046813E+0001   -0.39126193E+0001    0.14382407E+0001     29038
  1550   -0.39031715E+0001   -0.39114935E+0001    0.14546592E+0001     29825
  1600   -0.39018877E+0001   -0.39106232E+0001    0.14680865E+0001     30479
  1601   -0.39020593E+0001   -0.39020593E+0001    0.15316661E+0001     12000
  1650   -0.39055009E+0001   -0.39104655E+0001    0.13868127E+0001     12119
  1700   -0.39030190E+0001   -0.39102934E+0001    0.14492954E+0001     12206
  1750   -0.39011912E+0001   -0.39087688E+0001    0.14940786E+0001     12405
  1800   -0.38997220E+0001   -0.39061457E+0001    0.15072704E+0001     12530
  1850   -0.38980590E+0001   -0.39060239E+0001    0.15161444E+0001     12947
  1900   -0.38964175E+0001   -0.39046791E+0001    0.15411321E+0001     13565
  1950   -0.38949243E+0001   -0.39040564E+0001    0.15676176E+0001     13954
  2000   -0.38933076E+0001   -0.39020085E+0001    0.15594517E+0001     14258
  2050   -0.38914028E+0001   -0.39003961E+0001    0.15596943E+0001     14836
  2100   -0.38903275E+0001   -0.38993388E+0001    0.15561438E+0001     15100
  2150   -0.38893396E+0001   -0.38980925E+0001    0.15791395E+0001     15375
  2200   -0.38884829E+0001   -0.38973995E+0001    0.16035910E+0001     15788
  2250   -0.38866444E+0001   -0.38965431E+0001    0.16323881E+0001     16075
  2300   -0.38842385E+0001   -0.38951768E+0001    0.15945943E+0001     16755
  2350   -0.38827750E+0001   -0.38947304E+0001    0.16141850E+0001     17127
  2400   -0.38828972E+0001   -0.38952768E+0001    0.16355679E+0001     17676
  2450   -0.38824629E+0001   -0.38945459E+0001    0.16418475E+0001     18325
  2500   -0.38804792E+0001   -0.38948081E+0001    0.16538461E+0001     18609
  2550   -0.38777816E+0001   -0.38900945E+0001    0.16729535E+0001     19174
  2600   -0.38741287E+0001   -0.38878462E+0001    0.16754434E+0001     19644
  2650   -0.38694095E+0001   -0.38857092E+0001    0.16903768E+0001     20372
  2700   -0.38642581E+0001   -0.38822396E+0001    0.16723374E+0001     21041
  2750   -0.38569411E+0001   -0.38802839E+0001    0.16796069E+0001     21420
  2800   -0.38491021E+0001   -0.38765709E+0001    0.16500887E+0001     21743
  2850   -0.38419888E+0001   -0.38717274E+0001    0.16435827E+0001     22201
  2900   -0.38354533E+0001   -0.38655146E+0001    0.16247825E+0001     22606
  2950   -0.38297851E+0001   -0.38603564E+0001    0.16257811E+0001     22967
  3000   -0.38249949E+0001   -0.38545850E+0001    0.16014537E+0001     23323
  3050   -0.38206467E+0001   -0.38383398E+0001    0.15847994E+0001     23963
  3100   -0.38166334E+0001   -0.38320336E+0001    0.15675958E+0001     24537
  3150   -0.38127863E+0001   -0.38292209E+0001    0.15706524E+0001     25227
  3200   -0.38089773E+0001   -0.38249146E+0001    0.15472479E+0001     25651
  3201   -0.38091433E+0001   -0.38091433E+0001    0.15251193E+0001     12000
  3250   -0.38125879E+0001   -0.38178056E+0001    0.15227062E+0001     12046
  3300   -0.38090665E+0001   -0.38164810E+0001    0.15110545E+0001     12065
  3350   -0.38054927E+0001   -0.38123425E+0001    0.15146607E+0001     12303
  3400   -0.38019477E+0001   -0.38103308E+0001    0.15023502E+0001     12223
  3450   -0.37984868E+0001   -0.38083589E+0001    0.14953540E+0001     12505
  3500   -0.37948851E+0001   -0.38067766E+0001    0.14692404E+0001     12530
  3550   -0.37910647E+0001   -0.38015168E+0001    0.14564816E+0001     13119
  3600   -0.37871065E+0001   -0.37979577E+0001    0.14394777E+0001     13391
  3650   -0.37833918E+0001   -0.37944923E+0001    0.14290240E+0001     13637
  3700   -0.37802013E+0001   -0.37914633E+0001    0.14050662E+0001     14157
  3750   -0.37771865E+0001   -0.37879283E+0001    0.13713475E+0001     14771
  3800   -0.37743875E+0001   -0.37879894E+0001    0.13536657E+0001     14889
  3850   -0.37715126E+0001   -0.37846683E+0001    0.13391418E+0001     15202
  3900   -0.37683872E+0001   -0.37825902E+0001    0.13143170E+0001     15519
  3950   -0.37654075E+0001   -0.37776197E+0001    0.12845958E+0001     15838
  4000   -0.37628134E+0001   -0.37717735E+0001    0.12926393E+0001     15989
  4050   -0.37604171E+0001   -0.37692676E+0001    0.12544190E+0001     16283
  4100   -0.37577732E+0001   -0.37659253E+0001    0.12380968E+0001     16621
  4150   -0.37548573E+0001   -0.37638269E+0001    0.12260494E+0001     17187
  4200   -0.37524561E+0001   -0.37611743E+0001    0.11964182E+0001     17355
  4250   -0.37501501E+0001   -0.37585986E+0001    0.11811136E+0001     17802
  4300   -0.37477490E+0001   -0.37571997E+0001    0.11843361E+0001     17936
  4350   -0.37455057E+0001   -0.37551474E+0001    0.11429799E+0001     18119
  4400   -0.37433480E+0001   -0.37524118E+0001    0.11224543E+0001     18661
  4450   -0.37411888E+0001   -0.37501332E+0001    0.11303533E+0001     19045
  4500   -0.37389279E+0001   -0.37488821E+0001    0.11067691E+0001     19271
  4550   -0.37367736E+0001   -0.37466468E+0001    0.10826734E+0001     19267
  4600   -0.37346823E+0001   -0.37461608E+0001    0.10675193E+0001     19739
  4650   -0.37324809E+0001   -0.37444546E+0001    0.10353336E+0001     20192
  4700   -0.37302389E+0001   -0.37424842E+0001    0.10238875E+0001     20612
  4750   -0.37280781E+0001   -0.37413351E+0001    0.10040944E+0001     21078
  4800   -0.37259140E+0001   -0.37394332E+0001    0.97978461E+0000     21136
  4801   -0.37259823E+0001   -0.37259823E+0001    0.97440277E+0000     12000
  4850   -0.37274175E+0001   -0.37307473E+0001    0.96777368E+0000     12021
  4900   -0.37260707E+0001   -0.37301170E+0001    0.96884227E+0000     12005
  4950   -0.37247367E+0001   -0.37301944E+0001    0.97827370E+0000     12389
  5000   -0.37234364E+0001   -0.37297768E+0001    0.96366877E+0000     12646
  5050   -0.37220227E+0001   -0.37293933E+0001    0.92233340E+0000     12710
  5100   -0.37207659E+0001   -0.37280330E+0001    0.94134725E+0000     13066
  5150   -0.37195063E+0001   -0.37249489E+0001    0.92835107E+0000     13392
  5200   -0.37181511E+0001   -0.37237541E+0001    0.91626400E+0000     13553
  5250   -0.37168504E+0001   -0.37246019E+0001    0.90808153E+0000     13981
  5300   -0.37156756E+0001   -0.37225085E+0001    0.90855703E+0000     14171
  5350   -0.37147387E+0001   -0.37215092E+0001    0.89757155E+0000     14371
  5400   -0.37138252E+0001   -0.37211819E+0001    0.87461143E+0000     14608
  5450   -0.37129227E+0001   -0.37200167E+0001    0.84664175E+0000     14973
  5500   -0.37119487E+0001   -0.37199223E+0001    0.79746777E+0000     15189
  5550   -0.37109753E+0001   -0.37178463E+0001    0.79958265E+0000     15438
  5600   -0.37100864E+0001   -0.37169065E+0001    0.79370709E+0000     15692
  5650   -0.37093852E+0001   -0.37168353E+0001    0.77478160E+0000     16286
  5700   -0.37086329E+0001   -0.37154128E+0001    0.75413253E+0000     16757
  5750   -0.37077798E+0001   -0.37133130E+0001    0.74403641E+0000     17029
  5800   -0.37069512E+0001   -0.37134634E+0001    0.71498822E+0000     17434
  5850   -0.37062325E+0001   -0.37115426E+0001    0.73921187E+0000     17578
  5900   -0.37054660E+0001   -0.37114397E+0001    0.71057377E+0000     17903
  5950   -0.37046065E+0001   -0.37108667E+0001    0.68043162E+0000     18245
  6000   -0.37038720E+0001   -0.37095602E+0001    0.66476558E+0000     18485
  6050   -0.37030997E+0001   -0.37097319E+0001    0.60977750E+0000     18932
  6100   -0.37022284E+0001   -0.37095999E+0001    0.65801739E+0000     19439
  6150   -0.37013984E+0001   -0.37093333E+0001    0.64630251E+0000     20030
  6200   -0.37006119E+0001   -0.37083967E+0001    0.60831481E+0000     20279
  6250   -0.36997431E+0001   -0.37075462E+0001    0.60912780E+0000     20583
  6300   -0.36988832E+0001   -0.37059490E+0001    0.62219500E+0000     21310
  6350   -0.36980313E+0001   -0.37052645E+0001    0.57317864E+0000     21618
  6400   -0.36974471E+0001   -0.37042526E+0001    0.58219926E+0000     22508
  6401   -0.36974661E+0001   -0.36974661E+0001    0.50611375E+0000     12000
  6450   -0.36978695E+0001   -0.36994852E+0001    0.51319745E+0000     11970
  6500   -0.36975379E+0001   -0.36996263E+0001    0.54637353E+0000     12204
  6550   -0.36972061E+0001   -0.36998818E+0001    0.53842720E+0000     12488
  6600   -0.36968632E+0001   -0.37002870E+0001    0.51093802E+0000     12798
  6650   -0.36965370E+0001   -0.36996504E+0001    0.52990283E+0000     12894
  6700   -0.36962141E+0001   -0.36996212E+0001    0.55160976E+0000     13240
  6750   -0.36958746E+0001   -0.36983738E+0001    0.57530450E+0000     13468
  6800   -0.36955417E+0001   -0.36984104E+0001    0.52427928E+0000     13592
  6850   -0.36952473E+0001   -0.36981162E+0001    0.55010115E+0000     13876
  6900   -0.36949798E+0001   -0.36986002E+0001    0.51432534E+0000     14465
  6950   -0.36946997E+0001   -0.36988692E+0001    0.50421402E+0000     14682
  7000   -0.36943461E+0001   -0.36975354E+0001    0.52536256E+0000     14877
  7050   -0.36940790E+0001   -0.36974371E+0001    0.47804106E+0000     15230
  7100   -0.36937974E+0001   -0.36971597E+0001    0.50914517E+0000     15665
  7150   -0.36935044E+0001   -0.36973112E+0001    0.41668210E+0000     16126
  7200   -0.36932041E+0001   -0.36975317E+0001    0.47983543E+0000     16324
  7250   -0.36929469E+0001   -0.36970412E+0001    0.49355786E+0000     16517
  7300   -0.36927252E+0001   -0.36961965E+0001    0.42261342E+0000     16855
  7350   -0.36925070E+0001   -0.36957919E+0001    0.45469498E+0000     17264
  7400   -0.36922951E+0001   -0.36956469E+0001    0.47450445E+0000     17516
  7450   -0.36921497E+0001   -0.36949932E+0001    0.46137918E+0000     17730
  7500   -0.36919748E+0001   -0.36941325E+0001    0.48676782E+0000     17972
  7550   -0.36917745E+0001   -0.36942709E+0001    0.41189951E+0000     18153
  7600   -0.36916197E+0001   -0.36940922E+0001    0.39756162E+0000     18411
  7650   -0.36914535E+0001   -0.36941902E+0001    0.41022536E+0000     18570
  7700   -0.36912762E+0001   -0.36938191E+0001    0.41657903E+0000     18878
  7750   -0.36911316E+0001   -0.36934166E+0001    0.35503964E+0000     19269
  7800   -0.36910455E+0001   -0.36935257E+0001    0.44197151E+0000     19742
  7850   -0.36909336E+0001   -0.36928072E+0001    0.43486299E+0000     20095
  7900   -0.36908261E+0001   -0.36930252E+0001    0.43569577E+0000     20752
  7950   -0.36907111E+0001   -0.36924894E+0001    0.40019830E+0000     20844
  8000   -0.36905990E+0001   -0.36926789E+0001    0.42372298E+0000     21069
  8001   -0.36906046E+0001   -0.36906046E+0001    0.28440619E+0000     12000
  8050   -0.36907351E+0001   -0.36915695E+0001    0.30953328E+0000     12039
  8100   -0.36906359E+0001   -0.36918128E+0001    0.35219937E+0000     11991
  8150   -0.36905310E+0001   -0.36916700E+0001    0.38206139E+0000     12142
  8200   -0.36904231E+0001   -0.36917870E+0001    0.37441999E+0000     12458
  8250   -0.36902975E+0001   -0.36916740E+0001    0.39550804E+0000     12811
  8300   -0.36901680E+0001   -0.36915875E+0001    0.35611273E+0000     12829
  8350   -0.36900624E+0001   -0.36911590E+0001    0.36761845E+0000     12945
  8400   -0.36899404E+0001   -0.36911968E+0001    0.35769452E+0000     13159
  8450   -0.36897812E+0001   -0.36912826E+0001    0.42549263E+0000     13283
  8500   -0.36896464E+0001   -0.36911710E+0001    0.38147970E+0000     13619
  8550   -0.36895184E+0001   -0.36915367E+0001    0.36850214E+0000     13887
  8600   -0.36894281E+0001   -0.36908121E+0001    0.41235859E+0000     14395
  8650   -0.36893292E+0001   -0.36914710E+0001    0.41658696E+0000     14393
  8700   -0.36892261E+0001   -0.36910540E+0001    0.42010562E+0000     14558
  8750   -0.36891660E+0001   -0.36910554E+0001    0.34892222E+0000     14864
  8800   -0.36890894E+0001   -0.36908761E+0001    0.40966887E+0000     15141
  8850   -0.36890259E+0001   -0.36905694E+0001    0.39793037E+0000     15502
  8900   -0.36889274E+0001   -0.36906634E+0001    0.35728504E+0000     15945
  8950   -0.36888117E+0001   -0.36908494E+0001    0.33187600E+0000     16212
  9000   -0.36886977E+0001   -0.36906425E+0001    0.35317171E+0000     16790
  9050   -0.36885767E+0001   -0.36904418E+0001    0.35253418E+0000     17000
  9100   -0.36885028E+0001   -0.36900523E+0001    0.33807518E+0000     17140
  9150   -0.36884406E+0001   -0.36900545E+0001    0.32358994E+0000     17559
  9200   -0.36883637E+0001   -0.36899077E+0001    0.31516890E+0000     18008
  9250   -0.36882979E+0001   -0.36895073E+0001    0.36206908E+0000     18337
  9300   -0.36882373E+0001   -0.36893193E+0001    0.36503151E+0000     18780
  9350   -0.36882026E+0001   -0.36893528E+0001    0.34824412E+0000     19277
  9400   -0.36881691E+0001   -0.36895692E+0001    0.32435334E+0000     19416
  9450   -0.36881475E+0001   -0.36894460E+0001    0.38230325E+0000     19762
  9500   -0.36880899E+0001   -0.36895042E+0001    0.31389900E+0000     20206
  9550   -0.36880440E+0001   -0.36892604E+0001    0.35445322E+0000     20623
  9600   -0.36880309E+0001   -0.36893680E+0001    0.34742354E+0000     21053
  9601   -0.36880331E+0001   -0.36880331E+0001    0.16941504E+0000     12000
  9650   -0.36880802E+0001   -0.36883293E+0001    0.21871060E+0000     11927
  9700   -0.36880491E+0001   -0.36886441E+0001    0.24775797E+0000     11850
  9750   -0.36880092E+0001   -0.36885323E+0001    0.26364591E+0000     12031
  9800   -0.36879743E+0001   -0.36886083E+0001    0.27483719E+0000     12003
  9850   -0.36879220E+0001   -0.36889058E+0001    0.30725911E+0000     11951
  9900   -0.36878851E+0001   -0.36887993E+0001    0.35338097E+0000     12082
  9950   -0.36878421E+0001   -0.36887122E+0001    0.33025434E+0000     12447
 10000   -0.36878093E+0001   -0.36885012E+0001    0.34808404E+0000     12691
 10050   -0.36877694E+0001   -0.36885010E+0001    0.31012275E+0000     13022
 10100   -0.36877594E+0001   -0.36884052E+0001    0.26850538E+0000     12931
 10150   -0.36877573E+0001   -0.36885989E+0001    0.36635696E+0000     13530
 10200   -0.36877564E+0001   -0.36887329E+0001    0.33149212E+0000     13864
 10250   -0.36877323E+0001   -0.36884882E+0001    0.26692296E+0000     14241
 10300   -0.36876992E+0001   -0.36883088E+0001    0.34667364E+0000     14544
 10350   -0.36876582E+0001   -0.36884523E+0001    0.32836241E+0000     14813
 10400   -0.36876099E+0001   -0.36886158E+0001    0.30932838E+0000     14898
 10450   -0.36875857E+0001   -0.36884720E+0001    0.30030315E+0000     15130
 10500   -0.36875661E+0001   -0.36886628E+0001    0.33006867E+0000     15280
 10550   -0.36875261E+0001   -0.36884340E+0001    0.33725860E+0000     15641
 10600   -0.36874897E+0001   -0.36886227E+0001    0.26009945E+0000     16276
 10650   -0.36874531E+0001   -0.36885091E+0001    0.35010053E+0000     16499
 10700   -0.36874352E+0001   -0.36885479E+0001    0.31734920E+0000     16773
 10750   -0.36874402E+0001   -0.36885745E+0001    0.32882426E+0000     16768
 10800   -0.36874611E+0001   -0.36888220E+0001    0.29400416E+0000     16884
 10850   -0.36874680E+0001   -0.36886936E+0001    0.34244233E+0000     17200
 10900   -0.36874417E+0001   -0.36888130E+0001    0.35821113E+0000     17411
 10950   -0.36874126E+0001   -0.36886366E+0001    0.29149100E+0000     17699
 11000   -0.36873826E+0001   -0.36887433E+0001    0.29813312E+0000     18070
 11050   -0.36873744E+0001   -0.36888185E+0001    0.30676379E+0000     18508
 11100   -0.36873632E+0001   -0.36888371E+0001    0.24857420E+0000     18980
 11150   -0.36873748E+0001   -0.36886196E+0001    0.26284470E+0000     19294
 11200   -0.36873839E+0001   -0.36883852E+0001    0.29892197E+0000     19626
 11201   -0.36873852E+0001   -0.36873852E+0001    0.11649510E+0000     12000
 11250   -0.36874062E+0001   -0.36875166E+0001    0.18108550E+0000     11993
 11300   -0.36873918E+0001   -0.36876483E+0001    0.22193504E+0000     12053
 11350   -0.36873790E+0001   -0.36876827E+0001    0.25025196E+0000     12207
 11400   -0.36873666E+0001   -0.36877665E+0001    0.30086941E+0000     12464
 11450   -0.36873523E+0001   -0.36877456E+0001    0.30900948E+0000     12541
 11500   -0.36873206E+0001   -0.36876796E+0001    0.33046742E+0000     12575
 11550   -0.36872910E+0001   -0.36876035E+0001    0.26824741E+0000     12862
 11600   -0.36872859E+0001   -0.36877688E+0001    0.32282238E+0000     12992
 11650   -0.36872849E+0001   -0.36876956E+0001    0.34080021E+0000     13077
 11700   -0.36872827E+0001   -0.36880923E+0001    0.31659516E+0000     13066
 11750   -0.36872889E+0001   -0.36879314E+0001    0.27868250E+0000     13256
 11800   -0.36872932E+0001   -0.36880288E+0001    0.31074724E+0000     13233
 11850   -0.36872939E+0001   -0.36877779E+0001    0.33042238E+0000     13449
 11900   -0.36872933E+0001   -0.36879267E+0001    0.36347072E+0000     13662
 11950   -0.36872805E+0001   -0.36879711E+0001    0.30386687E+0000     13873
 12000   -0.36872767E+0001   -0.36880403E+0001    0.26991886E+0000     14078
 12050   -0.36872694E+0001   -0.36882186E+0001    0.22650765E+0000     14415
 12100   -0.36872584E+0001   -0.36882633E+0001    0.31991583E+0000     14683
 12150   -0.36872534E+0001   -0.36881785E+0001    0.25977130E+0000     15173
 12200   -0.36872391E+0001   -0.36881426E+0001    0.30779566E+0000     15387
 12250   -0.36872284E+0001   -0.36881713E+0001    0.28257668E+0000     15685
 12300   -0.36872306E+0001   -0.36881267E+0001    0.32231755E+0000     16108
 12350   -0.36872399E+0001   -0.36882520E+0001    0.30429556E+0000     16502
 12400   -0.36872544E+0001   -0.36881007E+0001    0.29135737E+0000     16745
 12450   -0.36872577E+0001   -0.36883995E+0001    0.33774945E+0000     16914
 12500   -0.36872392E+0001   -0.36882888E+0001    0.31752488E+0000     17067
 12550   -0.36872153E+0001   -0.36881309E+0001    0.32596497E+0000     17204
 12600   -0.36871993E+0001   -0.36883246E+0001    0.28641231E+0000     17311
 12650   -0.36871727E+0001   -0.36881575E+0001    0.26016164E+0000     17815
 12700   -0.36871416E+0001   -0.36881559E+0001    0.31795490E+0000     18248
 12750   -0.36871211E+0001   -0.36881157E+0001    0.30956337E+0000     18583
 12800   -0.36871064E+0001   -0.36885868E+0001    0.31258840E+0000     18900
 12801   -0.36871070E+0001   -0.36871070E+0001    0.86542950E-0001     12000
 12850   -0.36871185E+0001   -0.36871718E+0001    0.16533825E+0000     12117
 12900   -0.36871126E+0001   -0.36872102E+0001    0.21804290E+0000     12070
 12950   -0.36871048E+0001   -0.36872705E+0001    0.20377166E+0000     12359
 13000   -0.36871004E+0001   -0.36873196E+0001    0.26753739E+0000     12590
 13050   -0.36870925E+0001   -0.36872454E+0001    0.26314238E+0000     12690
 13100   -0.36870877E+0001   -0.36872553E+0001    0.28293948E+0000     12677
 13150   -0.36870768E+0001   -0.36872762E+0001    0.27844385E+0000     12562
 13200   -0.36870659E+0001   -0.36873727E+0001    0.29108777E+0000     12651
 13250   -0.36870500E+0001   -0.36874406E+0001    0.29671999E+0000     12965
 13300   -0.36870335E+0001   -0.36875041E+0001    0.28932650E+0000     13249
 13350   -0.36870178E+0001   -0.36873888E+0001    0.32401209E+0000     13418
 13400   -0.36870098E+0001   -0.36873939E+0001    0.28669581E+0000     13658
 13450   -0.36870054E+0001   -0.36874443E+0001    0.30241753E+0000     13891
 13500   -0.36869990E+0001   -0.36874757E+0001    0.27529962E+0000     14152
 13550   -0.36869978E+0001   -0.36872827E+0001    0.22425957E+0000     14398
 13600   -0.36869929E+0001   -0.36873831E+0001    0.27762598E+0000     14613
 13650   -0.36869870E+0001   -0.36873938E+0001    0.29564949E+0000     14994
 13700   -0.36869790E+0001   -0.36873086E+0001    0.25488059E+0000     14846
 13750   -0.36869742E+0001   -0.36874862E+0001    0.29869160E+0000     15109
 13800   -0.36869705E+0001   -0.36875900E+0001    0.31640950E+0000     15413
 13850   -0.36869636E+0001   -0.36873590E+0001    0.28753207E+0000     15747
 13900   -0.36869637E+0001   -0.36874223E+0001    0.27722796E+0000     15877
 13950   -0.36869596E+0001   -0.36873806E+0001    0.27877794E+0000     16139
 14000   -0.36869633E+0001   -0.36874400E+0001    0.28055373E+0000     16512
 14050   -0.36869741E+0001   -0.36873845E+0001    0.30626010E+0000     16824
 14100   -0.36869787E+0001   -0.36873759E+0001    0.30097235E+0000     17238
 14150   -0.36869682E+0001   -0.36874454E+0001    0.27468575E+0000     17708
 14200   -0.36869693E+0001   -0.36873991E+0001    0.27399966E+0000     17884
 14250   -0.36869712E+0001   -0.36873946E+0001    0.28114523E+0000     18444
 14300   -0.36869740E+0001   -0.36875735E+0001    0.30223705E+0000     18752
 14350   -0.36869778E+0001   -0.36875820E+0001    0.32676101E+0000     18909
 14400   -0.36869765E+0001   -0.36874956E+0001    0.26978878E+0000     19220
 14450   -0.36869748E+0001   -0.36875256E+0001    0.29318509E+0000     19394
 14500   -0.36869757E+0001   -0.36874413E+0001    0.28625677E+0000     19737
 14550   -0.36869769E+0001   -0.36876534E+0001    0.28574479E+0000     20211
 14600   -0.36869822E+0001   -0.36876675E+0001    0.26268712E+0000     20561
 14650   -0.36869876E+0001   -0.36875903E+0001    0.25739716E+0000     20967
 14700   -0.36869868E+0001   -0.36878732E+0001    0.23792449E+0000     21304
 14750   -0.36869813E+0001   -0.36877627E+0001    0.30573431E+0000     21762
 14800   -0.36869787E+0001   -0.36877968E+0001    0.26420583E+0000     22389
 14850   -0.36869847E+0001   -0.36879839E+0001    0.29683904E+0000     22590
 14900   -0.36870008E+0001   -0.36879748E+0001    0.28491301E+0000     23009
 14950   -0.36870228E+0001   -0.36879207E+0001    0.29852103E+0000     23363
 15000   -0.36870285E+0001   -0.36878724E+0001    0.22519553E+0000     23611
 15050   -0.36870192E+0001   -0.36878870E+0001    0.27065129E+0000     23954
 15100   -0.36869994E+0001   -0.36878317E+0001    0.21047002E+0000     24147
 15150   -0.36869891E+0001   -0.36877472E+0001    0.30342144E+0000     24613
 15200   -0.36869871E+0001   -0.36880450E+0001    0.28631698E+0000     25171
 15250   -0.36869820E+0001   -0.36877352E+0001    0.27445215E+0000     25586
 15300   -0.36869772E+0001   -0.36878092E+0001    0.23636208E+0000     26080
 15350   -0.36869775E+0001   -0.36879618E+0001    0.26348232E+0000     26429
 15400   -0.36869756E+0001   -0.36882079E+0001    0.29854330E+0000     27007
 15450   -0.36869728E+0001   -0.36883117E+0001    0.30615673E+0000     27066
 15500   -0.36869649E+0001   -0.36882366E+0001    0.25077151E+0000     27670
 15550   -0.36869560E+0001   -0.36882207E+0001    0.29455468E+0000     28344
 15600   -0.36869492E+0001   -0.36877064E+0001    0.25356997E+0000     29048
 15650   -0.36869520E+0001   -0.36879348E+0001    0.26791182E+0000     29467
 15700   -0.36869557E+0001   -0.36878392E+0001    0.27432451E+0000     29869
 15750   -0.36869564E+0001   -0.36880236E+0001    0.27340437E+0000     30448
 15800   -0.36869600E+0001   -0.36880699E+0001    0.26535385E+0000     31027
 15850   -0.36869608E+0001   -0.36879399E+0001    0.22824543E+0000     31612
 15900   -0.36869582E+0001   -0.36879576E+0001    0.24592109E+0000     32053
 15950   -0.36869610E+0001   -0.36880687E+0001    0.27290369E+0000     32488
 16000   -0.36869578E+0001   -0.36880334E+0001    0.25558620E+0000     33087
 16001   -0.36869357E+0001   -0.36869357E+0001    0.48508652E-0001         1
 16050   -0.36863911E+0001   -0.36863911E+0001    0.43062697E+0000         1
 16100   -0.36861366E+0001   -0.36861366E+0001    0.49558898E+0000         1
 16150   -0.36863641E+0001   -0.36863641E+0001    0.47010613E+0000         1
 16200   -0.36864800E+0001   -0.36864800E+0001    0.38305632E+0000         1
 16250   -0.36863647E+0001   -0.36863647E+0001    0.40740962E+0000         1
 16300   -0.36861927E+0001   -0.36861927E+0001    0.45239845E+0000         1
 16350   -0.36862956E+0001   -0.36862956E+0001    0.43923735E+0000         1
 16400   -0.36860754E+0001   -0.36860754E+0001    0.54604904E+0000         1
 16450   -0.36860524E+0001   -0.36860524E+0001    0.54900334E+0000         1
 16500   -0.36860042E+0001   -0.36860042E+0001    0.50920403E+0000         1
 16550   -0.36862821E+0001   -0.36862821E+0001    0.39162969E+0000         1
 16600   -0.36855170E+0001   -0.36855170E+0001    0.60833953E+0000         1
 16650   -0.36857452E+0001   -0.36857452E+0001    0.58186914E+0000         1
 16700   -0.36859979E+0001   -0.36859979E+0001    0.53123550E+0000         1
 16750   -0.36854766E+0001   -0.36854766E+0001    0.75479655E+0000         1
 16800   -0.36862622E+0001   -0.36862622E+0001    0.50863995E+0000         1
 16850   -0.36862479E+0001   -0.36862479E+0001    0.62907072E+0000         1
 16900   -0.36867729E+0001   -0.36867729E+0001    0.42253293E+0000         1
 16950   -0.36865043E+0001   -0.36865043E+0001    0.50709186E+0000         1
 17000   -0.36860482E+0001   -0.36860482E+0001    0.69759861E+0000         1
 17050   -0.36863037E+0001   -0.36863037E+0001    0.55534724E+0000         1
 17100   -0.36857074E+0001   -0.36857074E+0001    0.63661327E+0000         1
 17150   -0.36863353E+0001   -0.36863353E+0001    0.51197937E+0000         1
 17200   -0.36863868E+0001   -0.36863868E+0001    0.55643846E+0000         1
 17250   -0.36864321E+0001   -0.36864321E+0001    0.53642025E+0000         1
 17300   -0.36865843E+0001   -0.36865843E+0001    0.42820191E+0000         1
 17350   -0.36861002E+0001   -0.36861002E+0001    0.63113323E+0000         1
 17400   -0.36862675E+0001   -0.36862675E+0001    0.56798507E+0000         1
 17450   -0.36866626E+0001   -0.36866626E+0001    0.50143883E+0000         1
 17500   -0.36864201E+0001   -0.36864201E+0001    0.57842643E+0000         1
 17550   -0.36869176E+0001   -0.36869176E+0001    0.54417685E+0000         1
 17600   -0.36868120E+0001   -0.36868120E+0001    0.51467003E+0000         1
 17650   -0.36864308E+0001   -0.36864308E+0001    0.67527446E+0000         1
 17700   -0.36869875E+0001   -0.36869875E+0001    0.59022290E+0000         1
 17750   -0.36869485E+0001   -0.36869485E+0001    0.63845039E+0000         1
 17800   -0.36869546E+0001   -0.36869546E+0001    0.67543112E+0000         1
 17850   -0.36878789E+0001   -0.36878789E+0001    0.45443845E+0000         1
 17900   -0.36878311E+0001   -0.36878311E+0001    0.56854039E+0000         1
 17950   -0.36878137E+0001   -0.36878137E+0001    0.54787426E+0000         1
 18000   -0.36875141E+0001   -0.36875141E+0001    0.47441738E+0000         1
 18050   -0.36871012E+0001   -0.36871012E+0001    0.61684955E+0000         1
 18100   -0.36876148E+0001   -0.36876148E+0001    0.41892416E+0000         1
 18150   -0.36872430E+0001   -0.36872430E+0001    0.43747875E+0000         1
 18200   -0.36873021E+0001   -0.36873021E+0001    0.35291577E+0000         1
 18250   -0.36871956E+0001   -0.36871956E+0001    0.50764394E+0000         1
 18300   -0.36874477E+0001   -0.36874477E+0001    0.50368282E+0000         1
 18350   -0.36870054E+0001   -0.36870054E+0001    0.62451623E+0000         1
 18400   -0.36875802E+0001   -0.36875802E+0001    0.36804268E+0000         1
 18450   -0.36872742E+0001   -0.36872742E+0001    0.55566798E+0000         1
 18500   -0.36876337E+0001   -0.36876337E+0001    0.54337603E+0000         1
 18550   -0.36879521E+0001   -0.36879521E+0001    0.45317774E+0000         1
 18600   -0.36878211E+0001   -0.36878211E+0001    0.63844547E+0000         1
 18650   -0.36880254E+0001   -0.36880254E+0001    0.52079395E+0000         1
 18700   -0.36884990E+0001   -0.36884990E+0001    0.46547064E+0000         1
 18750   -0.36883501E+0001   -0.36883501E+0001    0.49936132E+0000         1
 18800   -0.36888890E+0001   -0.36888890E+0001    0.58475157E+0000         1
 18850   -0.36888560E+0001   -0.36888560E+0001    0.45572999E+0000         1
 18900   -0.36885977E+0001   -0.36885977E+0001    0.57851175E+0000         1
 18950   -0.36885600E+0001   -0.36885600E+0001    0.58325019E+0000         1
 19000   -0.36886786E+0001   -0.36886786E+0001    0.49997909E+0000         1
 19050   -0.36887989E+0001   -0.36887989E+0001    0.53602488E+0000         1
 19100   -0.36887957E+0001   -0.36887957E+0001    0.73197862E+0000         1
 19150   -0.36900682E+0001   -0.36900682E+0001    0.53005764E+0000         1
 19200   -0.36889334E+0001   -0.36889334E+0001    0.65540159E+0000         1
 19250   -0.36888675E+0001   -0.36888675E+0001    0.62160372E+0000         1
 19300   -0.36896236E+0001   -0.36896236E+0001    0.54883555E+0000         1
 19350   -0.36899685E+0001   -0.36899685E+0001    0.55885110E+0000         1
 19400   -0.36901532E+0001   -0.36901532E+0001    0.56634174E+0000         1
 19450   -0.36902522E+0001   -0.36902522E+0001    0.57531533E+0000         1
 19500   -0.36909736E+0001   -0.36909736E+0001    0.62321957E+0000         1
 19550   -0.36919446E+0001   -0.36919446E+0001    0.51908715E+0000         1
 19600   -0.36917984E+0001   -0.36917984E+0001    0.53772495E+0000         1
 19650   -0.36919516E+0001   -0.36919516E+0001    0.60937380E+0000         1
 19700   -0.36920019E+0001   -0.36920019E+0001    0.64807778E+0000         1
 19750   -0.36931311E+0001   -0.36931311E+0001    0.70453192E+0000         1
 19800   -0.36945641E+0001   -0.36945641E+0001    0.52399907E+0000         1
 19850   -0.36955505E+0001   -0.36955505E+0001    0.70741937E+0000         1
 19900   -0.36949380E+0001   -0.36949380E+0001    0.69127865E+0000         1
 19950   -0.36953865E+0001   -0.36953865E+0001    0.59536484E+0000         1
 20000   -0.36965361E+0001   -0.36965361E+0001    0.58753617E+0000         1
 20050   -0.36959182E+0001   -0.36959182E+0001    0.76322145E+0000         1
 20100   -0.36976339E+0001   -0.36976339E+0001    0.63160051E+0000         1
 20150   -0.36980880E+0001   -0.36980880E+0001    0.63140858E+0000         1
 20200   -0.36988657E+0001   -0.36988657E+0001    0.67369451E+0000         1
 20250   -0.37002409E+0001   -0.37002409E+0001    0.72035200E+0000         1
 20300   -0.37009785E+0001   -0.37009785E+0001    0.95152772E+0000         1
 20350   -0.37021307E+0001   -0.37021307E+0001    0.82959079E+0000         1
 20400   -0.37038538E+0001   -0.37038538E+0001    0.74649845E+0000         1
 20450   -0.37052776E+0001   -0.37052776E+0001    0.71568908E+0000         1
 20500   -0.37059180E+0001   -0.37059180E+0001    0.79844956E+0000         1
 20550   -0.37068056E+0001   -0.37068056E+0001    0.86037185E+0000         1
 20600   -0.37084107E+0001   -0.37084107E+0001    0.81605590E+0000         1
 20650   -0.37103758E+0001   -0.37103758E+0001    0.91517404E+0000         1
 20700   -0.37128246E+0001   -0.37128246E+0001    0.10422479E+0001         1
 20750   -0.37163518E+0001   -0.37163518E+0001    0.89243256E+0000         1
 20800   -0.37175849E+0001   -0.37175849E+0001    0.10277114E+0001         1
 20850   -0.37194245E+0001   -0.37194245E+0001    0.98576963E+0000         1
 20900   -0.37229604E+0001   -0.37229604E+0001    0.90873783E+0000         1
 20950   -0.37240326E+0001   -0.37240326E+0001    0.92241166E+0000         1
 21000   -0.37254550E+0001   -0.37254550E+0001    0.93602361E+0000         1
 21050   -0.37258027E+0001   -0.37258027E+0001    0.10739069E+0001         1
 21100   -0.37302998E+0001   -0.37302998E+0001    0.10839022E+0001         1
 21150   -0.37344759E+0001   -0.37344759E+0001    0.10454936E+0001         1
 21200   -0.37401445E+0001   -0.37401445E+0001    0.11262531E+0001         1
 21250   -0.37443333E+0001   -0.37443333E+0001    0.11494211E+0001         1
 21300   -0.37474033E+0001   -0.37474033E+0001    0.12276230E+0001         1
 21350   -0.37518207E+0001   -0.37518207E+0001    0.13234836E+0001         1
 21400   -0.37562020E+0001   -0.37562020E+0001    0.12702853E+0001         1
 21450   -0.37612740E+0001   -0.37612740E+0001    0.13320950E+0001         1
 21500   -0.37650846E+0001   -0.37650846E+0001    0.13814735E+0001         1
 21550   -0.37698835E+0001   -0.37698835E+0001    0.13571079E+0001         1
 21600   -0.37752219E+0001   -0.37752219E+0001    0.14810129E+0001         1
 21650   -0.37809073E+0001   -0.37809073E+0001    0.14075833E+0001         1
 21700   -0.37882820E+0001   -0.37882820E+0001    0.14933298E+0001         1
 21750   -0.37978677E+0001   -0.37978677E+0001    0.14707005E+0001         1
 21800   -0.38060483E+0001   -0.38060483E+0001    0.15514507E+0001         1
 21850   -0.38109038E+0001   -0.38109038E+0001    0.15929378E+0001         1
 21900   -0.38178053E+0001   -0.38178053E+0001    0.17505859E+0001         1
 21950   -0.38271254E+0001   -0.38271254E+0001    0.17119084E+0001         1
 22000   -0.38362896E+0001   -0.38362896E+0001    0.16874382E+0001         1
 22050   -0.38460354E+0001   -0.38460354E+0001    0.17143312E+0001         1
 22100   -0.38533831E+0001   -0.38533831E+0001    0.17422087E+0001         1
 22150   -0.38643373E+0001   -0.38643373E+0001    0.17045454E+0001         1
 22200   -0.38732231E+0001   -0.38732231E+0001    0.16799679E+0001         1
 22250   -0.38824809E+0001   -0.38824809E+0001    0.16890239E+0001         1
 22300   -0.38927464E+0001   -0.38927464E+0001    0.15831819E+0001         1
 22350   -0.38970389E+0001   -0.38970389E+0001    0.15795615E+0001         1
 22400   -0.39062101E+0001   -0.39062101E+0001    0.14277882E+0001         1
 22450   -0.39137430E+0001   -0.39137430E+0001    0.13467925E+0001         1
 22500   -0.39187455E+0001   -0.39187455E+0001    0.12326277E+0001         1
 22550   -0.39250730E+0001   -0.39250730E+0001    0.10907124E+0001         1
 22600   -0.39278492E+0001   -0.39278492E+0001    0.10409965E+0001         1
 22650   -0.39300732E+0001   -0.39300732E+0001    0.94704151E+0000         1
 22700   -0.39322167E+0001   -0.39322167E+0001    0.96984255E+0000         1
 22750   -0.39349000E+0001   -0.39349000E+0001    0.74394100E+0000         1
 22800   -0.39357487E+0001   -0.39357487E+0001    0.75063197E+0000         1
 22850   -0.39367279E+0001   -0.39367279E+0001    0.61805616E+0000         1
 22900   -0.39368831E+0001   -0.39368831E+0001    0.64506086E+0000         1
 22950   -0.39368163E+0001   -0.39368163E+0001    0.62162292E+0000         1
 23000   -0.39373715E+0001   -0.39373715E+0001    0.57918519E+0000         1
 23050   -0.39377857E+0001   -0.39377857E+0001    0.56554792E+0000         1
 23100   -0.39379022E+0001   -0.39379022E+0001    0.60158001E+0000         1
 23150   -0.39383849E+0001   -0.39383849E+0001    0.52509326E+0000         1
 23200   -0.39387718E+0001   -0.39387718E+0001    0.57407128E+0000         1
 23250   -0.39385068E+0001   -0.39385068E+0001    0.50414973E+0000         1
 23300   -0.39384100E+0001   -0.39384100E+0001    0.51417647E+0000         1
 23350   -0.39384295E+0001   -0.39384295E+0001    0.54189488E+0000         1
 23400   -0.39385714E+0001   -0.39385714E+0001    0.63073248E+0000         1
 23450   -0.39391713E+0001   -0.39391713E+0001    0.37947184E+0000         1
 23500   -0.39393559E+0001   -0.39393559E+0001    0.36682032E+0000         1
 23550   -0.39389200E+0001   -0.39389200E+0001    0.53699215E+0000         1
 23600   -0.39389346E+0001   -0.39389346E+0001    0.53589468E+0000         1
 23650   -0.39394433E+0001   -0.39394433E+0001    0.36762024E+0000         1
 23700   -0.39391128E+0001   -0.39391128E+0001    0.52364149E+0000         1
 23750   -0.39388147E+0001   -0.39388147E+0001    0.61583779E+0000         1
 23800   -0.39393129E+0001   -0.39393129E+0001    0.37836328E+0000         1
 23850   -0.39389445E+0001   -0.39389445E+0001    0.58898796E+0000         1
 23900   -0.39392971E+0001   -0.39392971E+0001    0.52227436E+0000         1
 23950   -0.39392615E+0001   -0.39392615E+0001    0.40702854E+0000         1
 24000   -0.39386625E+0001   -0.39386625E+0001    0.61556064E+0000         1
 24050   -0.39386749E+0001   -0.39386749E+0001    0.69697557E+0000         1
 24100   -0.39386764E+0001   -0.39386764E+0001    0.70777830E+0000         1
 24150   -0.39386718E+0001   -0.39386718E+0001    0.50495653E+0000         1
 24200   -0.39387506E+0001   -0.39387506E+0001    0.59144717E+0000         1
 24250   -0.39393220E+0001   -0.39393220E+0001    0.31117634E+0000         1
 24300   -0.39383730E+0001   -0.39383730E+0001    0.69417257E+0000         1
 24350   -0.39390501E+0001   -0.39390501E+0001    0.57266499E+0000         1
 24400   -0.39394119E+0001   -0.39394119E+0001    0.47971171E+0000         1
 24450   -0.39391358E+0001   -0.39391358E+0001    0.60637244E+0000         1
 24500   -0.39391086E+0001   -0.39391086E+0001    0.51819991E+0000         1
 24550   -0.39393344E+0001   -0.39393344E+0001    0.42875738E+0000         1
 24600   -0.39392293E+0001   -0.39392293E+0001    0.40819343E+0000         1
 24650   -0.39387224E+0001   -0.39387224E+0001    0.56371299E+0000         1
 24700   -0.39390172E+0001   -0.39390172E+0001    0.41025833E+0000         1
 24750   -0.39385806E+0001   -0.39385806E+0001    0.61860470E+0000         1
 24800   -0.39386220E+0001   -0.39386220E+0001    0.61480143E+0000         1
 24850   -0.39390692E+0001   -0.39390692E+0001    0.45386550E+0000         1
 24900   -0.39388155E+0001   -0.39388155E+0001    0.62727807E+0000         1
 24950   -0.39391631E+0001   -0.39391631E+0001    0.45633722E+0000         1
 25000   -0.39386116E+0001   -0.39386116E+0001    0.54565277E+0000         1
 25050   -0.39384343E+0001   -0.39384343E+0001    0.54821413E+0000         1
 25100   -0.39383123E+0001   -0.39383123E+0001    0.63736126E+0000         1
 25150   -0.39393157E+0001   -0.39393157E+0001    0.34399599E+0000         1
 25200   -0.39394297E+0001   -0.39394297E+0001    0.36667716E+0000         1
 25250   -0.39393716E+0001   -0.39393716E+0001    0.50010676E+0000         1
 25300   -0.39392308E+0001   -0.39392308E+0001    0.42145988E+0000         1
 25350   -0.39381241E+0001   -0.39381241E+0001    0.73163246E+0000         1
 25400   -0.39392377E+0001   -0.39392377E+0001    0.46934164E+0000         1
 25450   -0.39388776E+0001   -0.39388776E+0001    0.55977523E+0000         1
 25500   -0.39387879E+0001   -0.39387879E+0001    0.54790061E+0000         1
 25550   -0.39385001E+0001   -0.39385001E+0001    0.62230934E+0000         1
 25600   -0.39385839E+0001   -0.39385839E+0001    0.60536409E+0000         1
 25650   -0.39389206E+0001   -0.39389206E+0001    0.53269443E+0000         1
 25700   -0.39380828E+0001   -0.39380828E+0001    0.75181119E+0000         1
 25750   -0.39389191E+0001   -0.39389191E+0001    0.48390161E+0000         1
 25800   -0.39391538E+0001   -0.39391538E+0001    0.44429968E+0000         1
 25850   -0.39389984E+0001   -0.39389984E+0001    0.50449720E+0000         1
 25900   -0.39395970E+0001   -0.39395970E+0001    0.33647889E+0000         1
 25950   -0.39391415E+0001   -0.39391415E+0001    0.55016466E+0000         1
 26000   -0.39388063E+0001   -0.39388063E+0001    0.74433893E+0000         1
 26050   -0.39385493E+0001   -0.39385493E+0001    0.72561874E+0000         1
 26100   -0.39393212E+0001   -0.39393212E+0001    0.50380532E+0000         1
 26150   -0.39395404E+0001   -0.39395404E+0001    0.36603531E+0000         1
 26200   -0.39392040E+0001   -0.39392040E+0001    0.52816291E+0000         1
 26250   -0.39391207E+0001   -0.39391207E+0001    0.61710729E+0000         1
 26300   -0.39391843E+0001   -0.39391843E+0001    0.46221177E+0000         1
 26350   -0.39390815E+0001   -0.39390815E+0001    0.50749741E+0000         1
 26400   -0.39394749E+0001   -0.39394749E+0001    0.37500747E+0000         1
 26450   -0.39394201E+0001   -0.39394201E+0001    0.39390795E+0000         1
 26500   -0.39390864E+0001   -0.39390864E+0001    0.50129585E+0000         1
 26550   -0.39389127E+0001   -0.39389127E+0001    0.52909225E+0000         1
 26600   -0.39390066E+0001   -0.39390066E+0001    0.50626724E+0000         1
 26650   -0.39393758E+0001   -0.39393758E+0001    0.43079218E+0000         1
 26700   -0.39389620E+0001   -0.39389620E+0001    0.61785780E+0000         1
 26750   -0.39381076E+0001   -0.39381076E+0001    0.70734469E+0000         1
 26800   -0.39380832E+0001   -0.39380832E+0001    0.74546656E+0000         1
 26850   -0.39393549E+0001   -0.39393549E+0001    0.44553285E+0000         1
 26900   -0.39391885E+0001   -0.39391885E+0001    0.47417763E+0000         1
 26950   -0.39390244E+0001   -0.39390244E+0001    0.59478532E+0000         1
 27000   -0.39395715E+0001   -0.39395715E+0001    0.37476439E+0000         1
 27050   -0.39393243E+0001   -0.39393243E+0001    0.49539998E+0000         1
 27100   -0.39393952E+0001   -0.39393952E+0001    0.49119249E+0000         1
 27150   -0.39393994E+0001   -0.39393994E+0001    0.42775574E+0000         1
 27200   -0.39389747E+0001   -0.39389747E+0001    0.59890757E+0000         1
 27250   -0.39392395E+0001   -0.39392395E+0001    0.42985338E+0000         1
 27300   -0.39393571E+0001   -0.39393571E+0001    0.39829770E+0000         1
 27350   -0.39391993E+0001   -0.39391993E+0001    0.46278529E+0000         1
 27400   -0.39386035E+0001   -0.39386035E+0001    0.71471904E+0000         1
 27450   -0.39390878E+0001   -0.39390878E+0001    0.49361529E+0000         1
 27500   -0.39391384E+0001   -0.39391384E+0001    0.49979432E+0000         1
 27550   -0.39387286E+0001   -0.39387286E+0001    0.61598725E+0000         1
 27600   -0.39380313E+0001   -0.39380313E+0001    0.83100467E+0000         1
 27650   -0.39392888E+0001   -0.39392888E+0001    0.45379618E+0000         1
 27700   -0.39393777E+0001   -0.39393777E+0001    0.35510099E+0000         1
 27750   -0.39388861E+0001   -0.39388861E+0001    0.44838045E+0000         1
 27800   -0.39391915E+0001   -0.39391915E+0001    0.38941866E+0000         1
 27850   -0.39392005E+0001   -0.39392005E+0001    0.41811247E+0000         1
 27900   -0.39390919E+0001   -0.39390919E+0001    0.46268075E+0000         1
 27950   -0.39390543E+0001   -0.39390543E+0001    0.46791497E+0000         1
 28000   -0.39389960E+0001   -0.39389960E+0001    0.56724840E+0000         1
 28050   -0.39384738E+0001   -0.39384738E+0001    0.61352159E+0000         1
 28100   -0.39387481E+0001   -0.39387481E+0001    0.58143993E+0000         1
 28150   -0.39385007E+0001   -0.39385007E+0001    0.60597079E+0000         1
 28200   -0.39389038E+0001   -0.39389038E+0001    0.52370411E+0000         1
 28250   -0.39395648E+0001   -0.39395648E+0001    0.36450461E+0000         1
 28300   -0.39392956E+0001   -0.39392956E+0001    0.42516815E+0000         1
 28350   -0.39390565E+0001   -0.39390565E+0001    0.54324155E+0000         1
 28400   -0.39393468E+0001   -0.39393468E+0001    0.48982244E+0000         1
 28450   -0.39391829E+0001   -0.39391829E+0001    0.53793358E+0000         1
 28500   -0.39395360E+0001   -0.39395360E+0001    0.41422845E+0000         1
 28550   -0.39382664E+0001   -0.39382664E+0001    0.68248849E+0000         1
 28600   -0.39383167E+0001   -0.39383167E+0001    0.67348076E+0000         1
 28650   -0.39384884E+0001   -0.39384884E+0001    0.62009550E+0000         1
 28700   -0.39390077E+0001   -0.39390077E+0001    0.49310577E+0000         1
 28750   -0.39390802E+0001   -0.39390802E+0001    0.51526032E+0000         1
 28800   -0.39384038E+0001   -0.39384038E+0001    0.64291608E+0000         1
 28850   -0.39390838E+0001   -0.39390838E+0001    0.59298720E+0000         1
 28900   -0.39392721E+0001   -0.39392721E+0001    0.36133286E+0000         1
 28950   -0.39387557E+0001   -0.39387557E+0001    0.50600849E+0000         1
 29000   -0.39376877E+0001   -0.39376877E+0001    0.78164608E+0000         1
 29050   -0.39380469E+0001   -0.39380469E+0001    0.74206749E+0000         1
 29100   -0.39389819E+0001   -0.39389819E+0001    0.46708259E+0000         1
 29150   -0.39390285E+0001   -0.39390285E+0001    0.52317864E+0000         1
 29200   -0.39392079E+0001   -0.39392079E+0001    0.49263201E+0000         1
 29250   -0.39392659E+0001   -0.39392659E+0001    0.45711759E+0000         1
 29300   -0.39391274E+0001   -0.39391274E+0001    0.49584815E+0000         1
 29350   -0.39394114E+0001   -0.39394114E+0001    0.38548295E+0000         1
 29400   -0.39393043E+0001   -0.39393043E+0001    0.45514493E+0000         1
 29450   -0.39394146E+0001   -0.39394146E+0001    0.42665618E+0000         1
 29500   -0.39392896E+0001   -0.39392896E+0001    0.51944528E+0000         1
 29550   -0.39390930E+0001   -0.39390930E+0001    0.56746706E+0000         1
 29600   -0.39390819E+0001   -0.39390819E+0001    0.58625344E+0000         1
 29650   -0.39393222E+0001   -0.39393222E+0001    0.46437921E+0000         1
 29700   -0.39394194E+0001   -0.39394194E+0001    0.36717745E+0000         1
 29750   -0.39386751E+0001   -0.39386751E+0001    0.54025548E+0000         1
 29800   -0.39386419E+0001   -0.39386419E+0001    0.58781713E+0000         1
 29850   -0.39386164E+0001   -0.39386164E+0001    0.52206161E+0000         1
 29900   -0.39391158E+0001   -0.39391158E+0001    0.52358342E+0000         1
 29950   -0.39393651E+0001   -0.39393651E+0001    0.50893253E+0000         1
 30000   -0.39393632E+0001   -0.39393632E+0001    0.44463206E+0000         1
 30050   -0.39393353E+0001   -0.39393353E+0001    0.49906457E+0000         1
 30100   -0.39392911E+0001   -0.39392911E+0001    0.45737392E+0000         1
 30150   -0.39394101E+0001   -0.39394101E+0001    0.46053797E+0000         1
 30200   -0.39393544E+0001   -0.39393544E+0001    0.56678904E+0000         1
 30250   -0.39386810E+0001   -0.39386810E+0001    0.70621676E+0000         1
 30300   -0.39389830E+0001   -0.39389830E+0001    0.58181505E+0000         1
 30350   -0.39392753E+0001   -0.39392753E+0001    0.50336290E+0000         1
 30400   -0.39393978E+0001   -0.39393978E+0001    0.36998178E+0000         1
 30450   -0.39394201E+0001   -0.39394201E+0001    0.44486953E+0000         1
 30500   -0.39392330E+0001   -0.39392330E+0001    0.48842853E+0000         1
 30550   -0.39392361E+0001   -0.39392361E+0001    0.44315801E+0000         1
 30600   -0.39385921E+0001   -0.39385921E+0001    0.70468215E+0000         1
 30650   -0.39394042E+0001   -0.39394042E+0001    0.39966083E+0000         1
 30700   -0.39397532E+0001   -0.39397532E+0001    0.33036316E+0000         1
 30750   -0.39393618E+0001   -0.39393618E+0001    0.37016342E+0000         1
 30800   -0.39391998E+0001   -0.39391998E+0001    0.48599789E+0000         1
 30850   -0.39393645E+0001   -0.39393645E+0001    0.43898362E+0000         1
 30900   -0.39393864E+0001   -0.39393864E+0001    0.40822470E+0000         1
 30950   -0.39392332E+0001   -0.39392332E+0001    0.51759083E+0000         1
 31000   -0.39393058E+0001   -0.39393058E+0001    0.44624805E+0000         1
 31050   -0.39392613E+0001   -0.39392613E+0001    0.39344286E+0000         1
 31100   -0.39393358E+0001   -0.39393358E+0001    0.47144373E+0000         1
 31150   -0.39387191E+0001   -0.39387191E+0001    0.51037153E+0000         1
 31200   -0.39385467E+0001   -0.39385467E+0001    0.62877259E+0000         1
 31250   -0.39387472E+0001   -0.39387472E+0001    0.54833209E+0000         1
 31300   -0.39389169E+0001   -0.39389169E+0001    0.54203655E+0000         1
 31350   -0.39388469E+0001   -0.39388469E+0001    0.63763159E+0000         1
 31400   -0.39387273E+0001   -0.39387273E+0001    0.65449683E+0000         1
 31450   -0.39386362E+0001   -0.39386362E+0001    0.63490189E+0000         1
 31500   -0.39387548E+0001   -0.39387548E+0001    0.56592220E+0000         1
 31550   -0.39390149E+0001   -0.39390149E+0001    0.52168265E+0000         1
 31600   -0.39384181E+0001   -0.39384181E+0001    0.67182934E+0000         1
 31650   -0.39387702E+0001   -0.39387702E+0001    0.58955044E+0000         1
 31700   -0.39388736E+0001   -0.39388736E+0001    0.49999846E+0000         1
 31750   -0.39386890E+0001   -0.39386890E+0001    0.50131660E+0000         1
 31800   -0.39392028E+0001   -0.39392028E+0001    0.39208192E+0000         1
 31850   -0.39390788E+0001   -0.39390788E+0001    0.52817514E+0000         1
 31900   -0.39388344E+0001   -0.39388344E+0001    0.57082973E+0000         1
 31950   -0.39389373E+0001   -0.39389373E+0001    0.53993247E+0000         1
 32000   -0.39388722E+0001   -0.39388722E+0001    0.54585232E+0000         1
 32050   -0.39384984E+0001   -0.39384984E+0001    0.54904245E+0000         1
 32100   -0.39387866E+0001   -0.39387866E+0001    0.56121969E+0000         1
 32150   -0.39393187E+0001   -0.39393187E+0001    0.41345764E+0000         1
 32200   -0.39392727E+0001   -0.39392727E+0001    0.48462521E+0000         1
 32250   -0.39391466E+0001   -0.39391466E+0001    0.64165106E+0000         1
 32300   -0.39390949E+0001   -0.39390949E+0001    0.63236985E+0000         1
 32350   -0.39392534E+0001   -0.39392534E+0001    0.52744941E+0000         1
 32400   -0.39396797E+0001   -0.39396797E+0001    0.32986482E+0000         1
 32450   -0.39395514E+0001   -0.39395514E+0001    0.36888168E+0000         1
 32500   -0.39397057E+0001   -0.39397057E+0001    0.35927202E+0000         1
 32550   -0.39397135E+0001   -0.39397135E+0001    0.34661746E+0000         1
 32600   -0.39395042E+0001   -0.39395042E+0001    0.47110687E+0000         1
 32650   -0.39394913E+0001   -0.39394913E+0001    0.50319197E+0000         1
 32700   -0.39394172E+0001   -0.39394172E+0001    0.57179155E+0000         1
 32750   -0.39384930E+0001   -0.39384930E+0001    0.65142850E+0000         1
 32800   -0.39390009E+0001   -0.39390009E+0001    0.51373317E+0000         1
 32850   -0.39389101E+0001   -0.39389101E+0001    0.55281107E+0000         1
 32900   -0.39386866E+0001   -0.39386866E+0001    0.60774831E+0000         1
 32950   -0.39383491E+0001   -0.39383491E+0001    0.64462241E+0000         1
 33000   -0.39382861E+0001   -0.39382861E+0001    0.69653186E+0000         1
 33050   -0.39386325E+0001   -0.39386325E+0001    0.70854832E+0000         1
 33100   -0.39388812E+0001   -0.39388812E+0001    0.58708078E+0000         1
 33150   -0.39389188E+0001   -0.39389188E+0001    0.50662036E+0000         1
 33200   -0.39386077E+0001   -0.39386077E+0001    0.63562366E+0000         1
 33250   -0.39388854E+0001   -0.39388854E+0001    0.55648842E+0000         1
 33300   -0.39391597E+0001   -0.39391597E+0001    0.41195918E+0000         1
 33350   -0.39391501E+0001   -0.39391501E+0001    0.45025461E+0000         1
 33400   -0.39390855E+0001   -0.39390855E+0001    0.57438678E+0000         1
 33450   -0.39391512E+0001   -0.39391512E+0001    0.48598106E+0000         1
 33500   -0.39393803E+0001   -0.39393803E+0001    0.39817665E+0000         1
 33550   -0.39392424E+0001   -0.39392424E+0001    0.34726404E+0000         1
 33600   -0.39389043E+0001   -0.39389043E+0001    0.43722871E+0000         1
 33650   -0.39390936E+0001   -0.39390936E+0001    0.38654830E+0000         1
 33700   -0.39389130E+0001   -0.39389130E+0001    0.46614539E+0000         1
 33750   -0.39386542E+0001   -0.39386542E+0001    0.48622327E+0000         1
 33800   -0.39387374E+0001   -0.39387374E+0001    0.58620512E+0000         1
 33850   -0.39392012E+0001   -0.39392012E+0001    0.39470207E+0000         1
 33900   -0.39389659E+0001   -0.39389659E+0001    0.60698801E+0000         1
 33950   -0.39389683E+0001   -0.39389683E+0001    0.67251500E+0000         1
 34000   -0.39393074E+0001   -0.39393074E+0001    0.43168230E+0000         1
 34050   -0.39387774E+0001   -0.39387774E+0001    0.59449768E+0000         1
 34100   -0.39382940E+0001   -0.39382940E+0001    0.73645194E+0000         1
 34150   -0.39389510E+0001   -0.39389510E+0001    0.61043856E+0000         1
 34200   -0.39388722E+0001   -0.39388722E+0001    0.56409238E+0000         1
 34250   -0.39392137E+0001   -0.39392137E+0001    0.56426603E+0000         1
 34300   -0.39394798E+0001   -0.39394798E+0001    0.38954723E+0000         1
 34350   -0.39391090E+0001   -0.39391090E+0001    0.57901647E+0000         1
 34400   -0.39389109E+0001   -0.39389109E+0001    0.63113933E+0000         1
 34450   -0.39394216E+0001   -0.39394216E+0001    0.37002667E+0000         1
 34500   -0.39394944E+0001   -0.39394944E+0001    0.30474107E+0000         1
 34550   -0.39393136E+0001   -0.39393136E+0001    0.40326569E+0000         1
 34600   -0.39388706E+0001   -0.39388706E+0001    0.57071082E+0000         1
 34650   -0.39388643E+0001   -0.39388643E+0001    0.61410295E+0000         1
 34700   -0.39392915E+0001   -0.39392915E+0001    0.44272027E+0000         1
 34750   -0.39391073E+0001   -0.39391073E+0001    0.44373601E+0000         1
 34800   -0.39393839E+0001   -0.39393839E+0001    0.34316253E+0000         1
 34850   -0.39395098E+0001   -0.39395098E+0001    0.42902330E+0000         1
 34900   -0.39390771E+0001   -0.39390771E+0001    0.47803415E+0000         1
 34950   -0.39389228E+0001   -0.39389228E+0001    0.43190286E+0000         1
 35000   -0.39392549E+0001   -0.39392549E+0001    0.50588634E+0000         1
 35050   -0.39392115E+0001   -0.39392115E+0001    0.54593269E+0000         1
 35100   -0.39392494E+0001   -0.39392494E+0001    0.45846733E+0000         1
 35150   -0.39392603E+0001   -0.39392603E+0001    0.39349681E+0000         1
 35200   -0.39393858E+0001   -0.39393858E+0001    0.34043164E+0000         1
 35250   -0.39393448E+0001   -0.39393448E+0001    0.47603723E+0000         1
 35300   -0.39385034E+0001   -0.39385034E+0001    0.69942744E+0000         1
 35350   -0.39388012E+0001   -0.39388012E+0001    0.44831494E+0000         1
 35400   -0.39388881E+0001   -0.39388881E+0001    0.42166850E+0000         1
 35450   -0.39392804E+0001   -0.39392804E+0001    0.40694436E+0000         1
 35500   -0.39391839E+0001   -0.39391839E+0001    0.40064910E+0000         1
 35550   -0.39394850E+0001   -0.39394850E+0001    0.31815781E+0000         1
 35600   -0.39391801E+0001   -0.39391801E+0001    0.44157883E+0000         1
 35650   -0.39396623E+0001   -0.39396623E+0001    0.26620692E+0000         1
 35700   -0.39394031E+0001   -0.39394031E+0001    0.40049862E+0000         1
 35750   -0.39390254E+0001   -0.39390254E+0001    0.56243902E+0000         1
 35800   -0.39389167E+0001   -0.39389167E+0001    0.58465839E+0000         1
 35850   -0.39390019E+0001   -0.39390019E+0001    0.44351396E+0000         1
 35900   -0.39389328E+0001   -0.39389328E+0001    0.52809697E+0000         1
 35950   -0.39392358E+0001   -0.39392358E+0001    0.36546595E+0000         1
 36000   -0.39392102E+0001   -0.39392102E+0001    0.37419375E+0000         1
 36050   -0.39388211E+0001   -0.39388211E+0001    0.55526025E+0000         1
 36100   -0.39382655E+0001   -0.39382655E+0001    0.71250450E+0000         1
 36150   -0.39388577E+0001   -0.39388577E+0001    0.58171688E+0000         1
 36200   -0.39387887E+0001   -0.39387887E+0001    0.62705013E+0000         1
 36250   -0.39392699E+0001   -0.39392699E+0001    0.39033376E+0000         1
 36300   -0.39384202E+0001   -0.39384202E+0001    0.67529084E+0000         1
 36350   -0.39384156E+0001   -0.39384156E+0001    0.65694456E+0000         1
 36400   -0.39379757E+0001   -0.39379757E+0001    0.78823322E+0000         1
 36450   -0.39382098E+0001   -0.39382098E+0001    0.74020556E+0000         1
 36500   -0.39389762E+0001   -0.39389762E+0001    0.44357415E+0000         1
 36550   -0.39391599E+0001   -0.39391599E+0001    0.44849919E+0000         1
 36600   -0.39384990E+0001   -0.39384990E+0001    0.58339836E+0000         1
 36650   -0.39389453E+0001   -0.39389453E+0001    0.60899946E+0000         1
 36700   -0.39383445E+0001   -0.39383445E+0001    0.71122273E+0000         1
 36750   -0.39386820E+0001   -0.39386820E+0001    0.58100723E+0000         1
 36800   -0.39392952E+0001   -0.39392952E+0001    0.43305923E+0000         1
 36850   -0.39389097E+0001   -0.39389097E+0001    0.53613383E+0000         1
 36900   -0.39392129E+0001   -0.39392129E+0001    0.48673970E+0000         1
 36950   -0.39395769E+0001   -0.39395769E+0001    0.32238133E+0000         1
 37000   -0.39398118E+0001   -0.39398118E+0001    0.25781823E+0000         1
 37050   -0.39394444E+0001   -0.39394444E+0001    0.37864891E+0000         1
 37100   -0.39393089E+0001   -0.39393089E+0001    0.48619342E+0000         1
 37150   -0.39393888E+0001   -0.39393888E+0001    0.37597574E+0000         1
 37200   -0.39386575E+0001   -0.39386575E+0001    0.54858624E+0000         1
 37250   -0.39386703E+0001   -0.39386703E+0001    0.54500318E+0000         1
 37300   -0.39389358E+0001   -0.39389358E+0001    0.54058357E+0000         1
 37350   -0.39384282E+0001   -0.39384282E+0001    0.61945517E+0000         1
 37400   -0.39389867E+0001   -0.39389867E+0001    0.52154525E+0000         1
 37450   -0.39392142E+0001   -0.39392142E+0001    0.40384594E+0000         1
 37500   -0.39391103E+0001   -0.39391103E+0001    0.51079255E+0000         1
 37550   -0.39394264E+0001   -0.39394264E+0001    0.37390678E+0000         1
 37600   -0.39390858E+0001   -0.39390858E+0001    0.51073196E+0000         1
 37650   -0.39391879E+0001   -0.39391879E+0001    0.50128297E+0000         1
 37700   -0.39394840E+0001   -0.39394840E+0001    0.42971547E+0000         1
 37750   -0.39388533E+0001   -0.39388533E+0001    0.55695369E+0000         1
 37800   -0.39384552E+0001   -0.39384552E+0001    0.69468227E+0000         1
 37850   -0.39384106E+0001   -0.39384106E+0001    0.66307908E+0000         1
 37900   -0.39390339E+0001   -0.39390339E+0001    0.56471904E+0000         1
 37950   -0.39390644E+0001   -0.39390644E+0001    0.40289585E+0000         1
 38000   -0.39390608E+0001   -0.39390608E+0001    0.49214908E+0000         1
 38050   -0.39391269E+0001   -0.39391269E+0001    0.48370895E+0000         1
 38100   -0.39384590E+0001   -0.39384590E+0001    0.68352201E+0000         1
 38150   -0.39391179E+0001   -0.39391179E+0001    0.42298371E+0000         1
 38200   -0.39384817E+0001   -0.39384817E+0001    0.55648976E+0000         1
 38250   -0.39381281E+0001   -0.39381281E+0001    0.65235931E+0000         1
 38300   -0.39379914E+0001   -0.39379914E+0001    0.69487433E+0000         1
 38350   -0.39381344E+0001   -0.39381344E+0001    0.65468346E+0000         1
 38400   -0.39383850E+0001   -0.39383850E+0001    0.65592175E+0000         1
 38450   -0.39389813E+0001   -0.39389813E+0001    0.50672213E+0000         1
 38500   -0.39387140E+0001   -0.39387140E+0001    0.56983001E+0000         1
 38550   -0.39388885E+0001   -0.39388885E+0001    0.44115070E+0000         1
 38600   -0.39388897E+0001   -0.39388897E+0001    0.52132198E+0000         1
 38650   -0.39383331E+0001   -0.39383331E+0001    0.66753378E+0000         1
 38700   -0.39383524E+0001   -0.39383524E+0001    0.61344611E+0000         1
 38750   -0.39386950E+0001   -0.39386950E+0001    0.54493650E+0000         1
 38800   -0.39379574E+0001   -0.39379574E+0001    0.59322518E+0000         1
 38850   -0.39379667E+0001   -0.39379667E+0001    0.63384730E+0000         1
 38900   -0.39384616E+0001   -0.39384616E+0001    0.60990647E+0000         1
 38950   -0.39389003E+0001   -0.39389003E+0001    0.39709295E+0000         1
 39000   -0.39384766E+0001   -0.39384766E+0001    0.53316848E+0000         1
 39050   -0.39383666E+0001   -0.39383666E+0001    0.54253397E+0000         1
 39100   -0.39382468E+0001   -0.39382468E+0001    0.55527765E+0000         1
 39150   -0.39387881E+0001   -0.39387881E+0001    0.55860839E+0000         1
 39200   -0.39391786E+0001   -0.39391786E+0001    0.42181580E+0000         1
 39250   -0.39393981E+0001   -0.39393981E+0001    0.38842671E+0000         1
 39300   -0.39396502E+0001   -0.39396502E+0001    0.39122886E+0000         1
 39350   -0.39397873E+0001   -0.39397873E+0001    0.25916962E+0000         1
 39400   -0.39393894E+0001   -0.39393894E+0001    0.40760060E+0000         1
 39450   -0.39391737E+0001   -0.39391737E+0001    0.55175819E+0000         1
 39500   -0.39389798E+0001   -0.39389798E+0001    0.56375320E+0000         1
 39550   -0.39396981E+0001   -0.39396981E+0001    0.28565213E+0000         1
 39600   -0.39389102E+0001   -0.39389102E+0001    0.54432497E+0000         1
 39650   -0.39387513E+0001   -0.39387513E+0001    0.52985596E+0000         1
 39700   -0.39390966E+0001   -0.39390966E+0001    0.55211710E+0000         1
 39750   -0.39393731E+0001   -0.39393731E+0001    0.33000988E+0000         1
 39800   -0.39391902E+0001   -0.39391902E+0001    0.45584591E+0000         1
 39850   -0.39393110E+0001   -0.39393110E+0001    0.39948674E+0000         1
 39900   -0.39393194E+0001   -0.39393194E+0001    0.55079182E+0000         1
 39950   -0.39387038E+0001   -0.39387038E+0001    0.64933702E+0000         1
 40000   -0.39390315E+0001   -0.39390315E+0001    0.49159801E+0000         1
 40050   -0.39384358E+0001   -0.39384358E+0001    0.63218600E+0000         1
 40100   -0.39384130E+0001   -0.39384130E+0001    0.71420951E+0000         1
 40150   -0.39385180E+0001   -0.39385180E+0001    0.63102738E+0000         1
 40200   -0.39390641E+0001   -0.39390641E+0001    0.53904971E+0000         1
 40250   -0.39389646E+0001   -0.39389646E+0001    0.55815298E+0000         1
 40300   -0.39388982E+0001   -0.39388982E+0001    0.61952294E+0000         1
 40350   -0.39396497E+0001   -0.39396497E+0001    0.35176803E+0000         1
 40400   -0.39391585E+0001   -0.39391585E+0001    0.55142852E+0000         1
 40450   -0.39397772E+0001   -0.39397772E+0001    0.23158188E+0000         1
 40500   -0.39396930E+0001   -0.39396930E+0001    0.26119836E+0000         1
 40550   -0.39392174E+0001   -0.39392174E+0001    0.49298655E+0000         1
 40600   -0.39389050E+0001   -0.39389050E+0001    0.66427124E+0000         1
 40650   -0.39393321E+0001   -0.39393321E+0001    0.53552173E+0000         1
 40700   -0.39393743E+0001   -0.39393743E+0001    0.49461764E+0000         1
 40750   -0.39393771E+0001   -0.39393771E+0001    0.50681332E+0000         1
 40800   -0.39391609E+0001   -0.39391609E+0001    0.48015326E+0000         1
 40850   -0.39388609E+0001   -0.39388609E+0001    0.53311294E+0000         1
 40900   -0.39386728E+0001   -0.39386728E+0001    0.60651996E+0000         1
 40950   -0.39391106E+0001   -0.39391106E+0001    0.46912499E+0000         1
 41000   -0.39393880E+0001   -0.39393880E+0001    0.42086753E+0000         1
 41050   -0.39389869E+0001   -0.39389869E+0001    0.61955477E+0000         1
 41100   -0.39391993E+0001   -0.39391993E+0001    0.45410377E+0000         1
 41150   -0.39391554E+0001   -0.39391554E+0001    0.40930096E+0000         1
 41200   -0.39390844E+0001   -0.39390844E+0001    0.48249877E+0000         1
 41250   -0.39393586E+0001   -0.39393586E+0001    0.42153319E+0000         1
 41300   -0.39387555E+0001   -0.39387555E+0001    0.64611887E+0000         1
 41350   -0.39378514E+0001   -0.39378514E+0001    0.80713211E+0000         1
 41400   -0.39390830E+0001   -0.39390830E+0001    0.44764842E+0000         1
 41450   -0.39393385E+0001   -0.39393385E+0001    0.36847972E+0000         1
 41500   -0.39389225E+0001   -0.39389225E+0001    0.58423459E+0000         1
 41550   -0.39389040E+0001   -0.39389040E+0001    0.51905725E+0000         1
 41600   -0.39393733E+0001   -0.39393733E+0001    0.45411494E+0000         1
 41650   -0.39390839E+0001   -0.39390839E+0001    0.52282524E+0000         1
 41700   -0.39389998E+0001   -0.39389998E+0001    0.50839388E+0000         1
 41750   -0.39386581E+0001   -0.39386581E+0001    0.54499144E+0000         1
 41800   -0.39391316E+0001   -0.39391316E+0001    0.51969017E+0000         1
 41850   -0.39389058E+0001   -0.39389058E+0001    0.47241554E+0000         1
 41900   -0.39390257E+0001   -0.39390257E+0001    0.48847230E+0000         1
 41950   -0.39391027E+0001   -0.39391027E+0001    0.48929951E+0000         1
 42000   -0.39386934E+0001   -0.39386934E+0001    0.60210149E+0000         1
 42050   -0.39389121E+0001   -0.39389121E+0001    0.53002365E+0000         1
 42100   -0.39394702E+0001   -0.39394702E+0001    0.37769484E+0000         1
 42150   -0.39389012E+0001   -0.39389012E+0001    0.68048527E+0000         1
 42200   -0.39396055E+0001   -0.39396055E+0001    0.36488548E+0000         1
 42250   -0.39397053E+0001   -0.39397053E+0001    0.28488001E+0000         1
 42300   -0.39394120E+0001   -0.39394120E+0001    0.41042371E+0000         1
 42350   -0.39386254E+0001   -0.39386254E+0001    0.66617128E+0000         1
 42400   -0.39386019E+0001   -0.39386019E+0001    0.58992444E+0000         1
 42450   -0.39385931E+0001   -0.39385931E+0001    0.65399882E+0000         1
 42500   -0.39388593E+0001   -0.39388593E+0001    0.52376158E+0000         1
 42550   -0.39389982E+0001   -0.39389982E+0001    0.50329389E+0000         1
 42600   -0.39390993E+0001   -0.39390993E+0001    0.40841973E+0000         1
 42650   -0.39388537E+0001   -0.39388537E+0001    0.49020939E+0000         1
 42700   -0.39386344E+0001   -0.39386344E+0001    0.55055831E+0000         1
 42750   -0.39390119E+0001   -0.39390119E+0001    0.53778788E+0000         1
 42800   -0.39391576E+0001   -0.39391576E+0001    0.46333800E+0000         1
 42850   -0.39391654E+0001   -0.39391654E+0001    0.48583055E+0000         1
 42900   -0.39393555E+0001   -0.39393555E+0001    0.43019140E+0000         1
 42950   -0.39383244E+0001   -0.39383244E+0001    0.72361524E+0000         1
 43000   -0.39393221E+0001   -0.39393221E+0001    0.40914494E+0000         1
 43050   -0.39392441E+0001   -0.39392441E+0001    0.48331814E+0000         1
 43100   -0.39386733E+0001   -0.39386733E+0001    0.67697790E+0000         1
 43150   -0.39394516E+0001   -0.39394516E+0001    0.36905461E+0000         1
 43200   -0.39393820E+0001   -0.39393820E+0001    0.39519811E+0000         1
 43250   -0.39392580E+0001   -0.39392580E+0001    0.39952132E+0000         1
 43300   -0.39392484E+0001   -0.39392484E+0001    0.38866026E+0000         1
 43350   -0.39391636E+0001   -0.39391636E+0001    0.43224305E+0000         1
 43400   -0.39389836E+0001   -0.39389836E+0001    0.42500020E+0000         1
 43450   -0.39388692E+0001   -0.39388692E+0001    0.49009047E+0000         1
 43500   -0.39385914E+0001   -0.39385914E+0001    0.53621859E+0000         1
 43550   -0.39387753E+0001   -0.39387753E+0001    0.45845555E+0000         1
 43600   -0.39387276E+0001   -0.39387276E+0001    0.43932737E+0000         1
 43650   -0.39386558E+0001   -0.39386558E+0001    0.45984034E+0000         1
 43700   -0.39388727E+0001   -0.39388727E+0001    0.42324156E+0000         1
 43750   -0.39389146E+0001   -0.39389146E+0001    0.48843018E+0000         1
 43800   -0.39395843E+0001   -0.39395843E+0001    0.29611364E+0000         1
 43850   -0.39393267E+0001   -0.39393267E+0001    0.44209270E+0000         1
 43900   -0.39391730E+0001   -0.39391730E+0001    0.43610296E+0000         1
 43950   -0.39386977E+0001   -0.39386977E+0001    0.52394274E+0000         1
 44000   -0.39385529E+0001   -0.39385529E+0001    0.66126284E+0000         1
 44050   -0.39390098E+0001   -0.39390098E+0001    0.56529255E+0000         1
 44100   -0.39385902E+0001   -0.39385902E+0001    0.57445638E+0000         1
 44150   -0.39390410E+0001   -0.39390410E+0001    0.46339272E+0000         1
 44200   -0.39386717E+0001   -0.39386717E+0001    0.49432032E+0000         1
 44250   -0.39380436E+0001   -0.39380436E+0001    0.69744261E+0000         1
 44300   -0.39391731E+0001   -0.39391731E+0001    0.42280707E+0000         1
 44350   -0.39388053E+0001   -0.39388053E+0001    0.66989824E+0000         1
 44400   -0.39387248E+0001   -0.39387248E+0001    0.48135808E+0000         1
 44450   -0.39387616E+0001   -0.39387616E+0001    0.58411630E+0000         1
 44500   -0.39386793E+0001   -0.39386793E+0001    0.52238274E+0000         1
 44550   -0.39387143E+0001   -0.39387143E+0001    0.55448629E+0000         1
 44600   -0.39386419E+0001   -0.39386419E+0001    0.56387925E+0000         1
 44650   -0.39388394E+0001   -0.39388394E+0001    0.51075207E+0000         1
 44700   -0.39382977E+0001   -0.39382977E+0001    0.59143949E+0000         1
 44750   -0.39386308E+0001   -0.39386308E+0001    0.46243321E+0000         1
 44800   -0.39375985E+0001   -0.39375985E+0001    0.69857286E+0000         1
 44850   -0.39380680E+0001   -0.39380680E+0001    0.57121737E+0000         1
 44900   -0.39384431E+0001   -0.39384431E+0001    0.55798103E+0000         1
 44950   -0.39391256E+0001   -0.39391256E+0001    0.36845155E+0000         1
 45000   -0.39379029E+0001   -0.39379029E+0001    0.63767533E+0000         1
 45050   -0.39386073E+0001   -0.39386073E+0001    0.53625282E+0000         1
 45100   -0.39391923E+0001   -0.39391923E+0001    0.48154378E+0000         1
 45150   -0.39384757E+0001   -0.39384757E+0001    0.52170993E+0000         1
 45200   -0.39388848E+0001   -0.39388848E+0001    0.56554834E+0000         1
 45250   -0.39380419E+0001   -0.39380419E+0001    0.65905557E+0000         1
 45300   -0.39383044E+0001   -0.39383044E+0001    0.56004899E+0000         1
 45350   -0.39387353E+0001   -0.39387353E+0001    0.50688465E+0000         1
 45400   -0.39386563E+0001   -0.39386563E+0001    0.50838458E+0000         1
 45450   -0.39386489E+0001   -0.39386489E+0001    0.55866842E+0000         1
 45500   -0.39393790E+0001   -0.39393790E+0001    0.42888420E+0000         1
 45550   -0.39391541E+0001   -0.39391541E+0001    0.54123548E+0000         1
 45600   -0.39387799E+0001   -0.39387799E+0001    0.61286782E+0000         1
 45650   -0.39383729E+0001   -0.39383729E+0001    0.60105505E+0000         1
 45700   -0.39384134E+0001   -0.39384134E+0001    0.69422555E+0000         1
 45750   -0.39391603E+0001   -0.39391603E+0001    0.40803679E+0000         1
 45800   -0.39395203E+0001   -0.39395203E+0001    0.35062300E+0000         1
 45850   -0.39393379E+0001   -0.39393379E+0001    0.46796852E+0000         1
 45900   -0.39382885E+0001   -0.39382885E+0001    0.65149238E+0000         1
 45950   -0.39395371E+0001   -0.39395371E+0001    0.36381224E+0000         1
 46000   -0.39392707E+0001   -0.39392707E+0001    0.43206596E+0000         1
 46050   -0.39394583E+0001   -0.39394583E+0001    0.37231604E+0000         1
 46100   -0.39392146E+0001   -0.39392146E+0001    0.47375821E+0000         1
 46150   -0.39396266E+0001   -0.39396266E+0001    0.28154796E+0000         1
 46200   -0.39387600E+0001   -0.39387600E+0001    0.61631397E+0000         1
 46250   -0.39377236E+0001   -0.39377236E+0001    0.92794075E+0000         1
 46300   -0.39391815E+0001   -0.39391815E+0001    0.55006870E+0000         1
 46350   -0.39378926E+0001   -0.39378926E+0001    0.86570865E+0000         1
 46400   -0.39390555E+0001   -0.39390555E+0001    0.57432801E+0000         1
 46450   -0.39392713E+0001   -0.39392713E+0001    0.49134971E+0000         1
 46500   -0.39394082E+0001   -0.39394082E+0001    0.37808994E+0000         1
 46550   -0.39393743E+0001   -0.39393743E+0001    0.40018435E+0000         1
 46600   -0.39393888E+0001   -0.39393888E+0001    0.38545301E+0000         1
 46650   -0.39394965E+0001   -0.39394965E+0001    0.38470017E+0000         1
 46700   -0.39394293E+0001   -0.39394293E+0001    0.40392389E+0000         1
 46750   -0.39389393E+0001   -0.39389393E+0001    0.59701961E+0000         1
 46800   -0.39386219E+0001   -0.39386219E+0001    0.62509762E+0000         1
 46850   -0.39389941E+0001   -0.39389941E+0001    0.56025126E+0000         1
 46900   -0.39387010E+0001   -0.39387010E+0001    0.66267679E+0000         1
 46950   -0.39389010E+0001   -0.39389010E+0001    0.55453464E+0000         1
 47000   -0.39388439E+0001   -0.39388439E+0001    0.59867422E+0000         1
 47050   -0.39385522E+0001   -0.39385522E+0001    0.66516527E+0000         1
 47100   -0.39388566E+0001   -0.39388566E+0001    0.54006431E+0000         1
 47150   -0.39393464E+0001   -0.39393464E+0001    0.45103640E+0000         1
 47200   -0.39393258E+0001   -0.39393258E+0001    0.40784059E+0000         1
 47250   -0.39385756E+0001   -0.39385756E+0001    0.79327721E+0000         1
 47300   -0.39391542E+0001   -0.39391542E+0001    0.48763116E+0000         1
 47350   -0.39396478E+0001   -0.39396478E+0001    0.33655145E+0000         1
 47400   -0.39388139E+0001   -0.39388139E+0001    0.55133678E+0000         1
 47450   -0.39388873E+0001   -0.39388873E+0001    0.43954996E+0000         1
 47500   -0.39385705E+0001   -0.39385705E+0001    0.51261900E+0000         1
 47550   -0.39384347E+0001   -0.39384347E+0001    0.56922698E+0000         1
 47600   -0.39388037E+0001   -0.39388037E+0001    0.54716066E+0000         1
 47650   -0.39388782E+0001   -0.39388782E+0001    0.47852223E+0000         1
 47700   -0.39389688E+0001   -0.39389688E+0001    0.50947527E+0000         1
 47750   -0.39385675E+0001   -0.39385675E+0001    0.56336677E+0000         1
 47800   -0.39389936E+0001   -0.39389936E+0001    0.52162358E+0000         1
 47850   -0.39387904E+0001   -0.39387904E+0001    0.69036190E+0000         1
 47900   -0.39397031E+0001   -0.39397031E+0001    0.35566508E+0000         1
 47950   -0.39396992E+0001   -0.39396992E+0001    0.32501891E+0000         1
 48000   -0.39392501E+0001   -0.39392501E+0001    0.43486874E+0000         1
