     1   -0.39239690E+0001   -0.39243166E+0001    0.14352439E+0001     12002
    50   -0.39233606E+0001   -0.39287629E+0001    0.11791182E+0001     11999
   100   -0.39247810E+0001   -0.39306451E+0001    0.11428727E+0001     12172
   150   -0.39277225E+0001   -0.39326215E+0001    0.10366472E+0001     12526
   200   -0.39295326E+0001   -0.39333028E+0001    0.94492880E+0000     12567
   250   -0.39310778E+0001   -0.39352353E+0001    0.86630066E+0000     12803
   300   -0.39324647E+0001   -0.39365726E+0001    0.80379632E+0000     13084
   350   -0.39337872E+0001   -0.39374561E+0001    0.74368613E+0000     13438
   400   -0.39352131E+0001   -0.39381310E+0001    0.68118487E+0000     13737
     1   -0.39239653E+0001   -0.39243394E+0001    0.14352439E+0001     12000
    50   -0.39230691E+0001   -0.39275308E+0001    0.12994778E+0001     12064
   100   -0.39236023E+0001   -0.39290803E+0001    0.12357074E+0001     12294
   150   -0.39251425E+0001   -0.39305925E+0001    0.11513854E+0001     12536
   200   -0.39272717E+0001   -0.39325047E+0001    0.10283240E+0001     12956
   250   -0.39298161E+0001   -0.39337088E+0001    0.95127248E+0000     13597
   300   -0.39310578E+0001   -0.39343059E+0001    0.91817960E+0000     13853
   350   -0.39321455E+0001   -0.39357214E+0001    0.78523431E+0000     13929
   400   -0.39332829E+0001   -0.39364432E+0001    0.70716900E+0000     14105
     1   -0.39239605E+0001   -0.39243174E+0001    0.14352439E+0001     11996
    50   -0.39228462E+0001   -0.39274750E+0001    0.12525444E+0001     12086
   100   -0.39234342E+0001   -0.39285056E+0001    0.12206307E+0001     12485
   150   -0.39248492E+0001   -0.39297617E+0001    0.11968966E+0001     12827
   200   -0.39264385E+0001   -0.39313450E+0001    0.10364182E+0001     13309
   250   -0.39287557E+0001   -0.39330728E+0001    0.92323844E+0000     13653
   300   -0.39301763E+0001   -0.39344586E+0001    0.84675519E+0000     13958
   350   -0.39311951E+0001   -0.39352440E+0001    0.74971126E+0000     14084
   400   -0.39326772E+0001   -0.39361317E+0001    0.64220837E+0000     14282
     1   -0.39239560E+0001   -0.39243283E+0001    0.14352439E+0001     11999
    50   -0.39226196E+0001   -0.39270354E+0001    0.13098462E+0001     12132
   100   -0.39228257E+0001   -0.39282672E+0001    0.12591545E+0001     12409
   150   -0.39239640E+0001   -0.39287925E+0001    0.12000002E+0001     12917
   200   -0.39252437E+0001   -0.39300651E+0001    0.11644413E+0001     13532
   250   -0.39261975E+0001   -0.39308149E+0001    0.11231876E+0001     13717
   300   -0.39270963E+0001   -0.39313599E+0001    0.10668564E+0001     14154
   350   -0.39284242E+0001   -0.39331647E+0001    0.98791342E+0000     14825
   400   -0.39296362E+0001   -0.39334190E+0001    0.93418338E+0000     15630
     1   -0.39239502E+0001   -0.39243129E+0001    0.14352439E+0001     11994
    50   -0.39223252E+0001   -0.39268430E+0001    0.13060051E+0001     12076
   100   -0.39222288E+0001   -0.39274014E+0001    0.13056488E+0001     12386
   150   -0.39229342E+0001   -0.39278010E+0001    0.12460831E+0001     12386
   200   -0.39237447E+0001   -0.39289488E+0001    0.12409945E+0001     12701
   250   -0.39250632E+0001   -0.39299735E+0001    0.11866067E+0001     12855
   300   -0.39264191E+0001   -0.39307845E+0001    0.11342935E+0001     13417
   350   -0.39274539E+0001   -0.39316427E+0001    0.10762738E+0001     13793
   400   -0.39279713E+0001   -0.39328883E+0001    0.10059602E+0001     13961
     1   -0.39239458E+0001   -0.39243287E+0001    0.14352439E+0001     11990
    50   -0.39221612E+0001   -0.39269305E+0001    0.12836474E+0001     12030
   100   -0.39219659E+0001   -0.39276022E+0001    0.12222697E+0001     12383
   150   -0.39232784E+0001   -0.39285353E+0001    0.12269287E+0001     12552
   200   -0.39243815E+0001   -0.39286935E+0001    0.12114353E+0001     12774
   250   -0.39246497E+0001   -0.39290397E+0001    0.11701746E+0001     12877
   300   -0.39250092E+0001   -0.39302619E+0001    0.11768199E+0001     13267
   350   -0.39254407E+0001   -0.39300465E+0001    0.11319364E+0001     13576
   400   -0.39255201E+0001   -0.39311802E+0001    0.10711566E+0001     13985
     1   -0.39239451E+0001   -0.39243299E+0001    0.14352439E+0001     11995
    50   -0.39219926E+0001   -0.39264494E+0001    0.13154648E+0001     11941
   100   -0.39215556E+0001   -0.39278898E+0001    0.13263684E+0001     12137
   150   -0.39222925E+0001   -0.39279453E+0001    0.12898120E+0001     12353
   200   -0.39230797E+0001   -0.39282579E+0001    0.12361191E+0001     12747
   250   -0.39238056E+0001   -0.39294023E+0001    0.12184305E+0001     13398
   300   -0.39245756E+0001   -0.39295461E+0001    0.11487998E+0001     13816
   350   -0.39251858E+0001   -0.39299674E+0001    0.11376041E+0001     14385
   400   -0.39262817E+0001   -0.39312168E+0001    0.11124602E+0001     15043
     1   -0.39239434E+0001   -0.39243402E+0001    0.14352439E+0001     12000
    50   -0.39217953E+0001   -0.39265014E+0001    0.13409636E+0001     11897
   100   -0.39211627E+0001   -0.39267835E+0001    0.13277424E+0001     12048
   150   -0.39216471E+0001   -0.39276547E+0001    0.12917228E+0001     12125
   200   -0.39226797E+0001   -0.39281976E+0001    0.12727962E+0001     12736
   250   -0.39238932E+0001   -0.39293304E+0001    0.11809142E+0001     13359
   300   -0.39244820E+0001   -0.39311010E+0001    0.11150934E+0001     13507
   350   -0.39261014E+0001   -0.39319144E+0001    0.10884978E+0001     13807
   400   -0.39277762E+0001   -0.39325232E+0001    0.10985339E+0001     14519
     1   -0.39239370E+0001   -0.39243505E+0001    0.14352439E+0001     12000
    50   -0.39217160E+0001   -0.39264746E+0001    0.13282113E+0001     12170
   100   -0.39211481E+0001   -0.39280505E+0001    0.13097401E+0001     12397
   150   -0.39220027E+0001   -0.39281018E+0001    0.12463518E+0001     12925
   200   -0.39223881E+0001   -0.39278250E+0001    0.12524312E+0001     13083
   250   -0.39224021E+0001   -0.39283036E+0001    0.12241253E+0001     13151
   300   -0.39241349E+0001   -0.39289931E+0001    0.11961951E+0001     13480
   350   -0.39251212E+0001   -0.39294688E+0001    0.11309117E+0001     14026
   400   -0.39257125E+0001   -0.39304983E+0001    0.11177055E+0001     14449
     1   -0.39239369E+0001   -0.39243342E+0001    0.14352439E+0001     11991
    50   -0.39214837E+0001   -0.39261486E+0001    0.13736560E+0001     11964
   100   -0.39205285E+0001   -0.39269878E+0001    0.13201779E+0001     12276
   150   -0.39211091E+0001   -0.39271473E+0001    0.12849327E+0001     12600
   200   -0.39215256E+0001   -0.39268171E+0001    0.12949638E+0001     13209
   250   -0.39214716E+0001   -0.39268974E+0001    0.12757750E+0001     13574
   300   -0.39216301E+0001   -0.39276895E+0001    0.11697059E+0001     13768
   350   -0.39224861E+0001   -0.39284211E+0001    0.11645717E+0001     14280
   400   -0.39237426E+0001   -0.39294605E+0001    0.11447912E+0001     14922
     1   -0.39239361E+0001   -0.39243521E+0001    0.14352439E+0001     11995
    50   -0.39213765E+0001   -0.39257516E+0001    0.13479538E+0001     12039
   100   -0.39203430E+0001   -0.39259654E+0001    0.13647178E+0001     12356
   150   -0.39204925E+0001   -0.39263621E+0001    0.13405780E+0001     12688
   200   -0.39206714E+0001   -0.39262505E+0001    0.13305310E+0001     13192
   250   -0.39208770E+0001   -0.39261371E+0001    0.13722976E+0001     13618
   300   -0.39207850E+0001   -0.39260706E+0001    0.13726712E+0001     14078
   350   -0.39205611E+0001   -0.39254935E+0001    0.13542374E+0001     14579
   400   -0.39205074E+0001   -0.39258323E+0001    0.13585031E+0001     15062
   450   -0.39201623E+0001   -0.39265598E+0001    0.13446841E+0001     15719
   500   -0.39192129E+0001   -0.39261691E+0001    0.13416506E+0001     16249
   550   -0.39186158E+0001   -0.39258006E+0001    0.13461461E+0001     16661
   600   -0.39178795E+0001   -0.39261334E+0001    0.13365144E+0001     17094
   650   -0.39184329E+0001   -0.39264718E+0001    0.13062523E+0001     17527
   700   -0.39202808E+0001   -0.39267466E+0001    0.12667719E+0001     18052
   750   -0.39216472E+0001   -0.39271077E+0001    0.12682024E+0001     18370
   800   -0.39219775E+0001   -0.39278671E+0001    0.12627252E+0001     18824
   850   -0.39228092E+0001   -0.39287106E+0001    0.11855076E+0001     19103
     1   -0.39239320E+0001   -0.39243265E+0001    0.14352439E+0001     11996
    50   -0.39212855E+0001   -0.39264016E+0001    0.13557271E+0001     12107
   100   -0.39202505E+0001   -0.39263870E+0001    0.13505315E+0001     12586
   150   -0.39205785E+0001   -0.39267391E+0001    0.13767515E+0001     12655
   200   -0.39207779E+0001   -0.39265026E+0001    0.13444292E+0001     13148
   250   -0.39206758E+0001   -0.39261952E+0001    0.13786035E+0001     13664
   300   -0.39206429E+0001   -0.39264358E+0001    0.13494508E+0001     14146
   350   -0.39206276E+0001   -0.39273800E+0001    0.13416826E+0001     14859
   400   -0.39206082E+0001   -0.39277296E+0001    0.13285606E+0001     15533
   450   -0.39205967E+0001   -0.39273383E+0001    0.13252935E+0001     15767
   500   -0.39207268E+0001   -0.39277611E+0001    0.12769860E+0001     16200
   550   -0.39211246E+0001   -0.39273107E+0001    0.13133150E+0001     16418
   600   -0.39211200E+0001   -0.39275863E+0001    0.13320084E+0001     17043
   650   -0.39208878E+0001   -0.39273479E+0001    0.13550455E+0001     17606
   700   -0.39208809E+0001   -0.39267859E+0001    0.13509651E+0001     17990
   750   -0.39208588E+0001   -0.39264128E+0001    0.13398969E+0001     18618
   800   -0.39207090E+0001   -0.39263747E+0001    0.13096782E+0001     18966
   850   -0.39206111E+0001   -0.39270480E+0001    0.13002090E+0001     19418
   900   -0.39213845E+0001   -0.39266369E+0001    0.13116256E+0001     19951
   950   -0.39210890E+0001   -0.39270652E+0001    0.12759151E+0001     20714
  1000   -0.39210531E+0001   -0.39276041E+0001    0.12980986E+0001     21048
  1050   -0.39214497E+0001   -0.39284968E+0001    0.12846986E+0001     21655
  1100   -0.39217287E+0001   -0.39281561E+0001    0.12246174E+0001     22034
  1150   -0.39230262E+0001   -0.39286277E+0001    0.12229828E+0001     22780
  1200   -0.39235932E+0001   -0.39287430E+0001    0.11809241E+0001     23614
  1250   -0.39233876E+0001   -0.39287998E+0001    0.11954963E+0001     24516
  1300   -0.39238309E+0001   -0.39295063E+0001    0.11584645E+0001     25176
     1   -0.39239283E+0001   -0.39243603E+0001    0.14352439E+0001     12000
    50   -0.39211373E+0001   -0.39257517E+0001    0.13904324E+0001     12050
   100   -0.39195599E+0001   -0.39253303E+0001    0.14074688E+0001     12201
   150   -0.39191513E+0001   -0.39267113E+0001    0.13842245E+0001     12573
   200   -0.39200545E+0001   -0.39261874E+0001    0.13745605E+0001     12967
   250   -0.39199976E+0001   -0.39259934E+0001    0.13303805E+0001     13073
   300   -0.39199815E+0001   -0.39258999E+0001    0.13023912E+0001     13564
   350   -0.39205542E+0001   -0.39261249E+0001    0.13370181E+0001     13846
   400   -0.39201193E+0001   -0.39267654E+0001    0.13091894E+0001     14211
   450   -0.39198286E+0001   -0.39260447E+0001    0.13505097E+0001     14549
   500   -0.39190178E+0001   -0.39266324E+0001    0.13645874E+0001     14851
   550   -0.39180801E+0001   -0.39256930E+0001    0.13491161E+0001     15256
   600   -0.39178524E+0001   -0.39259892E+0001    0.13281296E+0001     15647
   650   -0.39166392E+0001   -0.39261595E+0001    0.13132572E+0001     16135
   700   -0.39166798E+0001   -0.39265056E+0001    0.12702810E+0001     16404
   750   -0.39187599E+0001   -0.39267118E+0001    0.13041644E+0001     17066
   800   -0.39202161E+0001   -0.39263512E+0001    0.13126337E+0001     17477
   850   -0.39205066E+0001   -0.39255809E+0001    0.12741271E+0001     17946
   900   -0.39205254E+0001   -0.39253258E+0001    0.12358756E+0001     18736
   950   -0.39198872E+0001   -0.39254454E+0001    0.12266893E+0001     19488
  1000   -0.39196118E+0001   -0.39259817E+0001    0.12467797E+0001     20077
  1050   -0.39195500E+0001   -0.39259573E+0001    0.12377557E+0001     20344
  1100   -0.39194195E+0001   -0.39256782E+0001    0.12150968E+0001     21231
  1150   -0.39194405E+0001   -0.39251474E+0001    0.12466217E+0001     22054
  1200   -0.39191884E+0001   -0.39258073E+0001    0.11659717E+0001     22888
  1250   -0.39191332E+0001   -0.39259179E+0001    0.11794254E+0001     23348
  1300   -0.39199048E+0001   -0.39263503E+0001    0.12124048E+0001     24220
  1350   -0.39200113E+0001   -0.39264865E+0001    0.11365087E+0001     24697
  1400   -0.39201441E+0001   -0.39267709E+0001    0.11713298E+0001     25436
  1450   -0.39208399E+0001   -0.39270805E+0001    0.11273142E+0001     26136
  1500   -0.39214493E+0001   -0.39268505E+0001    0.11123249E+0001     26946
  1550   -0.39215947E+0001   -0.39270776E+0001    0.11087714E+0001     27520
  1600   -0.39213263E+0001   -0.39266958E+0001    0.11548449E+0001     28297
  1601   -0.39214314E+0001   -0.39214314E+0001    0.12223106E+0001     12000
  1650   -0.39236585E+0001   -0.39275719E+0001    0.10656625E+0001     11876
  1700   -0.39223899E+0001   -0.39271322E+0001    0.10924962E+0001     12054
  1750   -0.39217140E+0001   -0.39268010E+0001    0.10866577E+0001     12327
  1800   -0.39215215E+0001   -0.39276859E+0001    0.10478471E+0001     12698
  1850   -0.39218922E+0001   -0.39270080E+0001    0.10641115E+0001     12984
  1900   -0.39222889E+0001   -0.39275527E+0001    0.11108649E+0001     13072
  1950   -0.39221038E+0001   -0.39275771E+0001    0.11118252E+0001     13494
  2000   -0.39214368E+0001   -0.39277330E+0001    0.11613179E+0001     13779
  2050   -0.39205186E+0001   -0.39263522E+0001    0.11366191E+0001     14189
  2100   -0.39196438E+0001   -0.39264086E+0001    0.11345974E+0001     14733
  2150   -0.39193129E+0001   -0.39267366E+0001    0.10900709E+0001     15158
  2200   -0.39198030E+0001   -0.39257026E+0001    0.11389453E+0001     15788
  2250   -0.39204997E+0001   -0.39253076E+0001    0.11563786E+0001     16378
  2300   -0.39207105E+0001   -0.39249178E+0001    0.11636210E+0001     16709
  2350   -0.39205207E+0001   -0.39256679E+0001    0.11477515E+0001     17111
  2400   -0.39201881E+0001   -0.39250936E+0001    0.11277483E+0001     17476
  2450   -0.39204595E+0001   -0.39260176E+0001    0.11040911E+0001     18278
  2500   -0.39213311E+0001   -0.39262443E+0001    0.10805006E+0001     18448
  2550   -0.39220713E+0001   -0.39270285E+0001    0.10676630E+0001     19252
  2600   -0.39219990E+0001   -0.39273643E+0001    0.10626658E+0001     19822
  2650   -0.39219318E+0001   -0.39276635E+0001    0.10267228E+0001     20350
  2700   -0.39220369E+0001   -0.39279038E+0001    0.10591172E+0001     21230
  2750   -0.39224808E+0001   -0.39280032E+0001    0.10154049E+0001     21594
  2800   -0.39229798E+0001   -0.39283074E+0001    0.10516359E+0001     21979
  2850   -0.39237878E+0001   -0.39286794E+0001    0.10299053E+0001     22667
  2900   -0.39239618E+0001   -0.39281142E+0001    0.99282113E+0000     22911
  2950   -0.39238386E+0001   -0.39287441E+0001    0.98926716E+0000     23586
  3000   -0.39237757E+0001   -0.39281442E+0001    0.10311120E+0001     24190
  3050   -0.39234235E+0001   -0.39284191E+0001    0.10187698E+0001     24523
  3100   -0.39230409E+0001   -0.39283882E+0001    0.95561902E+0000     24884
  3150   -0.39229478E+0001   -0.39286761E+0001    0.98458382E+0000     25406
  3200   -0.39239452E+0001   -0.39293405E+0001    0.96241379E+0000     26222
  3201   -0.39240219E+0001   -0.39240219E+0001    0.10376423E+0001     12000
  3250   -0.39256600E+0001   -0.39285033E+0001    0.93293477E+0000     12011
  3300   -0.39247483E+0001   -0.39286846E+0001    0.95586431E+0000     12092
  3350   -0.39241737E+0001   -0.39284930E+0001    0.97076860E+0000     12047
  3400   -0.39240311E+0001   -0.39290268E+0001    0.95575116E+0000     12292
  3450   -0.39241280E+0001   -0.39288584E+0001    0.10075247E+0001     12367
  3500   -0.39239785E+0001   -0.39294561E+0001    0.97712753E+0000     12539
  3550   -0.39242647E+0001   -0.39296431E+0001    0.94679052E+0000     12737
  3600   -0.39251546E+0001   -0.39300441E+0001    0.94639486E+0000     13059
     1   -0.39239392E+0001   -0.39243397E+0001    0.14352439E+0001     12001
    50   -0.39215684E+0001   -0.39261055E+0001    0.13419283E+0001     12046
   100   -0.39207525E+0001   -0.39277564E+0001    0.12489003E+0001     12299
   150   -0.39216099E+0001   -0.39295371E+0001    0.11472182E+0001     12657
   200   -0.39238591E+0001   -0.39292359E+0001    0.11336319E+0001     13118
   250   -0.39245726E+0001   -0.39296494E+0001    0.11536763E+0001     13667
   300   -0.39256379E+0001   -0.39308521E+0001    0.10964257E+0001     14098
   350   -0.39268492E+0001   -0.39313394E+0001    0.10681239E+0001     14458
   400   -0.39276673E+0001   -0.39326284E+0001    0.10060079E+0001     14812
     1   -0.39239351E+0001   -0.39243873E+0001    0.14352439E+0001     12003
    50   -0.39214559E+0001   -0.39265257E+0001    0.13278011E+0001     12032
   100   -0.39204951E+0001   -0.39271954E+0001    0.13059695E+0001     12503
   150   -0.39213249E+0001   -0.39271312E+0001    0.13119844E+0001     12948
   200   -0.39219505E+0001   -0.39267209E+0001    0.12869062E+0001     13236
   250   -0.39218021E+0001   -0.39271908E+0001    0.12588457E+0001     13682
   300   -0.39217227E+0001   -0.39277072E+0001    0.11996807E+0001     14339
   350   -0.39220751E+0001   -0.39289852E+0001    0.11879612E+0001     15178
   400   -0.39233209E+0001   -0.39310768E+0001    0.10462510E+0001     15639
     1   -0.39239326E+0001   -0.39243702E+0001    0.14352439E+0001     11996
    50   -0.39212669E+0001   -0.39266171E+0001    0.13338156E+0001     12166
   100   -0.39202933E+0001   -0.39274494E+0001    0.12910297E+0001     12374
   150   -0.39218212E+0001   -0.39279470E+0001    0.13135836E+0001     12659
   200   -0.39225879E+0001   -0.39283495E+0001    0.11998397E+0001     12751
   250   -0.39231793E+0001   -0.39289870E+0001    0.11875424E+0001     13197
   300   -0.39245137E+0001   -0.39295756E+0001    0.11689116E+0001     13735
   350   -0.39248734E+0001   -0.39308986E+0001    0.11494652E+0001     14203
   400   -0.39252302E+0001   -0.39311980E+0001    0.11340020E+0001     14558
     1   -0.39239330E+0001   -0.39243891E+0001    0.14352439E+0001     12000
    50   -0.39212254E+0001   -0.39262863E+0001    0.13419551E+0001     12212
   100   -0.39200322E+0001   -0.39264428E+0001    0.13364622E+0001     12609
   150   -0.39199647E+0001   -0.39265762E+0001    0.13567845E+0001     12948
   200   -0.39203971E+0001   -0.39262568E+0001    0.13380860E+0001     13322
   250   -0.39206870E+0001   -0.39269110E+0001    0.12764280E+0001     13597
   300   -0.39210185E+0001   -0.39275947E+0001    0.12856527E+0001     13904
   350   -0.39214569E+0001   -0.39277366E+0001    0.12562663E+0001     14179
   400   -0.39223763E+0001   -0.39277638E+0001    0.12552971E+0001     14815
   450   -0.39227533E+0001   -0.39284290E+0001    0.12198732E+0001     15069
   500   -0.39228314E+0001   -0.39291035E+0001    0.12471443E+0001     15840
   550   -0.39230219E+0001   -0.39297334E+0001    0.11982810E+0001     16351
   600   -0.39233428E+0001   -0.39296699E+0001    0.11142076E+0001     16907
     1   -0.39239319E+0001   -0.39243205E+0001    0.14352439E+0001     11998
    50   -0.39211325E+0001   -0.39266623E+0001    0.13470212E+0001     12045
   100   -0.39198945E+0001   -0.39257894E+0001    0.13841417E+0001     12375
   150   -0.39197842E+0001   -0.39262583E+0001    0.12902285E+0001     12777
   200   -0.39207542E+0001   -0.39269135E+0001    0.12790949E+0001     13263
   250   -0.39211642E+0001   -0.39264285E+0001    0.12787319E+0001     13818
   300   -0.39205645E+0001   -0.39264174E+0001    0.12316652E+0001     14489
   350   -0.39201500E+0001   -0.39265474E+0001    0.12206628E+0001     14817
   400   -0.39204785E+0001   -0.39261102E+0001    0.12398048E+0001     15273
   450   -0.39211665E+0001   -0.39259355E+0001    0.12375631E+0001     15789
   500   -0.39206357E+0001   -0.39259883E+0001    0.12638920E+0001     16246
   550   -0.39200560E+0001   -0.39248124E+0001    0.13077014E+0001     16987
   600   -0.39189688E+0001   -0.39249026E+0001    0.13403432E+0001     17542
   650   -0.39176075E+0001   -0.39240481E+0001    0.13314301E+0001     17981
   700   -0.39163267E+0001   -0.39235502E+0001    0.13347102E+0001     18474
   750   -0.39153050E+0001   -0.39230584E+0001    0.13445888E+0001     18654
   800   -0.39151155E+0001   -0.39238385E+0001    0.13159752E+0001     18891
   850   -0.39167548E+0001   -0.39234574E+0001    0.13358057E+0001     19199
   900   -0.39170093E+0001   -0.39237083E+0001    0.13630701E+0001     19737
   950   -0.39159359E+0001   -0.39226105E+0001    0.13690918E+0001     20449
  1000   -0.39148714E+0001   -0.39221293E+0001    0.14036951E+0001     20857
  1050   -0.39143161E+0001   -0.39219589E+0001    0.13569182E+0001     21155
  1100   -0.39145538E+0001   -0.39215248E+0001    0.13827628E+0001     21922
  1150   -0.39141929E+0001   -0.39219524E+0001    0.13718398E+0001     22444
  1200   -0.39136310E+0001   -0.39228797E+0001    0.13427416E+0001     23205
  1250   -0.39149274E+0001   -0.39224845E+0001    0.13612427E+0001     23706
  1300   -0.39159036E+0001   -0.39227153E+0001    0.13688607E+0001     24659
  1350   -0.39155212E+0001   -0.39215323E+0001    0.13817415E+0001     25680
  1400   -0.39150132E+0001   -0.39211339E+0001    0.13926736E+0001     26317
  1450   -0.39146237E+0001   -0.39209088E+0001    0.14347697E+0001     27102
  1500   -0.39135753E+0001   -0.39207632E+0001    0.13919115E+0001     27899
  1550   -0.39128136E+0001   -0.39198657E+0001    0.13780764E+0001     28367
  1600   -0.39132544E+0001   -0.39204160E+0001    0.13652199E+0001     30042
  1601   -0.39134157E+0001   -0.39134157E+0001    0.15074662E+0001     12000
  1650   -0.39167707E+0001   -0.39210579E+0001    0.13214151E+0001     11970
  1700   -0.39147695E+0001   -0.39210674E+0001    0.13448450E+0001     11998
  1750   -0.39134838E+0001   -0.39211776E+0001    0.13932080E+0001     12095
  1800   -0.39128475E+0001   -0.39204430E+0001    0.13855840E+0001     12364
  1850   -0.39129280E+0001   -0.39204953E+0001    0.14060386E+0001     12830
  1900   -0.39128524E+0001   -0.39198652E+0001    0.14282755E+0001     13107
  1950   -0.39119566E+0001   -0.39202698E+0001    0.14325373E+0001     13729
  2000   -0.39108274E+0001   -0.39183712E+0001    0.14536345E+0001     14031
  2050   -0.39095686E+0001   -0.39170695E+0001    0.14582465E+0001     14561
  2100   -0.39084239E+0001   -0.39159012E+0001    0.14840960E+0001     14812
  2150   -0.39076253E+0001   -0.39151298E+0001    0.15097271E+0001     15615
  2200   -0.39071578E+0001   -0.39143729E+0001    0.14723617E+0001     16407
  2250   -0.39061000E+0001   -0.39135074E+0001    0.15363580E+0001     16543
  2300   -0.39047071E+0001   -0.39117766E+0001    0.15578631E+0001     17052
  2350   -0.39032028E+0001   -0.39098933E+0001    0.15860831E+0001     17576
  2400   -0.39009744E+0001   -0.39093412E+0001    0.15751578E+0001     17902
  2450   -0.38985943E+0001   -0.39078244E+0001    0.16086546E+0001     18438
  2500   -0.38965384E+0001   -0.39075823E+0001    0.16408516E+0001     19040
  2550   -0.38952515E+0001   -0.39057086E+0001    0.16758567E+0001     19416
  2600   -0.38941225E+0001   -0.39041361E+0001    0.16904113E+0001     19349
  2650   -0.38924773E+0001   -0.39022678E+0001    0.17042293E+0001     20074
  2700   -0.38899461E+0001   -0.38996711E+0001    0.17509201E+0001     20684
  2750   -0.38870101E+0001   -0.38981648E+0001    0.17666443E+0001     21214
  2800   -0.38845258E+0001   -0.38952287E+0001    0.17748415E+0001     21782
  2850   -0.38823949E+0001   -0.38926855E+0001    0.17931279E+0001     22346
  2900   -0.38797010E+0001   -0.38910191E+0001    0.18106994E+0001     23049
  2950   -0.38774031E+0001   -0.38893698E+0001    0.18262787E+0001     23846
  3000   -0.38749748E+0001   -0.38863275E+0001    0.18434545E+0001     24277
  3050   -0.38715590E+0001   -0.38826479E+0001    0.18719553E+0001     24973
  3100   -0.38674144E+0001   -0.38824697E+0001    0.18939305E+0001     25619
  3150   -0.38629913E+0001   -0.38782986E+0001    0.19054766E+0001     26616
  3200   -0.38581490E+0001   -0.38740547E+0001    0.19009835E+0001     27243
  3201   -0.38584113E+0001   -0.38584113E+0001    0.19128770E+0001     12000
  3250   -0.38638865E+0001   -0.38703540E+0001    0.18843504E+0001     12027
  3300   -0.38590567E+0001   -0.38677582E+0001    0.18925494E+0001     12184
  3350   -0.38543400E+0001   -0.38657416E+0001    0.19167662E+0001     12429
  3400   -0.38496182E+0001   -0.38611839E+0001    0.19056751E+0001     12509
  3450   -0.38450167E+0001   -0.38572966E+0001    0.19314124E+0001     12791
  3500   -0.38406302E+0001   -0.38554219E+0001    0.19291963E+0001     12908
  3550   -0.38367941E+0001   -0.38526036E+0001    0.19437258E+0001     12835
  3600   -0.38323623E+0001   -0.38508433E+0001    0.19546774E+0001     13022
  3650   -0.38276233E+0001   -0.38461776E+0001    0.19380290E+0001     13174
  3700   -0.38231638E+0001   -0.38414050E+0001    0.19220087E+0001     13420
  3750   -0.38185035E+0001   -0.38377109E+0001    0.19449315E+0001     13860
  3800   -0.38141163E+0001   -0.38350617E+0001    0.19450399E+0001     14089
  3850   -0.38095458E+0001   -0.38312471E+0001    0.19490056E+0001     14330
  3900   -0.38045779E+0001   -0.38256458E+0001    0.19416456E+0001     14966
  3950   -0.37996873E+0001   -0.38187009E+0001    0.19383596E+0001     15487
  4000   -0.37948272E+0001   -0.38124559E+0001    0.19295853E+0001     16035
  4050   -0.37899274E+0001   -0.38079706E+0001    0.19373173E+0001     16342
  4100   -0.37847854E+0001   -0.38025355E+0001    0.19201714E+0001     16752
  4150   -0.37804573E+0001   -0.37972187E+0001    0.19223208E+0001     17053
  4200   -0.37765969E+0001   -0.37941305E+0001    0.19209023E+0001     17393
  4250   -0.37720304E+0001   -0.37913453E+0001    0.19222326E+0001     17655
  4300   -0.37674349E+0001   -0.37868411E+0001    0.19185932E+0001     17952
  4350   -0.37627035E+0001   -0.37829643E+0001    0.19090573E+0001     18111
  4400   -0.37572513E+0001   -0.37788109E+0001    0.18968031E+0001     18539
  4450   -0.37509810E+0001   -0.37757395E+0001    0.19002357E+0001     19019
  4500   -0.37441799E+0001   -0.37702721E+0001    0.18940697E+0001     19200
  4550   -0.37369192E+0001   -0.37651950E+0001    0.18800586E+0001     19536
  4600   -0.37285108E+0001   -0.37595350E+0001    0.18640013E+0001     20007
  4650   -0.37201049E+0001   -0.37545887E+0001    0.18429597E+0001     20144
  4700   -0.37118807E+0001   -0.37495818E+0001    0.18362838E+0001     20733
  4750   -0.37028382E+0001   -0.37416097E+0001    0.18100638E+0001     21037
  4800   -0.36943127E+0001   -0.37342572E+0001    0.18048886E+0001     21389
  4801   -0.36945498E+0001   -0.36945498E+0001    0.18073040E+0001     12000
  4850   -0.36995457E+0001   -0.37060032E+0001    0.18130563E+0001     11992
  4900   -0.36950277E+0001   -0.37029166E+0001    0.18086276E+0001     12134
  4950   -0.36906024E+0001   -0.37025166E+0001    0.18046835E+0001     12392
  5000   -0.36861510E+0001   -0.36967349E+0001    0.18016568E+0001     12639
  5050   -0.36814233E+0001   -0.36947617E+0001    0.17908479E+0001     12839
  5100   -0.36768120E+0001   -0.36911130E+0001    0.17845927E+0001     12833
  5150   -0.36724423E+0001   -0.36865583E+0001    0.17481050E+0001     13271
  5200   -0.36679840E+0001   -0.36853987E+0001    0.17437032E+0001     13332
  5250   -0.36631528E+0001   -0.36806895E+0001    0.17403247E+0001     13518
  5300   -0.36581124E+0001   -0.36752191E+0001    0.17198649E+0001     13783
  5350   -0.36533641E+0001   -0.36721282E+0001    0.17071973E+0001     14052
  5400   -0.36491253E+0001   -0.36701916E+0001    0.17045333E+0001     14083
  5450   -0.36453389E+0001   -0.36628015E+0001    0.16898110E+0001     14204
  5500   -0.36419534E+0001   -0.36593663E+0001    0.16675002E+0001     14579
  5550   -0.36389720E+0001   -0.36564094E+0001    0.16592844E+0001     15006
  5600   -0.36360017E+0001   -0.36510487E+0001    0.16353580E+0001     15389
  5650   -0.36326271E+0001   -0.36454425E+0001    0.16390643E+0001     16022
  5700   -0.36291972E+0001   -0.36417857E+0001    0.16170272E+0001     16328
  5750   -0.36260360E+0001   -0.36387167E+0001    0.16147080E+0001     16716
  5800   -0.36227721E+0001   -0.36370591E+0001    0.15877233E+0001     17329
  5850   -0.36192305E+0001   -0.36329752E+0001    0.15744734E+0001     17520
  5900   -0.36157705E+0001   -0.36301489E+0001    0.15635377E+0001     17823
  5950   -0.36123452E+0001   -0.36256605E+0001    0.15671455E+0001     18117
  6000   -0.36091147E+0001   -0.36246992E+0001    0.15443382E+0001     18302
  6050   -0.36052897E+0001   -0.36220836E+0001    0.15426705E+0001     18382
  6100   -0.36014415E+0001   -0.36182303E+0001    0.15025768E+0001     18562
  6150   -0.35973772E+0001   -0.36135420E+0001    0.14917785E+0001     19073
  6200   -0.35932531E+0001   -0.36112766E+0001    0.14824443E+0001     19246
  6250   -0.35894546E+0001   -0.36059161E+0001    0.14878873E+0001     19664
  6300   -0.35860904E+0001   -0.36031500E+0001    0.14568906E+0001     20303
  6350   -0.35827722E+0001   -0.36014168E+0001    0.14439590E+0001     20890
  6400   -0.35791145E+0001   -0.35989556E+0001    0.14340265E+0001     21180
  6401   -0.35792630E+0001   -0.35792630E+0001    0.14456992E+0001     12000
  6450   -0.35825638E+0001   -0.35875775E+0001    0.14377030E+0001     11967
  6500   -0.35799399E+0001   -0.35865431E+0001    0.14411571E+0001     12070
  6550   -0.35772930E+0001   -0.35853805E+0001    0.14436941E+0001     12325
  6600   -0.35745900E+0001   -0.35846822E+0001    0.14214511E+0001     12681
  6650   -0.35718954E+0001   -0.35834775E+0001    0.14169164E+0001     12922
  6700   -0.35694412E+0001   -0.35806608E+0001    0.13952786E+0001     13145
  6750   -0.35671916E+0001   -0.35795436E+0001    0.13955574E+0001     13377
  6800   -0.35648543E+0001   -0.35784571E+0001    0.13555406E+0001     13813
  6850   -0.35624237E+0001   -0.35725857E+0001    0.13303945E+0001     14143
  6900   -0.35598612E+0001   -0.35699403E+0001    0.13161874E+0001     14538
  6950   -0.35571688E+0001   -0.35679145E+0001    0.13008146E+0001     14663
  7000   -0.35541076E+0001   -0.35656537E+0001    0.12872250E+0001     14984
  7050   -0.35510333E+0001   -0.35640227E+0001    0.12843749E+0001     15388
  7100   -0.35482445E+0001   -0.35640900E+0001    0.12364434E+0001     15618
  7150   -0.35457321E+0001   -0.35629366E+0001    0.12313667E+0001     16115
  7200   -0.35433281E+0001   -0.35587288E+0001    0.11980122E+0001     16337
  7250   -0.35409304E+0001   -0.35540540E+0001    0.11772803E+0001     16428
  7300   -0.35388497E+0001   -0.35492611E+0001    0.11827611E+0001     16750
  7350   -0.35369228E+0001   -0.35476348E+0001    0.11743124E+0001     16832
  7400   -0.35350889E+0001   -0.35446523E+0001    0.11550723E+0001     16907
  7450   -0.35335472E+0001   -0.35418706E+0001    0.11348948E+0001     17200
  7500   -0.35320207E+0001   -0.35406266E+0001    0.11300481E+0001     17346
  7550   -0.35303952E+0001   -0.35390776E+0001    0.11226251E+0001     17690
  7600   -0.35288222E+0001   -0.35401214E+0001    0.11001994E+0001     17951
  7650   -0.35272659E+0001   -0.35379744E+0001    0.10660756E+0001     18146
  7700   -0.35256178E+0001   -0.35348507E+0001    0.10677430E+0001     18411
  7750   -0.35238942E+0001   -0.35331737E+0001    0.10614822E+0001     18475
  7800   -0.35223280E+0001   -0.35319068E+0001    0.10348909E+0001     18870
  7850   -0.35205951E+0001   -0.35295706E+0001    0.10303009E+0001     19223
  7900   -0.35188231E+0001   -0.35274006E+0001    0.10034014E+0001     19413
  7950   -0.35171313E+0001   -0.35251796E+0001    0.10012787E+0001     19544
  8000   -0.35157174E+0001   -0.35236601E+0001    0.99042446E+0000     20124
  8001   -0.35157830E+0001   -0.35157830E+0001    0.97942212E+0000     12000
  8050   -0.35173296E+0001   -0.35207920E+0001    0.98002604E+0000     12020
  8100   -0.35162086E+0001   -0.35203679E+0001    0.99139676E+0000     12177
  8150   -0.35151064E+0001   -0.35206307E+0001    0.97837719E+0000     12339
  8200   -0.35140541E+0001   -0.35195842E+0001    0.97807400E+0000     12687
  8250   -0.35129403E+0001   -0.35184082E+0001    0.97814605E+0000     12763
  8300   -0.35118024E+0001   -0.35179150E+0001    0.98218451E+0000     12978
  8350   -0.35107124E+0001   -0.35175996E+0001    0.94490348E+0000     13211
  8400   -0.35096546E+0001   -0.35171458E+0001    0.95430502E+0000     13496
  8450   -0.35085954E+0001   -0.35167263E+0001    0.93320583E+0000     13414
  8500   -0.35075081E+0001   -0.35160150E+0001    0.89273883E+0000     13748
  8550   -0.35067883E+0001   -0.35144701E+0001    0.89774678E+0000     13831
  8600   -0.35060993E+0001   -0.35130817E+0001    0.89796699E+0000     13900
  8650   -0.35054280E+0001   -0.35131359E+0001    0.83764573E+0000     14170
  8700   -0.35046611E+0001   -0.35120798E+0001    0.88062608E+0000     14596
  8750   -0.35039037E+0001   -0.35110390E+0001    0.84412762E+0000     14913
  8800   -0.35031022E+0001   -0.35096719E+0001    0.83281855E+0000     15301
  8850   -0.35021206E+0001   -0.35091183E+0001    0.82755438E+0000     15757
  8900   -0.35011511E+0001   -0.35100616E+0001    0.78562056E+0000     15961
  8950   -0.35000160E+0001   -0.35082908E+0001    0.82086636E+0000     16213
  9000   -0.34988503E+0001   -0.35089959E+0001    0.80252000E+0000     16746
  9050   -0.34977468E+0001   -0.35071325E+0001    0.76295421E+0000     16950
  9100   -0.34965902E+0001   -0.35050603E+0001    0.78233256E+0000     17199
  9150   -0.34954720E+0001   -0.35045323E+0001    0.74971811E+0000     17529
  9200   -0.34944266E+0001   -0.35026348E+0001    0.74420095E+0000     17749
  9250   -0.34934786E+0001   -0.35004662E+0001    0.77258710E+0000     17928
  9300   -0.34927173E+0001   -0.35000451E+0001    0.76095345E+0000     17961
  9350   -0.34920100E+0001   -0.34995988E+0001    0.73651771E+0000     17988
  9400   -0.34911898E+0001   -0.34990337E+0001    0.71927959E+0000     18330
  9450   -0.34901857E+0001   -0.34988910E+0001    0.73494494E+0000     18690
  9500   -0.34891166E+0001   -0.34980548E+0001    0.68619721E+0000     18836
  9550   -0.34881620E+0001   -0.34966731E+0001    0.72839061E+0000     19295
  9600   -0.34871994E+0001   -0.34955027E+0001    0.71974616E+0000     19416
  9601   -0.34872309E+0001   -0.34872309E+0001    0.66910636E+0000     12000
  9650   -0.34879750E+0001   -0.34903276E+0001    0.68186883E+0000     11978
  9700   -0.34874729E+0001   -0.34905858E+0001    0.69984760E+0000     12147
  9750   -0.34869455E+0001   -0.34909614E+0001    0.70562129E+0000     12234
  9800   -0.34863913E+0001   -0.34909699E+0001    0.71011173E+0000     12500
  9850   -0.34858431E+0001   -0.34908072E+0001    0.69006528E+0000     13036
  9900   -0.34853165E+0001   -0.34891955E+0001    0.69780659E+0000     13502
  9950   -0.34848279E+0001   -0.34900697E+0001    0.67601729E+0000     13704
 10000   -0.34843349E+0001   -0.34899384E+0001    0.67852295E+0000     14053
 10050   -0.34837965E+0001   -0.34898666E+0001    0.66594569E+0000     14488
 10100   -0.34832036E+0001   -0.34888144E+0001    0.67863271E+0000     14757
 10150   -0.34825498E+0001   -0.34873886E+0001    0.67946362E+0000     14811
 10200   -0.34819317E+0001   -0.34879445E+0001    0.68108071E+0000     15114
 10250   -0.34814229E+0001   -0.34873175E+0001    0.65512439E+0000     15405
 10300   -0.34808195E+0001   -0.34873862E+0001    0.65556130E+0000     15829
 10350   -0.34802091E+0001   -0.34853689E+0001    0.64377395E+0000     15709
 10400   -0.34796291E+0001   -0.34853432E+0001    0.63343329E+0000     15861
 10450   -0.34790566E+0001   -0.34851073E+0001    0.62768366E+0000     16200
 10500   -0.34785131E+0001   -0.34842403E+0001    0.60598595E+0000     16619
 10550   -0.34779702E+0001   -0.34828524E+0001    0.62635316E+0000     16788
 10600   -0.34774508E+0001   -0.34821295E+0001    0.62261864E+0000     16894
 10650   -0.34770089E+0001   -0.34818829E+0001    0.62381667E+0000     17351
 10700   -0.34765264E+0001   -0.34814326E+0001    0.60743241E+0000     17633
 10750   -0.34760272E+0001   -0.34813906E+0001    0.60140915E+0000     17946
 10800   -0.34755330E+0001   -0.34800307E+0001    0.61231740E+0000     18189
 10850   -0.34750971E+0001   -0.34795894E+0001    0.57949509E+0000     18583
 10900   -0.34746245E+0001   -0.34799137E+0001    0.59018853E+0000     18821
 10950   -0.34740032E+0001   -0.34795622E+0001    0.56910504E+0000     19133
 11000   -0.34733327E+0001   -0.34788243E+0001    0.55772572E+0000     19307
 11050   -0.34727621E+0001   -0.34785131E+0001    0.55807586E+0000     19532
 11100   -0.34722565E+0001   -0.34781674E+0001    0.57202698E+0000     19845
 11150   -0.34717862E+0001   -0.34769181E+0001    0.56422582E+0000     20129
 11200   -0.34713643E+0001   -0.34764725E+0001    0.52662210E+0000     20720
 11201   -0.34713807E+0001   -0.34713807E+0001    0.50027053E+0000     12000
 11250   -0.34718053E+0001   -0.34739310E+0001    0.52064739E+0000     12137
 11300   -0.34715536E+0001   -0.34738505E+0001    0.54767511E+0000     12139
 11350   -0.34712953E+0001   -0.34741080E+0001    0.53310201E+0000     12338
 11400   -0.34710040E+0001   -0.34740414E+0001    0.53917597E+0000     12227
 11450   -0.34707371E+0001   -0.34739396E+0001    0.53534349E+0000     12551
 11500   -0.34704391E+0001   -0.34734103E+0001    0.54491308E+0000     12650
 11550   -0.34700964E+0001   -0.34734813E+0001    0.54635623E+0000     12949
 11600   -0.34698024E+0001   -0.34733130E+0001    0.55080438E+0000     13205
 11650   -0.34694978E+0001   -0.34731878E+0001    0.54828594E+0000     13448
 11700   -0.34691885E+0001   -0.34732434E+0001    0.54578183E+0000     13780
 11750   -0.34688767E+0001   -0.34726883E+0001    0.54761832E+0000     14118
 11800   -0.34685982E+0001   -0.34723554E+0001    0.53643813E+0000     14341
 11850   -0.34683561E+0001   -0.34723788E+0001    0.52403910E+0000     14455
 11900   -0.34681077E+0001   -0.34735246E+0001    0.51460423E+0000     14720
 11950   -0.34677332E+0001   -0.34738040E+0001    0.51868185E+0000     14925
 12000   -0.34673444E+0001   -0.34733464E+0001    0.53366653E+0000     15176
 12050   -0.34669944E+0001   -0.34727800E+0001    0.51972632E+0000     15286
 12100   -0.34666923E+0001   -0.34729486E+0001    0.52950898E+0000     15419
 12150   -0.34663063E+0001   -0.34721800E+0001    0.50955985E+0000     15962
 12200   -0.34659213E+0001   -0.34720025E+0001    0.49508469E+0000     16029
 12250   -0.34656347E+0001   -0.34707630E+0001    0.50021850E+0000     16444
 12300   -0.34654939E+0001   -0.34703636E+0001    0.47543262E+0000     16594
 12350   -0.34652984E+0001   -0.34704483E+0001    0.50600445E+0000     16826
 12400   -0.34650492E+0001   -0.34702966E+0001    0.49069558E+0000     17088
 12450   -0.34647720E+0001   -0.34699764E+0001    0.49745201E+0000     17361
 12500   -0.34645662E+0001   -0.34703111E+0001    0.47886638E+0000     17387
 12550   -0.34644082E+0001   -0.34703224E+0001    0.48965302E+0000     17560
 12600   -0.34642132E+0001   -0.34698354E+0001    0.47530493E+0000     17997
 12650   -0.34639584E+0001   -0.34694159E+0001    0.49635690E+0000     18219
 12700   -0.34636769E+0001   -0.34697434E+0001    0.45994372E+0000     18653
 12750   -0.34634025E+0001   -0.34684804E+0001    0.47759910E+0000     19078
 12800   -0.34632191E+0001   -0.34686589E+0001    0.49982840E+0000     19217
 12801   -0.34632301E+0001   -0.34632301E+0001    0.39965725E+0000     12000
 12850   -0.34635106E+0001   -0.34646402E+0001    0.41945367E+0000     12013
 12900   -0.34633718E+0001   -0.34649238E+0001    0.44249254E+0000     12174
 12950   -0.34632303E+0001   -0.34651660E+0001    0.44637900E+0000     12256
 13000   -0.34630716E+0001   -0.34650018E+0001    0.46528702E+0000     12502
 13050   -0.34629382E+0001   -0.34657443E+0001    0.45438584E+0000     12646
 13100   -0.34628070E+0001   -0.34654333E+0001    0.45572852E+0000     12820
 13150   -0.34626715E+0001   -0.34652185E+0001    0.41836194E+0000     13032
 13200   -0.34624264E+0001   -0.34655685E+0001    0.46169710E+0000     13212
 13250   -0.34621414E+0001   -0.34659511E+0001    0.44967880E+0000     13395
 13300   -0.34619067E+0001   -0.34651598E+0001    0.43873427E+0000     13540
 13350   -0.34617602E+0001   -0.34646358E+0001    0.42180816E+0000     13603
 13400   -0.34615823E+0001   -0.34649073E+0001    0.43475947E+0000     13907
 13450   -0.34613114E+0001   -0.34649491E+0001    0.40967030E+0000     14468
 13500   -0.34610256E+0001   -0.34648511E+0001    0.43637876E+0000     14537
 13550   -0.34607285E+0001   -0.34644561E+0001    0.43314456E+0000     14942
 13600   -0.34604563E+0001   -0.34644937E+0001    0.43126627E+0000     15247
 13650   -0.34602143E+0001   -0.34647705E+0001    0.42456648E+0000     15529
 13700   -0.34600355E+0001   -0.34643696E+0001    0.42520126E+0000     15836
 13750   -0.34598273E+0001   -0.34644766E+0001    0.42839600E+0000     16031
 13800   -0.34596634E+0001   -0.34634858E+0001    0.44158455E+0000     16255
 13850   -0.34595227E+0001   -0.34630703E+0001    0.41742178E+0000     16521
 13900   -0.34593163E+0001   -0.34624679E+0001    0.38747373E+0000     16716
 13950   -0.34590839E+0001   -0.34627641E+0001    0.41880940E+0000     16870
 14000   -0.34589049E+0001   -0.34620507E+0001    0.39991314E+0000     17121
 14050   -0.34586890E+0001   -0.34623069E+0001    0.39857212E+0000     17531
 14100   -0.34584338E+0001   -0.34623223E+0001    0.39747371E+0000     17800
 14150   -0.34581860E+0001   -0.34618593E+0001    0.40222437E+0000     18064
 14200   -0.34579356E+0001   -0.34614895E+0001    0.38241706E+0000     18318
 14250   -0.34577252E+0001   -0.34613200E+0001    0.39375241E+0000     18360
 14300   -0.34575310E+0001   -0.34614314E+0001    0.40621677E+0000     18729
 14350   -0.34574111E+0001   -0.34614045E+0001    0.42044711E+0000     18944
 14400   -0.34572883E+0001   -0.34616590E+0001    0.41332025E+0000     19001
 14450   -0.34571076E+0001   -0.34616387E+0001    0.38367832E+0000     19035
 14500   -0.34568918E+0001   -0.34615651E+0001    0.37530895E+0000     19235
 14550   -0.34566946E+0001   -0.34613271E+0001    0.35730709E+0000     19438
 14600   -0.34564804E+0001   -0.34611604E+0001    0.36018690E+0000     19911
 14650   -0.34562388E+0001   -0.34608953E+0001    0.36385073E+0000     20270
 14700   -0.34560121E+0001   -0.34607295E+0001    0.37826715E+0000     20537
 14750   -0.34557777E+0001   -0.34606102E+0001    0.37993586E+0000     20783
 14800   -0.34555664E+0001   -0.34605007E+0001    0.30782003E+0000     20906
 14850   -0.34554272E+0001   -0.34603835E+0001    0.37518592E+0000     21079
 14900   -0.34552972E+0001   -0.34601763E+0001    0.33898417E+0000     21353
 14950   -0.34551166E+0001   -0.34600541E+0001    0.27621111E+0000     21677
 15000   -0.34549127E+0001   -0.34597388E+0001    0.35009413E+0000     22027
 15050   -0.34547333E+0001   -0.34595098E+0001    0.36425134E+0000     22720
 15100   -0.34545157E+0001   -0.34592307E+0001    0.36530716E+0000     23364
 15150   -0.34542826E+0001   -0.34588638E+0001    0.32784817E+0000     23705
 15200   -0.34541137E+0001   -0.34587974E+0001    0.35609605E+0000     24280
 15250   -0.34540260E+0001   -0.34583380E+0001    0.34723653E+0000     24687
 15300   -0.34539478E+0001   -0.34588287E+0001    0.36198593E+0000     24943
 15350   -0.34538855E+0001   -0.34585328E+0001    0.33629150E+0000     25355
 15400   -0.34537658E+0001   -0.34583726E+0001    0.33662634E+0000     25596
 15450   -0.34536077E+0001   -0.34583385E+0001    0.32548390E+0000     26125
 15500   -0.34534724E+0001   -0.34579864E+0001    0.33970689E+0000     26588
 15550   -0.34533248E+0001   -0.34577151E+0001    0.33610524E+0000     26863
 15600   -0.34532223E+0001   -0.34574579E+0001    0.33007028E+0000     27382
 15650   -0.34531045E+0001   -0.34576202E+0001    0.33599484E+0000     28037
 15700   -0.34529846E+0001   -0.34575273E+0001    0.34689223E+0000     28583
 15750   -0.34528938E+0001   -0.34577394E+0001    0.29317102E+0000     28994
 15800   -0.34527717E+0001   -0.34570364E+0001    0.31574854E+0000     29131
 15850   -0.34526205E+0001   -0.34577583E+0001    0.32085275E+0000     30011
 15900   -0.34524778E+0001   -0.34569563E+0001    0.31052837E+0000     29927
 15950   -0.34523602E+0001   -0.34571003E+0001    0.33291765E+0000     30139
 16000   -0.34522501E+0001   -0.34566966E+0001    0.31102429E+0000     30791
 16001   -0.34521794E+0001   -0.34521794E+0001    0.19840254E+0000         1
 16050   -0.34517090E+0001   -0.34517090E+0001    0.34893249E+0000         1
 16100   -0.34515666E+0001   -0.34515666E+0001    0.44618373E+0000         1
 16150   -0.34518991E+0001   -0.34518991E+0001    0.59152813E+0000         1
 16200   -0.34521634E+0001   -0.34521634E+0001    0.55350130E+0000         1
 16250   -0.34522334E+0001   -0.34522334E+0001    0.44722685E+0000         1
 16300   -0.34527074E+0001   -0.34527074E+0001    0.49439006E+0000         1
 16350   -0.34523156E+0001   -0.34523156E+0001    0.68809833E+0000         1
 16400   -0.34529134E+0001   -0.34529134E+0001    0.63899929E+0000         1
 16450   -0.34530312E+0001   -0.34530312E+0001    0.58727034E+0000         1
 16500   -0.34532997E+0001   -0.34532997E+0001    0.52238947E+0000         1
 16550   -0.34531999E+0001   -0.34531999E+0001    0.64027908E+0000         1
 16600   -0.34536463E+0001   -0.34536463E+0001    0.49046162E+0000         1
 16650   -0.34542739E+0001   -0.34542739E+0001    0.47028652E+0000         1
 16700   -0.34539702E+0001   -0.34539702E+0001    0.71786720E+0000         1
 16750   -0.34540099E+0001   -0.34540099E+0001    0.73072936E+0000         1
 16800   -0.34550898E+0001   -0.34550898E+0001    0.53239571E+0000         1
 16850   -0.34553413E+0001   -0.34553413E+0001    0.51398043E+0000         1
 16900   -0.34557363E+0001   -0.34557363E+0001    0.44622880E+0000         1
 16950   -0.34563157E+0001   -0.34563157E+0001    0.50121784E+0000         1
 17000   -0.34562246E+0001   -0.34562246E+0001    0.53755128E+0000         1
 17050   -0.34563909E+0001   -0.34563909E+0001    0.65462655E+0000         1
 17100   -0.34571378E+0001   -0.34571378E+0001    0.49460129E+0000         1
 17150   -0.34573963E+0001   -0.34573963E+0001    0.55765911E+0000         1
 17200   -0.34578463E+0001   -0.34578463E+0001    0.54592311E+0000         1
 17250   -0.34594391E+0001   -0.34594391E+0001    0.63204515E+0000         1
 17300   -0.34597214E+0001   -0.34597214E+0001    0.64918861E+0000         1
 17350   -0.34607116E+0001   -0.34607116E+0001    0.67121259E+0000         1
 17400   -0.34616515E+0001   -0.34616515E+0001    0.59842742E+0000         1
 17450   -0.34617368E+0001   -0.34617368E+0001    0.73816936E+0000         1
 17500   -0.34629099E+0001   -0.34629099E+0001    0.65530474E+0000         1
 17550   -0.34640360E+0001   -0.34640360E+0001    0.63344807E+0000         1
 17600   -0.34638761E+0001   -0.34638761E+0001    0.66184831E+0000         1
 17650   -0.34647409E+0001   -0.34647409E+0001    0.57026676E+0000         1
 17700   -0.34659807E+0001   -0.34659807E+0001    0.62040368E+0000         1
 17750   -0.34670605E+0001   -0.34670605E+0001    0.63878452E+0000         1
 17800   -0.34676033E+0001   -0.34676033E+0001    0.69630717E+0000         1
 17850   -0.34679594E+0001   -0.34679594E+0001    0.77667067E+0000         1
 17900   -0.34696675E+0001   -0.34696675E+0001    0.79798856E+0000         1
 17950   -0.34698650E+0001   -0.34698650E+0001    0.90766028E+0000         1
 18000   -0.34707534E+0001   -0.34707534E+0001    0.96963990E+0000         1
 18050   -0.34732030E+0001   -0.34732030E+0001    0.88013826E+0000         1
 18100   -0.34755802E+0001   -0.34755802E+0001    0.78861799E+0000         1
 18150   -0.34772413E+0001   -0.34772413E+0001    0.83292656E+0000         1
 18200   -0.34802114E+0001   -0.34802114E+0001    0.86208540E+0000         1
 18250   -0.34833245E+0001   -0.34833245E+0001    0.97670981E+0000         1
 18300   -0.34862639E+0001   -0.34862639E+0001    0.88982288E+0000         1
 18350   -0.34880518E+0001   -0.34880518E+0001    0.11351501E+0001         1
 18400   -0.34897751E+0001   -0.34897751E+0001    0.10121374E+0001         1
 18450   -0.34936292E+0001   -0.34936292E+0001    0.10071172E+0001         1
 18500   -0.34968932E+0001   -0.34968932E+0001    0.10544617E+0001         1
 18550   -0.34993087E+0001   -0.34993087E+0001    0.11260295E+0001         1
 18600   -0.35048405E+0001   -0.35048405E+0001    0.10762768E+0001         1
 18650   -0.35082376E+0001   -0.35082376E+0001    0.11239720E+0001         1
 18700   -0.35118715E+0001   -0.35118715E+0001    0.12525773E+0001         1
 18750   -0.35168285E+0001   -0.35168285E+0001    0.12346522E+0001         1
 18800   -0.35234835E+0001   -0.35234835E+0001    0.12077292E+0001         1
 18850   -0.35290460E+0001   -0.35290460E+0001    0.12538169E+0001         1
 18900   -0.35342706E+0001   -0.35342706E+0001    0.12314673E+0001         1
 18950   -0.35358825E+0001   -0.35358825E+0001    0.13314725E+0001         1
 19000   -0.35395325E+0001   -0.35395325E+0001    0.12630821E+0001         1
 19050   -0.35432826E+0001   -0.35432826E+0001    0.12373886E+0001         1
 19100   -0.35480825E+0001   -0.35480825E+0001    0.11387951E+0001         1
 19150   -0.35504526E+0001   -0.35504526E+0001    0.11709696E+0001         1
 19200   -0.35530362E+0001   -0.35530362E+0001    0.12095579E+0001         1
 19250   -0.35560224E+0001   -0.35560224E+0001    0.11649954E+0001         1
 19300   -0.35598206E+0001   -0.35598206E+0001    0.10570008E+0001         1
 19350   -0.35624604E+0001   -0.35624604E+0001    0.11177111E+0001         1
 19400   -0.35654775E+0001   -0.35654775E+0001    0.10429495E+0001         1
 19450   -0.35682601E+0001   -0.35682601E+0001    0.10418520E+0001         1
 19500   -0.35704615E+0001   -0.35704615E+0001    0.10434462E+0001         1
 19550   -0.35730905E+0001   -0.35730905E+0001    0.93005021E+0000         1
 19600   -0.35751799E+0001   -0.35751799E+0001    0.81784209E+0000         1
 19650   -0.35766199E+0001   -0.35766199E+0001    0.84119337E+0000         1
 19700   -0.35777567E+0001   -0.35777567E+0001    0.76960244E+0000         1
 19750   -0.35800042E+0001   -0.35800042E+0001    0.62552421E+0000         1
 19800   -0.35815337E+0001   -0.35815337E+0001    0.68883941E+0000         1
 19850   -0.35818497E+0001   -0.35818497E+0001    0.70999572E+0000         1
 19900   -0.35831587E+0001   -0.35831587E+0001    0.67384020E+0000         1
 19950   -0.35834926E+0001   -0.35834926E+0001    0.61686535E+0000         1
 20000   -0.35841938E+0001   -0.35841938E+0001    0.60003078E+0000         1
 20050   -0.35840480E+0001   -0.35840480E+0001    0.66713967E+0000         1
 20100   -0.35843124E+0001   -0.35843124E+0001    0.71716495E+0000         1
 20150   -0.35846456E+0001   -0.35846456E+0001    0.51951753E+0000         1
 20200   -0.35841493E+0001   -0.35841493E+0001    0.64948671E+0000         1
 20250   -0.35833958E+0001   -0.35833958E+0001    0.59195821E+0000         1
 20300   -0.35835194E+0001   -0.35835194E+0001    0.59843383E+0000         1
 20350   -0.35835238E+0001   -0.35835238E+0001    0.60870054E+0000         1
 20400   -0.35839221E+0001   -0.35839221E+0001    0.73960201E+0000         1
 20450   -0.35840955E+0001   -0.35840955E+0001    0.61488204E+0000         1
 20500   -0.35845258E+0001   -0.35845258E+0001    0.52068673E+0000         1
 20550   -0.35845827E+0001   -0.35845827E+0001    0.59196878E+0000         1
 20600   -0.35856671E+0001   -0.35856671E+0001    0.50442408E+0000         1
 20650   -0.35860906E+0001   -0.35860906E+0001    0.45209065E+0000         1
 20700   -0.35855039E+0001   -0.35855039E+0001    0.71898512E+0000         1
 20750   -0.35867108E+0001   -0.35867108E+0001    0.56308857E+0000         1
 20800   -0.35858495E+0001   -0.35858495E+0001    0.78934757E+0000         1
 20850   -0.35870466E+0001   -0.35870466E+0001    0.46498459E+0000         1
 20900   -0.35870791E+0001   -0.35870791E+0001    0.49463510E+0000         1
 20950   -0.35869273E+0001   -0.35869273E+0001    0.51835665E+0000         1
 21000   -0.35870939E+0001   -0.35870939E+0001    0.56809300E+0000         1
 21050   -0.35876850E+0001   -0.35876850E+0001    0.34870568E+0000         1
 21100   -0.35878279E+0001   -0.35878279E+0001    0.30418588E+0000         1
 21150   -0.35877612E+0001   -0.35877612E+0001    0.26469508E+0000         1
 21200   -0.35877904E+0001   -0.35877904E+0001    0.43327152E+0000         1
 21250   -0.35873477E+0001   -0.35873477E+0001    0.60108392E+0000         1
 21300   -0.35872548E+0001   -0.35872548E+0001    0.62619070E+0000         1
 21350   -0.35880476E+0001   -0.35880476E+0001    0.37329301E+0000         1
 21400   -0.35879738E+0001   -0.35879738E+0001    0.48782079E+0000         1
 21450   -0.35882495E+0001   -0.35882495E+0001    0.40112793E+0000         1
 21500   -0.35875381E+0001   -0.35875381E+0001    0.59355626E+0000         1
 21550   -0.35879371E+0001   -0.35879371E+0001    0.43769252E+0000         1
 21600   -0.35879339E+0001   -0.35879339E+0001    0.36456925E+0000         1
 21650   -0.35879123E+0001   -0.35879123E+0001    0.51461545E+0000         1
 21700   -0.35878236E+0001   -0.35878236E+0001    0.54844871E+0000         1
 21750   -0.35881079E+0001   -0.35881079E+0001    0.47797412E+0000         1
 21800   -0.35880689E+0001   -0.35880689E+0001    0.49584215E+0000         1
 21850   -0.35875787E+0001   -0.35875787E+0001    0.73725758E+0000         1
 21900   -0.35883495E+0001   -0.35883495E+0001    0.41210976E+0000         1
 21950   -0.35881598E+0001   -0.35881598E+0001    0.57151888E+0000         1
 22000   -0.35877430E+0001   -0.35877430E+0001    0.54134074E+0000         1
 22050   -0.35880594E+0001   -0.35880594E+0001    0.53914572E+0000         1
 22100   -0.35881611E+0001   -0.35881611E+0001    0.40460907E+0000         1
 22150   -0.35878541E+0001   -0.35878541E+0001    0.57350876E+0000         1
 22200   -0.35882639E+0001   -0.35882639E+0001    0.46715512E+0000         1
 22250   -0.35884516E+0001   -0.35884516E+0001    0.41626176E+0000         1
 22300   -0.35885928E+0001   -0.35885928E+0001    0.41998716E+0000         1
 22350   -0.35883050E+0001   -0.35883050E+0001    0.45096826E+0000         1
 22400   -0.35882913E+0001   -0.35882913E+0001    0.46244091E+0000         1
 22450   -0.35884487E+0001   -0.35884487E+0001    0.49300056E+0000         1
 22500   -0.35881730E+0001   -0.35881730E+0001    0.62177046E+0000         1
 22550   -0.35885676E+0001   -0.35885676E+0001    0.54689134E+0000         1
 22600   -0.35887123E+0001   -0.35887123E+0001    0.46146369E+0000         1
 22650   -0.35884334E+0001   -0.35884334E+0001    0.53865451E+0000         1
 22700   -0.35891558E+0001   -0.35891558E+0001    0.44778116E+0000         1
 22750   -0.35892088E+0001   -0.35892088E+0001    0.54170061E+0000         1
 22800   -0.35897947E+0001   -0.35897947E+0001    0.47983559E+0000         1
 22850   -0.35896877E+0001   -0.35896877E+0001    0.51864871E+0000         1
 22900   -0.35894766E+0001   -0.35894766E+0001    0.68241451E+0000         1
 22950   -0.35904759E+0001   -0.35904759E+0001    0.51371249E+0000         1
 23000   -0.35905547E+0001   -0.35905547E+0001    0.41149386E+0000         1
 23050   -0.35902082E+0001   -0.35902082E+0001    0.55823477E+0000         1
 23100   -0.35901906E+0001   -0.35901906E+0001    0.60615089E+0000         1
 23150   -0.35906619E+0001   -0.35906619E+0001    0.52893135E+0000         1
 23200   -0.35907859E+0001   -0.35907859E+0001    0.61042179E+0000         1
 23250   -0.35913518E+0001   -0.35913518E+0001    0.64240908E+0000         1
 23300   -0.35923770E+0001   -0.35923770E+0001    0.43980286E+0000         1
 23350   -0.35915642E+0001   -0.35915642E+0001    0.78188017E+0000         1
 23400   -0.35932807E+0001   -0.35932807E+0001    0.51657406E+0000         1
 23450   -0.35939190E+0001   -0.35939190E+0001    0.51743666E+0000         1
 23500   -0.35939121E+0001   -0.35939121E+0001    0.59070062E+0000         1
 23550   -0.35943755E+0001   -0.35943755E+0001    0.55082983E+0000         1
 23600   -0.35947152E+0001   -0.35947152E+0001    0.43320552E+0000         1
 23650   -0.35945140E+0001   -0.35945140E+0001    0.52410790E+0000         1
 23700   -0.35957796E+0001   -0.35957796E+0001    0.63122636E+0000         1
 23750   -0.35966657E+0001   -0.35966657E+0001    0.55178768E+0000         1
 23800   -0.35966959E+0001   -0.35966959E+0001    0.66555776E+0000         1
 23850   -0.35966155E+0001   -0.35966155E+0001    0.64791055E+0000         1
 23900   -0.35968024E+0001   -0.35968024E+0001    0.58023604E+0000         1
 23950   -0.35980666E+0001   -0.35980666E+0001    0.71370356E+0000         1
 24000   -0.35981375E+0001   -0.35981375E+0001    0.77169183E+0000         1
 24050   -0.35994587E+0001   -0.35994587E+0001    0.74512693E+0000         1
 24100   -0.36000646E+0001   -0.36000646E+0001    0.64413810E+0000         1
 24150   -0.36006941E+0001   -0.36006941E+0001    0.59192013E+0000         1
 24200   -0.36017486E+0001   -0.36017486E+0001    0.55535885E+0000         1
 24250   -0.36028355E+0001   -0.36028355E+0001    0.52246144E+0000         1
 24300   -0.36031898E+0001   -0.36031898E+0001    0.61373688E+0000         1
 24350   -0.36038792E+0001   -0.36038792E+0001    0.63418951E+0000         1
 24400   -0.36038543E+0001   -0.36038543E+0001    0.82383207E+0000         1
 24450   -0.36038118E+0001   -0.36038118E+0001    0.81797710E+0000         1
 24500   -0.36051531E+0001   -0.36051531E+0001    0.74210643E+0000         1
 24550   -0.36065492E+0001   -0.36065492E+0001    0.72828789E+0000         1
 24600   -0.36059691E+0001   -0.36059691E+0001    0.85382171E+0000         1
 24650   -0.36073401E+0001   -0.36073401E+0001    0.79660736E+0000         1
 24700   -0.36080514E+0001   -0.36080514E+0001    0.83923901E+0000         1
 24750   -0.36101258E+0001   -0.36101258E+0001    0.85514208E+0000         1
 24800   -0.36118964E+0001   -0.36118964E+0001    0.83317408E+0000         1
 24850   -0.36142340E+0001   -0.36142340E+0001    0.82095866E+0000         1
 24900   -0.36147108E+0001   -0.36147108E+0001    0.83007586E+0000         1
 24950   -0.36172293E+0001   -0.36172293E+0001    0.89102174E+0000         1
 25000   -0.36189854E+0001   -0.36189854E+0001    0.75986248E+0000         1
 25050   -0.36203951E+0001   -0.36203951E+0001    0.88134803E+0000         1
 25100   -0.36227332E+0001   -0.36227332E+0001    0.90772721E+0000         1
 25150   -0.36254270E+0001   -0.36254270E+0001    0.90193814E+0000         1
 25200   -0.36277359E+0001   -0.36277359E+0001    0.93980613E+0000         1
 25250   -0.36291318E+0001   -0.36291318E+0001    0.88621037E+0000         1
 25300   -0.36322974E+0001   -0.36322974E+0001    0.87936989E+0000         1
 25350   -0.36351275E+0001   -0.36351275E+0001    0.87617500E+0000         1
 25400   -0.36376318E+0001   -0.36376318E+0001    0.88485445E+0000         1
 25450   -0.36421946E+0001   -0.36421946E+0001    0.91035708E+0000         1
 25500   -0.36453238E+0001   -0.36453238E+0001    0.10309475E+0001         1
 25550   -0.36469713E+0001   -0.36469713E+0001    0.96886453E+0000         1
 25600   -0.36506575E+0001   -0.36506575E+0001    0.99130822E+0000         1
 25650   -0.36533175E+0001   -0.36533175E+0001    0.97309232E+0000         1
 25700   -0.36568356E+0001   -0.36568356E+0001    0.10376903E+0001         1
 25750   -0.36579086E+0001   -0.36579086E+0001    0.10232838E+0001         1
 25800   -0.36604193E+0001   -0.36604193E+0001    0.10546536E+0001         1
 25850   -0.36622092E+0001   -0.36622092E+0001    0.10901162E+0001         1
 25900   -0.36652948E+0001   -0.36652948E+0001    0.95980757E+0000         1
 25950   -0.36679483E+0001   -0.36679483E+0001    0.93996422E+0000         1
 26000   -0.36704715E+0001   -0.36704715E+0001    0.91564128E+0000         1
 26050   -0.36728390E+0001   -0.36728390E+0001    0.10300083E+0001         1
 26100   -0.36747288E+0001   -0.36747288E+0001    0.93500465E+0000         1
 26150   -0.36780748E+0001   -0.36780748E+0001    0.91811768E+0000         1
 26200   -0.36789988E+0001   -0.36789988E+0001    0.10088966E+0001         1
 26250   -0.36803945E+0001   -0.36803945E+0001    0.11272113E+0001         1
 26300   -0.36822869E+0001   -0.36822869E+0001    0.11646757E+0001         1
 26350   -0.36851166E+0001   -0.36851166E+0001    0.93750402E+0000         1
 26400   -0.36870606E+0001   -0.36870606E+0001    0.76779450E+0000         1
 26450   -0.36887132E+0001   -0.36887132E+0001    0.85065256E+0000         1
 26500   -0.36915037E+0001   -0.36915037E+0001    0.74118575E+0000         1
 26550   -0.36930329E+0001   -0.36930329E+0001    0.82902551E+0000         1
 26600   -0.36935661E+0001   -0.36935661E+0001    0.75623507E+0000         1
 26650   -0.36937762E+0001   -0.36937762E+0001    0.90483798E+0000         1
 26700   -0.36955122E+0001   -0.36955122E+0001    0.80983167E+0000         1
 26750   -0.36980157E+0001   -0.36980157E+0001    0.75824401E+0000         1
 26800   -0.36995564E+0001   -0.36995564E+0001    0.74971856E+0000         1
 26850   -0.37004407E+0001   -0.37004407E+0001    0.69764578E+0000         1
 26900   -0.37013069E+0001   -0.37013069E+0001    0.69535197E+0000         1
 26950   -0.37025028E+0001   -0.37025028E+0001    0.71429702E+0000         1
 27000   -0.37023524E+0001   -0.37023524E+0001    0.74281073E+0000         1
 27050   -0.37037005E+0001   -0.37037005E+0001    0.84964563E+0000         1
 27100   -0.37045864E+0001   -0.37045864E+0001    0.66108318E+0000         1
 27150   -0.37057528E+0001   -0.37057528E+0001    0.64314825E+0000         1
 27200   -0.37069537E+0001   -0.37069537E+0001    0.69036137E+0000         1
 27250   -0.37078736E+0001   -0.37078736E+0001    0.64222945E+0000         1
 27300   -0.37090624E+0001   -0.37090624E+0001    0.61353694E+0000         1
 27350   -0.37099908E+0001   -0.37099908E+0001    0.60232180E+0000         1
 27400   -0.37102539E+0001   -0.37102539E+0001    0.71412795E+0000         1
 27450   -0.37106818E+0001   -0.37106818E+0001    0.76537387E+0000         1
 27500   -0.37118621E+0001   -0.37118621E+0001    0.57532406E+0000         1
 27550   -0.37130293E+0001   -0.37130293E+0001    0.59463999E+0000         1
 27600   -0.37134376E+0001   -0.37134376E+0001    0.63094386E+0000         1
 27650   -0.37142882E+0001   -0.37142882E+0001    0.66298616E+0000         1
 27700   -0.37140631E+0001   -0.37140631E+0001    0.76435567E+0000         1
 27750   -0.37155770E+0001   -0.37155770E+0001    0.56907907E+0000         1
 27800   -0.37157759E+0001   -0.37157759E+0001    0.69222934E+0000         1
 27850   -0.37159728E+0001   -0.37159728E+0001    0.80433002E+0000         1
 27900   -0.37167390E+0001   -0.37167390E+0001    0.59710067E+0000         1
 27950   -0.37169002E+0001   -0.37169002E+0001    0.64568106E+0000         1
 28000   -0.37173343E+0001   -0.37173343E+0001    0.61495388E+0000         1
 28050   -0.37177489E+0001   -0.37177489E+0001    0.54317558E+0000         1
 28100   -0.37177827E+0001   -0.37177827E+0001    0.56070437E+0000         1
 28150   -0.37180108E+0001   -0.37180108E+0001    0.51961101E+0000         1
 28200   -0.37180035E+0001   -0.37180035E+0001    0.60914561E+0000         1
 28250   -0.37182805E+0001   -0.37182805E+0001    0.64725936E+0000         1
 28300   -0.37184001E+0001   -0.37184001E+0001    0.64639034E+0000         1
 28350   -0.37181357E+0001   -0.37181357E+0001    0.67307722E+0000         1
 28400   -0.37188807E+0001   -0.37188807E+0001    0.38613779E+0000         1
 28450   -0.37187040E+0001   -0.37187040E+0001    0.50640319E+0000         1
 28500   -0.37185714E+0001   -0.37185714E+0001    0.68114717E+0000         1
 28550   -0.37182866E+0001   -0.37182866E+0001    0.65183686E+0000         1
 28600   -0.37184475E+0001   -0.37184475E+0001    0.58992354E+0000         1
 28650   -0.37182499E+0001   -0.37182499E+0001    0.51820214E+0000         1
 28700   -0.37186873E+0001   -0.37186873E+0001    0.42470157E+0000         1
 28750   -0.37189301E+0001   -0.37189301E+0001    0.49944554E+0000         1
 28800   -0.37196680E+0001   -0.37196680E+0001    0.54336998E+0000         1
 28850   -0.37199793E+0001   -0.37199793E+0001    0.59352513E+0000         1
 28900   -0.37197461E+0001   -0.37197461E+0001    0.59570037E+0000         1
 28950   -0.37202384E+0001   -0.37202384E+0001    0.54939085E+0000         1
 29000   -0.37207931E+0001   -0.37207931E+0001    0.36547518E+0000         1
 29050   -0.37201798E+0001   -0.37201798E+0001    0.50499477E+0000         1
 29100   -0.37204592E+0001   -0.37204592E+0001    0.53708864E+0000         1
 29150   -0.37205549E+0001   -0.37205549E+0001    0.66582154E+0000         1
 29200   -0.37203616E+0001   -0.37203616E+0001    0.63107876E+0000         1
 29250   -0.37205296E+0001   -0.37205296E+0001    0.57548507E+0000         1
 29300   -0.37204346E+0001   -0.37204346E+0001    0.60301573E+0000         1
 29350   -0.37210795E+0001   -0.37210795E+0001    0.47566766E+0000         1
 29400   -0.37217256E+0001   -0.37217256E+0001    0.32256727E+0000         1
 29450   -0.37217840E+0001   -0.37217840E+0001    0.33127390E+0000         1
 29500   -0.37212169E+0001   -0.37212169E+0001    0.58104870E+0000         1
 29550   -0.37215671E+0001   -0.37215671E+0001    0.42944534E+0000         1
 29600   -0.37214688E+0001   -0.37214688E+0001    0.44542818E+0000         1
 29650   -0.37212664E+0001   -0.37212664E+0001    0.50380812E+0000         1
 29700   -0.37207635E+0001   -0.37207635E+0001    0.60541190E+0000         1
 29750   -0.37209304E+0001   -0.37209304E+0001    0.54054008E+0000         1
 29800   -0.37211904E+0001   -0.37211904E+0001    0.50524339E+0000         1
 29850   -0.37212386E+0001   -0.37212386E+0001    0.48936696E+0000         1
 29900   -0.37213259E+0001   -0.37213259E+0001    0.53149070E+0000         1
 29950   -0.37213595E+0001   -0.37213595E+0001    0.41617034E+0000         1
 30000   -0.37208860E+0001   -0.37208860E+0001    0.43823457E+0000         1
 30050   -0.37207968E+0001   -0.37207968E+0001    0.47984306E+0000         1
 30100   -0.37200136E+0001   -0.37200136E+0001    0.70212045E+0000         1
 30150   -0.37207746E+0001   -0.37207746E+0001    0.53816472E+0000         1
 30200   -0.37210080E+0001   -0.37210080E+0001    0.43245150E+0000         1
 30250   -0.37206540E+0001   -0.37206540E+0001    0.61218941E+0000         1
 30300   -0.37207924E+0001   -0.37207924E+0001    0.63849627E+0000         1
 30350   -0.37219820E+0001   -0.37219820E+0001    0.29889877E+0000         1
 30400   -0.37216110E+0001   -0.37216110E+0001    0.43991264E+0000         1
 30450   -0.37218613E+0001   -0.37218613E+0001    0.32237109E+0000         1
 30500   -0.37216328E+0001   -0.37216328E+0001    0.51183975E+0000         1
 30550   -0.37213081E+0001   -0.37213081E+0001    0.57749020E+0000         1
 30600   -0.37212758E+0001   -0.37212758E+0001    0.55102062E+0000         1
 30650   -0.37215178E+0001   -0.37215178E+0001    0.47030376E+0000         1
 30700   -0.37218409E+0001   -0.37218409E+0001    0.25290565E+0000         1
 30750   -0.37219859E+0001   -0.37219859E+0001    0.31887398E+0000         1
 30800   -0.37219717E+0001   -0.37219717E+0001    0.31889255E+0000         1
 30850   -0.37217432E+0001   -0.37217432E+0001    0.40316734E+0000         1
 30900   -0.37215688E+0001   -0.37215688E+0001    0.39490047E+0000         1
 30950   -0.37210365E+0001   -0.37210365E+0001    0.55713307E+0000         1
 31000   -0.37215564E+0001   -0.37215564E+0001    0.40729515E+0000         1
 31050   -0.37215069E+0001   -0.37215069E+0001    0.42644901E+0000         1
 31100   -0.37216899E+0001   -0.37216899E+0001    0.41107892E+0000         1
 31150   -0.37217303E+0001   -0.37217303E+0001    0.43114195E+0000         1
 31200   -0.37212767E+0001   -0.37212767E+0001    0.51114885E+0000         1
 31250   -0.37209691E+0001   -0.37209691E+0001    0.64379248E+0000         1
 31300   -0.37204304E+0001   -0.37204304E+0001    0.82095411E+0000         1
 31350   -0.37209430E+0001   -0.37209430E+0001    0.60813254E+0000         1
 31400   -0.37216719E+0001   -0.37216719E+0001    0.44650593E+0000         1
 31450   -0.37219140E+0001   -0.37219140E+0001    0.30485635E+0000         1
 31500   -0.37211479E+0001   -0.37211479E+0001    0.50589649E+0000         1
 31550   -0.37210221E+0001   -0.37210221E+0001    0.58406612E+0000         1
 31600   -0.37212713E+0001   -0.37212713E+0001    0.56440474E+0000         1
 31650   -0.37212331E+0001   -0.37212331E+0001    0.56204763E+0000         1
 31700   -0.37215428E+0001   -0.37215428E+0001    0.52560014E+0000         1
 31750   -0.37217432E+0001   -0.37217432E+0001    0.43192074E+0000         1
 31800   -0.37218142E+0001   -0.37218142E+0001    0.35873489E+0000         1
 31850   -0.37211531E+0001   -0.37211531E+0001    0.52676159E+0000         1
 31900   -0.37215302E+0001   -0.37215302E+0001    0.44339549E+0000         1
 31950   -0.37215797E+0001   -0.37215797E+0001    0.45079297E+0000         1
 32000   -0.37217086E+0001   -0.37217086E+0001    0.38631079E+0000         1
 32050   -0.37217742E+0001   -0.37217742E+0001    0.44578254E+0000         1
 32100   -0.37215041E+0001   -0.37215041E+0001    0.50008851E+0000         1
 32150   -0.37217904E+0001   -0.37217904E+0001    0.33601658E+0000         1
 32200   -0.37211110E+0001   -0.37211110E+0001    0.50080847E+0000         1
 32250   -0.37209902E+0001   -0.37209902E+0001    0.51599044E+0000         1
 32300   -0.37212806E+0001   -0.37212806E+0001    0.44529144E+0000         1
 32350   -0.37215330E+0001   -0.37215330E+0001    0.37969133E+0000         1
 32400   -0.37214833E+0001   -0.37214833E+0001    0.36763985E+0000         1
 32450   -0.37213320E+0001   -0.37213320E+0001    0.36938680E+0000         1
 32500   -0.37212667E+0001   -0.37212667E+0001    0.37504468E+0000         1
 32550   -0.37209411E+0001   -0.37209411E+0001    0.56200399E+0000         1
 32600   -0.37214161E+0001   -0.37214161E+0001    0.37472338E+0000         1
 32650   -0.37213535E+0001   -0.37213535E+0001    0.47825368E+0000         1
 32700   -0.37214874E+0001   -0.37214874E+0001    0.36444589E+0000         1
 32750   -0.37213966E+0001   -0.37213966E+0001    0.44062221E+0000         1
 32800   -0.37212220E+0001   -0.37212220E+0001    0.61656488E+0000         1
 32850   -0.37215825E+0001   -0.37215825E+0001    0.43434575E+0000         1
 32900   -0.37217241E+0001   -0.37217241E+0001    0.37525658E+0000         1
 32950   -0.37213917E+0001   -0.37213917E+0001    0.50997128E+0000         1
 33000   -0.37215448E+0001   -0.37215448E+0001    0.46910591E+0000         1
 33050   -0.37219394E+0001   -0.37219394E+0001    0.34913757E+0000         1
 33100   -0.37218276E+0001   -0.37218276E+0001    0.41175113E+0000         1
 33150   -0.37218165E+0001   -0.37218165E+0001    0.38777725E+0000         1
 33200   -0.37220323E+0001   -0.37220323E+0001    0.31217761E+0000         1
 33250   -0.37216234E+0001   -0.37216234E+0001    0.41860633E+0000         1
 33300   -0.37217415E+0001   -0.37217415E+0001    0.36747614E+0000         1
 33350   -0.37216770E+0001   -0.37216770E+0001    0.40615200E+0000         1
 33400   -0.37208518E+0001   -0.37208518E+0001    0.62256956E+0000         1
 33450   -0.37211045E+0001   -0.37211045E+0001    0.50835365E+0000         1
 33500   -0.37214170E+0001   -0.37214170E+0001    0.45777732E+0000         1
 33550   -0.37213729E+0001   -0.37213729E+0001    0.54798986E+0000         1
 33600   -0.37216983E+0001   -0.37216983E+0001    0.39118317E+0000         1
 33650   -0.37217285E+0001   -0.37217285E+0001    0.39068014E+0000         1
 33700   -0.37218314E+0001   -0.37218314E+0001    0.30491267E+0000         1
 33750   -0.37218788E+0001   -0.37218788E+0001    0.28727921E+0000         1
 33800   -0.37213327E+0001   -0.37213327E+0001    0.51880698E+0000         1
 33850   -0.37214775E+0001   -0.37214775E+0001    0.51938535E+0000         1
 33900   -0.37216555E+0001   -0.37216555E+0001    0.40171275E+0000         1
 33950   -0.37215406E+0001   -0.37215406E+0001    0.43282050E+0000         1
 34000   -0.37213599E+0001   -0.37213599E+0001    0.59574474E+0000         1
 34050   -0.37216931E+0001   -0.37216931E+0001    0.37601497E+0000         1
 34100   -0.37217307E+0001   -0.37217307E+0001    0.31435839E+0000         1
 34150   -0.37217443E+0001   -0.37217443E+0001    0.34334720E+0000         1
 34200   -0.37210642E+0001   -0.37210642E+0001    0.59170449E+0000         1
 34250   -0.37214185E+0001   -0.37214185E+0001    0.45077951E+0000         1
 34300   -0.37205326E+0001   -0.37205326E+0001    0.75508212E+0000         1
 34350   -0.37211682E+0001   -0.37211682E+0001    0.58383808E+0000         1
 34400   -0.37212490E+0001   -0.37212490E+0001    0.57056599E+0000         1
 34450   -0.37213954E+0001   -0.37213954E+0001    0.41816872E+0000         1
 34500   -0.37212908E+0001   -0.37212908E+0001    0.43393720E+0000         1
 34550   -0.37211916E+0001   -0.37211916E+0001    0.51561240E+0000         1
 34600   -0.37214739E+0001   -0.37214739E+0001    0.48517248E+0000         1
 34650   -0.37213251E+0001   -0.37213251E+0001    0.43961434E+0000         1
 34700   -0.37215335E+0001   -0.37215335E+0001    0.43505425E+0000         1
 34750   -0.37214125E+0001   -0.37214125E+0001    0.48619339E+0000         1
 34800   -0.37210798E+0001   -0.37210798E+0001    0.57588334E+0000         1
 34850   -0.37206086E+0001   -0.37206086E+0001    0.69974282E+0000         1
 34900   -0.37214936E+0001   -0.37214936E+0001    0.47942732E+0000         1
 34950   -0.37213884E+0001   -0.37213884E+0001    0.52483535E+0000         1
 35000   -0.37216405E+0001   -0.37216405E+0001    0.44179869E+0000         1
 35050   -0.37205457E+0001   -0.37205457E+0001    0.75096406E+0000         1
 35100   -0.37212801E+0001   -0.37212801E+0001    0.46223259E+0000         1
 35150   -0.37214110E+0001   -0.37214110E+0001    0.44117189E+0000         1
 35200   -0.37210508E+0001   -0.37210508E+0001    0.51763218E+0000         1
 35250   -0.37212666E+0001   -0.37212666E+0001    0.41037019E+0000         1
 35300   -0.37214490E+0001   -0.37214490E+0001    0.32816836E+0000         1
 35350   -0.37214933E+0001   -0.37214933E+0001    0.40552542E+0000         1
 35400   -0.37212383E+0001   -0.37212383E+0001    0.38286488E+0000         1
 35450   -0.37212586E+0001   -0.37212586E+0001    0.60807693E+0000         1
 35500   -0.37215963E+0001   -0.37215963E+0001    0.47931484E+0000         1
 35550   -0.37215841E+0001   -0.37215841E+0001    0.39701014E+0000         1
 35600   -0.37213501E+0001   -0.37213501E+0001    0.53348465E+0000         1
 35650   -0.37212900E+0001   -0.37212900E+0001    0.54212616E+0000         1
 35700   -0.37208335E+0001   -0.37208335E+0001    0.70391703E+0000         1
 35750   -0.37205680E+0001   -0.37205680E+0001    0.81703150E+0000         1
 35800   -0.37212875E+0001   -0.37212875E+0001    0.45056432E+0000         1
 35850   -0.37209065E+0001   -0.37209065E+0001    0.56850709E+0000         1
 35900   -0.37208870E+0001   -0.37208870E+0001    0.52501978E+0000         1
 35950   -0.37207438E+0001   -0.37207438E+0001    0.79262618E+0000         1
 36000   -0.37206626E+0001   -0.37206626E+0001    0.64969276E+0000         1
 36050   -0.37209616E+0001   -0.37209616E+0001    0.57632766E+0000         1
 36100   -0.37210594E+0001   -0.37210594E+0001    0.55676014E+0000         1
 36150   -0.37205992E+0001   -0.37205992E+0001    0.73066103E+0000         1
 36200   -0.37209105E+0001   -0.37209105E+0001    0.52800898E+0000         1
 36250   -0.37213086E+0001   -0.37213086E+0001    0.49483090E+0000         1
 36300   -0.37217534E+0001   -0.37217534E+0001    0.30014858E+0000         1
 36350   -0.37219019E+0001   -0.37219019E+0001    0.26862853E+0000         1
 36400   -0.37216306E+0001   -0.37216306E+0001    0.46088294E+0000         1
 36450   -0.37216972E+0001   -0.37216972E+0001    0.38497088E+0000         1
 36500   -0.37218359E+0001   -0.37218359E+0001    0.29688291E+0000         1
 36550   -0.37218943E+0001   -0.37218943E+0001    0.26607977E+0000         1
 36600   -0.37219163E+0001   -0.37219163E+0001    0.36087213E+0000         1
 36650   -0.37215189E+0001   -0.37215189E+0001    0.47316882E+0000         1
 36700   -0.37213146E+0001   -0.37213146E+0001    0.46136009E+0000         1
 36750   -0.37207762E+0001   -0.37207762E+0001    0.58656159E+0000         1
 36800   -0.37208547E+0001   -0.37208547E+0001    0.63156948E+0000         1
 36850   -0.37211277E+0001   -0.37211277E+0001    0.57608998E+0000         1
 36900   -0.37204890E+0001   -0.37204890E+0001    0.62515361E+0000         1
 36950   -0.37214170E+0001   -0.37214170E+0001    0.49852662E+0000         1
 37000   -0.37217695E+0001   -0.37217695E+0001    0.34139283E+0000         1
 37050   -0.37216829E+0001   -0.37216829E+0001    0.40326297E+0000         1
 37100   -0.37210591E+0001   -0.37210591E+0001    0.62500422E+0000         1
 37150   -0.37214045E+0001   -0.37214045E+0001    0.52409168E+0000         1
 37200   -0.37213708E+0001   -0.37213708E+0001    0.50261918E+0000         1
 37250   -0.37217208E+0001   -0.37217208E+0001    0.42835920E+0000         1
 37300   -0.37216761E+0001   -0.37216761E+0001    0.45209336E+0000         1
 37350   -0.37209349E+0001   -0.37209349E+0001    0.66048206E+0000         1
 37400   -0.37210453E+0001   -0.37210453E+0001    0.56100301E+0000         1
 37450   -0.37211354E+0001   -0.37211354E+0001    0.41145782E+0000         1
 37500   -0.37210887E+0001   -0.37210887E+0001    0.52533370E+0000         1
 37550   -0.37210591E+0001   -0.37210591E+0001    0.49978895E+0000         1
 37600   -0.37211357E+0001   -0.37211357E+0001    0.49739584E+0000         1
 37650   -0.37212718E+0001   -0.37212718E+0001    0.58001133E+0000         1
 37700   -0.37216601E+0001   -0.37216601E+0001    0.36618932E+0000         1
 37750   -0.37211027E+0001   -0.37211027E+0001    0.59906387E+0000         1
 37800   -0.37216055E+0001   -0.37216055E+0001    0.38716003E+0000         1
 37850   -0.37215407E+0001   -0.37215407E+0001    0.38990039E+0000         1
 37900   -0.37212028E+0001   -0.37212028E+0001    0.52629317E+0000         1
 37950   -0.37210959E+0001   -0.37210959E+0001    0.52970747E+0000         1
 38000   -0.37212532E+0001   -0.37212532E+0001    0.50884484E+0000         1
 38050   -0.37211457E+0001   -0.37211457E+0001    0.52299710E+0000         1
 38100   -0.37215978E+0001   -0.37215978E+0001    0.42333022E+0000         1
 38150   -0.37216697E+0001   -0.37216697E+0001    0.36645217E+0000         1
 38200   -0.37212264E+0001   -0.37212264E+0001    0.49274449E+0000         1
 38250   -0.37212149E+0001   -0.37212149E+0001    0.50018246E+0000         1
 38300   -0.37210702E+0001   -0.37210702E+0001    0.54440999E+0000         1
 38350   -0.37213406E+0001   -0.37213406E+0001    0.42410424E+0000         1
 38400   -0.37214655E+0001   -0.37214655E+0001    0.41708423E+0000         1
 38450   -0.37212575E+0001   -0.37212575E+0001    0.44681768E+0000         1
 38500   -0.37214593E+0001   -0.37214593E+0001    0.46426638E+0000         1
 38550   -0.37215852E+0001   -0.37215852E+0001    0.40338554E+0000         1
 38600   -0.37213945E+0001   -0.37213945E+0001    0.46533069E+0000         1
 38650   -0.37213184E+0001   -0.37213184E+0001    0.41982644E+0000         1
 38700   -0.37208443E+0001   -0.37208443E+0001    0.62511337E+0000         1
 38750   -0.37216178E+0001   -0.37216178E+0001    0.36979710E+0000         1
 38800   -0.37216257E+0001   -0.37216257E+0001    0.38154284E+0000         1
 38850   -0.37211175E+0001   -0.37211175E+0001    0.57474983E+0000         1
 38900   -0.37214006E+0001   -0.37214006E+0001    0.51872260E+0000         1
 38950   -0.37209924E+0001   -0.37209924E+0001    0.53257050E+0000         1
 39000   -0.37211776E+0001   -0.37211776E+0001    0.49834042E+0000         1
 39050   -0.37203400E+0001   -0.37203400E+0001    0.66534000E+0000         1
 39100   -0.37202809E+0001   -0.37202809E+0001    0.63852980E+0000         1
 39150   -0.37206080E+0001   -0.37206080E+0001    0.60736621E+0000         1
 39200   -0.37199466E+0001   -0.37199466E+0001    0.77222150E+0000         1
 39250   -0.37209574E+0001   -0.37209574E+0001    0.50643647E+0000         1
 39300   -0.37211977E+0001   -0.37211977E+0001    0.37945871E+0000         1
 39350   -0.37208319E+0001   -0.37208319E+0001    0.58660667E+0000         1
 39400   -0.37211732E+0001   -0.37211732E+0001    0.46549081E+0000         1
 39450   -0.37213152E+0001   -0.37213152E+0001    0.47430532E+0000         1
 39500   -0.37206641E+0001   -0.37206641E+0001    0.73860333E+0000         1
 39550   -0.37207046E+0001   -0.37207046E+0001    0.52455054E+0000         1
 39600   -0.37206883E+0001   -0.37206883E+0001    0.56963110E+0000         1
 39650   -0.37205609E+0001   -0.37205609E+0001    0.60024646E+0000         1
 39700   -0.37204606E+0001   -0.37204606E+0001    0.61311522E+0000         1
 39750   -0.37202940E+0001   -0.37202940E+0001    0.69860041E+0000         1
 39800   -0.37209480E+0001   -0.37209480E+0001    0.49999741E+0000         1
 39850   -0.37212791E+0001   -0.37212791E+0001    0.50531049E+0000         1
 39900   -0.37211388E+0001   -0.37211388E+0001    0.51399368E+0000         1
 39950   -0.37207486E+0001   -0.37207486E+0001    0.69184228E+0000         1
 40000   -0.37211751E+0001   -0.37211751E+0001    0.43099991E+0000         1
 40050   -0.37213460E+0001   -0.37213460E+0001    0.46922166E+0000         1
 40100   -0.37210563E+0001   -0.37210563E+0001    0.56768469E+0000         1
 40150   -0.37209357E+0001   -0.37209357E+0001    0.47154324E+0000         1
 40200   -0.37207837E+0001   -0.37207837E+0001    0.55552442E+0000         1
 40250   -0.37207759E+0001   -0.37207759E+0001    0.51505610E+0000         1
 40300   -0.37210236E+0001   -0.37210236E+0001    0.54066615E+0000         1
 40350   -0.37210338E+0001   -0.37210338E+0001    0.51066739E+0000         1
 40400   -0.37214474E+0001   -0.37214474E+0001    0.40512251E+0000         1
 40450   -0.37213709E+0001   -0.37213709E+0001    0.42810040E+0000         1
 40500   -0.37213913E+0001   -0.37213913E+0001    0.39519260E+0000         1
 40550   -0.37211310E+0001   -0.37211310E+0001    0.49138263E+0000         1
 40600   -0.37215381E+0001   -0.37215381E+0001    0.33052563E+0000         1
 40650   -0.37212225E+0001   -0.37212225E+0001    0.43822592E+0000         1
 40700   -0.37211684E+0001   -0.37211684E+0001    0.52738989E+0000         1
 40750   -0.37211712E+0001   -0.37211712E+0001    0.59541464E+0000         1
 40800   -0.37213637E+0001   -0.37213637E+0001    0.46844525E+0000         1
 40850   -0.37204735E+0001   -0.37204735E+0001    0.60225387E+0000         1
 40900   -0.37202715E+0001   -0.37202715E+0001    0.64334460E+0000         1
 40950   -0.37215190E+0001   -0.37215190E+0001    0.38408032E+0000         1
 41000   -0.37213587E+0001   -0.37213587E+0001    0.46129003E+0000         1
 41050   -0.37209037E+0001   -0.37209037E+0001    0.51006804E+0000         1
 41100   -0.37209768E+0001   -0.37209768E+0001    0.49577811E+0000         1
 41150   -0.37211903E+0001   -0.37211903E+0001    0.47060201E+0000         1
 41200   -0.37214720E+0001   -0.37214720E+0001    0.35988263E+0000         1
 41250   -0.37216851E+0001   -0.37216851E+0001    0.35761342E+0000         1
 41300   -0.37215068E+0001   -0.37215068E+0001    0.41146350E+0000         1
 41350   -0.37211651E+0001   -0.37211651E+0001    0.56094331E+0000         1
 41400   -0.37213783E+0001   -0.37213783E+0001    0.48654140E+0000         1
 41450   -0.37211664E+0001   -0.37211664E+0001    0.44313255E+0000         1
 41500   -0.37206947E+0001   -0.37206947E+0001    0.55074101E+0000         1
 41550   -0.37205544E+0001   -0.37205544E+0001    0.60571165E+0000         1
 41600   -0.37210901E+0001   -0.37210901E+0001    0.42699500E+0000         1
 41650   -0.37211994E+0001   -0.37211994E+0001    0.55615371E+0000         1
 41700   -0.37214935E+0001   -0.37214935E+0001    0.33332599E+0000         1
 41750   -0.37209810E+0001   -0.37209810E+0001    0.51905516E+0000         1
 41800   -0.37212188E+0001   -0.37212188E+0001    0.42484432E+0000         1
 41850   -0.37204303E+0001   -0.37204303E+0001    0.74231075E+0000         1
 41900   -0.37214124E+0001   -0.37214124E+0001    0.44483589E+0000         1
 41950   -0.37206447E+0001   -0.37206447E+0001    0.68044628E+0000         1
 42000   -0.37209409E+0001   -0.37209409E+0001    0.55892896E+0000         1
 42050   -0.37208107E+0001   -0.37208107E+0001    0.58614100E+0000         1
 42100   -0.37210007E+0001   -0.37210007E+0001    0.55915158E+0000         1
 42150   -0.37215475E+0001   -0.37215475E+0001    0.32446686E+0000         1
 42200   -0.37213449E+0001   -0.37213449E+0001    0.40555305E+0000         1
 42250   -0.37211974E+0001   -0.37211974E+0001    0.49815711E+0000         1
 42300   -0.37213016E+0001   -0.37213016E+0001    0.40597103E+0000         1
 42350   -0.37213690E+0001   -0.37213690E+0001    0.42265498E+0000         1
 42400   -0.37205327E+0001   -0.37205327E+0001    0.73499118E+0000         1
 42450   -0.37210709E+0001   -0.37210709E+0001    0.57815917E+0000         1
 42500   -0.37213745E+0001   -0.37213745E+0001    0.42886939E+0000         1
 42550   -0.37213874E+0001   -0.37213874E+0001    0.44506615E+0000         1
 42600   -0.37209654E+0001   -0.37209654E+0001    0.43678951E+0000         1
 42650   -0.37211720E+0001   -0.37211720E+0001    0.52576494E+0000         1
 42700   -0.37212269E+0001   -0.37212269E+0001    0.45121236E+0000         1
 42750   -0.37212704E+0001   -0.37212704E+0001    0.48209331E+0000         1
 42800   -0.37213927E+0001   -0.37213927E+0001    0.54327679E+0000         1
 42850   -0.37209821E+0001   -0.37209821E+0001    0.64810570E+0000         1
 42900   -0.37212786E+0001   -0.37212786E+0001    0.46428102E+0000         1
 42950   -0.37215150E+0001   -0.37215150E+0001    0.41311296E+0000         1
 43000   -0.37215458E+0001   -0.37215458E+0001    0.45409692E+0000         1
 43050   -0.37215273E+0001   -0.37215273E+0001    0.41598416E+0000         1
 43100   -0.37213673E+0001   -0.37213673E+0001    0.50269600E+0000         1
 43150   -0.37215139E+0001   -0.37215139E+0001    0.47041690E+0000         1
 43200   -0.37213244E+0001   -0.37213244E+0001    0.51045744E+0000         1
 43250   -0.37207724E+0001   -0.37207724E+0001    0.81036144E+0000         1
 43300   -0.37209014E+0001   -0.37209014E+0001    0.64840661E+0000         1
 43350   -0.37209976E+0001   -0.37209976E+0001    0.60749707E+0000         1
 43400   -0.37219411E+0001   -0.37219411E+0001    0.28440571E+0000         1
 43450   -0.37217915E+0001   -0.37217915E+0001    0.36417078E+0000         1
 43500   -0.37214263E+0001   -0.37214263E+0001    0.56758480E+0000         1
 43550   -0.37216953E+0001   -0.37216953E+0001    0.37312889E+0000         1
 43600   -0.37210656E+0001   -0.37210656E+0001    0.52901745E+0000         1
 43650   -0.37210422E+0001   -0.37210422E+0001    0.59033505E+0000         1
 43700   -0.37209233E+0001   -0.37209233E+0001    0.59369190E+0000         1
 43750   -0.37203453E+0001   -0.37203453E+0001    0.81331767E+0000         1
 43800   -0.37203301E+0001   -0.37203301E+0001    0.75441024E+0000         1
 43850   -0.37207843E+0001   -0.37207843E+0001    0.60902011E+0000         1
 43900   -0.37209940E+0001   -0.37209940E+0001    0.55593834E+0000         1
 43950   -0.37216076E+0001   -0.37216076E+0001    0.43898221E+0000         1
 44000   -0.37211877E+0001   -0.37211877E+0001    0.59909002E+0000         1
 44050   -0.37212635E+0001   -0.37212635E+0001    0.54507747E+0000         1
 44100   -0.37207231E+0001   -0.37207231E+0001    0.60192999E+0000         1
 44150   -0.37213369E+0001   -0.37213369E+0001    0.40401313E+0000         1
 44200   -0.37208931E+0001   -0.37208931E+0001    0.53102502E+0000         1
 44250   -0.37213918E+0001   -0.37213918E+0001    0.51929886E+0000         1
 44300   -0.37214297E+0001   -0.37214297E+0001    0.57195407E+0000         1
 44350   -0.37213344E+0001   -0.37213344E+0001    0.50895149E+0000         1
 44400   -0.37217688E+0001   -0.37217688E+0001    0.35197649E+0000         1
 44450   -0.37215350E+0001   -0.37215350E+0001    0.47139857E+0000         1
 44500   -0.37209261E+0001   -0.37209261E+0001    0.55192893E+0000         1
 44550   -0.37213016E+0001   -0.37213016E+0001    0.51565773E+0000         1
 44600   -0.37208003E+0001   -0.37208003E+0001    0.61027505E+0000         1
 44650   -0.37213035E+0001   -0.37213035E+0001    0.32586168E+0000         1
 44700   -0.37209613E+0001   -0.37209613E+0001    0.43690156E+0000         1
 44750   -0.37206166E+0001   -0.37206166E+0001    0.41590913E+0000         1
 44800   -0.37206064E+0001   -0.37206064E+0001    0.46209433E+0000         1
 44850   -0.37205558E+0001   -0.37205558E+0001    0.52084125E+0000         1
 44900   -0.37210969E+0001   -0.37210969E+0001    0.35921819E+0000         1
 44950   -0.37208379E+0001   -0.37208379E+0001    0.43712798E+0000         1
 45000   -0.37203448E+0001   -0.37203448E+0001    0.59349056E+0000         1
 45050   -0.37205688E+0001   -0.37205688E+0001    0.56503348E+0000         1
 45100   -0.37210851E+0001   -0.37210851E+0001    0.36075473E+0000         1
 45150   -0.37205879E+0001   -0.37205879E+0001    0.54256658E+0000         1
 45200   -0.37206547E+0001   -0.37206547E+0001    0.59743618E+0000         1
 45250   -0.37210732E+0001   -0.37210732E+0001    0.44758863E+0000         1
 45300   -0.37207077E+0001   -0.37207077E+0001    0.49323499E+0000         1
 45350   -0.37205923E+0001   -0.37205923E+0001    0.50860623E+0000         1
 45400   -0.37204943E+0001   -0.37204943E+0001    0.59362635E+0000         1
 45450   -0.37210479E+0001   -0.37210479E+0001    0.47641287E+0000         1
 45500   -0.37206469E+0001   -0.37206469E+0001    0.60292473E+0000         1
 45550   -0.37201737E+0001   -0.37201737E+0001    0.70681460E+0000         1
 45600   -0.37207784E+0001   -0.37207784E+0001    0.57464766E+0000         1
 45650   -0.37207191E+0001   -0.37207191E+0001    0.53129692E+0000         1
 45700   -0.37211119E+0001   -0.37211119E+0001    0.41493903E+0000         1
 45750   -0.37210470E+0001   -0.37210470E+0001    0.44507869E+0000         1
 45800   -0.37214218E+0001   -0.37214218E+0001    0.36448043E+0000         1
 45850   -0.37204886E+0001   -0.37204886E+0001    0.63967227E+0000         1
 45900   -0.37207418E+0001   -0.37207418E+0001    0.64549105E+0000         1
 45950   -0.37212981E+0001   -0.37212981E+0001    0.39918660E+0000         1
 46000   -0.37213480E+0001   -0.37213480E+0001    0.45554906E+0000         1
 46050   -0.37214377E+0001   -0.37214377E+0001    0.46559887E+0000         1
 46100   -0.37215748E+0001   -0.37215748E+0001    0.41477192E+0000         1
 46150   -0.37210638E+0001   -0.37210638E+0001    0.59544614E+0000         1
 46200   -0.37212999E+0001   -0.37212999E+0001    0.57233191E+0000         1
 46250   -0.37215836E+0001   -0.37215836E+0001    0.39856576E+0000         1
 46300   -0.37218504E+0001   -0.37218504E+0001    0.36721512E+0000         1
 46350   -0.37217387E+0001   -0.37217387E+0001    0.43354878E+0000         1
 46400   -0.37212919E+0001   -0.37212919E+0001    0.57517306E+0000         1
 46450   -0.37210352E+0001   -0.37210352E+0001    0.66001548E+0000         1
 46500   -0.37215801E+0001   -0.37215801E+0001    0.45929174E+0000         1
 46550   -0.37214136E+0001   -0.37214136E+0001    0.45890357E+0000         1
 46600   -0.37215814E+0001   -0.37215814E+0001    0.41428249E+0000         1
 46650   -0.37213276E+0001   -0.37213276E+0001    0.45580283E+0000         1
 46700   -0.37217558E+0001   -0.37217558E+0001    0.29241967E+0000         1
 46750   -0.37216199E+0001   -0.37216199E+0001    0.46736989E+0000         1
 46800   -0.37215822E+0001   -0.37215822E+0001    0.39109507E+0000         1
 46850   -0.37212591E+0001   -0.37212591E+0001    0.47760145E+0000         1
 46900   -0.37217736E+0001   -0.37217736E+0001    0.32830528E+0000         1
 46950   -0.37211951E+0001   -0.37211951E+0001    0.47605397E+0000         1
 47000   -0.37210713E+0001   -0.37210713E+0001    0.55607311E+0000         1
 47050   -0.37211447E+0001   -0.37211447E+0001    0.53606474E+0000         1
 47100   -0.37211773E+0001   -0.37211773E+0001    0.40454477E+0000         1
 47150   -0.37210580E+0001   -0.37210580E+0001    0.52145216E+0000         1
 47200   -0.37207963E+0001   -0.37207963E+0001    0.53985935E+0000         1
 47250   -0.37208510E+0001   -0.37208510E+0001    0.64850565E+0000         1
 47300   -0.37207481E+0001   -0.37207481E+0001    0.70833883E+0000         1
 47350   -0.37210810E+0001   -0.37210810E+0001    0.55073586E+0000         1
 47400   -0.37206640E+0001   -0.37206640E+0001    0.75362460E+0000         1
 47450   -0.37212012E+0001   -0.37212012E+0001    0.50867407E+0000         1
 47500   -0.37214220E+0001   -0.37214220E+0001    0.44297609E+0000         1
 47550   -0.37213071E+0001   -0.37213071E+0001    0.47368580E+0000         1
 47600   -0.37214979E+0001   -0.37214979E+0001    0.36825394E+0000         1
 47650   -0.37211881E+0001   -0.37211881E+0001    0.52544854E+0000         1
 47700   -0.37213187E+0001   -0.37213187E+0001    0.43588271E+0000         1
 47750   -0.37214899E+0001   -0.37214899E+0001    0.37633412E+0000         1
 47800   -0.37213666E+0001   -0.37213666E+0001    0.44205432E+0000         1
 47850   -0.37207527E+0001   -0.37207527E+0001    0.56662433E+0000         1
 47900   -0.37212686E+0001   -0.37212686E+0001    0.52179252E+0000         1
 47950   -0.37214690E+0001   -0.37214690E+0001    0.44792593E+0000         1
 48000   -0.37219059E+0001   -0.37219059E+0001    0.34704576E+0000         1
