1     -0.39199683E+0001
50     -0.39188099E+0001
100     -0.39182732E+0001
150     -0.39181627E+0001
200     -0.39178786E+0001
250     -0.39177639E+0001
300     -0.39176656E+0001
350     -0.39173165E+0001
400     -0.39172998E+0001
450     -0.39170572E+0001
500     -0.39171443E+0001
550     -0.39168617E+0001
600     -0.39164532E+0001
650     -0.39158495E+0001
700     -0.39155660E+0001
750     -0.39151807E+0001
800     -0.39148878E+0001
850     -0.39146824E+0001
900     -0.39141518E+0001
950     -0.39139190E+0001
1000     -0.39133863E+0001
1050     -0.39130350E+0001
1100     -0.39129419E+0001
1150     -0.39125059E+0001
1200     -0.39118330E+0001
1250     -0.39115428E+0001
1300     -0.39109473E+0001
1350     -0.39101818E+0001
1400     -0.39098898E+0001
1450     -0.39093089E+0001
1500     -0.39086737E+0001
1550     -0.39082998E+0001
1600     -0.39077595E+0001
1650     -0.39070875E+0001
1700     -0.39064341E+0001
1750     -0.39057584E+0001
1800     -0.39052516E+0001
1850     -0.39046344E+0001
1900     -0.39037056E+0001
1950     -0.39026999E+0001
2000     -0.39016166E+0001
2050     -0.39008268E+0001
2100     -0.38999016E+0001
2150     -0.38988238E+0001
2200     -0.38975562E+0001
2250     -0.38969007E+0001
2300     -0.38958866E+0001
2350     -0.38949780E+0001
2400     -0.38939936E+0001
2450     -0.38924768E+0001
2500     -0.38910214E+0001
2550     -0.38899066E+0001
2600     -0.38886699E+0001
2650     -0.38871561E+0001
2700     -0.38860547E+0001
2750     -0.38849348E+0001
2800     -0.38833224E+0001
2850     -0.38815751E+0001
2900     -0.38797238E+0001
2950     -0.38780015E+0001
3000     -0.38760780E+0001
3050     -0.38739014E+0001
3100     -0.38716412E+0001
3150     -0.38694600E+0001
3200     -0.38674670E+0001
3201     -0.38677175E+0001
3250     -0.38737394E+0001
3300     -0.38715522E+0001
3350     -0.38696169E+0001
3400     -0.38676643E+0001
3450     -0.38658057E+0001
3500     -0.38636820E+0001
3550     -0.38617122E+0001
3600     -0.38595401E+0001
3650     -0.38572387E+0001
3700     -0.38550293E+0001
3750     -0.38526064E+0001
3800     -0.38502056E+0001
3850     -0.38475991E+0001
3900     -0.38448293E+0001
3950     -0.38422024E+0001
4000     -0.38396817E+0001
4050     -0.38367437E+0001
4100     -0.38340091E+0001
4150     -0.38310848E+0001
4200     -0.38281995E+0001
4250     -0.38258755E+0001
4300     -0.38235573E+0001
4350     -0.38209674E+0001
4400     -0.38179871E+0001
4450     -0.38149474E+0001
4500     -0.38118927E+0001
4550     -0.38087251E+0001
4600     -0.38049229E+0001
4650     -0.37998005E+0001
4700     -0.37958223E+0001
4750     -0.37927313E+0001
4800     -0.37898088E+0001
4850     -0.37866450E+0001
4900     -0.37834333E+0001
4950     -0.37801713E+0001
5000     -0.37768556E+0001
5050     -0.37730915E+0001
5100     -0.37695688E+0001
5150     -0.37664918E+0001
5200     -0.37634971E+0001
5250     -0.37605989E+0001
5300     -0.37575952E+0001
5350     -0.37545419E+0001
5400     -0.37515125E+0001
5450     -0.37485319E+0001
5500     -0.37454831E+0001
5550     -0.37425566E+0001
5600     -0.37397502E+0001
5650     -0.37369745E+0001
5700     -0.37341777E+0001
5750     -0.37310652E+0001
5800     -0.37280381E+0001
5850     -0.37252159E+0001
5900     -0.37227242E+0001
5950     -0.37203656E+0001
6000     -0.37178189E+0001
6050     -0.37154652E+0001
6100     -0.37132895E+0001
6150     -0.37110873E+0001
6200     -0.37089208E+0001
6250     -0.37067252E+0001
6300     -0.37045100E+0001
6350     -0.37022602E+0001
6400     -0.36999974E+0001
6401     -0.37001292E+0001
6450     -0.37032954E+0001
6500     -0.37014769E+0001
6550     -0.36994939E+0001
6600     -0.36974473E+0001
6650     -0.36955233E+0001
6700     -0.36935036E+0001
6750     -0.36915825E+0001
6800     -0.36896563E+0001
6850     -0.36877953E+0001
6900     -0.36860182E+0001
6950     -0.36843344E+0001
7000     -0.36825997E+0001
7050     -0.36807936E+0001
7100     -0.36788657E+0001
7150     -0.36772324E+0001
7200     -0.36756472E+0001
7250     -0.36740735E+0001
7300     -0.36725358E+0001
7350     -0.36711162E+0001
7400     -0.36695957E+0001
7450     -0.36679479E+0001
7500     -0.36661930E+0001
7550     -0.36646075E+0001
7600     -0.36630112E+0001
7650     -0.36616054E+0001
7700     -0.36603012E+0001
7750     -0.36590571E+0001
7800     -0.36576750E+0001
7850     -0.36564010E+0001
7900     -0.36551237E+0001
7950     -0.36536659E+0001
8000     -0.36521639E+0001
8050     -0.36507900E+0001
8100     -0.36494673E+0001
8150     -0.36482390E+0001
8200     -0.36471526E+0001
8250     -0.36461073E+0001
8300     -0.36450370E+0001
8350     -0.36439981E+0001
8400     -0.36429819E+0001
8450     -0.36419748E+0001
8500     -0.36409893E+0001
8550     -0.36400235E+0001
8600     -0.36391491E+0001
8650     -0.36383207E+0001
8700     -0.36374854E+0001
8750     -0.36365888E+0001
8800     -0.36356036E+0001
8850     -0.36346018E+0001
8900     -0.36335672E+0001
8950     -0.36326526E+0001
9000     -0.36318296E+0001
9050     -0.36310767E+0001
9100     -0.36303850E+0001
9150     -0.36296838E+0001
9200     -0.36289571E+0001
9250     -0.36281177E+0001
9300     -0.36273506E+0001
9350     -0.36265949E+0001
9400     -0.36256523E+0001
9450     -0.36247747E+0001
9500     -0.36240132E+0001
9550     -0.36232298E+0001
9600     -0.36224428E+0001
9601     -0.36224813E+0001
9650     -0.36234221E+0001
9700     -0.36229313E+0001
9750     -0.36223842E+0001
9800     -0.36217257E+0001
9850     -0.36210710E+0001
9900     -0.36204646E+0001
9950     -0.36198882E+0001
10000     -0.36193087E+0001
10050     -0.36187774E+0001
10100     -0.36182230E+0001
10150     -0.36176121E+0001
10200     -0.36169801E+0001
10250     -0.36163930E+0001
10300     -0.36158258E+0001
10350     -0.36153231E+0001
10400     -0.36148267E+0001
10450     -0.36143092E+0001
10500     -0.36137095E+0001
10550     -0.36131427E+0001
10600     -0.36126247E+0001
10650     -0.36122438E+0001
10700     -0.36118710E+0001
10750     -0.36115216E+0001
10800     -0.36111547E+0001
10850     -0.36106906E+0001
10900     -0.36102472E+0001
10950     -0.36097539E+0001
11000     -0.36093234E+0001
11050     -0.36089203E+0001
11100     -0.36085235E+0001
11150     -0.36081500E+0001
11200     -0.36077386E+0001
11250     -0.36073432E+0001
11300     -0.36069665E+0001
11350     -0.36065983E+0001
11400     -0.36062607E+0001
11450     -0.36059858E+0001
11500     -0.36057142E+0001
11550     -0.36054763E+0001
11600     -0.36052595E+0001
11650     -0.36050285E+0001
11700     -0.36047988E+0001
11750     -0.36045549E+0001
11800     -0.36042286E+0001
11850     -0.36039454E+0001
11900     -0.36036729E+0001
11950     -0.36034179E+0001
12000     -0.36031697E+0001
12050     -0.36028998E+0001
12100     -0.36026282E+0001
12150     -0.36023509E+0001
12200     -0.36020790E+0001
12250     -0.36018385E+0001
12300     -0.36015637E+0001
12350     -0.36013030E+0001
12400     -0.36010886E+0001
12450     -0.36008520E+0001
12500     -0.36006093E+0001
12550     -0.36003797E+0001
12600     -0.36001475E+0001
12650     -0.35999109E+0001
12700     -0.35996458E+0001
12750     -0.35994618E+0001
12800     -0.35992980E+0001
12801     -0.35993137E+0001
12850     -0.35996852E+0001
12900     -0.35995013E+0001
12950     -0.35993177E+0001
13000     -0.35991134E+0001
13050     -0.35989095E+0001
13100     -0.35987085E+0001
13150     -0.35985109E+0001
13200     -0.35982955E+0001
13250     -0.35980952E+0001
13300     -0.35978664E+0001
13350     -0.35976689E+0001
13400     -0.35974787E+0001
13450     -0.35972537E+0001
13500     -0.35970147E+0001
13550     -0.35967682E+0001
13600     -0.35965138E+0001
13650     -0.35963285E+0001
13700     -0.35961343E+0001
13750     -0.35959384E+0001
13800     -0.35957567E+0001
13850     -0.35956042E+0001
13900     -0.35954457E+0001
13950     -0.35953067E+0001
14000     -0.35951420E+0001
14050     -0.35949982E+0001
14100     -0.35948534E+0001
14150     -0.35946633E+0001
14200     -0.35944914E+0001
14250     -0.35943686E+0001
14300     -0.35942462E+0001
14350     -0.35940182E+0001
14400     -0.35937938E+0001
14450     -0.35935906E+0001
14500     -0.35933981E+0001
14550     -0.35932078E+0001
14600     -0.35930496E+0001
14650     -0.35928676E+0001
14700     -0.35926999E+0001
14750     -0.35925330E+0001
14800     -0.35923816E+0001
14850     -0.35922298E+0001
14900     -0.35920942E+0001
14950     -0.35919631E+0001
15000     -0.35918614E+0001
15050     -0.35917531E+0001
15100     -0.35916383E+0001
15150     -0.35915273E+0001
15200     -0.35914213E+0001
15250     -0.35912839E+0001
15300     -0.35911140E+0001
15350     -0.35909531E+0001
15400     -0.35907871E+0001
15450     -0.35906426E+0001
15500     -0.35905669E+0001
15550     -0.35904816E+0001
15600     -0.35903845E+0001
15650     -0.35903180E+0001
15700     -0.35903089E+0001
15750     -0.35902738E+0001
15800     -0.35902152E+0001
15850     -0.35901597E+0001
15900     -0.35901048E+0001
15950     -0.35900699E+0001
16000     -0.35900215E+0001
16001     -0.35900286E+0001
16050     -0.35902040E+0001
16100     -0.35901264E+0001
16150     -0.35900473E+0001
16200     -0.35899815E+0001
16250     -0.35899057E+0001
16300     -0.35898367E+0001
16350     -0.35897797E+0001
16400     -0.35897138E+0001
16450     -0.35896790E+0001
16500     -0.35897012E+0001
16550     -0.35897055E+0001
16600     -0.35896403E+0001
16650     -0.35895655E+0001
16700     -0.35894942E+0001
16750     -0.35894299E+0001
16800     -0.35893539E+0001
16850     -0.35893195E+0001
16900     -0.35892482E+0001
16950     -0.35891614E+0001
17000     -0.35890876E+0001
17050     -0.35890227E+0001
17100     -0.35890213E+0001
17150     -0.35889820E+0001
17200     -0.35889719E+0001
17250     -0.35889422E+0001
17300     -0.35888825E+0001
17350     -0.35888207E+0001
17400     -0.35887635E+0001
17450     -0.35887024E+0001
17500     -0.35886281E+0001
17550     -0.35885753E+0001
17600     -0.35885199E+0001
17650     -0.35885020E+0001
17700     -0.35884883E+0001
17750     -0.35884688E+0001
17800     -0.35884139E+0001
17850     -0.35883722E+0001
17900     -0.35883246E+0001
17950     -0.35883045E+0001
18000     -0.35882915E+0001
18050     -0.35882871E+0001
18100     -0.35882685E+0001
18150     -0.35882328E+0001
18200     -0.35882178E+0001
18250     -0.35882110E+0001
18300     -0.35882116E+0001
18350     -0.35882179E+0001
18400     -0.35882047E+0001
18450     -0.35881968E+0001
18500     -0.35881925E+0001
18550     -0.35882025E+0001
18600     -0.35881626E+0001
18650     -0.35881495E+0001
18700     -0.35881621E+0001
18750     -0.35881534E+0001
18800     -0.35881161E+0001
18850     -0.35880669E+0001
18900     -0.35880120E+0001
18950     -0.35879736E+0001
19000     -0.35879504E+0001
19050     -0.35879223E+0001
19100     -0.35879202E+0001
19150     -0.35879137E+0001
19200     -0.35878940E+0001
19201     -0.35878967E+0001
19250     -0.35879647E+0001
19300     -0.35879361E+0001
19350     -0.35879135E+0001
19400     -0.35878958E+0001
19450     -0.35878772E+0001
19500     -0.35878547E+0001
19550     -0.35878438E+0001
19600     -0.35878497E+0001
19650     -0.35878414E+0001
19700     -0.35878135E+0001
19750     -0.35877836E+0001
19800     -0.35877363E+0001
19850     -0.35876812E+0001
19900     -0.35876393E+0001
19950     -0.35875850E+0001
20000     -0.35875618E+0001
20050     -0.35875477E+0001
20100     -0.35875572E+0001
20150     -0.35875432E+0001
20200     -0.35875171E+0001
20250     -0.35874799E+0001
20300     -0.35874645E+0001
20350     -0.35874290E+0001
20400     -0.35873855E+0001
20450     -0.35873333E+0001
20500     -0.35872950E+0001
20550     -0.35872476E+0001
20600     -0.35872121E+0001
20650     -0.35871996E+0001
20700     -0.35871936E+0001
20750     -0.35871623E+0001
20800     -0.35871400E+0001
20850     -0.35871143E+0001
20900     -0.35871007E+0001
20950     -0.35871007E+0001
21000     -0.35870942E+0001
21050     -0.35870808E+0001
21100     -0.35870690E+0001
21150     -0.35870723E+0001
21200     -0.35870587E+0001
21250     -0.35870456E+0001
21300     -0.35870388E+0001
21350     -0.35870541E+0001
21400     -0.35870881E+0001
21450     -0.35870953E+0001
21500     -0.35870959E+0001
21550     -0.35870955E+0001
21600     -0.35870951E+0001
21650     -0.35870885E+0001
21700     -0.35870722E+0001
21750     -0.35870657E+0001
21800     -0.35870440E+0001
21850     -0.35870249E+0001
21900     -0.35870008E+0001
21950     -0.35869746E+0001
22000     -0.35869549E+0001
22050     -0.35869217E+0001
22100     -0.35869067E+0001
22150     -0.35868954E+0001
22200     -0.35868916E+0001
22250     -0.35869031E+0001
22300     -0.35869069E+0001
22350     -0.35868889E+0001
22400     -0.35868720E+0001
22401     -0.35868734E+0001
22450     -0.35869031E+0001
22500     -0.35868898E+0001
22550     -0.35868764E+0001
22600     -0.35868606E+0001
22650     -0.35868601E+0001
22700     -0.35868578E+0001
22750     -0.35868543E+0001
22800     -0.35868447E+0001
22850     -0.35868493E+0001
22900     -0.35868561E+0001
22950     -0.35868705E+0001
23000     -0.35868813E+0001
23050     -0.35868801E+0001
23100     -0.35868785E+0001
23150     -0.35868809E+0001
23200     -0.35868773E+0001
23250     -0.35868750E+0001
23300     -0.35868673E+0001
23350     -0.35868548E+0001
23400     -0.35868506E+0001
23450     -0.35868523E+0001
23500     -0.35868410E+0001
23550     -0.35868294E+0001
23600     -0.35868173E+0001
23650     -0.35868102E+0001
23700     -0.35867967E+0001
23750     -0.35867900E+0001
23800     -0.35867827E+0001
23850     -0.35867744E+0001
23900     -0.35867731E+0001
23950     -0.35867699E+0001
24000     -0.35867586E+0001
24050     -0.35867591E+0001
24100     -0.35867652E+0001
24150     -0.35867557E+0001
24200     -0.35867519E+0001
24250     -0.35867472E+0001
24300     -0.35867519E+0001
24350     -0.35867512E+0001
24400     -0.35867469E+0001
24450     -0.35867404E+0001
24500     -0.35867285E+0001
24550     -0.35867229E+0001
24600     -0.35867142E+0001
24650     -0.35866948E+0001
24700     -0.35866784E+0001
24750     -0.35866720E+0001
24800     -0.35866762E+0001
24850     -0.35866710E+0001
24900     -0.35866569E+0001
24950     -0.35866490E+0001
25000     -0.35866514E+0001
25050     -0.35866634E+0001
25100     -0.35866772E+0001
25150     -0.35866940E+0001
25200     -0.35867036E+0001
25250     -0.35867098E+0001
25300     -0.35867159E+0001
25350     -0.35867195E+0001
25400     -0.35867074E+0001
25450     -0.35867044E+0001
25500     -0.35867060E+0001
25550     -0.35867035E+0001
25600     -0.35867112E+0001
25601     -0.35867118E+0001
25650     -0.35867276E+0001
25700     -0.35867248E+0001
25750     -0.35867193E+0001
25800     -0.35867154E+0001
25850     -0.35867116E+0001
25900     -0.35867055E+0001
25950     -0.35866970E+0001
26000     -0.35866886E+0001
26050     -0.35866903E+0001
26100     -0.35867049E+0001
26150     -0.35867132E+0001
26200     -0.35867197E+0001
26250     -0.35867146E+0001
26300     -0.35867158E+0001
26350     -0.35867140E+0001
26400     -0.35867099E+0001
26450     -0.35867199E+0001
26500     -0.35867195E+0001
26550     -0.35867234E+0001
26600     -0.35867332E+0001
26650     -0.35867389E+0001
26700     -0.35867414E+0001
26750     -0.35867434E+0001
26800     -0.35867406E+0001
26850     -0.35867432E+0001
26900     -0.35867453E+0001
26950     -0.35867439E+0001
27000     -0.35867391E+0001
27050     -0.35867350E+0001
27100     -0.35867229E+0001
27150     -0.35867161E+0001
27200     -0.35867155E+0001
27250     -0.35867140E+0001
27300     -0.35867124E+0001
27350     -0.35867011E+0001
27400     -0.35866889E+0001
27450     -0.35866832E+0001
27500     -0.35866722E+0001
27550     -0.35866661E+0001
27600     -0.35866728E+0001
27650     -0.35866744E+0001
27700     -0.35866651E+0001
27750     -0.35866603E+0001
27800     -0.35866600E+0001
27850     -0.35866603E+0001
27900     -0.35866643E+0001
27950     -0.35866638E+0001
28000     -0.35866647E+0001
28050     -0.35866619E+0001
28100     -0.35866531E+0001
28150     -0.35866511E+0001
28200     -0.35866482E+0001
28250     -0.35866439E+0001
28300     -0.35866434E+0001
28350     -0.35866592E+0001
28400     -0.35866808E+0001
28450     -0.35866846E+0001
28500     -0.35866926E+0001
28550     -0.35866851E+0001
28600     -0.35866858E+0001
28650     -0.35866841E+0001
28700     -0.35866926E+0001
28750     -0.35867017E+0001
28800     -0.35866957E+0001
28850     -0.35867004E+0001
28900     -0.35867020E+0001
28950     -0.35867000E+0001
29000     -0.35867012E+0001
29050     -0.35867013E+0001
29100     -0.35867001E+0001
29150     -0.35866952E+0001
29200     -0.35866922E+0001
29250     -0.35866911E+0001
29300     -0.35866909E+0001
29350     -0.35866819E+0001
29400     -0.35866911E+0001
29450     -0.35867016E+0001
29500     -0.35867141E+0001
29550     -0.35867157E+0001
29600     -0.35867137E+0001
29650     -0.35867173E+0001
29700     -0.35867211E+0001
29750     -0.35867248E+0001
29800     -0.35867289E+0001
29850     -0.35867313E+0001
29900     -0.35867352E+0001
29950     -0.35867439E+0001
30000     -0.35867653E+0001
30050     -0.35867811E+0001
30100     -0.35867858E+0001
30150     -0.35867892E+0001
30200     -0.35867958E+0001
30250     -0.35867985E+0001
30300     -0.35868016E+0001
30350     -0.35867988E+0001
30400     -0.35867870E+0001
30450     -0.35867838E+0001
30500     -0.35867860E+0001
30550     -0.35867936E+0001
30600     -0.35867969E+0001
30650     -0.35868004E+0001
30700     -0.35868071E+0001
30750     -0.35868090E+0001
30800     -0.35868142E+0001
30850     -0.35868184E+0001
30900     -0.35868239E+0001
30950     -0.35868378E+0001
31000     -0.35868446E+0001
31050     -0.35868442E+0001
31100     -0.35868363E+0001
31150     -0.35868214E+0001
31200     -0.35868222E+0001
31250     -0.35868165E+0001
31300     -0.35868148E+0001
31350     -0.35868196E+0001
31400     -0.35868293E+0001
31450     -0.35868394E+0001
31500     -0.35868436E+0001
31550     -0.35868451E+0001
31600     -0.35868448E+0001
31650     -0.35868402E+0001
31700     -0.35868356E+0001
31750     -0.35868367E+0001
31800     -0.35868348E+0001
31850     -0.35868357E+0001
31900     -0.35868308E+0001
31950     -0.35868218E+0001
32000     -0.35868105E+0001
32001     -0.35868067E+0001
32050     -0.35867885E+0001
32100     -0.35867233E+0001
32150     -0.35867081E+0001
32200     -0.35867640E+0001
32250     -0.35867704E+0001
32300     -0.35868204E+0001
32350     -0.35868217E+0001
32400     -0.35867945E+0001
32450     -0.35868070E+0001
32500     -0.35868643E+0001
32550     -0.35868004E+0001
32600     -0.35868363E+0001
32650     -0.35868808E+0001
32700     -0.35868521E+0001
32750     -0.35869027E+0001
32800     -0.35869150E+0001
32850     -0.35869066E+0001
32900     -0.35868970E+0001
32950     -0.35868335E+0001
33000     -0.35868780E+0001
33050     -0.35868098E+0001
33100     -0.35868725E+0001
33150     -0.35869069E+0001
33200     -0.35868986E+0001
33250     -0.35868690E+0001
33300     -0.35868620E+0001
33350     -0.35868643E+0001
33400     -0.35868197E+0001
33450     -0.35869561E+0001
33500     -0.35868813E+0001
33550     -0.35869543E+0001
33600     -0.35869044E+0001
33650     -0.35868799E+0001
33700     -0.35868705E+0001
33750     -0.35869154E+0001
33800     -0.35868399E+0001
33850     -0.35869577E+0001
33900     -0.35869593E+0001
33950     -0.35869647E+0001
34000     -0.35869954E+0001
34050     -0.35870019E+0001
34100     -0.35869480E+0001
34150     -0.35869322E+0001
34200     -0.35869426E+0001
34250     -0.35869652E+0001
34300     -0.35869682E+0001
34350     -0.35869910E+0001
34400     -0.35869747E+0001
34450     -0.35869739E+0001
34500     -0.35869684E+0001
34550     -0.35869597E+0001
34600     -0.35868990E+0001
34650     -0.35869768E+0001
34700     -0.35869146E+0001
34750     -0.35868955E+0001
34800     -0.35869703E+0001
34850     -0.35869779E+0001
34900     -0.35869774E+0001
34950     -0.35869661E+0001
35000     -0.35869754E+0001
35050     -0.35869997E+0001
35100     -0.35869311E+0001
35150     -0.35869857E+0001
35200     -0.35870264E+0001
35250     -0.35870220E+0001
35300     -0.35870009E+0001
35350     -0.35870176E+0001
35400     -0.35869660E+0001
35450     -0.35869980E+0001
35500     -0.35869932E+0001
35550     -0.35869615E+0001
35600     -0.35869844E+0001
35650     -0.35870384E+0001
35700     -0.35870509E+0001
35750     -0.35870195E+0001
35800     -0.35870606E+0001
35850     -0.35870409E+0001
35900     -0.35870531E+0001
35950     -0.35870356E+0001
36000     -0.35870280E+0001
36050     -0.35870071E+0001
36100     -0.35871223E+0001
36150     -0.35870582E+0001
36200     -0.35870118E+0001
36250     -0.35870872E+0001
36300     -0.35870438E+0001
36350     -0.35870804E+0001
36400     -0.35870358E+0001
36450     -0.35870868E+0001
36500     -0.35871043E+0001
36550     -0.35870361E+0001
36600     -0.35870355E+0001
36650     -0.35871131E+0001
36700     -0.35871351E+0001
36750     -0.35871469E+0001
36800     -0.35870783E+0001
36850     -0.35871151E+0001
36900     -0.35871584E+0001
36950     -0.35871128E+0001
37000     -0.35872023E+0001
37050     -0.35872161E+0001
37100     -0.35871845E+0001
37150     -0.35872134E+0001
37200     -0.35872566E+0001
37250     -0.35872302E+0001
37300     -0.35872730E+0001
37350     -0.35873124E+0001
37400     -0.35874018E+0001
37450     -0.35874181E+0001
37500     -0.35874448E+0001
37550     -0.35874242E+0001
37600     -0.35874751E+0001
37650     -0.35874489E+0001
37700     -0.35874313E+0001
37750     -0.35875079E+0001
37800     -0.35875249E+0001
37850     -0.35875776E+0001
37900     -0.35876209E+0001
37950     -0.35875989E+0001
38000     -0.35876049E+0001
38050     -0.35876415E+0001
38100     -0.35875986E+0001
38150     -0.35875757E+0001
38200     -0.35875829E+0001
38250     -0.35875663E+0001
38300     -0.35876499E+0001
38350     -0.35876591E+0001
38400     -0.35877427E+0001
38450     -0.35877230E+0001
38500     -0.35878635E+0001
38550     -0.35879455E+0001
38600     -0.35880680E+0001
38650     -0.35881381E+0001
38700     -0.35881985E+0001
38750     -0.35883015E+0001
38800     -0.35883786E+0001
38850     -0.35883666E+0001
38900     -0.35884053E+0001
38950     -0.35883526E+0001
39000     -0.35884738E+0001
39050     -0.35885546E+0001
39100     -0.35886207E+0001
39150     -0.35887801E+0001
39200     -0.35888136E+0001
39250     -0.35889997E+0001
39300     -0.35890860E+0001
39350     -0.35891589E+0001
39400     -0.35891689E+0001
39450     -0.35893941E+0001
39500     -0.35894583E+0001
39550     -0.35896884E+0001
39600     -0.35898476E+0001
39650     -0.35900168E+0001
39700     -0.35901371E+0001
39750     -0.35903296E+0001
39800     -0.35905233E+0001
39850     -0.35907381E+0001
39900     -0.35908969E+0001
39950     -0.35910841E+0001
40000     -0.35912715E+0001
40050     -0.35915359E+0001
40100     -0.35917145E+0001
40150     -0.35920426E+0001
40200     -0.35920918E+0001
40250     -0.35923021E+0001
40300     -0.35925001E+0001
40350     -0.35928947E+0001
40400     -0.35932914E+0001
40450     -0.35935476E+0001
40500     -0.35938412E+0001
40550     -0.35941919E+0001
40600     -0.35947752E+0001
40650     -0.35952473E+0001
40700     -0.35956854E+0001
40750     -0.35959142E+0001
40800     -0.35963447E+0001
40850     -0.35971153E+0001
40900     -0.35978727E+0001
40950     -0.35983429E+0001
41000     -0.35991987E+0001
41050     -0.35999739E+0001
41100     -0.36008180E+0001
41150     -0.36015340E+0001
41200     -0.36027332E+0001
41250     -0.36036102E+0001
41300     -0.36043676E+0001
41350     -0.36051617E+0001
41400     -0.36061178E+0001
41450     -0.36070097E+0001
41500     -0.36085360E+0001
41550     -0.36098703E+0001
41600     -0.36110518E+0001
41650     -0.36125940E+0001
41700     -0.36140126E+0001
41750     -0.36153056E+0001
41800     -0.36170064E+0001
41850     -0.36182747E+0001
41900     -0.36199786E+0001
41950     -0.36219138E+0001
42000     -0.36239585E+0001
42050     -0.36259655E+0001
42100     -0.36278211E+0001
42150     -0.36301798E+0001
42200     -0.36322304E+0001
42250     -0.36345047E+0001
42300     -0.36372110E+0001
42350     -0.36395476E+0001
42400     -0.36423537E+0001
42450     -0.36443549E+0001
42500     -0.36468925E+0001
42550     -0.36496744E+0001
42600     -0.36522539E+0001
42650     -0.36552978E+0001
42700     -0.36576195E+0001
42750     -0.36603071E+0001
42800     -0.36627081E+0001
42850     -0.36656201E+0001
42900     -0.36679132E+0001
42950     -0.36700130E+0001
43000     -0.36718746E+0001
43050     -0.36740339E+0001
43100     -0.36756037E+0001
43150     -0.36771773E+0001
43200     -0.36789238E+0001
43250     -0.36805300E+0001
43300     -0.36820195E+0001
43350     -0.36832750E+0001
43400     -0.36845814E+0001
43450     -0.36857192E+0001
43500     -0.36869728E+0001
43550     -0.36878852E+0001
43600     -0.36889185E+0001
43650     -0.36901109E+0001
43700     -0.36910360E+0001
43750     -0.36919426E+0001
43800     -0.36925905E+0001
43850     -0.36937676E+0001
43900     -0.36947126E+0001
43950     -0.36954988E+0001
44000     -0.36964401E+0001
44050     -0.36971663E+0001
44100     -0.36979314E+0001
44150     -0.36983755E+0001
44200     -0.36988902E+0001
44250     -0.36995076E+0001
44300     -0.37000019E+0001
44350     -0.37004862E+0001
44400     -0.37009548E+0001
44450     -0.37013354E+0001
44500     -0.37017077E+0001
44550     -0.37021125E+0001
44600     -0.37027206E+0001
44650     -0.37031159E+0001
44700     -0.37033856E+0001
44750     -0.37035776E+0001
44800     -0.37038117E+0001
44850     -0.37041060E+0001
44900     -0.37042384E+0001
44950     -0.37045714E+0001
45000     -0.37048078E+0001
45050     -0.37050472E+0001
45100     -0.37052303E+0001
45150     -0.37055306E+0001
45200     -0.37058433E+0001
45250     -0.37061006E+0001
45300     -0.37061819E+0001
45350     -0.37063356E+0001
45400     -0.37065478E+0001
45450     -0.37066491E+0001
45500     -0.37067204E+0001
45550     -0.37068505E+0001
45600     -0.37069279E+0001
45650     -0.37069908E+0001
45700     -0.37071238E+0001
45750     -0.37071561E+0001
45800     -0.37071776E+0001
45850     -0.37071953E+0001
45900     -0.37072699E+0001
45950     -0.37073134E+0001
46000     -0.37073603E+0001
46050     -0.37074645E+0001
46100     -0.37074740E+0001
46150     -0.37075341E+0001
46200     -0.37075521E+0001
46250     -0.37075164E+0001
46300     -0.37075802E+0001
46350     -0.37076539E+0001
46400     -0.37076768E+0001
46450     -0.37077204E+0001
46500     -0.37077500E+0001
46550     -0.37077768E+0001
46600     -0.37077515E+0001
46650     -0.37077423E+0001
46700     -0.37077390E+0001
46750     -0.37076971E+0001
46800     -0.37077082E+0001
46850     -0.37077645E+0001
46900     -0.37077563E+0001
46950     -0.37077764E+0001
47000     -0.37077836E+0001
47050     -0.37077368E+0001
47100     -0.37077841E+0001
47150     -0.37078852E+0001
47200     -0.37078274E+0001
47250     -0.37078355E+0001
47300     -0.37077871E+0001
47350     -0.37078297E+0001
47400     -0.37078406E+0001
47450     -0.37077796E+0001
47500     -0.37077269E+0001
47550     -0.37077821E+0001
47600     -0.37078390E+0001
47650     -0.37078047E+0001
47700     -0.37078476E+0001
47750     -0.37078294E+0001
47800     -0.37078433E+0001
47850     -0.37078359E+0001
47900     -0.37078488E+0001
47950     -0.37078093E+0001
48000     -0.37077960E+0001
48050     -0.37077983E+0001
48100     -0.37078317E+0001
48150     -0.37078659E+0001
48200     -0.37078654E+0001
48250     -0.37079233E+0001
48300     -0.37079108E+0001
48350     -0.37078561E+0001
48400     -0.37078128E+0001
48450     -0.37078569E+0001
48500     -0.37078123E+0001
48550     -0.37078304E+0001
48600     -0.37078372E+0001
48650     -0.37078969E+0001
48700     -0.37078570E+0001
48750     -0.37078714E+0001
48800     -0.37078988E+0001
48850     -0.37078224E+0001
48900     -0.37078779E+0001
48950     -0.37078709E+0001
49000     -0.37078935E+0001
49050     -0.37078446E+0001
49100     -0.37079237E+0001
49150     -0.37079012E+0001
49200     -0.37078077E+0001
49250     -0.37078419E+0001
49300     -0.37078280E+0001
49350     -0.37078336E+0001
49400     -0.37078298E+0001
49450     -0.37078351E+0001
49500     -0.37078697E+0001
49550     -0.37078747E+0001
49600     -0.37078732E+0001
49650     -0.37078573E+0001
49700     -0.37078413E+0001
49750     -0.37077959E+0001
49800     -0.37078313E+0001
49850     -0.37077962E+0001
49900     -0.37078336E+0001
49950     -0.37078385E+0001
50000     -0.37078194E+0001
50050     -0.37078365E+0001
50100     -0.37078409E+0001
50150     -0.37078792E+0001
50200     -0.37078887E+0001
50250     -0.37078468E+0001
50300     -0.37078081E+0001
50350     -0.37078238E+0001
50400     -0.37078767E+0001
50450     -0.37078884E+0001
50500     -0.37078080E+0001
50550     -0.37078355E+0001
50600     -0.37078037E+0001
50650     -0.37078633E+0001
50700     -0.37078773E+0001
50750     -0.37078490E+0001
50800     -0.37078633E+0001
50850     -0.37078675E+0001
50900     -0.37077930E+0001
50950     -0.37078434E+0001
51000     -0.37078771E+0001
51050     -0.37078738E+0001
51100     -0.37078825E+0001
51150     -0.37078733E+0001
51200     -0.37078334E+0001
51250     -0.37077749E+0001
51300     -0.37077605E+0001
51350     -0.37078187E+0001
51400     -0.37078235E+0001
51450     -0.37078785E+0001
51500     -0.37078908E+0001
51550     -0.37078846E+0001
51600     -0.37078996E+0001
51650     -0.37078333E+0001
51700     -0.37079009E+0001
51750     -0.37078395E+0001
51800     -0.37078945E+0001
51850     -0.37078401E+0001
51900     -0.37078632E+0001
51950     -0.37078309E+0001
52000     -0.37078568E+0001
52050     -0.37078916E+0001
52100     -0.37079076E+0001
52150     -0.37078630E+0001
52200     -0.37078655E+0001
52250     -0.37078124E+0001
52300     -0.37078319E+0001
52350     -0.37078325E+0001
52400     -0.37078144E+0001
52450     -0.37078953E+0001
52500     -0.37078984E+0001
52550     -0.37078742E+0001
52600     -0.37077951E+0001
52650     -0.37077770E+0001
52700     -0.37078014E+0001
52750     -0.37078218E+0001
52800     -0.37077856E+0001
52850     -0.37078263E+0001
52900     -0.37077594E+0001
52950     -0.37077601E+0001
53000     -0.37078462E+0001
53050     -0.37078438E+0001
53100     -0.37078624E+0001
53150     -0.37078687E+0001
53200     -0.37078796E+0001
53250     -0.37078244E+0001
53300     -0.37078943E+0001
53350     -0.37079212E+0001
53400     -0.37078597E+0001
53450     -0.37079256E+0001
53500     -0.37078966E+0001
53550     -0.37078748E+0001
53600     -0.37078947E+0001
53650     -0.37078714E+0001
53700     -0.37078938E+0001
53750     -0.37078576E+0001
53800     -0.37079059E+0001
53850     -0.37078922E+0001
53900     -0.37078983E+0001
53950     -0.37078401E+0001
54000     -0.37078939E+0001
54050     -0.37078935E+0001
54100     -0.37078412E+0001
54150     -0.37078406E+0001
54200     -0.37078628E+0001
54250     -0.37078479E+0001
54300     -0.37078379E+0001
54350     -0.37078235E+0001
54400     -0.37078486E+0001
54450     -0.37079001E+0001
54500     -0.37078898E+0001
54550     -0.37078859E+0001
54600     -0.37079064E+0001
54650     -0.37078586E+0001
54700     -0.37078369E+0001
54750     -0.37078441E+0001
54800     -0.37079139E+0001
54850     -0.37078751E+0001
54900     -0.37078075E+0001
54950     -0.37077990E+0001
55000     -0.37078551E+0001
55050     -0.37078778E+0001
55100     -0.37079069E+0001
55150     -0.37078890E+0001
55200     -0.37078689E+0001
55250     -0.37078400E+0001
55300     -0.37078894E+0001
55350     -0.37079021E+0001
55400     -0.37079033E+0001
55450     -0.37078613E+0001
55500     -0.37078941E+0001
55550     -0.37079100E+0001
55600     -0.37078912E+0001
55650     -0.37078867E+0001
55700     -0.37078973E+0001
55750     -0.37078337E+0001
55800     -0.37078893E+0001
55850     -0.37078479E+0001
55900     -0.37079016E+0001
55950     -0.37078900E+0001
56000     -0.37078166E+0001
56050     -0.37078590E+0001
56100     -0.37078798E+0001
56150     -0.37078722E+0001
56200     -0.37078928E+0001
56250     -0.37078896E+0001
56300     -0.37078258E+0001
56350     -0.37078104E+0001
56400     -0.37078508E+0001
56450     -0.37078419E+0001
56500     -0.37079128E+0001
56550     -0.37078680E+0001
56600     -0.37078908E+0001
56650     -0.37078567E+0001
56700     -0.37078926E+0001
56750     -0.37078743E+0001
56800     -0.37078969E+0001
56850     -0.37078368E+0001
56900     -0.37078203E+0001
56950     -0.37078930E+0001
57000     -0.37078631E+0001
57050     -0.37078491E+0001
57100     -0.37078129E+0001
57150     -0.37077967E+0001
57200     -0.37078158E+0001
57250     -0.37077698E+0001
57300     -0.37078365E+0001
57350     -0.37077844E+0001
57400     -0.37078909E+0001
57450     -0.37078711E+0001
57500     -0.37079066E+0001
57550     -0.37078905E+0001
57600     -0.37078956E+0001
57650     -0.37078764E+0001
57700     -0.37078780E+0001
57750     -0.37079066E+0001
57800     -0.37078726E+0001
57850     -0.37078556E+0001
57900     -0.37078770E+0001
57950     -0.37079050E+0001
58000     -0.37078593E+0001
58050     -0.37078825E+0001
58100     -0.37078947E+0001
58150     -0.37078603E+0001
58200     -0.37078124E+0001
58250     -0.37078252E+0001
58300     -0.37078231E+0001
58350     -0.37078240E+0001
58400     -0.37077998E+0001
58450     -0.37078226E+0001
58500     -0.37078356E+0001
58550     -0.37078967E+0001
58600     -0.37078875E+0001
58650     -0.37078972E+0001
58700     -0.37078764E+0001
58750     -0.37078421E+0001
58800     -0.37077376E+0001
58850     -0.37077742E+0001
58900     -0.37077915E+0001
58950     -0.37078340E+0001
59000     -0.37077921E+0001
59050     -0.37077140E+0001
59100     -0.37077818E+0001
59150     -0.37078484E+0001
59200     -0.37078042E+0001
59250     -0.37077626E+0001
59300     -0.37077892E+0001
59350     -0.37077867E+0001
59400     -0.37077539E+0001
59450     -0.37078150E+0001
59500     -0.37078161E+0001
59550     -0.37078559E+0001
59600     -0.37077897E+0001
59650     -0.37078211E+0001
59700     -0.37078547E+0001
59750     -0.37078531E+0001
59800     -0.37078662E+0001
59850     -0.37078459E+0001
59900     -0.37078580E+0001
59950     -0.37078373E+0001
60000     -0.37078402E+0001
60050     -0.37078479E+0001
60100     -0.37078595E+0001
60150     -0.37078683E+0001
60200     -0.37079165E+0001
60250     -0.37078859E+0001
60300     -0.37078989E+0001
60350     -0.37078894E+0001
60400     -0.37078875E+0001
60450     -0.37078373E+0001
60500     -0.37078293E+0001
60550     -0.37078798E+0001
60600     -0.37078799E+0001
60650     -0.37078864E+0001
60700     -0.37078259E+0001
60750     -0.37078031E+0001
60800     -0.37078253E+0001
60850     -0.37077776E+0001
60900     -0.37077958E+0001
60950     -0.37078448E+0001
61000     -0.37078555E+0001
61050     -0.37078930E+0001
61100     -0.37079075E+0001
61150     -0.37078962E+0001
61200     -0.37078590E+0001
61250     -0.37078404E+0001
61300     -0.37077584E+0001
61350     -0.37078557E+0001
61400     -0.37078984E+0001
61450     -0.37077909E+0001
61500     -0.37078451E+0001
61550     -0.37078701E+0001
61600     -0.37078749E+0001
61650     -0.37079061E+0001
61700     -0.37078834E+0001
61750     -0.37078666E+0001
61800     -0.37078482E+0001
61850     -0.37078892E+0001
61900     -0.37078868E+0001
61950     -0.37079074E+0001
62000     -0.37078669E+0001
62050     -0.37077996E+0001
62100     -0.37078731E+0001
62150     -0.37077967E+0001
62200     -0.37078234E+0001
62250     -0.37078302E+0001
62300     -0.37078842E+0001
62350     -0.37078843E+0001
62400     -0.37079045E+0001
62450     -0.37078748E+0001
62500     -0.37078796E+0001
62550     -0.37078669E+0001
62600     -0.37078326E+0001
62650     -0.37078693E+0001
62700     -0.37078633E+0001
62750     -0.37078528E+0001
62800     -0.37078539E+0001
62850     -0.37078706E+0001
62900     -0.37078367E+0001
62950     -0.37078913E+0001
63000     -0.37078560E+0001
63050     -0.37078782E+0001
63100     -0.37078326E+0001
63150     -0.37078901E+0001
63200     -0.37078972E+0001
63250     -0.37079048E+0001
63300     -0.37078709E+0001
63350     -0.37078977E+0001
63400     -0.37078820E+0001
63450     -0.37078837E+0001
63500     -0.37078265E+0001
63550     -0.37078853E+0001
63600     -0.37078694E+0001
63650     -0.37078459E+0001
63700     -0.37078860E+0001
63750     -0.37078794E+0001
63800     -0.37078879E+0001
63850     -0.37078051E+0001
63900     -0.37077861E+0001
63950     -0.37078546E+0001
64000     -0.37078047E+0001
64050     -0.37078133E+0001
64100     -0.37078791E+0001
64150     -0.37078137E+0001
64200     -0.37078826E+0001
64250     -0.37078198E+0001
64300     -0.37077695E+0001
64350     -0.37078560E+0001
64400     -0.37078401E+0001
64450     -0.37078795E+0001
64500     -0.37078650E+0001
64550     -0.37078015E+0001
64600     -0.37078871E+0001
64650     -0.37078999E+0001
64700     -0.37079100E+0001
64750     -0.37078966E+0001
64800     -0.37078914E+0001
64850     -0.37079185E+0001
64900     -0.37078842E+0001
64950     -0.37079060E+0001
65000     -0.37078863E+0001
65050     -0.37079070E+0001
65100     -0.37078484E+0001
65150     -0.37078921E+0001
65200     -0.37078873E+0001
65250     -0.37077973E+0001
65300     -0.37078199E+0001
65350     -0.37078461E+0001
65400     -0.37078652E+0001
65450     -0.37078377E+0001
65500     -0.37078519E+0001
65550     -0.37079005E+0001
65600     -0.37079318E+0001
65650     -0.37079170E+0001
65700     -0.37079045E+0001
65750     -0.37078751E+0001
65800     -0.37078872E+0001
65850     -0.37078751E+0001
65900     -0.37078484E+0001
65950     -0.37078385E+0001
66000     -0.37078837E+0001
66050     -0.37078528E+0001
66100     -0.37078389E+0001
66150     -0.37078431E+0001
66200     -0.37078960E+0001
66250     -0.37078783E+0001
66300     -0.37079145E+0001
66350     -0.37079023E+0001
66400     -0.37078879E+0001
66450     -0.37078816E+0001
66500     -0.37078434E+0001
66550     -0.37078735E+0001
66600     -0.37078633E+0001
66650     -0.37078623E+0001
66700     -0.37078570E+0001
66750     -0.37078490E+0001
66800     -0.37078449E+0001
66850     -0.37078838E+0001
66900     -0.37078951E+0001
66950     -0.37078277E+0001
67000     -0.37078517E+0001
67050     -0.37078641E+0001
67100     -0.37077678E+0001
67150     -0.37078227E+0001
67200     -0.37078194E+0001
67250     -0.37077608E+0001
67300     -0.37077509E+0001
67350     -0.37077927E+0001
67400     -0.37077658E+0001
67450     -0.37077520E+0001
67500     -0.37077695E+0001
67550     -0.37077623E+0001
67600     -0.37078053E+0001
67650     -0.37078686E+0001
67700     -0.37078393E+0001
67750     -0.37078411E+0001
67800     -0.37078283E+0001
67850     -0.37078931E+0001
67900     -0.37078371E+0001
67950     -0.37078193E+0001
68000     -0.37077596E+0001
68050     -0.37077992E+0001
68100     -0.37078480E+0001
68150     -0.37078747E+0001
68200     -0.37078984E+0001
68250     -0.37079056E+0001
68300     -0.37079035E+0001
68350     -0.37078938E+0001
68400     -0.37078276E+0001
68450     -0.37078236E+0001
68500     -0.37078625E+0001
68550     -0.37078269E+0001
68600     -0.37078175E+0001
68650     -0.37078641E+0001
68700     -0.37078142E+0001
68750     -0.37079150E+0001
68800     -0.37078632E+0001
68850     -0.37079005E+0001
68900     -0.37079053E+0001
68950     -0.37079178E+0001
69000     -0.37079017E+0001
69050     -0.37078967E+0001
69100     -0.37078806E+0001
69150     -0.37079298E+0001
69200     -0.37078724E+0001
69250     -0.37078733E+0001
69300     -0.37078558E+0001
69350     -0.37079021E+0001
69400     -0.37078912E+0001
69450     -0.37078929E+0001
69500     -0.37079040E+0001
69550     -0.37078830E+0001
69600     -0.37078674E+0001
69650     -0.37078666E+0001
69700     -0.37078607E+0001
69750     -0.37078907E+0001
69800     -0.37078743E+0001
69850     -0.37079083E+0001
69900     -0.37078151E+0001
69950     -0.37078618E+0001
70000     -0.37078919E+0001
70050     -0.37078665E+0001
70100     -0.37078222E+0001
70150     -0.37078563E+0001
70200     -0.37078310E+0001
70250     -0.37078836E+0001
70300     -0.37079084E+0001
70350     -0.37078578E+0001
70400     -0.37078810E+0001
70450     -0.37079035E+0001
70500     -0.37078982E+0001
70550     -0.37078831E+0001
70600     -0.37078711E+0001
70650     -0.37078471E+0001
70700     -0.37078860E+0001
70750     -0.37078437E+0001
70800     -0.37077974E+0001
70850     -0.37078206E+0001
70900     -0.37078641E+0001
70950     -0.37078544E+0001
71000     -0.37078633E+0001
71050     -0.37078958E+0001
71100     -0.37078776E+0001
71150     -0.37078942E+0001
71200     -0.37078272E+0001
71250     -0.37078844E+0001
71300     -0.37078435E+0001
71350     -0.37078388E+0001
71400     -0.37078419E+0001
71450     -0.37078064E+0001
71500     -0.37078167E+0001
71550     -0.37078716E+0001
71600     -0.37078266E+0001
71650     -0.37078343E+0001
71700     -0.37078360E+0001
71750     -0.37078147E+0001
71800     -0.37078300E+0001
71850     -0.37077623E+0001
71900     -0.37077804E+0001
71950     -0.37078236E+0001
72000     -0.37078418E+0001
72050     -0.37078619E+0001
72100     -0.37078670E+0001
72150     -0.37078567E+0001
72200     -0.37078975E+0001
72250     -0.37079002E+0001
72300     -0.37078667E+0001
72350     -0.37077743E+0001
72400     -0.37078485E+0001
72450     -0.37078917E+0001
72500     -0.37079099E+0001
72550     -0.37079156E+0001
72600     -0.37078673E+0001
72650     -0.37078462E+0001
72700     -0.37078845E+0001
72750     -0.37078738E+0001
72800     -0.37077497E+0001
72850     -0.37078426E+0001
72900     -0.37077743E+0001
72950     -0.37078111E+0001
73000     -0.37078365E+0001
73050     -0.37078596E+0001
73100     -0.37078476E+0001
73150     -0.37077486E+0001
73200     -0.37077714E+0001
73250     -0.37077785E+0001
73300     -0.37078214E+0001
73350     -0.37077596E+0001
73400     -0.37077628E+0001
73450     -0.37077627E+0001
73500     -0.37076946E+0001
73550     -0.37077234E+0001
73600     -0.37077497E+0001
73650     -0.37077511E+0001
73700     -0.37078005E+0001
73750     -0.37077999E+0001
73800     -0.37078624E+0001
73850     -0.37078517E+0001
73900     -0.37078933E+0001
73950     -0.37078613E+0001
74000     -0.37077899E+0001
74050     -0.37078059E+0001
74100     -0.37077351E+0001
74150     -0.37078384E+0001
74200     -0.37078109E+0001
74250     -0.37078627E+0001
74300     -0.37078642E+0001
74350     -0.37079110E+0001
74400     -0.37079035E+0001
74450     -0.37078471E+0001
74500     -0.37077261E+0001
74550     -0.37078220E+0001
74600     -0.37078380E+0001
74650     -0.37078336E+0001
74700     -0.37078539E+0001
74750     -0.37078413E+0001
74800     -0.37078790E+0001
74850     -0.37079056E+0001
74900     -0.37078816E+0001
74950     -0.37079182E+0001
75000     -0.37079210E+0001
75050     -0.37079199E+0001
75100     -0.37079038E+0001
75150     -0.37079021E+0001
75200     -0.37079186E+0001
75250     -0.37078903E+0001
75300     -0.37079062E+0001
75350     -0.37078753E+0001
75400     -0.37078796E+0001
75450     -0.37078951E+0001
75500     -0.37079243E+0001
75550     -0.37078643E+0001
75600     -0.37078594E+0001
75650     -0.37079045E+0001
75700     -0.37078484E+0001
75750     -0.37078179E+0001
75800     -0.37078811E+0001
75850     -0.37078720E+0001
75900     -0.37079046E+0001
75950     -0.37078967E+0001
76000     -0.37078651E+0001
76050     -0.37078682E+0001
76100     -0.37078846E+0001
76150     -0.37078967E+0001
76200     -0.37078969E+0001
76250     -0.37078923E+0001
76300     -0.37078202E+0001
76350     -0.37078864E+0001
76400     -0.37078617E+0001
76450     -0.37078129E+0001
76500     -0.37078248E+0001
76550     -0.37078101E+0001
76600     -0.37078030E+0001
76650     -0.37078465E+0001
76700     -0.37078748E+0001
76750     -0.37077931E+0001
76800     -0.37078335E+0001
76850     -0.37077946E+0001
76900     -0.37077877E+0001
76950     -0.37078268E+0001
77000     -0.37078319E+0001
77050     -0.37078581E+0001
77100     -0.37078735E+0001
77150     -0.37078569E+0001
77200     -0.37079255E+0001
77250     -0.37079388E+0001
77300     -0.37078320E+0001
77350     -0.37078334E+0001
77400     -0.37078873E+0001
77450     -0.37078260E+0001
77500     -0.37078832E+0001
77550     -0.37078806E+0001
77600     -0.37078733E+0001
77650     -0.37078262E+0001
77700     -0.37078430E+0001
77750     -0.37078572E+0001
77800     -0.37078767E+0001
77850     -0.37078828E+0001
77900     -0.37078987E+0001
77950     -0.37078709E+0001
78000     -0.37078639E+0001
78050     -0.37078261E+0001
78100     -0.37078345E+0001
78150     -0.37078509E+0001
78200     -0.37078515E+0001
78250     -0.37078824E+0001
78300     -0.37078527E+0001
78350     -0.37078435E+0001
78400     -0.37078989E+0001
78450     -0.37079066E+0001
78500     -0.37078932E+0001
78550     -0.37078276E+0001
78600     -0.37078742E+0001
78650     -0.37078737E+0001
78700     -0.37078676E+0001
78750     -0.37078491E+0001
78800     -0.37078659E+0001
78850     -0.37078916E+0001
78900     -0.37078360E+0001
78950     -0.37078795E+0001
79000     -0.37079119E+0001
79050     -0.37078943E+0001
79100     -0.37078654E+0001
79150     -0.37078427E+0001
79200     -0.37078675E+0001
79250     -0.37078095E+0001
79300     -0.37078578E+0001
79350     -0.37078688E+0001
79400     -0.37078552E+0001
79450     -0.37078763E+0001
79500     -0.37078487E+0001
79550     -0.37078492E+0001
79600     -0.37078288E+0001
79650     -0.37079090E+0001
79700     -0.37078278E+0001
79750     -0.37078311E+0001
79800     -0.37078142E+0001
79850     -0.37078710E+0001
79900     -0.37078255E+0001
79950     -0.37078910E+0001
80000     -0.37078746E+0001
80050     -0.37079152E+0001
80100     -0.37079152E+0001
80150     -0.37078758E+0001
80200     -0.37078397E+0001
80250     -0.37078354E+0001
80300     -0.37078831E+0001
80350     -0.37078612E+0001
80400     -0.37078375E+0001
80450     -0.37078603E+0001
80500     -0.37078265E+0001
80550     -0.37078026E+0001
80600     -0.37078777E+0001
80650     -0.37079004E+0001
80700     -0.37078426E+0001
80750     -0.37078521E+0001
80800     -0.37079028E+0001
80850     -0.37079170E+0001
80900     -0.37079122E+0001
80950     -0.37078728E+0001
81000     -0.37078446E+0001
81050     -0.37078609E+0001
81100     -0.37078568E+0001
81150     -0.37078423E+0001
81200     -0.37078489E+0001
81250     -0.37078750E+0001
81300     -0.37078848E+0001
81350     -0.37077972E+0001
81400     -0.37078577E+0001
81450     -0.37078919E+0001
81500     -0.37078921E+0001
81550     -0.37078440E+0001
81600     -0.37078738E+0001
81650     -0.37078747E+0001
81700     -0.37078424E+0001
81750     -0.37078452E+0001
81800     -0.37078151E+0001
81850     -0.37078294E+0001
81900     -0.37078795E+0001
81950     -0.37078373E+0001
82000     -0.37078268E+0001
82050     -0.37078455E+0001
82100     -0.37078501E+0001
82150     -0.37078780E+0001
82200     -0.37078702E+0001
82250     -0.37078661E+0001
82300     -0.37078618E+0001
82350     -0.37079274E+0001
82400     -0.37078988E+0001
82450     -0.37078809E+0001
82500     -0.37078642E+0001
82550     -0.37078919E+0001
82600     -0.37078633E+0001
82650     -0.37078670E+0001
82700     -0.37078225E+0001
82750     -0.37078352E+0001
82800     -0.37078491E+0001
82850     -0.37078537E+0001
82900     -0.37078771E+0001
82950     -0.37078915E+0001
83000     -0.37078656E+0001
83050     -0.37078339E+0001
83100     -0.37078472E+0001
83150     -0.37078282E+0001
83200     -0.37078254E+0001
83250     -0.37078645E+0001
83300     -0.37078532E+0001
83350     -0.37078863E+0001
83400     -0.37078934E+0001
83450     -0.37078475E+0001
83500     -0.37078715E+0001
83550     -0.37079012E+0001
83600     -0.37078847E+0001
83650     -0.37078486E+0001
83700     -0.37078759E+0001
83750     -0.37078764E+0001
83800     -0.37078884E+0001
83850     -0.37079200E+0001
83900     -0.37079166E+0001
83950     -0.37078480E+0001
84000     -0.37078560E+0001
84050     -0.37078724E+0001
84100     -0.37078834E+0001
84150     -0.37078744E+0001
84200     -0.37078982E+0001
84250     -0.37079048E+0001
84300     -0.37078972E+0001
84350     -0.37079026E+0001
84400     -0.37078770E+0001
84450     -0.37078934E+0001
84500     -0.37078628E+0001
84550     -0.37078489E+0001
84600     -0.37078885E+0001
84650     -0.37078719E+0001
84700     -0.37077587E+0001
84750     -0.37078860E+0001
84800     -0.37078242E+0001
84850     -0.37078297E+0001
84900     -0.37078087E+0001
84950     -0.37078341E+0001
85000     -0.37078795E+0001
85050     -0.37078492E+0001
85100     -0.37078415E+0001
85150     -0.37078249E+0001
85200     -0.37078197E+0001
85250     -0.37078757E+0001
85300     -0.37078724E+0001
85350     -0.37078891E+0001
85400     -0.37078689E+0001
85450     -0.37078637E+0001
85500     -0.37078532E+0001
85550     -0.37078178E+0001
85600     -0.37078742E+0001
85650     -0.37077974E+0001
85700     -0.37077729E+0001
85750     -0.37078481E+0001
85800     -0.37078885E+0001
85850     -0.37078586E+0001
85900     -0.37078927E+0001
85950     -0.37079303E+0001
86000     -0.37079015E+0001
86050     -0.37079170E+0001
86100     -0.37078958E+0001
86150     -0.37078385E+0001
86200     -0.37077733E+0001
86250     -0.37077648E+0001
86300     -0.37078688E+0001
86350     -0.37078852E+0001
86400     -0.37078718E+0001
86450     -0.37078492E+0001
86500     -0.37078319E+0001
86550     -0.37078162E+0001
86600     -0.37077734E+0001
86650     -0.37078587E+0001
86700     -0.37078849E+0001
86750     -0.37078732E+0001
86800     -0.37078993E+0001
86850     -0.37078245E+0001
86900     -0.37078069E+0001
86950     -0.37078156E+0001
87000     -0.37077846E+0001
87050     -0.37078308E+0001
87100     -0.37078119E+0001
87150     -0.37078017E+0001
87200     -0.37078163E+0001
87250     -0.37078056E+0001
87300     -0.37078009E+0001
87350     -0.37078875E+0001
87400     -0.37078588E+0001
87450     -0.37078532E+0001
87500     -0.37078052E+0001
87550     -0.37078967E+0001
87600     -0.37078166E+0001
87650     -0.37077980E+0001
87700     -0.37077827E+0001
87750     -0.37078388E+0001
87800     -0.37078270E+0001
87850     -0.37078709E+0001
87900     -0.37078835E+0001
87950     -0.37079038E+0001
88000     -0.37078955E+0001
88050     -0.37078302E+0001
88100     -0.37078121E+0001
88150     -0.37078708E+0001
88200     -0.37078370E+0001
88250     -0.37078455E+0001
88300     -0.37078182E+0001
88350     -0.37078498E+0001
88400     -0.37078331E+0001
88450     -0.37077955E+0001
88500     -0.37077876E+0001
88550     -0.37077947E+0001
88600     -0.37077770E+0001
88650     -0.37077576E+0001
88700     -0.37077992E+0001
88750     -0.37078364E+0001
88800     -0.37078002E+0001
88850     -0.37078177E+0001
88900     -0.37078069E+0001
88950     -0.37078786E+0001
89000     -0.37077796E+0001
89050     -0.37077744E+0001
89100     -0.37078376E+0001
89150     -0.37078592E+0001
89200     -0.37078465E+0001
89250     -0.37078594E+0001
89300     -0.37079191E+0001
89350     -0.37078812E+0001
89400     -0.37078553E+0001
89450     -0.37079071E+0001
89500     -0.37078845E+0001
89550     -0.37079074E+0001
89600     -0.37078530E+0001
89650     -0.37079118E+0001
89700     -0.37078717E+0001
89750     -0.37078951E+0001
89800     -0.37078541E+0001
89850     -0.37078479E+0001
89900     -0.37078612E+0001
89950     -0.37078468E+0001
90000     -0.37078639E+0001
90050     -0.37078692E+0001
90100     -0.37078009E+0001
90150     -0.37078358E+0001
90200     -0.37078587E+0001
90250     -0.37078099E+0001
90300     -0.37077461E+0001
90350     -0.37077710E+0001
90400     -0.37078237E+0001
90450     -0.37077754E+0001
90500     -0.37078726E+0001
90550     -0.37078897E+0001
90600     -0.37079194E+0001
90650     -0.37078796E+0001
90700     -0.37079258E+0001
90750     -0.37078550E+0001
90800     -0.37078726E+0001
90850     -0.37078909E+0001
90900     -0.37078573E+0001
90950     -0.37078922E+0001
91000     -0.37078827E+0001
91050     -0.37078694E+0001
91100     -0.37077897E+0001
91150     -0.37078357E+0001
91200     -0.37078530E+0001
91250     -0.37078564E+0001
91300     -0.37078436E+0001
91350     -0.37079023E+0001
91400     -0.37078160E+0001
91450     -0.37078739E+0001
91500     -0.37078649E+0001
91550     -0.37078946E+0001
91600     -0.37078791E+0001
91650     -0.37078745E+0001
91700     -0.37078703E+0001
91750     -0.37079042E+0001
91800     -0.37078868E+0001
91850     -0.37078388E+0001
91900     -0.37078689E+0001
91950     -0.37078750E+0001
92000     -0.37078434E+0001
92050     -0.37078957E+0001
92100     -0.37078824E+0001
92150     -0.37078387E+0001
92200     -0.37077900E+0001
92250     -0.37078144E+0001
92300     -0.37079181E+0001
92350     -0.37078724E+0001
92400     -0.37078779E+0001
92450     -0.37078458E+0001
92500     -0.37078703E+0001
92550     -0.37078572E+0001
92600     -0.37078956E+0001
92650     -0.37079195E+0001
92700     -0.37079296E+0001
92750     -0.37079256E+0001
92800     -0.37078555E+0001
92850     -0.37077784E+0001
92900     -0.37078420E+0001
92950     -0.37078435E+0001
93000     -0.37078532E+0001
93050     -0.37078871E+0001
93100     -0.37078336E+0001
93150     -0.37078592E+0001
93200     -0.37079100E+0001
93250     -0.37078828E+0001
93300     -0.37078558E+0001
93350     -0.37077702E+0001
93400     -0.37078535E+0001
93450     -0.37078495E+0001
93500     -0.37078377E+0001
93550     -0.37078589E+0001
93600     -0.37078750E+0001
93650     -0.37078594E+0001
93700     -0.37078825E+0001
93750     -0.37078302E+0001
93800     -0.37078584E+0001
93850     -0.37078546E+0001
93900     -0.37078617E+0001
93950     -0.37077911E+0001
94000     -0.37078287E+0001
94050     -0.37079079E+0001
94100     -0.37078621E+0001
94150     -0.37078997E+0001
94200     -0.37078540E+0001
94250     -0.37078718E+0001
94300     -0.37078780E+0001
94350     -0.37079158E+0001
94400     -0.37079026E+0001
94450     -0.37078400E+0001
94500     -0.37078411E+0001
94550     -0.37078754E+0001
94600     -0.37078338E+0001
94650     -0.37078748E+0001
94700     -0.37077994E+0001
94750     -0.37078296E+0001
94800     -0.37079017E+0001
94850     -0.37079243E+0001
94900     -0.37078961E+0001
94950     -0.37078908E+0001
95000     -0.37078143E+0001
95050     -0.37078770E+0001
95100     -0.37078528E+0001
95150     -0.37078849E+0001
95200     -0.37079165E+0001
95250     -0.37078493E+0001
95300     -0.37078456E+0001
95350     -0.37078138E+0001
95400     -0.37078813E+0001
95450     -0.37078369E+0001
95500     -0.37078711E+0001
95550     -0.37078579E+0001
95600     -0.37078810E+0001
95650     -0.37078055E+0001
95700     -0.37078456E+0001
95750     -0.37078223E+0001
95800     -0.37077898E+0001
95850     -0.37077949E+0001
95900     -0.37077951E+0001
95950     -0.37078485E+0001
96000     -0.37078730E+0001
