     1   -0.39239798E+0001   -0.39246322E+0001    0.19296876E+0001     11995
    50   -0.39249216E+0001   -0.39292743E+0001    0.13377796E+0001     12547
   100   -0.39275444E+0001   -0.39312746E+0001    0.11261266E+0001     13287
   150   -0.39295123E+0001   -0.39335498E+0001    0.93516595E+0000     13586
   200   -0.39312022E+0001   -0.39349240E+0001    0.86545905E+0000     13834
   250   -0.39325648E+0001   -0.39361904E+0001    0.74875906E+0000     14082
   300   -0.39339358E+0001   -0.39373711E+0001    0.60477780E+0000     14323
   350   -0.39352090E+0001   -0.39377816E+0001    0.58977335E+0000     14519
   400   -0.39360706E+0001   -0.39383995E+0001    0.56339364E+0000     14875
     1   -0.39239724E+0001   -0.39245664E+0001    0.19296876E+0001     12008
    50   -0.39249025E+0001   -0.39311309E+0001    0.11886017E+0001     12917
   100   -0.39287958E+0001   -0.39332327E+0001    0.98504818E+0000     13659
   150   -0.39305428E+0001   -0.39341308E+0001    0.91440692E+0000     13949
   200   -0.39317921E+0001   -0.39353282E+0001    0.84832741E+0000     14278
   250   -0.39328809E+0001   -0.39363146E+0001    0.74195390E+0000     14783
   300   -0.39341650E+0001   -0.39372314E+0001    0.67805122E+0000     15074
   350   -0.39351918E+0001   -0.39377735E+0001    0.63377426E+0000     15496
   400   -0.39359608E+0001   -0.39378352E+0001    0.57921942E+0000     15610
     1   -0.39239645E+0001   -0.39245741E+0001    0.19296876E+0001     11996
    50   -0.39242674E+0001   -0.39290245E+0001    0.12938915E+0001     12661
   100   -0.39271849E+0001   -0.39315409E+0001    0.11517267E+0001     13444
   150   -0.39287332E+0001   -0.39326784E+0001    0.10211889E+0001     13807
   200   -0.39300324E+0001   -0.39334678E+0001    0.93455226E+0000     14249
   250   -0.39310735E+0001   -0.39345516E+0001    0.89265547E+0000     14997
   300   -0.39319771E+0001   -0.39349133E+0001    0.83090974E+0000     15175
   350   -0.39328654E+0001   -0.39359780E+0001    0.67851185E+0000     15451
   400   -0.39336781E+0001   -0.39369455E+0001    0.67438332E+0000     15480
     1   -0.39239549E+0001   -0.39245899E+0001    0.19296876E+0001     11993
    50   -0.39238957E+0001   -0.39292930E+0001    0.13895270E+0001     12683
   100   -0.39265082E+0001   -0.39307607E+0001    0.11887023E+0001     13386
   150   -0.39279091E+0001   -0.39323059E+0001    0.10263645E+0001     14139
   200   -0.39291294E+0001   -0.39329375E+0001    0.93013494E+0000     14459
   250   -0.39302830E+0001   -0.39331635E+0001    0.84948279E+0000     14725
   300   -0.39308343E+0001   -0.39339676E+0001    0.78665605E+0000     15095
   350   -0.39316386E+0001   -0.39352203E+0001    0.73145465E+0000     15701
   400   -0.39324889E+0001   -0.39357827E+0001    0.70882181E+0000     15971
     1   -0.39239489E+0001   -0.39246263E+0001    0.19296876E+0001     11997
    50   -0.39234979E+0001   -0.39288188E+0001    0.13672478E+0001     12646
   100   -0.39266541E+0001   -0.39313408E+0001    0.11796905E+0001     13554
   150   -0.39282685E+0001   -0.39322002E+0001    0.10194181E+0001     14295
   200   -0.39295740E+0001   -0.39333596E+0001    0.95823515E+0000     14704
   250   -0.39306284E+0001   -0.39341194E+0001    0.88911837E+0000     14973
   300   -0.39316622E+0001   -0.39354662E+0001    0.85931968E+0000     15097
   350   -0.39327275E+0001   -0.39364768E+0001    0.75450168E+0000     15857
   400   -0.39336723E+0001   -0.39372778E+0001    0.58375054E+0000     16374
     1   -0.39239412E+0001   -0.39245901E+0001    0.19296876E+0001     12007
    50   -0.39229937E+0001   -0.39279456E+0001    0.14750982E+0001     12476
   100   -0.39248981E+0001   -0.39297262E+0001    0.12833880E+0001     13184
   150   -0.39257484E+0001   -0.39311030E+0001    0.11444406E+0001     13787
   200   -0.39271280E+0001   -0.39326085E+0001    0.99746729E+0000     14589
   250   -0.39293929E+0001   -0.39338843E+0001    0.92790087E+0000     15307
   300   -0.39308582E+0001   -0.39343864E+0001    0.87311852E+0000     15804
   350   -0.39316027E+0001   -0.39353286E+0001    0.78330982E+0000     16093
   400   -0.39326265E+0001   -0.39358061E+0001    0.73938127E+0000     16430
     1   -0.39239354E+0001   -0.39245911E+0001    0.19296876E+0001     12003
    50   -0.39228967E+0001   -0.39281391E+0001    0.14886845E+0001     12449
   100   -0.39245708E+0001   -0.39298369E+0001    0.12569217E+0001     13268
   150   -0.39266850E+0001   -0.39307323E+0001    0.10811812E+0001     13954
   200   -0.39276099E+0001   -0.39316366E+0001    0.10487590E+0001     14672
   250   -0.39281811E+0001   -0.39327909E+0001    0.10026276E+0001     15392
   300   -0.39289505E+0001   -0.39333545E+0001    0.91602067E+0000     15955
   350   -0.39300772E+0001   -0.39337518E+0001    0.89449284E+0000     16413
   400   -0.39311209E+0001   -0.39351484E+0001    0.84744846E+0000     17192
     1   -0.39239302E+0001   -0.39247957E+0001    0.19296876E+0001     11999
    50   -0.39224206E+0001   -0.39278534E+0001    0.15510315E+0001     12595
   100   -0.39241048E+0001   -0.39284189E+0001    0.13282279E+0001     13574
   150   -0.39255976E+0001   -0.39295299E+0001    0.11652160E+0001     14548
   200   -0.39268587E+0001   -0.39305959E+0001    0.11338022E+0001     14995
   250   -0.39272113E+0001   -0.39310165E+0001    0.11071746E+0001     15545
   300   -0.39271601E+0001   -0.39318736E+0001    0.10772476E+0001     15659
   350   -0.39272687E+0001   -0.39311124E+0001    0.10724363E+0001     16406
   400   -0.39278817E+0001   -0.39316859E+0001    0.10325089E+0001     17065
     1   -0.39239265E+0001   -0.39245936E+0001    0.19296876E+0001     12003
    50   -0.39224124E+0001   -0.39277872E+0001    0.14544107E+0001     12565
   100   -0.39241502E+0001   -0.39293587E+0001    0.12861560E+0001     13726
   150   -0.39255419E+0001   -0.39302940E+0001    0.11984464E+0001     14718
   200   -0.39268535E+0001   -0.39312778E+0001    0.11273608E+0001     15467
   250   -0.39276131E+0001   -0.39325633E+0001    0.10532254E+0001     16079
   300   -0.39287706E+0001   -0.39332536E+0001    0.90580193E+0000     16906
   350   -0.39296878E+0001   -0.39339248E+0001    0.88579253E+0000     17358
   400   -0.39299088E+0001   -0.39347006E+0001    0.79818040E+0000     17947
     1   -0.39239221E+0001   -0.39246526E+0001    0.19296876E+0001     11996
    50   -0.39221935E+0001   -0.39278249E+0001    0.14647367E+0001     12660
   100   -0.39245636E+0001   -0.39291378E+0001    0.13062612E+0001     13860
   150   -0.39256415E+0001   -0.39304135E+0001    0.11863585E+0001     14744
   200   -0.39266748E+0001   -0.39313484E+0001    0.11249981E+0001     15579
   250   -0.39272969E+0001   -0.39320638E+0001    0.10296718E+0001     16122
   300   -0.39280425E+0001   -0.39328403E+0001    0.10056058E+0001     16640
   350   -0.39285219E+0001   -0.39330892E+0001    0.96293426E+0000     17013
   400   -0.39287248E+0001   -0.39340525E+0001    0.89566722E+0000     17319
     1   -0.39239149E+0001   -0.39246932E+0001    0.19296876E+0001     11984
    50   -0.39220464E+0001   -0.39289156E+0001    0.14109217E+0001     12725
   100   -0.39261051E+0001   -0.39316907E+0001    0.12030130E+0001     13498
   150   -0.39276606E+0001   -0.39325517E+0001    0.11409764E+0001     14343
   200   -0.39287875E+0001   -0.39336884E+0001    0.10354161E+0001     14703
   250   -0.39302180E+0001   -0.39346632E+0001    0.97107255E+0000     15431
   300   -0.39312428E+0001   -0.39348851E+0001    0.91571180E+0000     15866
   350   -0.39318669E+0001   -0.39355789E+0001    0.81994721E+0000     16342
   400   -0.39327895E+0001   -0.39361213E+0001    0.80025369E+0000     16724
     1   -0.39239153E+0001   -0.39246032E+0001    0.19296876E+0001     11989
    50   -0.39216197E+0001   -0.39269245E+0001    0.15895222E+0001     12305
   100   -0.39224143E+0001   -0.39278105E+0001    0.14383565E+0001     13094
   150   -0.39237611E+0001   -0.39295437E+0001    0.13086447E+0001     14201
   200   -0.39243355E+0001   -0.39300078E+0001    0.12278869E+0001     14991
   250   -0.39261331E+0001   -0.39307625E+0001    0.11358280E+0001     15789
   300   -0.39270387E+0001   -0.39314948E+0001    0.11085121E+0001     16590
   350   -0.39273760E+0001   -0.39314722E+0001    0.10997775E+0001     17276
   400   -0.39277503E+0001   -0.39325394E+0001    0.10150063E+0001     17670
     1   -0.39239130E+0001   -0.39245732E+0001    0.19296876E+0001     12000
    50   -0.39215708E+0001   -0.39278772E+0001    0.14552996E+0001     12478
   100   -0.39241113E+0001   -0.39290502E+0001    0.13246787E+0001     13303
   150   -0.39251004E+0001   -0.39302288E+0001    0.12228474E+0001     13984
   200   -0.39258180E+0001   -0.39302027E+0001    0.11673418E+0001     14607
   250   -0.39262087E+0001   -0.39305894E+0001    0.11520661E+0001     15314
   300   -0.39264574E+0001   -0.39310353E+0001    0.11403802E+0001     15987
   350   -0.39266361E+0001   -0.39310520E+0001    0.11192749E+0001     16217
   400   -0.39266851E+0001   -0.39322389E+0001    0.11237891E+0001     16935
     1   -0.39239096E+0001   -0.39246318E+0001    0.19296876E+0001     11998
    50   -0.39212569E+0001   -0.39265614E+0001    0.15272063E+0001     12964
   100   -0.39223903E+0001   -0.39274787E+0001    0.14021615E+0001     13983
   150   -0.39231449E+0001   -0.39278958E+0001    0.12864729E+0001     15058
   200   -0.39227159E+0001   -0.39279891E+0001    0.12431995E+0001     15656
   250   -0.39233102E+0001   -0.39289367E+0001    0.11544931E+0001     16342
   300   -0.39240345E+0001   -0.39289783E+0001    0.11198053E+0001     16787
   350   -0.39249587E+0001   -0.39300747E+0001    0.10471996E+0001     17397
   400   -0.39256463E+0001   -0.39303817E+0001    0.98603166E+0000     18365
     1   -0.39239073E+0001   -0.39245881E+0001    0.19296876E+0001     11996
    50   -0.39211218E+0001   -0.39271038E+0001    0.14760873E+0001     12947
   100   -0.39236041E+0001   -0.39287577E+0001    0.13134566E+0001     14190
   150   -0.39239005E+0001   -0.39295590E+0001    0.11699941E+0001     14892
   200   -0.39256544E+0001   -0.39310971E+0001    0.11228637E+0001     15672
   250   -0.39263360E+0001   -0.39306057E+0001    0.11117339E+0001     16753
   300   -0.39258519E+0001   -0.39300903E+0001    0.10696004E+0001     17380
   350   -0.39255590E+0001   -0.39302039E+0001    0.11229285E+0001     17875
   400   -0.39261132E+0001   -0.39318435E+0001    0.10947007E+0001     18222
     1   -0.39239098E+0001   -0.39246613E+0001    0.19296876E+0001     12007
    50   -0.39209175E+0001   -0.39276787E+0001    0.14801649E+0001     12321
   100   -0.39244694E+0001   -0.39298444E+0001    0.12512607E+0001     13477
   150   -0.39253397E+0001   -0.39308514E+0001    0.12325478E+0001     14441
   200   -0.39255559E+0001   -0.39305487E+0001    0.11458335E+0001     15155
   250   -0.39254355E+0001   -0.39295734E+0001    0.10969433E+0001     15638
   300   -0.39251789E+0001   -0.39299975E+0001    0.10387836E+0001     16039
   350   -0.39262761E+0001   -0.39308358E+0001    0.99256574E+0000     16841
   400   -0.39265239E+0001   -0.39313649E+0001    0.98201540E+0000     17467
     1   -0.39239047E+0001   -0.39245732E+0001    0.19296876E+0001     11993
    50   -0.39208370E+0001   -0.39268804E+0001    0.15175530E+0001     12465
   100   -0.39221600E+0001   -0.39276456E+0001    0.13562732E+0001     13569
   150   -0.39224380E+0001   -0.39275302E+0001    0.13510902E+0001     14487
   200   -0.39228806E+0001   -0.39276529E+0001    0.13539326E+0001     15274
   250   -0.39225326E+0001   -0.39290382E+0001    0.12949955E+0001     15217
   300   -0.39226558E+0001   -0.39296326E+0001    0.11777914E+0001     15430
   350   -0.39258094E+0001   -0.39308277E+0001    0.11360635E+0001     16580
   400   -0.39258115E+0001   -0.39316117E+0001    0.11146350E+0001     17292
     1   -0.39239031E+0001   -0.39247076E+0001    0.19296876E+0001     11992
    50   -0.39208166E+0001   -0.39266134E+0001    0.15887201E+0001     12619
   100   -0.39216771E+0001   -0.39282322E+0001    0.14060762E+0001     13561
   150   -0.39229668E+0001   -0.39286497E+0001    0.12752941E+0001     14289
   200   -0.39248691E+0001   -0.39295277E+0001    0.11726313E+0001     15338
   250   -0.39251570E+0001   -0.39300386E+0001    0.10496365E+0001     16327
   300   -0.39261471E+0001   -0.39301467E+0001    0.10383179E+0001     16807
   350   -0.39255060E+0001   -0.39298809E+0001    0.10134787E+0001     17278
   400   -0.39252455E+0001   -0.39306994E+0001    0.10584432E+0001     17788
     1   -0.39239013E+0001   -0.39245441E+0001    0.19296876E+0001     12009
    50   -0.39205863E+0001   -0.39266076E+0001    0.16283881E+0001     12564
   100   -0.39208175E+0001   -0.39267105E+0001    0.15249285E+0001     13675
   150   -0.39207029E+0001   -0.39257577E+0001    0.14517736E+0001     14205
   200   -0.39205293E+0001   -0.39262275E+0001    0.13889452E+0001     15003
   250   -0.39201936E+0001   -0.39252483E+0001    0.13897472E+0001     15327
   300   -0.39196758E+0001   -0.39248305E+0001    0.13619771E+0001     15810
   350   -0.39186032E+0001   -0.39245488E+0001    0.13255989E+0001     16308
   400   -0.39178789E+0001   -0.39251152E+0001    0.12969484E+0001     16916
   450   -0.39187451E+0001   -0.39242813E+0001    0.12963525E+0001     17728
   500   -0.39180327E+0001   -0.39244507E+0001    0.12887347E+0001     18340
   550   -0.39169493E+0001   -0.39239435E+0001    0.12451630E+0001     18693
   600   -0.39173391E+0001   -0.39241289E+0001    0.12648957E+0001     19291
   650   -0.39177099E+0001   -0.39239556E+0001    0.12924849E+0001     19680
   700   -0.39168642E+0001   -0.39233460E+0001    0.12899326E+0001     20439
   750   -0.39159011E+0001   -0.39212747E+0001    0.12880052E+0001     20886
   800   -0.39150722E+0001   -0.39209519E+0001    0.13134552E+0001     21155
   850   -0.39139694E+0001   -0.39206682E+0001    0.13080301E+0001     21704
   900   -0.39130885E+0001   -0.39204341E+0001    0.12850130E+0001     22363
   950   -0.39127145E+0001   -0.39196400E+0001    0.13125709E+0001     22854
  1000   -0.39123052E+0001   -0.39200787E+0001    0.13031166E+0001     23646
  1050   -0.39118216E+0001   -0.39193792E+0001    0.13397576E+0001     24250
  1100   -0.39110266E+0001   -0.39191602E+0001    0.13268163E+0001     25204
  1150   -0.39099813E+0001   -0.39185918E+0001    0.13165449E+0001     26216
  1200   -0.39093798E+0001   -0.39182071E+0001    0.13446017E+0001     26934
  1250   -0.39086445E+0001   -0.39170957E+0001    0.13563994E+0001     27039
  1300   -0.39077559E+0001   -0.39158581E+0001    0.13449126E+0001     27984
  1350   -0.39069421E+0001   -0.39145056E+0001    0.13795753E+0001     28942
  1400   -0.39065845E+0001   -0.39141919E+0001    0.13750936E+0001     30035
  1450   -0.39055145E+0001   -0.39123826E+0001    0.14069309E+0001     30970
  1500   -0.39041732E+0001   -0.39127341E+0001    0.14397691E+0001     32214
  1550   -0.39027782E+0001   -0.39124457E+0001    0.14497760E+0001     33077
  1600   -0.39010705E+0001   -0.39103891E+0001    0.14766291E+0001     34104
  1601   -0.39012407E+0001   -0.39012407E+0001    0.15457359E+0001     12000
  1650   -0.39046110E+0001   -0.39098961E+0001    0.14179264E+0001     12028
  1700   -0.39016735E+0001   -0.39087590E+0001    0.14816793E+0001     12074
  1750   -0.38991656E+0001   -0.39066482E+0001    0.15022836E+0001     12085
  1800   -0.38971255E+0001   -0.39049274E+0001    0.15612305E+0001     12272
  1850   -0.38953164E+0001   -0.39035491E+0001    0.15876366E+0001     12862
  1900   -0.38933938E+0001   -0.39015729E+0001    0.15900815E+0001     13358
  1950   -0.38920190E+0001   -0.38999262E+0001    0.16212307E+0001     13867
  2000   -0.38897534E+0001   -0.38971961E+0001    0.16696890E+0001     14225
  2050   -0.38867320E+0001   -0.38950602E+0001    0.16961427E+0001     14679
  2100   -0.38835550E+0001   -0.38935083E+0001    0.17488595E+0001     15342
  2150   -0.38805411E+0001   -0.38912533E+0001    0.17717268E+0001     15978
  2200   -0.38773036E+0001   -0.38903958E+0001    0.18095951E+0001     16149
  2250   -0.38736371E+0001   -0.38867845E+0001    0.18305256E+0001     16454
  2300   -0.38693974E+0001   -0.38849477E+0001    0.18466013E+0001     16895
  2350   -0.38650932E+0001   -0.38822925E+0001    0.18637852E+0001     17469
  2400   -0.38592467E+0001   -0.38789754E+0001    0.19048431E+0001     18008
  2450   -0.38522629E+0001   -0.38773981E+0001    0.18838282E+0001     18216
  2500   -0.38426158E+0001   -0.38728532E+0001    0.18831684E+0001     18734
  2550   -0.38315483E+0001   -0.38691850E+0001    0.18344123E+0001     19582
  2600   -0.38251717E+0001   -0.38623167E+0001    0.18341333E+0001     20361
  2650   -0.38211033E+0001   -0.38452913E+0001    0.18240360E+0001     20669
  2700   -0.38167358E+0001   -0.38271391E+0001    0.18327703E+0001     21033
  2750   -0.38123501E+0001   -0.38245215E+0001    0.18211840E+0001     21737
  2800   -0.38084013E+0001   -0.38208206E+0001    0.18085482E+0001     22173
  2850   -0.38042745E+0001   -0.38174653E+0001    0.17975503E+0001     22686
  2900   -0.38004399E+0001   -0.38136836E+0001    0.18003039E+0001     23382
  2950   -0.37965776E+0001   -0.38103497E+0001    0.17834288E+0001     23860
  3000   -0.37926885E+0001   -0.38069713E+0001    0.17832767E+0001     24512
  3050   -0.37895715E+0001   -0.38028817E+0001    0.17610224E+0001     25328
  3100   -0.37861860E+0001   -0.38001842E+0001    0.17354236E+0001     26127
  3150   -0.37822944E+0001   -0.37936247E+0001    0.16939654E+0001     26624
  3200   -0.37783805E+0001   -0.37899851E+0001    0.16900159E+0001     27350
  3201   -0.37785972E+0001   -0.37785972E+0001    0.17471261E+0001     12000
  3250   -0.37830171E+0001   -0.37889209E+0001    0.16657880E+0001     12097
  3300   -0.37788015E+0001   -0.37859361E+0001    0.16431675E+0001     12314
  3350   -0.37750618E+0001   -0.37845303E+0001    0.16539404E+0001     12632
  3400   -0.37718155E+0001   -0.37812944E+0001    0.16359398E+0001     13083
  3450   -0.37688384E+0001   -0.37779170E+0001    0.16345610E+0001     13387
  3500   -0.37655264E+0001   -0.37749667E+0001    0.15879270E+0001     13580
  3550   -0.37617102E+0001   -0.37720596E+0001    0.15869967E+0001     13987
  3600   -0.37578398E+0001   -0.37692443E+0001    0.15480182E+0001     14370
  3650   -0.37541074E+0001   -0.37649874E+0001    0.15283402E+0001     14568
  3700   -0.37505734E+0001   -0.37629083E+0001    0.15046518E+0001     15055
  3750   -0.37473920E+0001   -0.37597269E+0001    0.14928818E+0001     15646
  3800   -0.37439070E+0001   -0.37572990E+0001    0.14681992E+0001     16277
  3850   -0.37398204E+0001   -0.37527614E+0001    0.14621145E+0001     16839
  3900   -0.37362341E+0001   -0.37493723E+0001    0.14351533E+0001     17276
  3950   -0.37332839E+0001   -0.37469170E+0001    0.14384537E+0001     17586
  4000   -0.37302081E+0001   -0.37443333E+0001    0.14189956E+0001     18067
  4050   -0.37272440E+0001   -0.37416793E+0001    0.14046044E+0001     18728
  4100   -0.37248731E+0001   -0.37371333E+0001    0.14064060E+0001     18826
  4150   -0.37226280E+0001   -0.37346732E+0001    0.13938297E+0001     19215
  4200   -0.37199654E+0001   -0.37315965E+0001    0.14075757E+0001     19542
  4250   -0.37167814E+0001   -0.37296270E+0001    0.14048573E+0001     19707
  4300   -0.37134006E+0001   -0.37261537E+0001    0.13812556E+0001     20167
  4350   -0.37103934E+0001   -0.37244317E+0001    0.13459288E+0001     20662
  4400   -0.37074609E+0001   -0.37212009E+0001    0.13341775E+0001     21079
  4450   -0.37042580E+0001   -0.37195313E+0001    0.13160175E+0001     21474
  4500   -0.37011567E+0001   -0.37182278E+0001    0.12759762E+0001     22208
  4550   -0.36986119E+0001   -0.37164337E+0001    0.12975440E+0001     22507
  4600   -0.36967602E+0001   -0.37144076E+0001    0.12944129E+0001     23336
  4650   -0.36947165E+0001   -0.37128447E+0001    0.12728778E+0001     24027
  4700   -0.36923829E+0001   -0.37086211E+0001    0.12715429E+0001     24997
  4750   -0.36898939E+0001   -0.37001695E+0001    0.12656997E+0001     25746
  4800   -0.36873000E+0001   -0.36980112E+0001    0.12600658E+0001     26285
  4801   -0.36874146E+0001   -0.36874146E+0001    0.12508592E+0001     12000
  4850   -0.36897488E+0001   -0.36941610E+0001    0.12453756E+0001     11998
  4900   -0.36874826E+0001   -0.36928233E+0001    0.12491022E+0001     11990
  4950   -0.36853226E+0001   -0.36914335E+0001    0.12492892E+0001     12162
  5000   -0.36833302E+0001   -0.36904203E+0001    0.12644585E+0001     12500
  5050   -0.36813060E+0001   -0.36887287E+0001    0.12158870E+0001     12766
  5100   -0.36791714E+0001   -0.36872774E+0001    0.12361200E+0001     13042
  5150   -0.36772034E+0001   -0.36859547E+0001    0.12164819E+0001     13501
  5200   -0.36755741E+0001   -0.36834957E+0001    0.12002819E+0001     13907
  5250   -0.36738921E+0001   -0.36814931E+0001    0.11976729E+0001     13938
  5300   -0.36720892E+0001   -0.36806488E+0001    0.11646600E+0001     14285
  5350   -0.36702046E+0001   -0.36787075E+0001    0.11615274E+0001     14616
  5400   -0.36680606E+0001   -0.36762671E+0001    0.11560652E+0001     14998
  5450   -0.36659133E+0001   -0.36754889E+0001    0.11576874E+0001     15407
  5500   -0.36639435E+0001   -0.36742020E+0001    0.11183466E+0001     15859
  5550   -0.36618051E+0001   -0.36732189E+0001    0.11148414E+0001     16301
  5600   -0.36593875E+0001   -0.36711803E+0001    0.10995997E+0001     16771
  5650   -0.36572049E+0001   -0.36678742E+0001    0.10767965E+0001     17226
  5700   -0.36552277E+0001   -0.36654493E+0001    0.10688865E+0001     17852
  5750   -0.36531767E+0001   -0.36625186E+0001    0.10621271E+0001     18417
  5800   -0.36513134E+0001   -0.36595927E+0001    0.10366150E+0001     18781
  5850   -0.36494870E+0001   -0.36579996E+0001    0.10371373E+0001     19365
  5900   -0.36476655E+0001   -0.36567845E+0001    0.10101677E+0001     19859
  5950   -0.36459484E+0001   -0.36547730E+0001    0.99530239E+0000     20600
  6000   -0.36442034E+0001   -0.36518423E+0001    0.10096134E+0001     20999
  6050   -0.36424945E+0001   -0.36508527E+0001    0.99093819E+0000     21405
  6100   -0.36409960E+0001   -0.36504220E+0001    0.93684272E+0000     21909
  6150   -0.36394389E+0001   -0.36483997E+0001    0.92624090E+0000     22281
  6200   -0.36378041E+0001   -0.36479864E+0001    0.92417833E+0000     22555
  6250   -0.36361470E+0001   -0.36451194E+0001    0.93281303E+0000     22633
  6300   -0.36344966E+0001   -0.36432221E+0001    0.90732802E+0000     23250
  6350   -0.36328043E+0001   -0.36417447E+0001    0.89909271E+0000     23646
  6400   -0.36310500E+0001   -0.36402653E+0001    0.86959786E+0000     24188
  6401   -0.36311006E+0001   -0.36311006E+0001    0.84582857E+0000     12000
  6450   -0.36322039E+0001   -0.36349307E+0001    0.85899932E+0000     11984
  6500   -0.36311865E+0001   -0.36347090E+0001    0.85400205E+0000     12211
  6550   -0.36301369E+0001   -0.36342996E+0001    0.87386033E+0000     12509
  6600   -0.36290421E+0001   -0.36331341E+0001    0.84388553E+0000     12709
  6650   -0.36278814E+0001   -0.36331864E+0001    0.83707247E+0000     12880
  6700   -0.36266700E+0001   -0.36323147E+0001    0.82302796E+0000     13004
  6750   -0.36255170E+0001   -0.36311421E+0001    0.81698619E+0000     13297
  6800   -0.36242921E+0001   -0.36305472E+0001    0.80214145E+0000     13400
  6850   -0.36230306E+0001   -0.36298828E+0001    0.79628532E+0000     13816
  6900   -0.36217650E+0001   -0.36283216E+0001    0.78632529E+0000     14112
  6950   -0.36207304E+0001   -0.36268820E+0001    0.78740371E+0000     14363
  7000   -0.36198156E+0001   -0.36263074E+0001    0.75037803E+0000     14638
  7050   -0.36188269E+0001   -0.36255492E+0001    0.76396610E+0000     15081
  7100   -0.36177382E+0001   -0.36245536E+0001    0.72435142E+0000     15330
  7150   -0.36167085E+0001   -0.36224581E+0001    0.69968750E+0000     15761
  7200   -0.36158374E+0001   -0.36214917E+0001    0.69035020E+0000     16158
  7250   -0.36149575E+0001   -0.36202582E+0001    0.69101182E+0000     16275
  7300   -0.36140414E+0001   -0.36195211E+0001    0.69697992E+0000     16304
  7350   -0.36131038E+0001   -0.36192792E+0001    0.67574554E+0000     17127
  7400   -0.36121488E+0001   -0.36197695E+0001    0.69229270E+0000     17443
  7450   -0.36113121E+0001   -0.36193255E+0001    0.65866204E+0000     17640
  7500   -0.36104948E+0001   -0.36189394E+0001    0.64769834E+0000     18231
  7550   -0.36097106E+0001   -0.36160069E+0001    0.63288980E+0000     18625
  7600   -0.36089983E+0001   -0.36153985E+0001    0.61949559E+0000     18958
  7650   -0.36082199E+0001   -0.36145876E+0001    0.64320193E+0000     19372
  7700   -0.36075142E+0001   -0.36141784E+0001    0.60170259E+0000     19459
  7750   -0.36067997E+0001   -0.36130440E+0001    0.59996938E+0000     19621
  7800   -0.36061709E+0001   -0.36126400E+0001    0.58608028E+0000     20432
  7850   -0.36055986E+0001   -0.36106076E+0001    0.57210442E+0000     20854
  7900   -0.36049178E+0001   -0.36096369E+0001    0.55001084E+0000     21207
  7950   -0.36041055E+0001   -0.36087962E+0001    0.55667219E+0000     21397
  8000   -0.36033275E+0001   -0.36081851E+0001    0.53378427E+0000     21508
  8001   -0.36033454E+0001   -0.36033454E+0001    0.49377016E+0000     12000
  8050   -0.36037317E+0001   -0.36053089E+0001    0.51039594E+0000     12036
  8100   -0.36034128E+0001   -0.36056787E+0001    0.50577599E+0000     12229
  8150   -0.36030821E+0001   -0.36052542E+0001    0.51628205E+0000     12493
  8200   -0.36027083E+0001   -0.36051709E+0001    0.55463600E+0000     12718
  8250   -0.36023325E+0001   -0.36050372E+0001    0.55310998E+0000     13105
  8300   -0.36019582E+0001   -0.36044816E+0001    0.53265416E+0000     13326
  8350   -0.36016139E+0001   -0.36046550E+0001    0.57386081E+0000     13548
  8400   -0.36013564E+0001   -0.36045620E+0001    0.52667860E+0000     13818
  8450   -0.36010992E+0001   -0.36041743E+0001    0.53445864E+0000     14097
  8500   -0.36008323E+0001   -0.36037099E+0001    0.49169938E+0000     14311
  8550   -0.36005663E+0001   -0.36036410E+0001    0.52181818E+0000     14317
  8600   -0.36002658E+0001   -0.36030049E+0001    0.50677134E+0000     14622
  8650   -0.35999361E+0001   -0.36033913E+0001    0.52264923E+0000     15031
  8700   -0.35995712E+0001   -0.36024007E+0001    0.49361432E+0000     15397
  8750   -0.35992442E+0001   -0.36026049E+0001    0.49061276E+0000     15648
  8800   -0.35988964E+0001   -0.36026091E+0001    0.51920585E+0000     15808
  8850   -0.35985051E+0001   -0.36025825E+0001    0.46925814E+0000     16092
  8900   -0.35981322E+0001   -0.36018801E+0001    0.49671681E+0000     16464
  8950   -0.35977953E+0001   -0.36015710E+0001    0.46582051E+0000     16690
  9000   -0.35975302E+0001   -0.36017146E+0001    0.46202249E+0000     17096
  9050   -0.35972795E+0001   -0.36006316E+0001    0.49709359E+0000     17369
  9100   -0.35969700E+0001   -0.36006026E+0001    0.45350350E+0000     17574
  9150   -0.35966858E+0001   -0.36005953E+0001    0.39940948E+0000     18240
  9200   -0.35963643E+0001   -0.35999452E+0001    0.44407167E+0000     18447
  9250   -0.35960123E+0001   -0.35992533E+0001    0.43555740E+0000     18695
  9300   -0.35956345E+0001   -0.35995017E+0001    0.40007557E+0000     18881
  9350   -0.35953084E+0001   -0.35991329E+0001    0.47600044E+0000     19182
  9400   -0.35950204E+0001   -0.35995581E+0001    0.43712824E+0000     19081
  9450   -0.35947639E+0001   -0.35986857E+0001    0.40759270E+0000     19526
  9500   -0.35944480E+0001   -0.35987615E+0001    0.42247500E+0000     19935
  9550   -0.35941127E+0001   -0.35981275E+0001    0.39756840E+0000     20462
  9600   -0.35937726E+0001   -0.35984399E+0001    0.42943061E+0000     20453
  9601   -0.35937803E+0001   -0.35937803E+0001    0.31545014E+0000     12000
  9650   -0.35939419E+0001   -0.35948290E+0001    0.33215838E+0000     11952
  9700   -0.35938230E+0001   -0.35949342E+0001    0.36434788E+0000     11912
  9750   -0.35937245E+0001   -0.35951739E+0001    0.40489791E+0000     12063
  9800   -0.35935825E+0001   -0.35949714E+0001    0.38449351E+0000     12095
  9850   -0.35934331E+0001   -0.35948005E+0001    0.38301176E+0000     12059
  9900   -0.35932750E+0001   -0.35949864E+0001    0.39072541E+0000     12024
  9950   -0.35931433E+0001   -0.35951631E+0001    0.39842979E+0000     11988
 10000   -0.35929732E+0001   -0.35949038E+0001    0.36274103E+0000     12125
 10050   -0.35927836E+0001   -0.35952962E+0001    0.38467077E+0000     12347
 10100   -0.35925853E+0001   -0.35948021E+0001    0.36332582E+0000     12484
 10150   -0.35923798E+0001   -0.35943700E+0001    0.41875896E+0000     12765
 10200   -0.35922000E+0001   -0.35943406E+0001    0.40194044E+0000     13166
 10250   -0.35921184E+0001   -0.35940493E+0001    0.38862768E+0000     13578
 10300   -0.35920649E+0001   -0.35941909E+0001    0.38095464E+0000     13908
 10350   -0.35919800E+0001   -0.35938977E+0001    0.36668468E+0000     14110
 10400   -0.35918658E+0001   -0.35937545E+0001    0.32939104E+0000     14308
 10450   -0.35917738E+0001   -0.35938437E+0001    0.34295599E+0000     14515
 10500   -0.35916906E+0001   -0.35935808E+0001    0.37061577E+0000     14686
 10550   -0.35915932E+0001   -0.35935851E+0001    0.37825736E+0000     15126
 10600   -0.35915157E+0001   -0.35936327E+0001    0.38817811E+0000     15467
 10650   -0.35914414E+0001   -0.35935946E+0001    0.30312046E+0000     15809
 10700   -0.35913893E+0001   -0.35940642E+0001    0.34338527E+0000     15977
 10750   -0.35913373E+0001   -0.35937546E+0001    0.35913729E+0000     16341
 10800   -0.35912967E+0001   -0.35940728E+0001    0.36580572E+0000     16435
 10850   -0.35911944E+0001   -0.35939491E+0001    0.34564032E+0000     16625
 10900   -0.35910245E+0001   -0.35932367E+0001    0.33360699E+0000     17028
 10950   -0.35908949E+0001   -0.35931985E+0001    0.37062345E+0000     17508
 11000   -0.35907742E+0001   -0.35937776E+0001    0.33916554E+0000     17831
 11050   -0.35905853E+0001   -0.35938454E+0001    0.30758840E+0000     18018
 11100   -0.35903843E+0001   -0.35932185E+0001    0.29530003E+0000     18508
 11150   -0.35901880E+0001   -0.35930063E+0001    0.36777670E+0000     18988
 11200   -0.35900311E+0001   -0.35930296E+0001    0.31750111E+0000     19063
 11201   -0.35900338E+0001   -0.35900338E+0001    0.20064978E+0000     12000
 11250   -0.35901016E+0001   -0.35904831E+0001    0.23604746E+0000     12113
 11300   -0.35900668E+0001   -0.35906449E+0001    0.27800462E+0000     12062
 11350   -0.35900260E+0001   -0.35907796E+0001    0.29086593E+0000     12254
 11400   -0.35899841E+0001   -0.35908710E+0001    0.32262351E+0000     12268
 11450   -0.35899256E+0001   -0.35910308E+0001    0.33313673E+0000     12284
 11500   -0.35898647E+0001   -0.35907955E+0001    0.33933137E+0000     12624
 11550   -0.35897832E+0001   -0.35910260E+0001    0.31270776E+0000     12571
 11600   -0.35896764E+0001   -0.35909450E+0001    0.35343123E+0000     12823
 11650   -0.35896084E+0001   -0.35912677E+0001    0.30545457E+0000     13007
 11700   -0.35895750E+0001   -0.35911780E+0001    0.27416544E+0000     13386
 11750   -0.35895377E+0001   -0.35909948E+0001    0.32701555E+0000     13711
 11800   -0.35894943E+0001   -0.35908116E+0001    0.32722071E+0000     14018
 11850   -0.35894363E+0001   -0.35908988E+0001    0.32218252E+0000     14184
 11900   -0.35893825E+0001   -0.35905533E+0001    0.31472860E+0000     14258
 11950   -0.35893293E+0001   -0.35907009E+0001    0.33091379E+0000     14479
 12000   -0.35892803E+0001   -0.35905607E+0001    0.33112433E+0000     14534
 12050   -0.35892355E+0001   -0.35905903E+0001    0.32284472E+0000     14706
 12100   -0.35892178E+0001   -0.35905010E+0001    0.33194460E+0000     14975
 12150   -0.35891972E+0001   -0.35905521E+0001    0.28939471E+0000     15250
 12200   -0.35891736E+0001   -0.35905648E+0001    0.33384726E+0000     15457
 12250   -0.35891483E+0001   -0.35904413E+0001    0.32021508E+0000     15420
 12300   -0.35891353E+0001   -0.35901790E+0001    0.36744794E+0000     15515
 12350   -0.35891035E+0001   -0.35902980E+0001    0.29801883E+0000     15665
 12400   -0.35890387E+0001   -0.35902458E+0001    0.36622204E+0000     16020
 12450   -0.35889750E+0001   -0.35900987E+0001    0.29531324E+0000     16019
 12500   -0.35889405E+0001   -0.35901107E+0001    0.27615692E+0000     16233
 12550   -0.35889170E+0001   -0.35901975E+0001    0.29845070E+0000     16552
 12600   -0.35888967E+0001   -0.35904019E+0001    0.31010436E+0000     17076
 12650   -0.35888881E+0001   -0.35900652E+0001    0.24335050E+0000     17385
 12700   -0.35888688E+0001   -0.35899054E+0001    0.27921068E+0000     17671
 12750   -0.35888655E+0001   -0.35902254E+0001    0.30909586E+0000     17908
 12800   -0.35888744E+0001   -0.35903670E+0001    0.28786161E+0000     18267
 12801   -0.35888758E+0001   -0.35888758E+0001    0.14213797E+0000     12000
 12850   -0.35889104E+0001   -0.35890888E+0001    0.20205164E+0000     12036
 12900   -0.35888913E+0001   -0.35892754E+0001    0.25995966E+0000     12175
 12950   -0.35888741E+0001   -0.35892924E+0001    0.26507020E+0000     12574
 13000   -0.35888595E+0001   -0.35892835E+0001    0.26012728E+0000     12976
 13050   -0.35888333E+0001   -0.35892280E+0001    0.24347461E+0000     13356
 13100   -0.35888149E+0001   -0.35893924E+0001    0.31313844E+0000     13402
 13150   -0.35888065E+0001   -0.35894375E+0001    0.27016951E+0000     13670
 13200   -0.35887841E+0001   -0.35896500E+0001    0.28074578E+0000     13880
 13250   -0.35887621E+0001   -0.35896143E+0001    0.25824402E+0000     13963
 13300   -0.35887446E+0001   -0.35895753E+0001    0.30611155E+0000     14113
 13350   -0.35887176E+0001   -0.35896063E+0001    0.29308951E+0000     14715
 13400   -0.35886893E+0001   -0.35896415E+0001    0.22193074E+0000     15084
 13450   -0.35886381E+0001   -0.35897077E+0001    0.26501569E+0000     15440
 13500   -0.35885949E+0001   -0.35896971E+0001    0.26167453E+0000     15491
 13550   -0.35885501E+0001   -0.35897382E+0001    0.23145319E+0000     15765
 13600   -0.35885047E+0001   -0.35898021E+0001    0.25828663E+0000     15787
 13650   -0.35884541E+0001   -0.35897722E+0001    0.24136930E+0000     16003
 13700   -0.35884112E+0001   -0.35898452E+0001    0.27977368E+0000     16384
 13750   -0.35883669E+0001   -0.35896102E+0001    0.27050341E+0000     16746
 13800   -0.35883401E+0001   -0.35893613E+0001    0.31229554E+0000     16986
 13850   -0.35883187E+0001   -0.35893196E+0001    0.25841906E+0000     17170
 13900   -0.35882948E+0001   -0.35894655E+0001    0.22099548E+0000     17352
 13950   -0.35882593E+0001   -0.35894648E+0001    0.22150931E+0000     17876
 14000   -0.35882268E+0001   -0.35894151E+0001    0.23046312E+0000     18030
 14050   -0.35881939E+0001   -0.35894156E+0001    0.25148070E+0000     18409
 14100   -0.35881619E+0001   -0.35895522E+0001    0.28679644E+0000     18287
 14150   -0.35881478E+0001   -0.35896069E+0001    0.31269446E+0000     18999
 14200   -0.35881282E+0001   -0.35897882E+0001    0.25795057E+0000     19184
 14250   -0.35881099E+0001   -0.35892351E+0001    0.27626691E+0000     19392
 14300   -0.35880919E+0001   -0.35891412E+0001    0.23997679E+0000     19567
 14350   -0.35880806E+0001   -0.35888930E+0001    0.27740416E+0000     20097
 14400   -0.35880756E+0001   -0.35890013E+0001    0.26355144E+0000     20430
 14450   -0.35880841E+0001   -0.35887763E+0001    0.25981199E+0000     20870
 14500   -0.35880807E+0001   -0.35887775E+0001    0.27347375E+0000     21425
 14550   -0.35880774E+0001   -0.35888568E+0001    0.30088213E+0000     21562
 14600   -0.35880632E+0001   -0.35888568E+0001    0.28623744E+0000     21660
 14650   -0.35880379E+0001   -0.35888180E+0001    0.24886360E+0000     22362
 14700   -0.35880181E+0001   -0.35886989E+0001    0.26327135E+0000     22812
 14750   -0.35879913E+0001   -0.35886730E+0001    0.26394756E+0000     23169
 14800   -0.35879722E+0001   -0.35887401E+0001    0.27136538E+0000     23393
 14850   -0.35879550E+0001   -0.35887832E+0001    0.24579235E+0000     23826
 14900   -0.35879448E+0001   -0.35887683E+0001    0.28916945E+0000     24257
 14950   -0.35879407E+0001   -0.35888248E+0001    0.21403248E+0000     24917
 15000   -0.35879274E+0001   -0.35887418E+0001    0.26090495E+0000     25205
 15050   -0.35879099E+0001   -0.35886479E+0001    0.25029194E+0000     25768
 15100   -0.35878946E+0001   -0.35886713E+0001    0.28280092E+0000     26000
 15150   -0.35879052E+0001   -0.35888903E+0001    0.29059030E+0000     26367
 15200   -0.35879182E+0001   -0.35889784E+0001    0.26118397E+0000     26661
 15250   -0.35879172E+0001   -0.35888600E+0001    0.26828311E+0000     27135
 15300   -0.35879185E+0001   -0.35888798E+0001    0.25623154E+0000     27325
 15350   -0.35879176E+0001   -0.35889875E+0001    0.23334521E+0000     28019
 15400   -0.35879157E+0001   -0.35888883E+0001    0.31284774E+0000     28653
 15450   -0.35879113E+0001   -0.35889462E+0001    0.27433493E+0000     29142
 15500   -0.35879061E+0001   -0.35889244E+0001    0.22489386E+0000     29351
 15550   -0.35878968E+0001   -0.35890356E+0001    0.24352914E+0000     30096
 15600   -0.35878889E+0001   -0.35888330E+0001    0.24229625E+0000     30597
 15650   -0.35878879E+0001   -0.35888970E+0001    0.24378591E+0000     31079
 15700   -0.35878895E+0001   -0.35888218E+0001    0.22770324E+0000     31855
 15750   -0.35878934E+0001   -0.35889459E+0001    0.24652710E+0000     32252
 15800   -0.35878996E+0001   -0.35887871E+0001    0.24696624E+0000     32777
 15850   -0.35879022E+0001   -0.35887361E+0001    0.19847726E+0000     33094
 15900   -0.35879006E+0001   -0.35887124E+0001    0.22206456E+0000     33433
 15950   -0.35878951E+0001   -0.35889000E+0001    0.26605141E+0000     34042
 16000   -0.35878894E+0001   -0.35888262E+0001    0.25196586E+0000     34827
 16001   -0.35878616E+0001   -0.35878616E+0001    0.57293512E-0001         1
 16050   -0.35875020E+0001   -0.35875020E+0001    0.33567750E+0000         1
 16100   -0.35875817E+0001   -0.35875817E+0001    0.34110760E+0000         1
 16150   -0.35874826E+0001   -0.35874826E+0001    0.36438211E+0000         1
 16200   -0.35871267E+0001   -0.35871267E+0001    0.46475565E+0000         1
 16250   -0.35870296E+0001   -0.35870296E+0001    0.39805077E+0000         1
 16300   -0.35871477E+0001   -0.35871477E+0001    0.40148821E+0000         1
 16350   -0.35866031E+0001   -0.35866031E+0001    0.54254182E+0000         1
 16400   -0.35871659E+0001   -0.35871659E+0001    0.42385135E+0000         1
 16450   -0.35866674E+0001   -0.35866674E+0001    0.55026554E+0000         1
 16500   -0.35865857E+0001   -0.35865857E+0001    0.64887900E+0000         1
 16550   -0.35868989E+0001   -0.35868989E+0001    0.47317615E+0000         1
 16600   -0.35874072E+0001   -0.35874072E+0001    0.26412939E+0000         1
 16650   -0.35871835E+0001   -0.35871835E+0001    0.42446522E+0000         1
 16700   -0.35868004E+0001   -0.35868004E+0001    0.50899601E+0000         1
 16750   -0.35868914E+0001   -0.35868914E+0001    0.51944406E+0000         1
 16800   -0.35872367E+0001   -0.35872367E+0001    0.46438810E+0000         1
 16850   -0.35868930E+0001   -0.35868930E+0001    0.64162880E+0000         1
 16900   -0.35872033E+0001   -0.35872033E+0001    0.54595264E+0000         1
 16950   -0.35872319E+0001   -0.35872319E+0001    0.50603427E+0000         1
 17000   -0.35874136E+0001   -0.35874136E+0001    0.29540214E+0000         1
 17050   -0.35871835E+0001   -0.35871835E+0001    0.56681892E+0000         1
 17100   -0.35875181E+0001   -0.35875181E+0001    0.35428938E+0000         1
 17150   -0.35875005E+0001   -0.35875005E+0001    0.35929304E+0000         1
 17200   -0.35874012E+0001   -0.35874012E+0001    0.41178996E+0000         1
 17250   -0.35873690E+0001   -0.35873690E+0001    0.51944902E+0000         1
 17300   -0.35865293E+0001   -0.35865293E+0001    0.64812339E+0000         1
 17350   -0.35872455E+0001   -0.35872455E+0001    0.61421208E+0000         1
 17400   -0.35872198E+0001   -0.35872198E+0001    0.42101305E+0000         1
 17450   -0.35869225E+0001   -0.35869225E+0001    0.55494102E+0000         1
 17500   -0.35870682E+0001   -0.35870682E+0001    0.53595030E+0000         1
 17550   -0.35873945E+0001   -0.35873945E+0001    0.37625979E+0000         1
 17600   -0.35873085E+0001   -0.35873085E+0001    0.35940109E+0000         1
 17650   -0.35870499E+0001   -0.35870499E+0001    0.51690723E+0000         1
 17700   -0.35871693E+0001   -0.35871693E+0001    0.53876580E+0000         1
 17750   -0.35875423E+0001   -0.35875423E+0001    0.46778732E+0000         1
 17800   -0.35869778E+0001   -0.35869778E+0001    0.66760951E+0000         1
 17850   -0.35872616E+0001   -0.35872616E+0001    0.62377626E+0000         1
 17900   -0.35868606E+0001   -0.35868606E+0001    0.60847758E+0000         1
 17950   -0.35874908E+0001   -0.35874908E+0001    0.51934864E+0000         1
 18000   -0.35876135E+0001   -0.35876135E+0001    0.35548759E+0000         1
 18050   -0.35876325E+0001   -0.35876325E+0001    0.29992176E+0000         1
 18100   -0.35873980E+0001   -0.35873980E+0001    0.38943374E+0000         1
 18150   -0.35866149E+0001   -0.35866149E+0001    0.56168337E+0000         1
 18200   -0.35865552E+0001   -0.35865552E+0001    0.57181368E+0000         1
 18250   -0.35874697E+0001   -0.35874697E+0001    0.45710402E+0000         1
 18300   -0.35868665E+0001   -0.35868665E+0001    0.56352652E+0000         1
 18350   -0.35869034E+0001   -0.35869034E+0001    0.68576964E+0000         1
 18400   -0.35871002E+0001   -0.35871002E+0001    0.41522970E+0000         1
 18450   -0.35869020E+0001   -0.35869020E+0001    0.50277406E+0000         1
 18500   -0.35872660E+0001   -0.35872660E+0001    0.48910116E+0000         1
 18550   -0.35868470E+0001   -0.35868470E+0001    0.60669767E+0000         1
 18600   -0.35869932E+0001   -0.35869932E+0001    0.55883276E+0000         1
 18650   -0.35870398E+0001   -0.35870398E+0001    0.54826616E+0000         1
 18700   -0.35865834E+0001   -0.35865834E+0001    0.71899313E+0000         1
 18750   -0.35868434E+0001   -0.35868434E+0001    0.55209235E+0000         1
 18800   -0.35865238E+0001   -0.35865238E+0001    0.79228749E+0000         1
 18850   -0.35860485E+0001   -0.35860485E+0001    0.79614235E+0000         1
 18900   -0.35869561E+0001   -0.35869561E+0001    0.58885145E+0000         1
 18950   -0.35873787E+0001   -0.35873787E+0001    0.44224060E+0000         1
 19000   -0.35870457E+0001   -0.35870457E+0001    0.61382889E+0000         1
 19050   -0.35879023E+0001   -0.35879023E+0001    0.37852699E+0000         1
 19100   -0.35873404E+0001   -0.35873404E+0001    0.57920631E+0000         1
 19150   -0.35871332E+0001   -0.35871332E+0001    0.65203770E+0000         1
 19200   -0.35876845E+0001   -0.35876845E+0001    0.39830143E+0000         1
 19250   -0.35880230E+0001   -0.35880230E+0001    0.36567455E+0000         1
 19300   -0.35877809E+0001   -0.35877809E+0001    0.50964334E+0000         1
 19350   -0.35878009E+0001   -0.35878009E+0001    0.53217537E+0000         1
 19400   -0.35881402E+0001   -0.35881402E+0001    0.43562527E+0000         1
 19450   -0.35880173E+0001   -0.35880173E+0001    0.53729515E+0000         1
 19500   -0.35879822E+0001   -0.35879822E+0001    0.49123049E+0000         1
 19550   -0.35881013E+0001   -0.35881013E+0001    0.35644106E+0000         1
 19600   -0.35883232E+0001   -0.35883232E+0001    0.27849388E+0000         1
 19650   -0.35882428E+0001   -0.35882428E+0001    0.32995244E+0000         1
 19700   -0.35878237E+0001   -0.35878237E+0001    0.46215286E+0000         1
 19750   -0.35873489E+0001   -0.35873489E+0001    0.51331744E+0000         1
 19800   -0.35875836E+0001   -0.35875836E+0001    0.47608500E+0000         1
 19850   -0.35877612E+0001   -0.35877612E+0001    0.46963651E+0000         1
 19900   -0.35881574E+0001   -0.35881574E+0001    0.37063633E+0000         1
 19950   -0.35875391E+0001   -0.35875391E+0001    0.58125086E+0000         1
 20000   -0.35874241E+0001   -0.35874241E+0001    0.59232509E+0000         1
 20050   -0.35877171E+0001   -0.35877171E+0001    0.57474181E+0000         1
 20100   -0.35871750E+0001   -0.35871750E+0001    0.75396747E+0000         1
 20150   -0.35872151E+0001   -0.35872151E+0001    0.69439454E+0000         1
 20200   -0.35872430E+0001   -0.35872430E+0001    0.64275618E+0000         1
 20250   -0.35875164E+0001   -0.35875164E+0001    0.64563319E+0000         1
 20300   -0.35875631E+0001   -0.35875631E+0001    0.49115995E+0000         1
 20350   -0.35879733E+0001   -0.35879733E+0001    0.32825654E+0000         1
 20400   -0.35878138E+0001   -0.35878138E+0001    0.46742786E+0000         1
 20450   -0.35874957E+0001   -0.35874957E+0001    0.56954985E+0000         1
 20500   -0.35874800E+0001   -0.35874800E+0001    0.48090925E+0000         1
 20550   -0.35875390E+0001   -0.35875390E+0001    0.40358051E+0000         1
 20600   -0.35874435E+0001   -0.35874435E+0001    0.48337929E+0000         1
 20650   -0.35874158E+0001   -0.35874158E+0001    0.62570634E+0000         1
 20700   -0.35881165E+0001   -0.35881165E+0001    0.29668826E+0000         1
 20750   -0.35880616E+0001   -0.35880616E+0001    0.33209193E+0000         1
 20800   -0.35880847E+0001   -0.35880847E+0001    0.34158384E+0000         1
 20850   -0.35880993E+0001   -0.35880993E+0001    0.41260256E+0000         1
 20900   -0.35879602E+0001   -0.35879602E+0001    0.58478732E+0000         1
 20950   -0.35879574E+0001   -0.35879574E+0001    0.52363809E+0000         1
 21000   -0.35881630E+0001   -0.35881630E+0001    0.46021372E+0000         1
 21050   -0.35881397E+0001   -0.35881397E+0001    0.46874061E+0000         1
 21100   -0.35881260E+0001   -0.35881260E+0001    0.50595590E+0000         1
 21150   -0.35879144E+0001   -0.35879144E+0001    0.49191188E+0000         1
 21200   -0.35878629E+0001   -0.35878629E+0001    0.59792757E+0000         1
 21250   -0.35886291E+0001   -0.35886291E+0001    0.40866816E+0000         1
 21300   -0.35880974E+0001   -0.35880974E+0001    0.54783080E+0000         1
 21350   -0.35885587E+0001   -0.35885587E+0001    0.37191822E+0000         1
 21400   -0.35882953E+0001   -0.35882953E+0001    0.57957043E+0000         1
 21450   -0.35888376E+0001   -0.35888376E+0001    0.49052993E+0000         1
 21500   -0.35884117E+0001   -0.35884117E+0001    0.55527781E+0000         1
 21550   -0.35889842E+0001   -0.35889842E+0001    0.51344215E+0000         1
 21600   -0.35891613E+0001   -0.35891613E+0001    0.42927179E+0000         1
 21650   -0.35887153E+0001   -0.35887153E+0001    0.55736097E+0000         1
 21700   -0.35891545E+0001   -0.35891545E+0001    0.53039231E+0000         1
 21750   -0.35886801E+0001   -0.35886801E+0001    0.67353948E+0000         1
 21800   -0.35887927E+0001   -0.35887927E+0001    0.66817841E+0000         1
 21850   -0.35892766E+0001   -0.35892766E+0001    0.57459067E+0000         1
 21900   -0.35899435E+0001   -0.35899435E+0001    0.45792449E+0000         1
 21950   -0.35904398E+0001   -0.35904398E+0001    0.40766264E+0000         1
 22000   -0.35901801E+0001   -0.35901801E+0001    0.52535249E+0000         1
 22050   -0.35898151E+0001   -0.35898151E+0001    0.62896491E+0000         1
 22100   -0.35902827E+0001   -0.35902827E+0001    0.48765363E+0000         1
 22150   -0.35903573E+0001   -0.35903573E+0001    0.50876309E+0000         1
 22200   -0.35908274E+0001   -0.35908274E+0001    0.57285139E+0000         1
 22250   -0.35915377E+0001   -0.35915377E+0001    0.42577985E+0000         1
 22300   -0.35917042E+0001   -0.35917042E+0001    0.54102585E+0000         1
 22350   -0.35916305E+0001   -0.35916305E+0001    0.73193042E+0000         1
 22400   -0.35915999E+0001   -0.35915999E+0001    0.66936604E+0000         1
 22450   -0.35915879E+0001   -0.35915879E+0001    0.75295698E+0000         1
 22500   -0.35927604E+0001   -0.35927604E+0001    0.53187307E+0000         1
 22550   -0.35926217E+0001   -0.35926217E+0001    0.59003247E+0000         1
 22600   -0.35931961E+0001   -0.35931961E+0001    0.55734562E+0000         1
 22650   -0.35935517E+0001   -0.35935517E+0001    0.62988092E+0000         1
 22700   -0.35941626E+0001   -0.35941626E+0001    0.59775003E+0000         1
 22750   -0.35949591E+0001   -0.35949591E+0001    0.56151391E+0000         1
 22800   -0.35948361E+0001   -0.35948361E+0001    0.58585848E+0000         1
 22850   -0.35950643E+0001   -0.35950643E+0001    0.61755649E+0000         1
 22900   -0.35957940E+0001   -0.35957940E+0001    0.51564061E+0000         1
 22950   -0.35962782E+0001   -0.35962782E+0001    0.48756894E+0000         1
 23000   -0.35966183E+0001   -0.35966183E+0001    0.55016587E+0000         1
 23050   -0.35971898E+0001   -0.35971898E+0001    0.69803261E+0000         1
 23100   -0.35975149E+0001   -0.35975149E+0001    0.70142788E+0000         1
 23150   -0.35988058E+0001   -0.35988058E+0001    0.56442003E+0000         1
 23200   -0.36003455E+0001   -0.36003455E+0001    0.65945888E+0000         1
 23250   -0.36007492E+0001   -0.36007492E+0001    0.68171852E+0000         1
 23300   -0.36015355E+0001   -0.36015355E+0001    0.68426039E+0000         1
 23350   -0.36029725E+0001   -0.36029725E+0001    0.69989281E+0000         1
 23400   -0.36041527E+0001   -0.36041527E+0001    0.62090424E+0000         1
 23450   -0.36046832E+0001   -0.36046832E+0001    0.67920268E+0000         1
 23500   -0.36045432E+0001   -0.36045432E+0001    0.80540704E+0000         1
 23550   -0.36060704E+0001   -0.36060704E+0001    0.75522761E+0000         1
 23600   -0.36069536E+0001   -0.36069536E+0001    0.77964143E+0000         1
 23650   -0.36074531E+0001   -0.36074531E+0001    0.67702795E+0000         1
 23700   -0.36079324E+0001   -0.36079324E+0001    0.74045457E+0000         1
 23750   -0.36090540E+0001   -0.36090540E+0001    0.75131679E+0000         1
 23800   -0.36104171E+0001   -0.36104171E+0001    0.85950823E+0000         1
 23850   -0.36117254E+0001   -0.36117254E+0001    0.75698767E+0000         1
 23900   -0.36117602E+0001   -0.36117602E+0001    0.95463310E+0000         1
 23950   -0.36128649E+0001   -0.36128649E+0001    0.10193358E+0001         1
 24000   -0.36146030E+0001   -0.36146030E+0001    0.82669460E+0000         1
 24050   -0.36152943E+0001   -0.36152943E+0001    0.76117921E+0000         1
 24100   -0.36166582E+0001   -0.36166582E+0001    0.84933682E+0000         1
 24150   -0.36180885E+0001   -0.36180885E+0001    0.80656566E+0000         1
 24200   -0.36189071E+0001   -0.36189071E+0001    0.95850859E+0000         1
 24250   -0.36197222E+0001   -0.36197222E+0001    0.92286339E+0000         1
 24300   -0.36197676E+0001   -0.36197676E+0001    0.95725955E+0000         1
 24350   -0.36224725E+0001   -0.36224725E+0001    0.84034292E+0000         1
 24400   -0.36228364E+0001   -0.36228364E+0001    0.84894762E+0000         1
 24450   -0.36250843E+0001   -0.36250843E+0001    0.90333714E+0000         1
 24500   -0.36271973E+0001   -0.36271973E+0001    0.89144394E+0000         1
 24550   -0.36284523E+0001   -0.36284523E+0001    0.90599169E+0000         1
 24600   -0.36310035E+0001   -0.36310035E+0001    0.10084168E+0001         1
 24650   -0.36346527E+0001   -0.36346527E+0001    0.93535676E+0000         1
 24700   -0.36384294E+0001   -0.36384294E+0001    0.99827653E+0000         1
 24750   -0.36395624E+0001   -0.36395624E+0001    0.98314453E+0000         1
 24800   -0.36427222E+0001   -0.36427222E+0001    0.10667757E+0001         1
 24850   -0.36458961E+0001   -0.36458961E+0001    0.11247784E+0001         1
 24900   -0.36490019E+0001   -0.36490019E+0001    0.11492367E+0001         1
 24950   -0.36529196E+0001   -0.36529196E+0001    0.11129470E+0001         1
 25000   -0.36553185E+0001   -0.36553185E+0001    0.10844666E+0001         1
 25050   -0.36586766E+0001   -0.36586766E+0001    0.12119155E+0001         1
 25100   -0.36626904E+0001   -0.36626904E+0001    0.11874497E+0001         1
 25150   -0.36682767E+0001   -0.36682767E+0001    0.12207319E+0001         1
 25200   -0.36731343E+0001   -0.36731343E+0001    0.12714472E+0001         1
 25250   -0.36768053E+0001   -0.36768053E+0001    0.12364005E+0001         1
 25300   -0.36820991E+0001   -0.36820991E+0001    0.12993279E+0001         1
 25350   -0.36873855E+0001   -0.36873855E+0001    0.13464617E+0001         1
 25400   -0.36948608E+0001   -0.36948608E+0001    0.14178522E+0001         1
 25450   -0.36998947E+0001   -0.36998947E+0001    0.14283462E+0001         1
 25500   -0.37069218E+0001   -0.37069218E+0001    0.13963385E+0001         1
 25550   -0.37149188E+0001   -0.37149188E+0001    0.14283256E+0001         1
 25600   -0.37212100E+0001   -0.37212100E+0001    0.14326798E+0001         1
 25650   -0.37240108E+0001   -0.37240108E+0001    0.14606202E+0001         1
 25700   -0.37294883E+0001   -0.37294883E+0001    0.14529076E+0001         1
 25750   -0.37363049E+0001   -0.37363049E+0001    0.14575964E+0001         1
 25800   -0.37395940E+0001   -0.37395940E+0001    0.15294617E+0001         1
 25850   -0.37481091E+0001   -0.37481091E+0001    0.14983449E+0001         1
 25900   -0.37551866E+0001   -0.37551866E+0001    0.14491615E+0001         1
 25950   -0.37606336E+0001   -0.37606336E+0001    0.14477086E+0001         1
 26000   -0.37690312E+0001   -0.37690312E+0001    0.14638581E+0001         1
 26050   -0.37763074E+0001   -0.37763074E+0001    0.15575241E+0001         1
 26100   -0.37866747E+0001   -0.37866747E+0001    0.15011462E+0001         1
 26150   -0.37944000E+0001   -0.37944000E+0001    0.15380818E+0001         1
 26200   -0.38003854E+0001   -0.38003854E+0001    0.16087683E+0001         1
 26250   -0.38069452E+0001   -0.38069452E+0001    0.15697207E+0001         1
 26300   -0.38168150E+0001   -0.38168150E+0001    0.15950927E+0001         1
 26350   -0.38248006E+0001   -0.38248006E+0001    0.16629631E+0001         1
 26400   -0.38338952E+0001   -0.38338952E+0001    0.16743386E+0001         1
 26450   -0.38419374E+0001   -0.38419374E+0001    0.17491338E+0001         1
 26500   -0.38516570E+0001   -0.38516570E+0001    0.17040609E+0001         1
 26550   -0.38582736E+0001   -0.38582736E+0001    0.17125465E+0001         1
 26600   -0.38718628E+0001   -0.38718628E+0001    0.16848552E+0001         1
 26650   -0.38823544E+0001   -0.38823544E+0001    0.16362090E+0001         1
 26700   -0.38904753E+0001   -0.38904753E+0001    0.16171849E+0001         1
 26750   -0.38984548E+0001   -0.38984548E+0001    0.15467520E+0001         1
 26800   -0.39063761E+0001   -0.39063761E+0001    0.14849918E+0001         1
 26850   -0.39111899E+0001   -0.39111899E+0001    0.14291375E+0001         1
 26900   -0.39163834E+0001   -0.39163834E+0001    0.14480795E+0001         1
 26950   -0.39210036E+0001   -0.39210036E+0001    0.12439089E+0001         1
 27000   -0.39252575E+0001   -0.39252575E+0001    0.11484124E+0001         1
 27050   -0.39284680E+0001   -0.39284680E+0001    0.10245458E+0001         1
 27100   -0.39298342E+0001   -0.39298342E+0001    0.10103625E+0001         1
 27150   -0.39307048E+0001   -0.39307048E+0001    0.98187427E+0000         1
 27200   -0.39331348E+0001   -0.39331348E+0001    0.83024529E+0000         1
 27250   -0.39346755E+0001   -0.39346755E+0001    0.85271744E+0000         1
 27300   -0.39360833E+0001   -0.39360833E+0001    0.78463729E+0000         1
 27350   -0.39365599E+0001   -0.39365599E+0001    0.85019701E+0000         1
 27400   -0.39372035E+0001   -0.39372035E+0001    0.75828293E+0000         1
 27450   -0.39380900E+0001   -0.39380900E+0001    0.51023000E+0000         1
 27500   -0.39381525E+0001   -0.39381525E+0001    0.55595266E+0000         1
 27550   -0.39387220E+0001   -0.39387220E+0001    0.57365820E+0000         1
 27600   -0.39388665E+0001   -0.39388665E+0001    0.58094348E+0000         1
 27650   -0.39389308E+0001   -0.39389308E+0001    0.53572965E+0000         1
 27700   -0.39388878E+0001   -0.39388878E+0001    0.41572532E+0000         1
 27750   -0.39385307E+0001   -0.39385307E+0001    0.76664435E+0000         1
 27800   -0.39394508E+0001   -0.39394508E+0001    0.40573576E+0000         1
 27850   -0.39386400E+0001   -0.39386400E+0001    0.58221606E+0000         1
 27900   -0.39387351E+0001   -0.39387351E+0001    0.61129689E+0000         1
 27950   -0.39391191E+0001   -0.39391191E+0001    0.50554196E+0000         1
 28000   -0.39385762E+0001   -0.39385762E+0001    0.65585788E+0000         1
 28050   -0.39395577E+0001   -0.39395577E+0001    0.40938605E+0000         1
 28100   -0.39396089E+0001   -0.39396089E+0001    0.31097998E+0000         1
 28150   -0.39392210E+0001   -0.39392210E+0001    0.51181065E+0000         1
 28200   -0.39393022E+0001   -0.39393022E+0001    0.38786940E+0000         1
 28250   -0.39394897E+0001   -0.39394897E+0001    0.35213651E+0000         1
 28300   -0.39396934E+0001   -0.39396934E+0001    0.34131116E+0000         1
 28350   -0.39395061E+0001   -0.39395061E+0001    0.37460361E+0000         1
 28400   -0.39392924E+0001   -0.39392924E+0001    0.49571985E+0000         1
 28450   -0.39396204E+0001   -0.39396204E+0001    0.39240286E+0000         1
 28500   -0.39394247E+0001   -0.39394247E+0001    0.46209995E+0000         1
 28550   -0.39390845E+0001   -0.39390845E+0001    0.51778381E+0000         1
 28600   -0.39390210E+0001   -0.39390210E+0001    0.54728724E+0000         1
 28650   -0.39389416E+0001   -0.39389416E+0001    0.48431419E+0000         1
 28700   -0.39390483E+0001   -0.39390483E+0001    0.49858961E+0000         1
 28750   -0.39390006E+0001   -0.39390006E+0001    0.53030625E+0000         1
 28800   -0.39396171E+0001   -0.39396171E+0001    0.32375348E+0000         1
 28850   -0.39387546E+0001   -0.39387546E+0001    0.60246977E+0000         1
 28900   -0.39387547E+0001   -0.39387547E+0001    0.54176492E+0000         1
 28950   -0.39391302E+0001   -0.39391302E+0001    0.46652320E+0000         1
 29000   -0.39387092E+0001   -0.39387092E+0001    0.47886584E+0000         1
 29050   -0.39390057E+0001   -0.39390057E+0001    0.37697688E+0000         1
 29100   -0.39388930E+0001   -0.39388930E+0001    0.55240289E+0000         1
 29150   -0.39387718E+0001   -0.39387718E+0001    0.54436113E+0000         1
 29200   -0.39387351E+0001   -0.39387351E+0001    0.57087743E+0000         1
 29250   -0.39381025E+0001   -0.39381025E+0001    0.80687267E+0000         1
 29300   -0.39390031E+0001   -0.39390031E+0001    0.45578619E+0000         1
 29350   -0.39390069E+0001   -0.39390069E+0001    0.46093098E+0000         1
 29400   -0.39382529E+0001   -0.39382529E+0001    0.60044227E+0000         1
 29450   -0.39383290E+0001   -0.39383290E+0001    0.60769970E+0000         1
 29500   -0.39381758E+0001   -0.39381758E+0001    0.62638536E+0000         1
 29550   -0.39389563E+0001   -0.39389563E+0001    0.44882106E+0000         1
 29600   -0.39389732E+0001   -0.39389732E+0001    0.45965066E+0000         1
 29650   -0.39388147E+0001   -0.39388147E+0001    0.54088759E+0000         1
 29700   -0.39377933E+0001   -0.39377933E+0001    0.85630727E+0000         1
 29750   -0.39385800E+0001   -0.39385800E+0001    0.64400441E+0000         1
 29800   -0.39391468E+0001   -0.39391468E+0001    0.61940902E+0000         1
 29850   -0.39391569E+0001   -0.39391569E+0001    0.51250768E+0000         1
 29900   -0.39389987E+0001   -0.39389987E+0001    0.60473109E+0000         1
 29950   -0.39389834E+0001   -0.39389834E+0001    0.52489206E+0000         1
 30000   -0.39386436E+0001   -0.39386436E+0001    0.69556277E+0000         1
 30050   -0.39386477E+0001   -0.39386477E+0001    0.57161992E+0000         1
 30100   -0.39393975E+0001   -0.39393975E+0001    0.41826830E+0000         1
 30150   -0.39394653E+0001   -0.39394653E+0001    0.42611604E+0000         1
 30200   -0.39396940E+0001   -0.39396940E+0001    0.25317143E+0000         1
 30250   -0.39393347E+0001   -0.39393347E+0001    0.35203693E+0000         1
 30300   -0.39389136E+0001   -0.39389136E+0001    0.54633225E+0000         1
 30350   -0.39389842E+0001   -0.39389842E+0001    0.64313805E+0000         1
 30400   -0.39395871E+0001   -0.39395871E+0001    0.35279516E+0000         1
 30450   -0.39395938E+0001   -0.39395938E+0001    0.35989952E+0000         1
 30500   -0.39396527E+0001   -0.39396527E+0001    0.42802986E+0000         1
 30550   -0.39393104E+0001   -0.39393104E+0001    0.51708035E+0000         1
 30600   -0.39385394E+0001   -0.39385394E+0001    0.76979931E+0000         1
 30650   -0.39384103E+0001   -0.39384103E+0001    0.66740938E+0000         1
 30700   -0.39386448E+0001   -0.39386448E+0001    0.50483841E+0000         1
 30750   -0.39378624E+0001   -0.39378624E+0001    0.77167695E+0000         1
 30800   -0.39384876E+0001   -0.39384876E+0001    0.55511128E+0000         1
 30850   -0.39378870E+0001   -0.39378870E+0001    0.68764760E+0000         1
 30900   -0.39387534E+0001   -0.39387534E+0001    0.62089213E+0000         1
 30950   -0.39386608E+0001   -0.39386608E+0001    0.61568182E+0000         1
 31000   -0.39389244E+0001   -0.39389244E+0001    0.53174457E+0000         1
 31050   -0.39386149E+0001   -0.39386149E+0001    0.55206634E+0000         1
 31100   -0.39374922E+0001   -0.39374922E+0001    0.94396362E+0000         1
 31150   -0.39378055E+0001   -0.39378055E+0001    0.80092253E+0000         1
 31200   -0.39378110E+0001   -0.39378110E+0001    0.81431301E+0000         1
 31250   -0.39381761E+0001   -0.39381761E+0001    0.67351415E+0000         1
 31300   -0.39389569E+0001   -0.39389569E+0001    0.54554327E+0000         1
 31350   -0.39391179E+0001   -0.39391179E+0001    0.47647773E+0000         1
 31400   -0.39391145E+0001   -0.39391145E+0001    0.47361062E+0000         1
 31450   -0.39391252E+0001   -0.39391252E+0001    0.48778183E+0000         1
 31500   -0.39392852E+0001   -0.39392852E+0001    0.47375444E+0000         1
 31550   -0.39392259E+0001   -0.39392259E+0001    0.45233865E+0000         1
 31600   -0.39394701E+0001   -0.39394701E+0001    0.33273638E+0000         1
 31650   -0.39393335E+0001   -0.39393335E+0001    0.43009524E+0000         1
 31700   -0.39386263E+0001   -0.39386263E+0001    0.57026959E+0000         1
 31750   -0.39387677E+0001   -0.39387677E+0001    0.65746163E+0000         1
 31800   -0.39390318E+0001   -0.39390318E+0001    0.56934967E+0000         1
 31850   -0.39394389E+0001   -0.39394389E+0001    0.38035281E+0000         1
 31900   -0.39391782E+0001   -0.39391782E+0001    0.45728241E+0000         1
 31950   -0.39385199E+0001   -0.39385199E+0001    0.70729439E+0000         1
 32000   -0.39387018E+0001   -0.39387018E+0001    0.63990738E+0000         1
 32050   -0.39388982E+0001   -0.39388982E+0001    0.61106260E+0000         1
 32100   -0.39395060E+0001   -0.39395060E+0001    0.44820538E+0000         1
 32150   -0.39393885E+0001   -0.39393885E+0001    0.45641895E+0000         1
 32200   -0.39389351E+0001   -0.39389351E+0001    0.55587854E+0000         1
 32250   -0.39385840E+0001   -0.39385840E+0001    0.68807719E+0000         1
 32300   -0.39385729E+0001   -0.39385729E+0001    0.67902284E+0000         1
 32350   -0.39394803E+0001   -0.39394803E+0001    0.39961508E+0000         1
 32400   -0.39390739E+0001   -0.39390739E+0001    0.45924570E+0000         1
 32450   -0.39380294E+0001   -0.39380294E+0001    0.66055971E+0000         1
 32500   -0.39383120E+0001   -0.39383120E+0001    0.61051418E+0000         1
 32550   -0.39386302E+0001   -0.39386302E+0001    0.56877266E+0000         1
 32600   -0.39387245E+0001   -0.39387245E+0001    0.54933980E+0000         1
 32650   -0.39389150E+0001   -0.39389150E+0001    0.48246601E+0000         1
 32700   -0.39388841E+0001   -0.39388841E+0001    0.56751060E+0000         1
 32750   -0.39392105E+0001   -0.39392105E+0001    0.39889605E+0000         1
 32800   -0.39393542E+0001   -0.39393542E+0001    0.37926939E+0000         1
 32850   -0.39393664E+0001   -0.39393664E+0001    0.39648060E+0000         1
 32900   -0.39388785E+0001   -0.39388785E+0001    0.58579578E+0000         1
 32950   -0.39395001E+0001   -0.39395001E+0001    0.29397127E+0000         1
 33000   -0.39393902E+0001   -0.39393902E+0001    0.33595051E+0000         1
 33050   -0.39392183E+0001   -0.39392183E+0001    0.44130311E+0000         1
 33100   -0.39394051E+0001   -0.39394051E+0001    0.38112162E+0000         1
 33150   -0.39383700E+0001   -0.39383700E+0001    0.72223823E+0000         1
 33200   -0.39383007E+0001   -0.39383007E+0001    0.67772190E+0000         1
 33250   -0.39394923E+0001   -0.39394923E+0001    0.44704755E+0000         1
 33300   -0.39394393E+0001   -0.39394393E+0001    0.46414326E+0000         1
 33350   -0.39391203E+0001   -0.39391203E+0001    0.51483111E+0000         1
 33400   -0.39389488E+0001   -0.39389488E+0001    0.65525701E+0000         1
 33450   -0.39391587E+0001   -0.39391587E+0001    0.57338087E+0000         1
 33500   -0.39391979E+0001   -0.39391979E+0001    0.50322024E+0000         1
 33550   -0.39388977E+0001   -0.39388977E+0001    0.67778889E+0000         1
 33600   -0.39387227E+0001   -0.39387227E+0001    0.60187816E+0000         1
 33650   -0.39380736E+0001   -0.39380736E+0001    0.76687773E+0000         1
 33700   -0.39388257E+0001   -0.39388257E+0001    0.58740596E+0000         1
 33750   -0.39389011E+0001   -0.39389011E+0001    0.59860056E+0000         1
 33800   -0.39386606E+0001   -0.39386606E+0001    0.59499107E+0000         1
 33850   -0.39382912E+0001   -0.39382912E+0001    0.63461233E+0000         1
 33900   -0.39387839E+0001   -0.39387839E+0001    0.55204180E+0000         1
 33950   -0.39389572E+0001   -0.39389572E+0001    0.62833268E+0000         1
 34000   -0.39381819E+0001   -0.39381819E+0001    0.83975176E+0000         1
 34050   -0.39385973E+0001   -0.39385973E+0001    0.64464926E+0000         1
 34100   -0.39393647E+0001   -0.39393647E+0001    0.39241513E+0000         1
 34150   -0.39394154E+0001   -0.39394154E+0001    0.37628546E+0000         1
 34200   -0.39384053E+0001   -0.39384053E+0001    0.63614041E+0000         1
 34250   -0.39383832E+0001   -0.39383832E+0001    0.62717542E+0000         1
 34300   -0.39389855E+0001   -0.39389855E+0001    0.52554763E+0000         1
 34350   -0.39387271E+0001   -0.39387271E+0001    0.58383238E+0000         1
 34400   -0.39383716E+0001   -0.39383716E+0001    0.70027117E+0000         1
 34450   -0.39387801E+0001   -0.39387801E+0001    0.48471937E+0000         1
 34500   -0.39394381E+0001   -0.39394381E+0001    0.34278315E+0000         1
 34550   -0.39391073E+0001   -0.39391073E+0001    0.43039676E+0000         1
 34600   -0.39389047E+0001   -0.39389047E+0001    0.56666952E+0000         1
 34650   -0.39393501E+0001   -0.39393501E+0001    0.41141786E+0000         1
 34700   -0.39392073E+0001   -0.39392073E+0001    0.51395139E+0000         1
 34750   -0.39388565E+0001   -0.39388565E+0001    0.56714254E+0000         1
 34800   -0.39389897E+0001   -0.39389897E+0001    0.58970473E+0000         1
 34850   -0.39393839E+0001   -0.39393839E+0001    0.40812601E+0000         1
 34900   -0.39392688E+0001   -0.39392688E+0001    0.43699568E+0000         1
 34950   -0.39390708E+0001   -0.39390708E+0001    0.48631690E+0000         1
 35000   -0.39392318E+0001   -0.39392318E+0001    0.49765190E+0000         1
 35050   -0.39393945E+0001   -0.39393945E+0001    0.38653697E+0000         1
 35100   -0.39393704E+0001   -0.39393704E+0001    0.47254377E+0000         1
 35150   -0.39393652E+0001   -0.39393652E+0001    0.46137971E+0000         1
 35200   -0.39391866E+0001   -0.39391866E+0001    0.55193596E+0000         1
 35250   -0.39389349E+0001   -0.39389349E+0001    0.57040402E+0000         1
 35300   -0.39393039E+0001   -0.39393039E+0001    0.44286820E+0000         1
 35350   -0.39387124E+0001   -0.39387124E+0001    0.62566548E+0000         1
 35400   -0.39389759E+0001   -0.39389759E+0001    0.46382195E+0000         1
 35450   -0.39384596E+0001   -0.39384596E+0001    0.60349986E+0000         1
 35500   -0.39387610E+0001   -0.39387610E+0001    0.55856165E+0000         1
 35550   -0.39386830E+0001   -0.39386830E+0001    0.51861318E+0000         1
 35600   -0.39390570E+0001   -0.39390570E+0001    0.47826725E+0000         1
 35650   -0.39394912E+0001   -0.39394912E+0001    0.37900146E+0000         1
 35700   -0.39393309E+0001   -0.39393309E+0001    0.48900766E+0000         1
 35750   -0.39390227E+0001   -0.39390227E+0001    0.51823102E+0000         1
 35800   -0.39396147E+0001   -0.39396147E+0001    0.40548928E+0000         1
 35850   -0.39393399E+0001   -0.39393399E+0001    0.43435646E+0000         1
 35900   -0.39392140E+0001   -0.39392140E+0001    0.44905303E+0000         1
 35950   -0.39393034E+0001   -0.39393034E+0001    0.40601962E+0000         1
 36000   -0.39386134E+0001   -0.39386134E+0001    0.71361997E+0000         1
 36050   -0.39387874E+0001   -0.39387874E+0001    0.70044802E+0000         1
 36100   -0.39388442E+0001   -0.39388442E+0001    0.63449936E+0000         1
 36150   -0.39388767E+0001   -0.39388767E+0001    0.59084516E+0000         1
 36200   -0.39386214E+0001   -0.39386214E+0001    0.55755982E+0000         1
 36250   -0.39389495E+0001   -0.39389495E+0001    0.42363994E+0000         1
 36300   -0.39388208E+0001   -0.39388208E+0001    0.50415002E+0000         1
 36350   -0.39390183E+0001   -0.39390183E+0001    0.51552767E+0000         1
 36400   -0.39388748E+0001   -0.39388748E+0001    0.55615581E+0000         1
 36450   -0.39389354E+0001   -0.39389354E+0001    0.62015782E+0000         1
 36500   -0.39393565E+0001   -0.39393565E+0001    0.48415508E+0000         1
 36550   -0.39393354E+0001   -0.39393354E+0001    0.36569998E+0000         1
 36600   -0.39393734E+0001   -0.39393734E+0001    0.39913810E+0000         1
 36650   -0.39392608E+0001   -0.39392608E+0001    0.45004624E+0000         1
 36700   -0.39390926E+0001   -0.39390926E+0001    0.45324985E+0000         1
 36750   -0.39391347E+0001   -0.39391347E+0001    0.44068452E+0000         1
 36800   -0.39385639E+0001   -0.39385639E+0001    0.58891482E+0000         1
 36850   -0.39389672E+0001   -0.39389672E+0001    0.49887036E+0000         1
 36900   -0.39389361E+0001   -0.39389361E+0001    0.52269891E+0000         1
 36950   -0.39391378E+0001   -0.39391378E+0001    0.46538227E+0000         1
 37000   -0.39392930E+0001   -0.39392930E+0001    0.41453071E+0000         1
 37050   -0.39393842E+0001   -0.39393842E+0001    0.39856628E+0000         1
 37100   -0.39392947E+0001   -0.39392947E+0001    0.48025732E+0000         1
 37150   -0.39392086E+0001   -0.39392086E+0001    0.46862696E+0000         1
 37200   -0.39391190E+0001   -0.39391190E+0001    0.49685292E+0000         1
 37250   -0.39390520E+0001   -0.39390520E+0001    0.51058536E+0000         1
 37300   -0.39395727E+0001   -0.39395727E+0001    0.34358140E+0000         1
 37350   -0.39391155E+0001   -0.39391155E+0001    0.54857957E+0000         1
 37400   -0.39392500E+0001   -0.39392500E+0001    0.45039370E+0000         1
 37450   -0.39390707E+0001   -0.39390707E+0001    0.48738941E+0000         1
 37500   -0.39389632E+0001   -0.39389632E+0001    0.45743211E+0000         1
 37550   -0.39393820E+0001   -0.39393820E+0001    0.39030787E+0000         1
 37600   -0.39394349E+0001   -0.39394349E+0001    0.51149971E+0000         1
 37650   -0.39392729E+0001   -0.39392729E+0001    0.39952417E+0000         1
 37700   -0.39380323E+0001   -0.39380323E+0001    0.61701214E+0000         1
 37750   -0.39382613E+0001   -0.39382613E+0001    0.61071659E+0000         1
 37800   -0.39378327E+0001   -0.39378327E+0001    0.68857864E+0000         1
 37850   -0.39385466E+0001   -0.39385466E+0001    0.59450422E+0000         1
 37900   -0.39383738E+0001   -0.39383738E+0001    0.64898039E+0000         1
 37950   -0.39383913E+0001   -0.39383913E+0001    0.58441059E+0000         1
 38000   -0.39380726E+0001   -0.39380726E+0001    0.68326343E+0000         1
 38050   -0.39383395E+0001   -0.39383395E+0001    0.57515274E+0000         1
 38100   -0.39376809E+0001   -0.39376809E+0001    0.68265930E+0000         1
 38150   -0.39377998E+0001   -0.39377998E+0001    0.71419537E+0000         1
 38200   -0.39383133E+0001   -0.39383133E+0001    0.47557878E+0000         1
 38250   -0.39382745E+0001   -0.39382745E+0001    0.67554491E+0000         1
 38300   -0.39384905E+0001   -0.39384905E+0001    0.56540685E+0000         1
 38350   -0.39379955E+0001   -0.39379955E+0001    0.68931278E+0000         1
 38400   -0.39381049E+0001   -0.39381049E+0001    0.72944858E+0000         1
 38450   -0.39384253E+0001   -0.39384253E+0001    0.76985038E+0000         1
 38500   -0.39396390E+0001   -0.39396390E+0001    0.26583744E+0000         1
 38550   -0.39388574E+0001   -0.39388574E+0001    0.43436846E+0000         1
 38600   -0.39390301E+0001   -0.39390301E+0001    0.40435868E+0000         1
 38650   -0.39387307E+0001   -0.39387307E+0001    0.49564127E+0000         1
 38700   -0.39382743E+0001   -0.39382743E+0001    0.53855777E+0000         1
 38750   -0.39381336E+0001   -0.39381336E+0001    0.69385756E+0000         1
 38800   -0.39380764E+0001   -0.39380764E+0001    0.80454156E+0000         1
 38850   -0.39387311E+0001   -0.39387311E+0001    0.51769812E+0000         1
 38900   -0.39380943E+0001   -0.39380943E+0001    0.70043661E+0000         1
 38950   -0.39386692E+0001   -0.39386692E+0001    0.54296857E+0000         1
 39000   -0.39387565E+0001   -0.39387565E+0001    0.57928828E+0000         1
 39050   -0.39385122E+0001   -0.39385122E+0001    0.58587889E+0000         1
 39100   -0.39387633E+0001   -0.39387633E+0001    0.53387626E+0000         1
 39150   -0.39390032E+0001   -0.39390032E+0001    0.51305916E+0000         1
 39200   -0.39383218E+0001   -0.39383218E+0001    0.61271556E+0000         1
 39250   -0.39387087E+0001   -0.39387087E+0001    0.56273606E+0000         1
 39300   -0.39394419E+0001   -0.39394419E+0001    0.36861160E+0000         1
 39350   -0.39393508E+0001   -0.39393508E+0001    0.51203029E+0000         1
 39400   -0.39397342E+0001   -0.39397342E+0001    0.27610260E+0000         1
 39450   -0.39396177E+0001   -0.39396177E+0001    0.41630740E+0000         1
 39500   -0.39383990E+0001   -0.39383990E+0001    0.67388043E+0000         1
 39550   -0.39385696E+0001   -0.39385696E+0001    0.58993595E+0000         1
 39600   -0.39392085E+0001   -0.39392085E+0001    0.40756822E+0000         1
 39650   -0.39391308E+0001   -0.39391308E+0001    0.53626733E+0000         1
 39700   -0.39395473E+0001   -0.39395473E+0001    0.30989793E+0000         1
 39750   -0.39394544E+0001   -0.39394544E+0001    0.35823580E+0000         1
 39800   -0.39390857E+0001   -0.39390857E+0001    0.40823365E+0000         1
 39850   -0.39389418E+0001   -0.39389418E+0001    0.52872148E+0000         1
 39900   -0.39386820E+0001   -0.39386820E+0001    0.67370435E+0000         1
 39950   -0.39389920E+0001   -0.39389920E+0001    0.49243246E+0000         1
 40000   -0.39392750E+0001   -0.39392750E+0001    0.51601961E+0000         1
 40050   -0.39389548E+0001   -0.39389548E+0001    0.60940520E+0000         1
 40100   -0.39393031E+0001   -0.39393031E+0001    0.39903974E+0000         1
 40150   -0.39390095E+0001   -0.39390095E+0001    0.48240291E+0000         1
 40200   -0.39389600E+0001   -0.39389600E+0001    0.51650989E+0000         1
 40250   -0.39394092E+0001   -0.39394092E+0001    0.44301238E+0000         1
 40300   -0.39394097E+0001   -0.39394097E+0001    0.41715720E+0000         1
 40350   -0.39383898E+0001   -0.39383898E+0001    0.62105933E+0000         1
 40400   -0.39390930E+0001   -0.39390930E+0001    0.54644753E+0000         1
 40450   -0.39388859E+0001   -0.39388859E+0001    0.62788161E+0000         1
 40500   -0.39388589E+0001   -0.39388589E+0001    0.49829604E+0000         1
 40550   -0.39392642E+0001   -0.39392642E+0001    0.44890745E+0000         1
 40600   -0.39391849E+0001   -0.39391849E+0001    0.47194321E+0000         1
 40650   -0.39390162E+0001   -0.39390162E+0001    0.52397652E+0000         1
 40700   -0.39390548E+0001   -0.39390548E+0001    0.49670674E+0000         1
 40750   -0.39391579E+0001   -0.39391579E+0001    0.46763401E+0000         1
 40800   -0.39393636E+0001   -0.39393636E+0001    0.40841936E+0000         1
 40850   -0.39386947E+0001   -0.39386947E+0001    0.63210890E+0000         1
 40900   -0.39389858E+0001   -0.39389858E+0001    0.56514085E+0000         1
 40950   -0.39386752E+0001   -0.39386752E+0001    0.64049698E+0000         1
 41000   -0.39392455E+0001   -0.39392455E+0001    0.44464385E+0000         1
 41050   -0.39392047E+0001   -0.39392047E+0001    0.47644772E+0000         1
 41100   -0.39391674E+0001   -0.39391674E+0001    0.45237115E+0000         1
 41150   -0.39391743E+0001   -0.39391743E+0001    0.46625517E+0000         1
 41200   -0.39388772E+0001   -0.39388772E+0001    0.50320676E+0000         1
 41250   -0.39388453E+0001   -0.39388453E+0001    0.55624505E+0000         1
 41300   -0.39385713E+0001   -0.39385713E+0001    0.70647688E+0000         1
 41350   -0.39388202E+0001   -0.39388202E+0001    0.50582781E+0000         1
 41400   -0.39389608E+0001   -0.39389608E+0001    0.49492052E+0000         1
 41450   -0.39388013E+0001   -0.39388013E+0001    0.55266770E+0000         1
 41500   -0.39386968E+0001   -0.39386968E+0001    0.68960956E+0000         1
 41550   -0.39389486E+0001   -0.39389486E+0001    0.51228635E+0000         1
 41600   -0.39390411E+0001   -0.39390411E+0001    0.54640166E+0000         1
 41650   -0.39392293E+0001   -0.39392293E+0001    0.51553003E+0000         1
 41700   -0.39388633E+0001   -0.39388633E+0001    0.60242600E+0000         1
 41750   -0.39393621E+0001   -0.39393621E+0001    0.39956399E+0000         1
 41800   -0.39391060E+0001   -0.39391060E+0001    0.57145014E+0000         1
 41850   -0.39396901E+0001   -0.39396901E+0001    0.34554267E+0000         1
 41900   -0.39390145E+0001   -0.39390145E+0001    0.61289739E+0000         1
 41950   -0.39386918E+0001   -0.39386918E+0001    0.67257603E+0000         1
 42000   -0.39389363E+0001   -0.39389363E+0001    0.56611937E+0000         1
 42050   -0.39393253E+0001   -0.39393253E+0001    0.45156320E+0000         1
 42100   -0.39390224E+0001   -0.39390224E+0001    0.55524533E+0000         1
 42150   -0.39393255E+0001   -0.39393255E+0001    0.42475983E+0000         1
 42200   -0.39394638E+0001   -0.39394638E+0001    0.38870587E+0000         1
 42250   -0.39395585E+0001   -0.39395585E+0001    0.41068080E+0000         1
 42300   -0.39395534E+0001   -0.39395534E+0001    0.39086774E+0000         1
 42350   -0.39393517E+0001   -0.39393517E+0001    0.40564641E+0000         1
 42400   -0.39389744E+0001   -0.39389744E+0001    0.58744843E+0000         1
 42450   -0.39393577E+0001   -0.39393577E+0001    0.37926770E+0000         1
 42500   -0.39392997E+0001   -0.39392997E+0001    0.44896112E+0000         1
 42550   -0.39386388E+0001   -0.39386388E+0001    0.66011603E+0000         1
 42600   -0.39387388E+0001   -0.39387388E+0001    0.60402317E+0000         1
 42650   -0.39392877E+0001   -0.39392877E+0001    0.37058010E+0000         1
 42700   -0.39397094E+0001   -0.39397094E+0001    0.32920739E+0000         1
 42750   -0.39395688E+0001   -0.39395688E+0001    0.30874052E+0000         1
 42800   -0.39393086E+0001   -0.39393086E+0001    0.47120386E+0000         1
 42850   -0.39393236E+0001   -0.39393236E+0001    0.35972878E+0000         1
 42900   -0.39393288E+0001   -0.39393288E+0001    0.42365779E+0000         1
 42950   -0.39389471E+0001   -0.39389471E+0001    0.66122506E+0000         1
 43000   -0.39391714E+0001   -0.39391714E+0001    0.48945626E+0000         1
 43050   -0.39383348E+0001   -0.39383348E+0001    0.83332032E+0000         1
 43100   -0.39386352E+0001   -0.39386352E+0001    0.66977102E+0000         1
 43150   -0.39391437E+0001   -0.39391437E+0001    0.45924709E+0000         1
 43200   -0.39391241E+0001   -0.39391241E+0001    0.54932030E+0000         1
 43250   -0.39390054E+0001   -0.39390054E+0001    0.53536046E+0000         1
 43300   -0.39395369E+0001   -0.39395369E+0001    0.39329026E+0000         1
 43350   -0.39394342E+0001   -0.39394342E+0001    0.34928590E+0000         1
 43400   -0.39390204E+0001   -0.39390204E+0001    0.47204197E+0000         1
 43450   -0.39391013E+0001   -0.39391013E+0001    0.55531557E+0000         1
 43500   -0.39388408E+0001   -0.39388408E+0001    0.50932551E+0000         1
 43550   -0.39390266E+0001   -0.39390266E+0001    0.47884347E+0000         1
 43600   -0.39396486E+0001   -0.39396486E+0001    0.31977493E+0000         1
 43650   -0.39390593E+0001   -0.39390593E+0001    0.47717642E+0000         1
 43700   -0.39391099E+0001   -0.39391099E+0001    0.49441611E+0000         1
 43750   -0.39387843E+0001   -0.39387843E+0001    0.62753136E+0000         1
 43800   -0.39393133E+0001   -0.39393133E+0001    0.51251515E+0000         1
 43850   -0.39391465E+0001   -0.39391465E+0001    0.47782250E+0000         1
 43900   -0.39392735E+0001   -0.39392735E+0001    0.47272352E+0000         1
 43950   -0.39389931E+0001   -0.39389931E+0001    0.60963114E+0000         1
 44000   -0.39383291E+0001   -0.39383291E+0001    0.73426003E+0000         1
 44050   -0.39392466E+0001   -0.39392466E+0001    0.41420963E+0000         1
 44100   -0.39390405E+0001   -0.39390405E+0001    0.46241802E+0000         1
 44150   -0.39389932E+0001   -0.39389932E+0001    0.43197681E+0000         1
 44200   -0.39382680E+0001   -0.39382680E+0001    0.68161485E+0000         1
 44250   -0.39391385E+0001   -0.39391385E+0001    0.46713121E+0000         1
 44300   -0.39392336E+0001   -0.39392336E+0001    0.45991616E+0000         1
 44350   -0.39389650E+0001   -0.39389650E+0001    0.58635625E+0000         1
 44400   -0.39389433E+0001   -0.39389433E+0001    0.65660817E+0000         1
 44450   -0.39388295E+0001   -0.39388295E+0001    0.59345236E+0000         1
 44500   -0.39386722E+0001   -0.39386722E+0001    0.64247458E+0000         1
 44550   -0.39384124E+0001   -0.39384124E+0001    0.61495359E+0000         1
 44600   -0.39384419E+0001   -0.39384419E+0001    0.70512065E+0000         1
 44650   -0.39393280E+0001   -0.39393280E+0001    0.40054374E+0000         1
 44700   -0.39390281E+0001   -0.39390281E+0001    0.53110463E+0000         1
 44750   -0.39394897E+0001   -0.39394897E+0001    0.33230055E+0000         1
 44800   -0.39382854E+0001   -0.39382854E+0001    0.74299922E+0000         1
 44850   -0.39387943E+0001   -0.39387943E+0001    0.59924301E+0000         1
 44900   -0.39386443E+0001   -0.39386443E+0001    0.55193969E+0000         1
 44950   -0.39393602E+0001   -0.39393602E+0001    0.43249868E+0000         1
 45000   -0.39392171E+0001   -0.39392171E+0001    0.43561025E+0000         1
 45050   -0.39391993E+0001   -0.39391993E+0001    0.43523644E+0000         1
 45100   -0.39391120E+0001   -0.39391120E+0001    0.44295583E+0000         1
 45150   -0.39392377E+0001   -0.39392377E+0001    0.49696088E+0000         1
 45200   -0.39396205E+0001   -0.39396205E+0001    0.28078854E+0000         1
 45250   -0.39386511E+0001   -0.39386511E+0001    0.61169070E+0000         1
 45300   -0.39387662E+0001   -0.39387662E+0001    0.58389311E+0000         1
 45350   -0.39388260E+0001   -0.39388260E+0001    0.52424164E+0000         1
 45400   -0.39394822E+0001   -0.39394822E+0001    0.38479115E+0000         1
 45450   -0.39392432E+0001   -0.39392432E+0001    0.41517949E+0000         1
 45500   -0.39386927E+0001   -0.39386927E+0001    0.53537366E+0000         1
 45550   -0.39388384E+0001   -0.39388384E+0001    0.58683392E+0000         1
 45600   -0.39388170E+0001   -0.39388170E+0001    0.66516597E+0000         1
 45650   -0.39387930E+0001   -0.39387930E+0001    0.60041646E+0000         1
 45700   -0.39390829E+0001   -0.39390829E+0001    0.53911813E+0000         1
 45750   -0.39381720E+0001   -0.39381720E+0001    0.85867800E+0000         1
 45800   -0.39387474E+0001   -0.39387474E+0001    0.64640633E+0000         1
 45850   -0.39388868E+0001   -0.39388868E+0001    0.55194355E+0000         1
 45900   -0.39388174E+0001   -0.39388174E+0001    0.66187829E+0000         1
 45950   -0.39395467E+0001   -0.39395467E+0001    0.34783316E+0000         1
 46000   -0.39394336E+0001   -0.39394336E+0001    0.41588147E+0000         1
 46050   -0.39393097E+0001   -0.39393097E+0001    0.47427121E+0000         1
 46100   -0.39393239E+0001   -0.39393239E+0001    0.43321100E+0000         1
 46150   -0.39395243E+0001   -0.39395243E+0001    0.29033384E+0000         1
 46200   -0.39395397E+0001   -0.39395397E+0001    0.32976899E+0000         1
 46250   -0.39386160E+0001   -0.39386160E+0001    0.67014047E+0000         1
 46300   -0.39392275E+0001   -0.39392275E+0001    0.44914724E+0000         1
 46350   -0.39390040E+0001   -0.39390040E+0001    0.49940606E+0000         1
 46400   -0.39392741E+0001   -0.39392741E+0001    0.34347752E+0000         1
 46450   -0.39387110E+0001   -0.39387110E+0001    0.55589105E+0000         1
 46500   -0.39384263E+0001   -0.39384263E+0001    0.56694157E+0000         1
 46550   -0.39386384E+0001   -0.39386384E+0001    0.61719088E+0000         1
 46600   -0.39385635E+0001   -0.39385635E+0001    0.60919397E+0000         1
 46650   -0.39385639E+0001   -0.39385639E+0001    0.54902433E+0000         1
 46700   -0.39390334E+0001   -0.39390334E+0001    0.40021284E+0000         1
 46750   -0.39387069E+0001   -0.39387069E+0001    0.52165416E+0000         1
 46800   -0.39389759E+0001   -0.39389759E+0001    0.50650233E+0000         1
 46850   -0.39392540E+0001   -0.39392540E+0001    0.42450967E+0000         1
 46900   -0.39395760E+0001   -0.39395760E+0001    0.34596024E+0000         1
 46950   -0.39394369E+0001   -0.39394369E+0001    0.35044093E+0000         1
 47000   -0.39394126E+0001   -0.39394126E+0001    0.40311410E+0000         1
 47050   -0.39391698E+0001   -0.39391698E+0001    0.67578793E+0000         1
 47100   -0.39394184E+0001   -0.39394184E+0001    0.56623752E+0000         1
 47150   -0.39395001E+0001   -0.39395001E+0001    0.45013229E+0000         1
 47200   -0.39393040E+0001   -0.39393040E+0001    0.53919425E+0000         1
 47250   -0.39390156E+0001   -0.39390156E+0001    0.53953371E+0000         1
 47300   -0.39392246E+0001   -0.39392246E+0001    0.40007409E+0000         1
 47350   -0.39386919E+0001   -0.39386919E+0001    0.62354201E+0000         1
 47400   -0.39392735E+0001   -0.39392735E+0001    0.44536911E+0000         1
 47450   -0.39393382E+0001   -0.39393382E+0001    0.36561029E+0000         1
 47500   -0.39393616E+0001   -0.39393616E+0001    0.36111216E+0000         1
 47550   -0.39389441E+0001   -0.39389441E+0001    0.55196410E+0000         1
 47600   -0.39385935E+0001   -0.39385935E+0001    0.72261784E+0000         1
 47650   -0.39392575E+0001   -0.39392575E+0001    0.42927787E+0000         1
 47700   -0.39393411E+0001   -0.39393411E+0001    0.41516315E+0000         1
 47750   -0.39393686E+0001   -0.39393686E+0001    0.44161461E+0000         1
 47800   -0.39392479E+0001   -0.39392479E+0001    0.39749205E+0000         1
 47850   -0.39387498E+0001   -0.39387498E+0001    0.57736125E+0000         1
 47900   -0.39390685E+0001   -0.39390685E+0001    0.46352083E+0000         1
 47950   -0.39392418E+0001   -0.39392418E+0001    0.49287233E+0000         1
 48000   -0.39395581E+0001   -0.39395581E+0001    0.37202227E+0000         1
