     1   -0.39239580E+0001   -0.39245295E+0001    0.17912180E+0001     11987
    50   -0.39240313E+0001   -0.39292758E+0001    0.14101581E+0001     12122
   100   -0.39265359E+0001   -0.39318954E+0001    0.12272170E+0001     12632
   150   -0.39295771E+0001   -0.39342406E+0001    0.10346669E+0001     13225
   200   -0.39319275E+0001   -0.39356522E+0001    0.87445568E+0000     13813
   250   -0.39339766E+0001   -0.39375463E+0001    0.64242062E+0000     14398
   300   -0.39360220E+0001   -0.39386786E+0001    0.54659629E+0000     14629
   350   -0.39371561E+0001   -0.39390865E+0001    0.48129015E+0000     14860
   400   -0.39378441E+0001   -0.39394146E+0001    0.42445310E+0000     15049
     1   -0.39239459E+0001   -0.39244677E+0001    0.17912180E+0001     12003
    50   -0.39236389E+0001   -0.39287376E+0001    0.14591888E+0001     12240
   100   -0.39263204E+0001   -0.39314883E+0001    0.12352010E+0001     12974
   150   -0.39289409E+0001   -0.39337561E+0001    0.10222799E+0001     13308
   200   -0.39306431E+0001   -0.39346995E+0001    0.96631672E+0000     13902
   250   -0.39322682E+0001   -0.39353798E+0001    0.85037623E+0000     14249
   300   -0.39336413E+0001   -0.39369909E+0001    0.75697068E+0000     14786
   350   -0.39347018E+0001   -0.39373611E+0001    0.72446677E+0000     15180
   400   -0.39355579E+0001   -0.39381417E+0001    0.70076716E+0000     15556
     1   -0.39239379E+0001   -0.39245671E+0001    0.17912180E+0001     12002
    50   -0.39233625E+0001   -0.39285893E+0001    0.14313307E+0001     12433
   100   -0.39258602E+0001   -0.39314531E+0001    0.11814469E+0001     12796
   150   -0.39289760E+0001   -0.39343521E+0001    0.92929204E+0000     13404
   200   -0.39315020E+0001   -0.39352879E+0001    0.86832752E+0000     13681
   250   -0.39332744E+0001   -0.39363647E+0001    0.81859944E+0000     14065
   300   -0.39341784E+0001   -0.39368479E+0001    0.75642155E+0000     14157
   350   -0.39351714E+0001   -0.39373426E+0001    0.65298667E+0000     14282
   400   -0.39360474E+0001   -0.39380030E+0001    0.60575223E+0000     14242
     1   -0.39239374E+0001   -0.39245380E+0001    0.17912180E+0001     11992
    50   -0.39230207E+0001   -0.39280518E+0001    0.14665156E+0001     12348
   100   -0.39252444E+0001   -0.39306798E+0001    0.13071578E+0001     12486
   150   -0.39274471E+0001   -0.39340869E+0001    0.10579610E+0001     12981
   200   -0.39311166E+0001   -0.39356370E+0001    0.89720883E+0000     13595
   250   -0.39333854E+0001   -0.39369331E+0001    0.75211883E+0000     14265
   300   -0.39347486E+0001   -0.39379065E+0001    0.62399605E+0000     14504
   350   -0.39362332E+0001   -0.39385440E+0001    0.56016400E+0000     14646
   400   -0.39373259E+0001   -0.39390421E+0001    0.49656950E+0000     15193
     1   -0.39239261E+0001   -0.39244652E+0001    0.17912180E+0001     12002
    50   -0.39226192E+0001   -0.39275468E+0001    0.14760056E+0001     12302
   100   -0.39240498E+0001   -0.39291664E+0001    0.13952029E+0001     12669
   150   -0.39258367E+0001   -0.39308290E+0001    0.12722195E+0001     13240
   200   -0.39278192E+0001   -0.39321677E+0001    0.11764024E+0001     13897
   250   -0.39289779E+0001   -0.39332119E+0001    0.11383883E+0001     14324
   300   -0.39302370E+0001   -0.39337072E+0001    0.10353308E+0001     14747
   350   -0.39315837E+0001   -0.39352089E+0001    0.96321322E+0000     15247
   400   -0.39325771E+0001   -0.39358967E+0001    0.81178060E+0000     16058
     1   -0.39239222E+0001   -0.39245612E+0001    0.17912180E+0001     11991
    50   -0.39224198E+0001   -0.39287939E+0001    0.14596712E+0001     12656
   100   -0.39251085E+0001   -0.39310645E+0001    0.12034926E+0001     13638
   150   -0.39282964E+0001   -0.39326750E+0001    0.11122498E+0001     14500
   200   -0.39297572E+0001   -0.39339719E+0001    0.10030562E+0001     14841
   250   -0.39308766E+0001   -0.39347622E+0001    0.94238010E+0000     15309
   300   -0.39321559E+0001   -0.39363109E+0001    0.81356270E+0000     15793
   350   -0.39333968E+0001   -0.39372247E+0001    0.74890958E+0000     16077
   400   -0.39343119E+0001   -0.39373310E+0001    0.74984977E+0000     16722
     1   -0.39239185E+0001   -0.39245342E+0001    0.17912180E+0001     12003
    50   -0.39221848E+0001   -0.39282871E+0001    0.14926258E+0001     12370
   100   -0.39238138E+0001   -0.39294049E+0001    0.13533765E+0001     13045
   150   -0.39253838E+0001   -0.39306112E+0001    0.12392792E+0001     13693
   200   -0.39273865E+0001   -0.39316749E+0001    0.11992637E+0001     14250
   250   -0.39282592E+0001   -0.39323318E+0001    0.11232753E+0001     14819
   300   -0.39291374E+0001   -0.39333383E+0001    0.10760988E+0001     15395
   350   -0.39299376E+0001   -0.39339985E+0001    0.10582991E+0001     15941
   400   -0.39308034E+0001   -0.39347768E+0001    0.94845025E+0000     16397
     1   -0.39239128E+0001   -0.39245415E+0001    0.17912180E+0001     12006
    50   -0.39218252E+0001   -0.39270087E+0001    0.15110109E+0001     12349
   100   -0.39231854E+0001   -0.39294890E+0001    0.13973260E+0001     12935
   150   -0.39246448E+0001   -0.39306485E+0001    0.13297279E+0001     13421
   200   -0.39261857E+0001   -0.39314713E+0001    0.12328072E+0001     13982
   250   -0.39278306E+0001   -0.39327065E+0001    0.11446667E+0001     14465
   300   -0.39289451E+0001   -0.39327594E+0001    0.10741457E+0001     14878
   350   -0.39298257E+0001   -0.39341018E+0001    0.10465673E+0001     15122
   400   -0.39309420E+0001   -0.39342895E+0001    0.96631325E+0000     15618
     1   -0.39239091E+0001   -0.39245350E+0001    0.17912180E+0001     11992
    50   -0.39216025E+0001   -0.39277431E+0001    0.14499052E+0001     12326
   100   -0.39232079E+0001   -0.39282163E+0001    0.14065235E+0001     12982
   150   -0.39238734E+0001   -0.39285104E+0001    0.13174420E+0001     13670
   200   -0.39245243E+0001   -0.39301075E+0001    0.12500831E+0001     14080
   250   -0.39254264E+0001   -0.39307313E+0001    0.12373036E+0001     14442
   300   -0.39262209E+0001   -0.39306872E+0001    0.12011560E+0001     14595
   350   -0.39269829E+0001   -0.39314806E+0001    0.11933305E+0001     14966
   400   -0.39278821E+0001   -0.39325677E+0001    0.11143436E+0001     15603
     1   -0.39239037E+0001   -0.39244943E+0001    0.17912180E+0001     11989
    50   -0.39212822E+0001   -0.39271366E+0001    0.15265488E+0001     12469
   100   -0.39223260E+0001   -0.39289259E+0001    0.14309598E+0001     13100
   150   -0.39238775E+0001   -0.39299720E+0001    0.13329787E+0001     13660
   200   -0.39260450E+0001   -0.39309980E+0001    0.12233734E+0001     13876
   250   -0.39272557E+0001   -0.39323138E+0001    0.11326140E+0001     14679
   300   -0.39282899E+0001   -0.39330387E+0001    0.11234882E+0001     15257
   350   -0.39289275E+0001   -0.39324625E+0001    0.10899925E+0001     15522
   400   -0.39292398E+0001   -0.39333366E+0001    0.95671714E+0000     16243
     1   -0.39239081E+0001   -0.39245008E+0001    0.17912180E+0001     12002
    50   -0.39210347E+0001   -0.39268420E+0001    0.15162606E+0001     12374
   100   -0.39219364E+0001   -0.39270064E+0001    0.14871377E+0001     13052
   150   -0.39225363E+0001   -0.39276802E+0001    0.14033259E+0001     13731
   200   -0.39230151E+0001   -0.39283084E+0001    0.13832696E+0001     14289
   250   -0.39234712E+0001   -0.39290595E+0001    0.13134787E+0001     14726
   300   -0.39239620E+0001   -0.39295846E+0001    0.12346268E+0001     15317
   350   -0.39258834E+0001   -0.39305537E+0001    0.11688883E+0001     16181
   400   -0.39263013E+0001   -0.39306676E+0001    0.12065057E+0001     16454
     1   -0.39239003E+0001   -0.39245122E+0001    0.17912180E+0001     12001
    50   -0.39209056E+0001   -0.39267814E+0001    0.15560590E+0001     11996
   100   -0.39218312E+0001   -0.39298008E+0001    0.13509136E+0001     12733
   150   -0.39243693E+0001   -0.39312387E+0001    0.13420931E+0001     13405
   200   -0.39254616E+0001   -0.39310536E+0001    0.12231180E+0001     13925
   250   -0.39271785E+0001   -0.39317650E+0001    0.11439990E+0001     14363
   300   -0.39281707E+0001   -0.39322894E+0001    0.10807918E+0001     14866
   350   -0.39288882E+0001   -0.39328373E+0001    0.10637834E+0001     15363
   400   -0.39293748E+0001   -0.39338388E+0001    0.10365335E+0001     15813
     1   -0.39238989E+0001   -0.39245109E+0001    0.17912180E+0001     12000
    50   -0.39206946E+0001   -0.39267519E+0001    0.15797409E+0001     12248
   100   -0.39210912E+0001   -0.39279447E+0001    0.15412489E+0001     13019
   150   -0.39220033E+0001   -0.39279166E+0001    0.14273308E+0001     13840
   200   -0.39223525E+0001   -0.39285385E+0001    0.14358147E+0001     14445
   250   -0.39236399E+0001   -0.39295434E+0001    0.13865350E+0001     15113
   300   -0.39241229E+0001   -0.39300367E+0001    0.13525543E+0001     15977
   350   -0.39243633E+0001   -0.39308343E+0001    0.12760336E+0001     16625
   400   -0.39267761E+0001   -0.39325015E+0001    0.11028090E+0001     17255
     1   -0.39238980E+0001   -0.39245910E+0001    0.17912180E+0001     12003
    50   -0.39205964E+0001   -0.39265368E+0001    0.16019194E+0001     12362
   100   -0.39210025E+0001   -0.39274329E+0001    0.15099981E+0001     13042
   150   -0.39212532E+0001   -0.39283852E+0001    0.14979836E+0001     13385
   200   -0.39222457E+0001   -0.39303397E+0001    0.12976894E+0001     14434
   250   -0.39227330E+0001   -0.39281922E+0001    0.14251830E+0001     14817
   300   -0.39230143E+0001   -0.39285172E+0001    0.14133108E+0001     15474
   350   -0.39233926E+0001   -0.39282101E+0001    0.14179143E+0001     15898
   400   -0.39231019E+0001   -0.39285095E+0001    0.13888503E+0001     16364
   450   -0.39232575E+0001   -0.39290917E+0001    0.13599190E+0001     17180
   500   -0.39233547E+0001   -0.39288856E+0001    0.13250826E+0001     17922
   550   -0.39234587E+0001   -0.39294592E+0001    0.13292710E+0001     18616
     1   -0.39238867E+0001   -0.39245687E+0001    0.17912180E+0001     12000
    50   -0.39203698E+0001   -0.39258863E+0001    0.15954726E+0001     12221
   100   -0.39201262E+0001   -0.39269561E+0001    0.15606356E+0001     12732
   150   -0.39209194E+0001   -0.39274270E+0001    0.14954513E+0001     13590
   200   -0.39215301E+0001   -0.39263905E+0001    0.14208342E+0001     14213
   250   -0.39205972E+0001   -0.39268194E+0001    0.14392399E+0001     14890
   300   -0.39205002E+0001   -0.39257605E+0001    0.14567011E+0001     15508
   350   -0.39201310E+0001   -0.39259777E+0001    0.14479110E+0001     15890
   400   -0.39200184E+0001   -0.39267954E+0001    0.14085780E+0001     16691
   450   -0.39207994E+0001   -0.39275184E+0001    0.13885087E+0001     17294
   500   -0.39216961E+0001   -0.39281883E+0001    0.13143752E+0001     17879
   550   -0.39227894E+0001   -0.39290741E+0001    0.13304210E+0001     18349
   600   -0.39233898E+0001   -0.39292633E+0001    0.12508249E+0001     18912
     1   -0.39238942E+0001   -0.39245412E+0001    0.17912180E+0001     12001
    50   -0.39203921E+0001   -0.39268806E+0001    0.15123367E+0001     11999
   100   -0.39215614E+0001   -0.39273619E+0001    0.14782918E+0001     12746
   150   -0.39221740E+0001   -0.39283181E+0001    0.14367117E+0001     13140
   200   -0.39230499E+0001   -0.39278925E+0001    0.14040677E+0001     13506
   250   -0.39230804E+0001   -0.39284369E+0001    0.14020194E+0001     13865
   300   -0.39219404E+0001   -0.39271950E+0001    0.14383438E+0001     14333
   350   -0.39206234E+0001   -0.39262941E+0001    0.14476613E+0001     15194
   400   -0.39203253E+0001   -0.39261620E+0001    0.14531271E+0001     15814
   450   -0.39198594E+0001   -0.39264158E+0001    0.14260234E+0001     16474
   500   -0.39191005E+0001   -0.39259224E+0001    0.13787673E+0001     16897
   550   -0.39177575E+0001   -0.39245036E+0001    0.14476104E+0001     17631
   600   -0.39170427E+0001   -0.39251920E+0001    0.14377177E+0001     18180
   650   -0.39163330E+0001   -0.39231546E+0001    0.14644724E+0001     18639
   700   -0.39153114E+0001   -0.39209503E+0001    0.14353706E+0001     18920
   750   -0.39140179E+0001   -0.39211985E+0001    0.14341392E+0001     19477
   800   -0.39142497E+0001   -0.39208382E+0001    0.14337258E+0001     20319
   850   -0.39137000E+0001   -0.39197868E+0001    0.14508607E+0001     20769
   900   -0.39119933E+0001   -0.39196393E+0001    0.14818382E+0001     21475
   950   -0.39102665E+0001   -0.39180978E+0001    0.15145597E+0001     21908
  1000   -0.39088717E+0001   -0.39159204E+0001    0.15233680E+0001     22453
  1050   -0.39073517E+0001   -0.39161505E+0001    0.15391125E+0001     23381
  1100   -0.39055147E+0001   -0.39144868E+0001    0.15745333E+0001     24287
  1150   -0.39036502E+0001   -0.39122151E+0001    0.15872516E+0001     25239
  1200   -0.39016829E+0001   -0.39114978E+0001    0.16118376E+0001     26027
  1250   -0.39001585E+0001   -0.39088349E+0001    0.16173074E+0001     27113
  1300   -0.38987557E+0001   -0.39073887E+0001    0.16690857E+0001     28030
  1350   -0.38963101E+0001   -0.39053696E+0001    0.16756164E+0001     28223
  1400   -0.38929469E+0001   -0.39028426E+0001    0.17408111E+0001     28636
  1450   -0.38891638E+0001   -0.39000678E+0001    0.17488911E+0001     29233
  1500   -0.38852786E+0001   -0.38968201E+0001    0.17709540E+0001     30181
  1550   -0.38811735E+0001   -0.38933028E+0001    0.17977591E+0001     30960
  1600   -0.38767723E+0001   -0.38891708E+0001    0.18208118E+0001     31754
  1601   -0.38770067E+0001   -0.38770067E+0001    0.18320232E+0001     12000
  1650   -0.38818356E+0001   -0.38880749E+0001    0.17827853E+0001     11912
  1700   -0.38770629E+0001   -0.38850594E+0001    0.18068764E+0001     12117
  1750   -0.38725818E+0001   -0.38816442E+0001    0.18197856E+0001     12334
  1800   -0.38681877E+0001   -0.38784600E+0001    0.18448747E+0001     12534
  1850   -0.38636839E+0001   -0.38753631E+0001    0.18789832E+0001     12802
  1900   -0.38587824E+0001   -0.38728662E+0001    0.18818293E+0001     12929
  1950   -0.38539161E+0001   -0.38652152E+0001    0.18859004E+0001     13416
  2000   -0.38492753E+0001   -0.38603887E+0001    0.19066632E+0001     14013
  2050   -0.38443070E+0001   -0.38572637E+0001    0.19256535E+0001     14111
  2100   -0.38394183E+0001   -0.38533969E+0001    0.19181369E+0001     14540
  2150   -0.38340805E+0001   -0.38490124E+0001    0.19047821E+0001     14916
  2200   -0.38284904E+0001   -0.38450339E+0001    0.19220224E+0001     15220
  2250   -0.38227821E+0001   -0.38421522E+0001    0.19264871E+0001     15671
  2300   -0.38168197E+0001   -0.38349732E+0001    0.19238983E+0001     15897
  2350   -0.38112276E+0001   -0.38254416E+0001    0.19123944E+0001     16272
  2400   -0.38058878E+0001   -0.38216541E+0001    0.19285011E+0001     16458
  2450   -0.38005989E+0001   -0.38146821E+0001    0.19301577E+0001     16960
  2500   -0.37951124E+0001   -0.38106817E+0001    0.19217773E+0001     17537
  2550   -0.37894836E+0001   -0.38065060E+0001    0.19193239E+0001     17713
  2600   -0.37838871E+0001   -0.38029722E+0001    0.19239488E+0001     18164
  2650   -0.37785486E+0001   -0.38010560E+0001    0.19250719E+0001     18509
  2700   -0.37732330E+0001   -0.37984446E+0001    0.19292355E+0001     18984
  2750   -0.37672112E+0001   -0.37946413E+0001    0.19314789E+0001     19361
  2800   -0.37607190E+0001   -0.37879812E+0001    0.19231205E+0001     19909
  2850   -0.37541190E+0001   -0.37814802E+0001    0.19306858E+0001     20397
  2900   -0.37480161E+0001   -0.37772402E+0001    0.19273745E+0001     20872
  2950   -0.37427872E+0001   -0.37710409E+0001    0.19272634E+0001     21367
  3000   -0.37377610E+0001   -0.37658900E+0001    0.19299550E+0001     21690
  3050   -0.37320529E+0001   -0.37562229E+0001    0.19281809E+0001     22306
  3100   -0.37257319E+0001   -0.37493154E+0001    0.19156609E+0001     22767
  3150   -0.37193718E+0001   -0.37433419E+0001    0.19113797E+0001     23130
  3200   -0.37134058E+0001   -0.37371850E+0001    0.19035317E+0001     23512
  3201   -0.37136684E+0001   -0.37136684E+0001    0.19156438E+0001     12000
  3250   -0.37190465E+0001   -0.37264109E+0001    0.19102616E+0001     12024
  3300   -0.37136259E+0001   -0.37221380E+0001    0.19082825E+0001     12159
  3350   -0.37083763E+0001   -0.37193751E+0001    0.19174979E+0001     12742
  3400   -0.37031415E+0001   -0.37158204E+0001    0.19265310E+0001     13098
  3450   -0.36979906E+0001   -0.37114984E+0001    0.19228511E+0001     13287
  3500   -0.36928666E+0001   -0.37088768E+0001    0.19296516E+0001     13540
  3550   -0.36878100E+0001   -0.37041153E+0001    0.19208920E+0001     13872
  3600   -0.36830520E+0001   -0.36987061E+0001    0.19293483E+0001     14200
  3650   -0.36780146E+0001   -0.36922918E+0001    0.19233839E+0001     14282
  3700   -0.36728435E+0001   -0.36876303E+0001    0.19189616E+0001     14513
  3750   -0.36673915E+0001   -0.36858840E+0001    0.19024685E+0001     14981
  3800   -0.36622114E+0001   -0.36785906E+0001    0.19004702E+0001     15109
  3850   -0.36566401E+0001   -0.36724230E+0001    0.18902161E+0001     15329
  3900   -0.36508626E+0001   -0.36670009E+0001    0.18911696E+0001     15907
  3950   -0.36455713E+0001   -0.36640473E+0001    0.18958796E+0001     16283
  4000   -0.36407604E+0001   -0.36589112E+0001    0.18760760E+0001     16951
  4050   -0.36362421E+0001   -0.36525824E+0001    0.18775452E+0001     17538
  4100   -0.36320356E+0001   -0.36467874E+0001    0.18552712E+0001     17936
  4150   -0.36278801E+0001   -0.36421774E+0001    0.18539469E+0001     18532
  4200   -0.36232267E+0001   -0.36398522E+0001    0.18528108E+0001     18991
  4250   -0.36184051E+0001   -0.36344126E+0001    0.18492274E+0001     19401
  4300   -0.36136350E+0001   -0.36290885E+0001    0.18418223E+0001     19868
  4350   -0.36090860E+0001   -0.36242857E+0001    0.18393863E+0001     20236
  4400   -0.36047840E+0001   -0.36203747E+0001    0.18372070E+0001     20703
  4450   -0.36005582E+0001   -0.36149316E+0001    0.18439240E+0001     20994
  4500   -0.35960663E+0001   -0.36118228E+0001    0.18423076E+0001     21071
  4550   -0.35917543E+0001   -0.36071838E+0001    0.18146989E+0001     21692
  4600   -0.35876354E+0001   -0.36020406E+0001    0.18132639E+0001     22198
  4650   -0.35833881E+0001   -0.35966666E+0001    0.18158499E+0001     23030
  4700   -0.35792932E+0001   -0.35934178E+0001    0.18249287E+0001     23454
  4750   -0.35752083E+0001   -0.35892503E+0001    0.18035181E+0001     24108
  4800   -0.35708781E+0001   -0.35850154E+0001    0.18095750E+0001     24942
  4801   -0.35711197E+0001   -0.35711197E+0001    0.18466685E+0001     12000
  4850   -0.35762911E+0001   -0.35825034E+0001    0.17960880E+0001     11939
  4900   -0.35719349E+0001   -0.35810717E+0001    0.18127672E+0001     12282
  4950   -0.35677008E+0001   -0.35782775E+0001    0.18295889E+0001     12740
  5000   -0.35639794E+0001   -0.35760465E+0001    0.17979886E+0001     13052
  5050   -0.35611519E+0001   -0.35725516E+0001    0.18134995E+0001     13551
  5100   -0.35587725E+0001   -0.35725339E+0001    0.17867327E+0001     13884
  5150   -0.35560673E+0001   -0.35683125E+0001    0.18110962E+0001     14538
  5200   -0.35528384E+0001   -0.35664372E+0001    0.17946408E+0001     14699
  5250   -0.35494657E+0001   -0.35636068E+0001    0.18002042E+0001     14960
  5300   -0.35463109E+0001   -0.35608738E+0001    0.18019863E+0001     15177
  5350   -0.35433803E+0001   -0.35590395E+0001    0.18139204E+0001     15513
  5400   -0.35405333E+0001   -0.35565307E+0001    0.18182869E+0001     16258
  5450   -0.35374137E+0001   -0.35534733E+0001    0.18155513E+0001     16618
  5500   -0.35344819E+0001   -0.35512294E+0001    0.18100105E+0001     17244
  5550   -0.35317492E+0001   -0.35488538E+0001    0.17858206E+0001     17409
  5600   -0.35299043E+0001   -0.35459084E+0001    0.17762454E+0001     17732
  5650   -0.35285008E+0001   -0.35436033E+0001    0.17701042E+0001     18207
  5700   -0.35273009E+0001   -0.35403590E+0001    0.17376685E+0001     18707
  5750   -0.35262320E+0001   -0.35392756E+0001    0.17650146E+0001     18895
  5800   -0.35245290E+0001   -0.35361568E+0001    0.17673429E+0001     19563
  5850   -0.35221591E+0001   -0.35338426E+0001    0.17599216E+0001     19768
  5900   -0.35191475E+0001   -0.35321702E+0001    0.17489985E+0001     20487
  5950   -0.35154698E+0001   -0.35299746E+0001    0.17521194E+0001     20868
  6000   -0.35117685E+0001   -0.35291349E+0001    0.16923874E+0001     20664
  6050   -0.35089028E+0001   -0.35270852E+0001    0.17274749E+0001     20955
  6100   -0.35085614E+0001   -0.35255677E+0001    0.17098686E+0001     21481
  6150   -0.35098386E+0001   -0.35244122E+0001    0.17059645E+0001     21734
  6200   -0.35097036E+0001   -0.35234423E+0001    0.17054337E+0001     22449
  6250   -0.35080382E+0001   -0.35215255E+0001    0.16712054E+0001     22682
  6300   -0.35057593E+0001   -0.35192294E+0001    0.16454805E+0001     23285
  6350   -0.35036282E+0001   -0.35173307E+0001    0.16274353E+0001     24179
  6400   -0.35011365E+0001   -0.35157407E+0001    0.16119373E+0001     24875
  6401   -0.35013385E+0001   -0.35013385E+0001    0.16866331E+0001     12000
  6450   -0.35057748E+0001   -0.35119589E+0001    0.16501640E+0001     12098
  6500   -0.35025051E+0001   -0.35099924E+0001    0.16649799E+0001     12292
  6550   -0.34994184E+0001   -0.35093626E+0001    0.16705548E+0001     12564
  6600   -0.34964968E+0001   -0.35098095E+0001    0.16471633E+0001     12741
  6650   -0.34936402E+0001   -0.35052589E+0001    0.16518016E+0001     13056
  6700   -0.34909906E+0001   -0.35040114E+0001    0.16461900E+0001     13233
  6750   -0.34885897E+0001   -0.34995255E+0001    0.16177863E+0001     13340
  6800   -0.34862511E+0001   -0.34980752E+0001    0.16309965E+0001     13603
  6850   -0.34837414E+0001   -0.34953150E+0001    0.16148649E+0001     14046
  6900   -0.34808953E+0001   -0.34935743E+0001    0.16077015E+0001     14412
  6950   -0.34777087E+0001   -0.34914944E+0001    0.15870428E+0001     14834
  7000   -0.34747148E+0001   -0.34884619E+0001    0.16024973E+0001     15334
  7050   -0.34718222E+0001   -0.34856449E+0001    0.15984573E+0001     15523
  7100   -0.34690376E+0001   -0.34846616E+0001    0.15864985E+0001     15706
  7150   -0.34662079E+0001   -0.34819480E+0001    0.15716184E+0001     16006
  7200   -0.34634662E+0001   -0.34789394E+0001    0.15547323E+0001     16251
  7250   -0.34610898E+0001   -0.34779694E+0001    0.15149582E+0001     16618
  7300   -0.34591181E+0001   -0.34747734E+0001    0.15121880E+0001     17037
  7350   -0.34573312E+0001   -0.34736783E+0001    0.14890226E+0001     17473
  7400   -0.34565462E+0001   -0.34709763E+0001    0.14944196E+0001     18123
  7450   -0.34562335E+0001   -0.34692156E+0001    0.14404596E+0001     18706
  7500   -0.34550004E+0001   -0.34660857E+0001    0.14690800E+0001     18952
  7550   -0.34531302E+0001   -0.34639593E+0001    0.14498367E+0001     19434
  7600   -0.34513183E+0001   -0.34628009E+0001    0.14567830E+0001     19522
  7650   -0.34496927E+0001   -0.34608357E+0001    0.14481660E+0001     19699
  7700   -0.34485029E+0001   -0.34604165E+0001    0.14471016E+0001     20174
  7750   -0.34476901E+0001   -0.34593952E+0001    0.14261256E+0001     20567
  7800   -0.34465960E+0001   -0.34582420E+0001    0.14372431E+0001     20874
  7850   -0.34453666E+0001   -0.34564193E+0001    0.14008665E+0001     21295
  7900   -0.34439742E+0001   -0.34549373E+0001    0.13825764E+0001     21536
  7950   -0.34425917E+0001   -0.34526077E+0001    0.13733387E+0001     22128
  8000   -0.34411674E+0001   -0.34512904E+0001    0.13636563E+0001     22758
  8001   -0.34413037E+0001   -0.34413037E+0001    0.13871068E+0001     12000
  8050   -0.34443925E+0001   -0.34489325E+0001    0.13379110E+0001     11947
  8100   -0.34424614E+0001   -0.34489427E+0001    0.13431662E+0001     11930
  8150   -0.34407027E+0001   -0.34482430E+0001    0.13499629E+0001     12094
  8200   -0.34391424E+0001   -0.34476094E+0001    0.13442321E+0001     12392
  8250   -0.34376448E+0001   -0.34463217E+0001    0.13309164E+0001     12257
  8300   -0.34362112E+0001   -0.34443522E+0001    0.13138431E+0001     12372
  8350   -0.34347066E+0001   -0.34431921E+0001    0.13355640E+0001     12514
  8400   -0.34334144E+0001   -0.34421304E+0001    0.13171997E+0001     12714
  8450   -0.34322835E+0001   -0.34417525E+0001    0.13052591E+0001     12944
  8500   -0.34313661E+0001   -0.34421157E+0001    0.12883249E+0001     13292
  8550   -0.34304457E+0001   -0.34411312E+0001    0.12919959E+0001     13493
  8600   -0.34290697E+0001   -0.34406033E+0001    0.12922811E+0001     13650
  8650   -0.34277275E+0001   -0.34401497E+0001    0.12799381E+0001     13797
  8700   -0.34263701E+0001   -0.34376874E+0001    0.12539675E+0001     14038
  8750   -0.34252704E+0001   -0.34350955E+0001    0.12349765E+0001     14268
  8800   -0.34245894E+0001   -0.34326282E+0001    0.12288269E+0001     14726
  8850   -0.34243854E+0001   -0.34321623E+0001    0.12107689E+0001     15001
  8900   -0.34240638E+0001   -0.34316738E+0001    0.12177283E+0001     15534
  8950   -0.34232804E+0001   -0.34310024E+0001    0.11978194E+0001     15952
  9000   -0.34223682E+0001   -0.34312556E+0001    0.11863556E+0001     16169
  9050   -0.34215045E+0001   -0.34307930E+0001    0.11604747E+0001     16462
  9100   -0.34205761E+0001   -0.34298549E+0001    0.11184659E+0001     16776
  9150   -0.34196527E+0001   -0.34289440E+0001    0.11283282E+0001     16959
  9200   -0.34189163E+0001   -0.34283308E+0001    0.11167488E+0001     17178
  9250   -0.34184330E+0001   -0.34265957E+0001    0.10949500E+0001     17409
  9300   -0.34181405E+0001   -0.34249170E+0001    0.10819871E+0001     17886
  9350   -0.34177464E+0001   -0.34256954E+0001    0.10648497E+0001     17880
  9400   -0.34174385E+0001   -0.34251257E+0001    0.10383860E+0001     18194
  9450   -0.34170391E+0001   -0.34249134E+0001    0.10193371E+0001     18585
  9500   -0.34164307E+0001   -0.34249044E+0001    0.10122794E+0001     18717
  9550   -0.34158038E+0001   -0.34228202E+0001    0.97911142E+0000     19000
  9600   -0.34151276E+0001   -0.34230276E+0001    0.96537745E+0000     19586
  9601   -0.34151976E+0001   -0.34151976E+0001    0.99555940E+0000     12000
  9650   -0.34168338E+0001   -0.34201634E+0001    0.96373619E+0000     12040
  9700   -0.34158654E+0001   -0.34210508E+0001    0.97122383E+0000     12190
  9750   -0.34149798E+0001   -0.34220083E+0001    0.96209283E+0000     12205
  9800   -0.34141353E+0001   -0.34200372E+0001    0.94851899E+0000     12390
  9850   -0.34133565E+0001   -0.34187784E+0001    0.95242356E+0000     12503
  9900   -0.34124589E+0001   -0.34186573E+0001    0.94691886E+0000     12802
  9950   -0.34115327E+0001   -0.34180551E+0001    0.93472757E+0000     12959
 10000   -0.34107610E+0001   -0.34177282E+0001    0.91593844E+0000     13065
 10050   -0.34100960E+0001   -0.34171299E+0001    0.93370593E+0000     13406
 10100   -0.34092582E+0001   -0.34169239E+0001    0.89423195E+0000     13783
 10150   -0.34083695E+0001   -0.34170938E+0001    0.88913574E+0000     14321
 10200   -0.34074973E+0001   -0.34149603E+0001    0.88548154E+0000     14278
 10250   -0.34066284E+0001   -0.34140690E+0001    0.89261195E+0000     14451
 10300   -0.34057559E+0001   -0.34142526E+0001    0.83673940E+0000     14767
 10350   -0.34048944E+0001   -0.34137615E+0001    0.86049555E+0000     15228
 10400   -0.34039638E+0001   -0.34127958E+0001    0.85321996E+0000     15405
 10450   -0.34032400E+0001   -0.34117873E+0001    0.82827148E+0000     15591
 10500   -0.34026301E+0001   -0.34104886E+0001    0.83774862E+0000     15625
 10550   -0.34019977E+0001   -0.34107472E+0001    0.79222587E+0000     15868
 10600   -0.34012491E+0001   -0.34102474E+0001    0.79411155E+0000     16088
 10650   -0.34005170E+0001   -0.34093807E+0001    0.78722298E+0000     16414
 10700   -0.33995516E+0001   -0.34084312E+0001    0.81057599E+0000     16710
 10750   -0.33985765E+0001   -0.34077946E+0001    0.77794837E+0000     17173
 10800   -0.33977614E+0001   -0.34067709E+0001    0.77294520E+0000     17549
 10850   -0.33969689E+0001   -0.34044469E+0001    0.75261406E+0000     18061
 10900   -0.33961332E+0001   -0.34034214E+0001    0.77241771E+0000     18138
 10950   -0.33952642E+0001   -0.34031913E+0001    0.72191510E+0000     18440
 11000   -0.33942586E+0001   -0.34028745E+0001    0.74172474E+0000     18503
 11050   -0.33929739E+0001   -0.34014539E+0001    0.74599022E+0000     18792
 11100   -0.33916086E+0001   -0.34019189E+0001    0.73391197E+0000     19077
 11150   -0.33904194E+0001   -0.33998695E+0001    0.71694836E+0000     19526
 11200   -0.33893902E+0001   -0.33992961E+0001    0.71349833E+0000     19715
 11201   -0.33894242E+0001   -0.33894242E+0001    0.68574550E+0000     12000
 11250   -0.33902225E+0001   -0.33925263E+0001    0.69226898E+0000     11962
 11300   -0.33897356E+0001   -0.33925811E+0001    0.70760054E+0000     12000
 11350   -0.33892082E+0001   -0.33929087E+0001    0.71406283E+0000     12176
 11400   -0.33886425E+0001   -0.33925957E+0001    0.71928322E+0000     12336
 11450   -0.33880481E+0001   -0.33926569E+0001    0.69350829E+0000     12507
 11500   -0.33874165E+0001   -0.33917420E+0001    0.70894714E+0000     12561
 11550   -0.33868039E+0001   -0.33916317E+0001    0.70612390E+0000     12699
 11600   -0.33861297E+0001   -0.33911895E+0001    0.69786017E+0000     12839
 11650   -0.33855308E+0001   -0.33911414E+0001    0.69810275E+0000     13095
 11700   -0.33849691E+0001   -0.33909188E+0001    0.70621763E+0000     13206
 11750   -0.33843577E+0001   -0.33907147E+0001    0.68262872E+0000     13354
 11800   -0.33837474E+0001   -0.33907580E+0001    0.67905726E+0000     13279
 11850   -0.33832111E+0001   -0.33912084E+0001    0.67229540E+0000     13637
 11900   -0.33825969E+0001   -0.33917395E+0001    0.66122822E+0000     14104
 11950   -0.33818428E+0001   -0.33913450E+0001    0.67206956E+0000     14315
 12000   -0.33811022E+0001   -0.33903874E+0001    0.65700854E+0000     14733
 12050   -0.33803056E+0001   -0.33900132E+0001    0.65024495E+0000     14880
 12100   -0.33795583E+0001   -0.33878671E+0001    0.64283975E+0000     14987
 12150   -0.33788972E+0001   -0.33870474E+0001    0.64927975E+0000     15259
 12200   -0.33781716E+0001   -0.33862697E+0001    0.63095945E+0000     15700
 12250   -0.33773718E+0001   -0.33860191E+0001    0.62481856E+0000     15700
 12300   -0.33766128E+0001   -0.33860927E+0001    0.60711296E+0000     15993
 12350   -0.33757869E+0001   -0.33850714E+0001    0.61721590E+0000     16256
 12400   -0.33751915E+0001   -0.33834128E+0001    0.62963227E+0000     16701
 12450   -0.33747323E+0001   -0.33822550E+0001    0.62279215E+0000     16934
 12500   -0.33742750E+0001   -0.33817147E+0001    0.57360346E+0000     17328
 12550   -0.33737370E+0001   -0.33814897E+0001    0.61426398E+0000     17351
 12600   -0.33730450E+0001   -0.33808656E+0001    0.59880015E+0000     17293
 12650   -0.33723759E+0001   -0.33793340E+0001    0.56124777E+0000     17258
 12700   -0.33717974E+0001   -0.33788675E+0001    0.60449860E+0000     17551
 12750   -0.33711595E+0001   -0.33787112E+0001    0.58505065E+0000     17395
 12800   -0.33706110E+0001   -0.33765741E+0001    0.59858143E+0000     17362
 12801   -0.33706305E+0001   -0.33706305E+0001    0.53172720E+0000     12000
 12850   -0.33711131E+0001   -0.33728945E+0001    0.55144608E+0000     12051
 12900   -0.33708626E+0001   -0.33732664E+0001    0.55441388E+0000     12153
 12950   -0.33705836E+0001   -0.33731385E+0001    0.58625075E+0000     12240
 13000   -0.33702742E+0001   -0.33733384E+0001    0.57117769E+0000     12442
 13050   -0.33699781E+0001   -0.33734150E+0001    0.58934600E+0000     12751
 13100   -0.33696956E+0001   -0.33733293E+0001    0.58065741E+0000     12757
 13150   -0.33694434E+0001   -0.33732818E+0001    0.59075893E+0000     13024
 13200   -0.33692015E+0001   -0.33736368E+0001    0.59023191E+0000     13419
 13250   -0.33689707E+0001   -0.33736621E+0001    0.55050456E+0000     13837
 13300   -0.33687028E+0001   -0.33736337E+0001    0.54296996E+0000     14007
 13350   -0.33683614E+0001   -0.33738707E+0001    0.56615172E+0000     14145
 13400   -0.33681409E+0001   -0.33735952E+0001    0.57882263E+0000     14047
 13450   -0.33678772E+0001   -0.33727093E+0001    0.56724081E+0000     14235
 13500   -0.33676072E+0001   -0.33734672E+0001    0.53799695E+0000     14303
 13550   -0.33672574E+0001   -0.33723730E+0001    0.55088827E+0000     14529
 13600   -0.33668405E+0001   -0.33722061E+0001    0.55614769E+0000     14905
 13650   -0.33663971E+0001   -0.33717445E+0001    0.55294710E+0000     15095
 13700   -0.33660054E+0001   -0.33714886E+0001    0.53999691E+0000     15284
 13750   -0.33656302E+0001   -0.33709710E+0001    0.51032342E+0000     15384
 13800   -0.33652393E+0001   -0.33712451E+0001    0.54972570E+0000     15694
 13850   -0.33647594E+0001   -0.33715229E+0001    0.53477547E+0000     15593
 13900   -0.33642230E+0001   -0.33702916E+0001    0.50314504E+0000     15488
 13950   -0.33636994E+0001   -0.33698597E+0001    0.50442565E+0000     15771
 14000   -0.33631822E+0001   -0.33697763E+0001    0.49908932E+0000     16216
 14050   -0.33627168E+0001   -0.33692947E+0001    0.51920933E+0000     16506
 14100   -0.33623693E+0001   -0.33690966E+0001    0.49926534E+0000     16736
 14150   -0.33619979E+0001   -0.33693475E+0001    0.51116001E+0000     16929
 14200   -0.33617124E+0001   -0.33699025E+0001    0.50629894E+0000     17109
 14250   -0.33614422E+0001   -0.33687867E+0001    0.49175970E+0000     17408
 14300   -0.33611494E+0001   -0.33679648E+0001    0.48309675E+0000     17380
 14350   -0.33608372E+0001   -0.33682817E+0001    0.47792403E+0000     17759
 14400   -0.33605204E+0001   -0.33681042E+0001    0.47206176E+0000     17859
 14450   -0.33601976E+0001   -0.33679355E+0001    0.45260973E+0000     18073
 14500   -0.33599241E+0001   -0.33656112E+0001    0.47681068E+0000     18299
 14550   -0.33596285E+0001   -0.33650925E+0001    0.45683348E+0000     18703
 14600   -0.33593346E+0001   -0.33656910E+0001    0.49196875E+0000     19172
 14650   -0.33590096E+0001   -0.33654721E+0001    0.45626530E+0000     19277
 14700   -0.33587053E+0001   -0.33654124E+0001    0.48395102E+0000     19617
 14750   -0.33584142E+0001   -0.33655089E+0001    0.46769698E+0000     19706
 14800   -0.33581554E+0001   -0.33655529E+0001    0.43848468E+0000     20247
 14850   -0.33577720E+0001   -0.33656054E+0001    0.43991477E+0000     20440
 14900   -0.33573407E+0001   -0.33650090E+0001    0.45309887E+0000     20770
 14950   -0.33569714E+0001   -0.33639972E+0001    0.41240572E+0000     21030
 15000   -0.33566695E+0001   -0.33635903E+0001    0.46155145E+0000     21298
 15050   -0.33563673E+0001   -0.33627877E+0001    0.44792495E+0000     21740
 15100   -0.33560730E+0001   -0.33616957E+0001    0.43392921E+0000     21942
 15150   -0.33557849E+0001   -0.33621053E+0001    0.43837680E+0000     22396
 15200   -0.33554420E+0001   -0.33620028E+0001    0.40301693E+0000     22866
 15250   -0.33551029E+0001   -0.33626820E+0001    0.42345801E+0000     23145
 15300   -0.33546785E+0001   -0.33628038E+0001    0.37955474E+0000     23237
 15350   -0.33542617E+0001   -0.33624104E+0001    0.40223632E+0000     23434
 15400   -0.33538908E+0001   -0.33613917E+0001    0.41093516E+0000     24109
 15450   -0.33535892E+0001   -0.33610111E+0001    0.40799081E+0000     24313
 15500   -0.33532724E+0001   -0.33609149E+0001    0.39825247E+0000     24671
 15550   -0.33529683E+0001   -0.33605007E+0001    0.37277998E+0000     24939
 15600   -0.33526102E+0001   -0.33594982E+0001    0.37897654E+0000     25342
 15650   -0.33523141E+0001   -0.33593114E+0001    0.38795725E+0000     25857
 15700   -0.33520905E+0001   -0.33593547E+0001    0.39654759E+0000     26031
 15750   -0.33518606E+0001   -0.33594622E+0001    0.38205448E+0000     26483
 15800   -0.33516235E+0001   -0.33593626E+0001    0.35608126E+0000     27238
 15850   -0.33513316E+0001   -0.33594423E+0001    0.37413865E+0000     27603
 15900   -0.33510039E+0001   -0.33584578E+0001    0.33279035E+0000     27918
 15950   -0.33507278E+0001   -0.33572925E+0001    0.35991295E+0000     28588
 16000   -0.33504545E+0001   -0.33568645E+0001    0.38126817E+0000     28945
 16001   -0.33503914E+0001   -0.33503914E+0001    0.28451766E+0000         1
 16050   -0.33496366E+0001   -0.33496366E+0001    0.64327912E+0000         1
 16100   -0.33508670E+0001   -0.33508670E+0001    0.56709902E+0000         1
 16150   -0.33514151E+0001   -0.33514151E+0001    0.47123013E+0000         1
 16200   -0.33514794E+0001   -0.33514794E+0001    0.55084628E+0000         1
 16250   -0.33514214E+0001   -0.33514214E+0001    0.59071509E+0000         1
 16300   -0.33518724E+0001   -0.33518724E+0001    0.43567643E+0000         1
 16350   -0.33516429E+0001   -0.33516429E+0001    0.65012880E+0000         1
 16400   -0.33514875E+0001   -0.33514875E+0001    0.62396831E+0000         1
 16450   -0.33521933E+0001   -0.33521933E+0001    0.55553397E+0000         1
 16500   -0.33522630E+0001   -0.33522630E+0001    0.70528564E+0000         1
 16550   -0.33516556E+0001   -0.33516556E+0001    0.79249627E+0000         1
 16600   -0.33531255E+0001   -0.33531255E+0001    0.58516530E+0000         1
 16650   -0.33532607E+0001   -0.33532607E+0001    0.73237923E+0000         1
 16700   -0.33537079E+0001   -0.33537079E+0001    0.62167118E+0000         1
 16750   -0.33541970E+0001   -0.33541970E+0001    0.66979606E+0000         1
 16800   -0.33548892E+0001   -0.33548892E+0001    0.71723291E+0000         1
 16850   -0.33557099E+0001   -0.33557099E+0001    0.66914504E+0000         1
 16900   -0.33575247E+0001   -0.33575247E+0001    0.65722910E+0000         1
 16950   -0.33576476E+0001   -0.33576476E+0001    0.63895217E+0000         1
 17000   -0.33584620E+0001   -0.33584620E+0001    0.60809679E+0000         1
 17050   -0.33587143E+0001   -0.33587143E+0001    0.84751417E+0000         1
 17100   -0.33598639E+0001   -0.33598639E+0001    0.67583752E+0000         1
 17150   -0.33612918E+0001   -0.33612918E+0001    0.77817610E+0000         1
 17200   -0.33616229E+0001   -0.33616229E+0001    0.84070835E+0000         1
 17250   -0.33642230E+0001   -0.33642230E+0001    0.86176605E+0000         1
 17300   -0.33662112E+0001   -0.33662112E+0001    0.71482679E+0000         1
 17350   -0.33674190E+0001   -0.33674190E+0001    0.68346557E+0000         1
 17400   -0.33679018E+0001   -0.33679018E+0001    0.76754344E+0000         1
 17450   -0.33686321E+0001   -0.33686321E+0001    0.95635181E+0000         1
 17500   -0.33714993E+0001   -0.33714993E+0001    0.85514439E+0000         1
 17550   -0.33733285E+0001   -0.33733285E+0001    0.10491707E+0001         1
 17600   -0.33754778E+0001   -0.33754778E+0001    0.88969129E+0000         1
 17650   -0.33796731E+0001   -0.33796731E+0001    0.86278812E+0000         1
 17700   -0.33824460E+0001   -0.33824460E+0001    0.98614959E+0000         1
 17750   -0.33848052E+0001   -0.33848052E+0001    0.10250124E+0001         1
 17800   -0.33872966E+0001   -0.33872966E+0001    0.11063860E+0001         1
 17850   -0.33909960E+0001   -0.33909960E+0001    0.10124475E+0001         1
 17900   -0.33932653E+0001   -0.33932653E+0001    0.11602254E+0001         1
 17950   -0.33984498E+0001   -0.33984498E+0001    0.10860765E+0001         1
 18000   -0.34027681E+0001   -0.34027681E+0001    0.11933549E+0001         1
 18050   -0.34089523E+0001   -0.34089523E+0001    0.12159402E+0001         1
 18100   -0.34136102E+0001   -0.34136102E+0001    0.12302463E+0001         1
 18150   -0.34188673E+0001   -0.34188673E+0001    0.13397288E+0001         1
 18200   -0.34242343E+0001   -0.34242343E+0001    0.13979602E+0001         1
 18250   -0.34309521E+0001   -0.34309521E+0001    0.14731453E+0001         1
 18300   -0.34385834E+0001   -0.34385834E+0001    0.15019907E+0001         1
 18350   -0.34446266E+0001   -0.34446266E+0001    0.14699294E+0001         1
 18400   -0.34505229E+0001   -0.34505229E+0001    0.15109454E+0001         1
 18450   -0.34563837E+0001   -0.34563837E+0001    0.15672370E+0001         1
 18500   -0.34635898E+0001   -0.34635898E+0001    0.16071697E+0001         1
 18550   -0.34714921E+0001   -0.34714921E+0001    0.16352961E+0001         1
 18600   -0.34815671E+0001   -0.34815671E+0001    0.16575078E+0001         1
 18650   -0.34897408E+0001   -0.34897408E+0001    0.16706331E+0001         1
 18700   -0.34991773E+0001   -0.34991773E+0001    0.17054110E+0001         1
 18750   -0.35079257E+0001   -0.35079257E+0001    0.17071549E+0001         1
 18800   -0.35148073E+0001   -0.35148073E+0001    0.16310166E+0001         1
 18850   -0.35199367E+0001   -0.35199367E+0001    0.15316357E+0001         1
 18900   -0.35271139E+0001   -0.35271139E+0001    0.15329848E+0001         1
 18950   -0.35350088E+0001   -0.35350088E+0001    0.15290555E+0001         1
 19000   -0.35425295E+0001   -0.35425295E+0001    0.14565167E+0001         1
 19050   -0.35493552E+0001   -0.35493552E+0001    0.13706553E+0001         1
 19100   -0.35556068E+0001   -0.35556068E+0001    0.12717407E+0001         1
 19150   -0.35609713E+0001   -0.35609713E+0001    0.12097622E+0001         1
 19200   -0.35650965E+0001   -0.35650965E+0001    0.11122378E+0001         1
 19250   -0.35683858E+0001   -0.35683858E+0001    0.10819801E+0001         1
 19300   -0.35729849E+0001   -0.35729849E+0001    0.94989869E+0000         1
 19350   -0.35749362E+0001   -0.35749362E+0001    0.96949697E+0000         1
 19400   -0.35769366E+0001   -0.35769366E+0001    0.96607127E+0000         1
 19450   -0.35793682E+0001   -0.35793682E+0001    0.77915092E+0000         1
 19500   -0.35804703E+0001   -0.35804703E+0001    0.77866587E+0000         1
 19550   -0.35804583E+0001   -0.35804583E+0001    0.80815341E+0000         1
 19600   -0.35825915E+0001   -0.35825915E+0001    0.70922279E+0000         1
 19650   -0.35817467E+0001   -0.35817467E+0001    0.80038064E+0000         1
 19700   -0.35833670E+0001   -0.35833670E+0001    0.69826876E+0000         1
 19750   -0.35833318E+0001   -0.35833318E+0001    0.80249682E+0000         1
 19800   -0.35850980E+0001   -0.35850980E+0001    0.58712961E+0000         1
 19850   -0.35858403E+0001   -0.35858403E+0001    0.63010268E+0000         1
 19900   -0.35869893E+0001   -0.35869893E+0001    0.60336785E+0000         1
 19950   -0.35868857E+0001   -0.35868857E+0001    0.73631403E+0000         1
 20000   -0.35883070E+0001   -0.35883070E+0001    0.67912324E+0000         1
 20050   -0.35889832E+0001   -0.35889832E+0001    0.74891459E+0000         1
 20100   -0.35900488E+0001   -0.35900488E+0001    0.53848891E+0000         1
 20150   -0.35904612E+0001   -0.35904612E+0001    0.62686552E+0000         1
 20200   -0.35909795E+0001   -0.35909795E+0001    0.50877141E+0000         1
 20250   -0.35918470E+0001   -0.35918470E+0001    0.56332368E+0000         1
 20300   -0.35926641E+0001   -0.35926641E+0001    0.53030972E+0000         1
 20350   -0.35939689E+0001   -0.35939689E+0001    0.51959048E+0000         1
 20400   -0.35939755E+0001   -0.35939755E+0001    0.73759262E+0000         1
 20450   -0.35944885E+0001   -0.35944885E+0001    0.68101886E+0000         1
 20500   -0.35951346E+0001   -0.35951346E+0001    0.55161341E+0000         1
 20550   -0.35951921E+0001   -0.35951921E+0001    0.68071261E+0000         1
 20600   -0.35954546E+0001   -0.35954546E+0001    0.79565404E+0000         1
 20650   -0.35963111E+0001   -0.35963111E+0001    0.68963634E+0000         1
 20700   -0.35965349E+0001   -0.35965349E+0001    0.73197151E+0000         1
 20750   -0.35969329E+0001   -0.35969329E+0001    0.79588530E+0000         1
 20800   -0.35975008E+0001   -0.35975008E+0001    0.75185389E+0000         1
 20850   -0.35983452E+0001   -0.35983452E+0001    0.76859237E+0000         1
 20900   -0.35983663E+0001   -0.35983663E+0001    0.72466392E+0000         1
 20950   -0.35995041E+0001   -0.35995041E+0001    0.61152217E+0000         1
 21000   -0.35992595E+0001   -0.35992595E+0001    0.68362016E+0000         1
 21050   -0.35995460E+0001   -0.35995460E+0001    0.62264923E+0000         1
 21100   -0.36001097E+0001   -0.36001097E+0001    0.67827600E+0000         1
 21150   -0.36006682E+0001   -0.36006682E+0001    0.58745252E+0000         1
 21200   -0.35998447E+0001   -0.35998447E+0001    0.80412331E+0000         1
 21250   -0.36003698E+0001   -0.36003698E+0001    0.78289602E+0000         1
 21300   -0.36018022E+0001   -0.36018022E+0001    0.69269255E+0000         1
 21350   -0.36030299E+0001   -0.36030299E+0001    0.69039061E+0000         1
 21400   -0.36034409E+0001   -0.36034409E+0001    0.72099202E+0000         1
 21450   -0.36037363E+0001   -0.36037363E+0001    0.72875272E+0000         1
 21500   -0.36045675E+0001   -0.36045675E+0001    0.58046510E+0000         1
 21550   -0.36040485E+0001   -0.36040485E+0001    0.71457594E+0000         1
 21600   -0.36045192E+0001   -0.36045192E+0001    0.72695149E+0000         1
 21650   -0.36047276E+0001   -0.36047276E+0001    0.78484417E+0000         1
 21700   -0.36050817E+0001   -0.36050817E+0001    0.89976418E+0000         1
 21750   -0.36063932E+0001   -0.36063932E+0001    0.76319257E+0000         1
 21800   -0.36080296E+0001   -0.36080296E+0001    0.71324207E+0000         1
 21850   -0.36087075E+0001   -0.36087075E+0001    0.77579899E+0000         1
 21900   -0.36093745E+0001   -0.36093745E+0001    0.78079513E+0000         1
 21950   -0.36105684E+0001   -0.36105684E+0001    0.73489568E+0000         1
 22000   -0.36119265E+0001   -0.36119265E+0001    0.73503882E+0000         1
 22050   -0.36126934E+0001   -0.36126934E+0001    0.81825465E+0000         1
 22100   -0.36150729E+0001   -0.36150729E+0001    0.80647215E+0000         1
 22150   -0.36175498E+0001   -0.36175498E+0001    0.78846044E+0000         1
 22200   -0.36200323E+0001   -0.36200323E+0001    0.75176283E+0000         1
 22250   -0.36216704E+0001   -0.36216704E+0001    0.81164754E+0000         1
 22300   -0.36235673E+0001   -0.36235673E+0001    0.86800093E+0000         1
 22350   -0.36249203E+0001   -0.36249203E+0001    0.90016736E+0000         1
 22400   -0.36282504E+0001   -0.36282504E+0001    0.87789083E+0000         1
 22450   -0.36293261E+0001   -0.36293261E+0001    0.88500893E+0000         1
 22500   -0.36306580E+0001   -0.36306580E+0001    0.94240025E+0000         1
 22550   -0.36319623E+0001   -0.36319623E+0001    0.94538261E+0000         1
 22600   -0.36332961E+0001   -0.36332961E+0001    0.10778688E+0001         1
 22650   -0.36354124E+0001   -0.36354124E+0001    0.97866511E+0000         1
 22700   -0.36388851E+0001   -0.36388851E+0001    0.91291357E+0000         1
 22750   -0.36416704E+0001   -0.36416704E+0001    0.10010957E+0001         1
 22800   -0.36452360E+0001   -0.36452360E+0001    0.99877012E+0000         1
 22850   -0.36485892E+0001   -0.36485892E+0001    0.10802418E+0001         1
 22900   -0.36503883E+0001   -0.36503883E+0001    0.10939859E+0001         1
 22950   -0.36554223E+0001   -0.36554223E+0001    0.10288792E+0001         1
 23000   -0.36587466E+0001   -0.36587466E+0001    0.10150713E+0001         1
 23050   -0.36602943E+0001   -0.36602943E+0001    0.10132384E+0001         1
 23100   -0.36640853E+0001   -0.36640853E+0001    0.10516779E+0001         1
 23150   -0.36640071E+0001   -0.36640071E+0001    0.10377341E+0001         1
 23200   -0.36668999E+0001   -0.36668999E+0001    0.10010088E+0001         1
 23250   -0.36686015E+0001   -0.36686015E+0001    0.11048085E+0001         1
 23300   -0.36727401E+0001   -0.36727401E+0001    0.99314263E+0000         1
 23350   -0.36763154E+0001   -0.36763154E+0001    0.96762767E+0000         1
 23400   -0.36806823E+0001   -0.36806823E+0001    0.10539465E+0001         1
 23450   -0.36827975E+0001   -0.36827975E+0001    0.97468749E+0000         1
 23500   -0.36847168E+0001   -0.36847168E+0001    0.98555365E+0000         1
 23550   -0.36874854E+0001   -0.36874854E+0001    0.80294000E+0000         1
 23600   -0.36892099E+0001   -0.36892099E+0001    0.78012883E+0000         1
 23650   -0.36900752E+0001   -0.36900752E+0001    0.89057802E+0000         1
 23700   -0.36921475E+0001   -0.36921475E+0001    0.76840009E+0000         1
 23750   -0.36938907E+0001   -0.36938907E+0001    0.79331743E+0000         1
 23800   -0.36950864E+0001   -0.36950864E+0001    0.79028422E+0000         1
 23850   -0.36974049E+0001   -0.36974049E+0001    0.80125767E+0000         1
 23900   -0.36988392E+0001   -0.36988392E+0001    0.74172805E+0000         1
 23950   -0.37004056E+0001   -0.37004056E+0001    0.70203718E+0000         1
 24000   -0.37005235E+0001   -0.37005235E+0001    0.78158391E+0000         1
 24050   -0.37021340E+0001   -0.37021340E+0001    0.82057347E+0000         1
 24100   -0.37038299E+0001   -0.37038299E+0001    0.84284901E+0000         1
 24150   -0.37058248E+0001   -0.37058248E+0001    0.70906722E+0000         1
 24200   -0.37069652E+0001   -0.37069652E+0001    0.64311970E+0000         1
 24250   -0.37073800E+0001   -0.37073800E+0001    0.71104604E+0000         1
 24300   -0.37088809E+0001   -0.37088809E+0001    0.65531601E+0000         1
 24350   -0.37092552E+0001   -0.37092552E+0001    0.69420362E+0000         1
 24400   -0.37098941E+0001   -0.37098941E+0001    0.78397209E+0000         1
 24450   -0.37110164E+0001   -0.37110164E+0001    0.64221686E+0000         1
 24500   -0.37115385E+0001   -0.37115385E+0001    0.79327775E+0000         1
 24550   -0.37127504E+0001   -0.37127504E+0001    0.70335396E+0000         1
 24600   -0.37127442E+0001   -0.37127442E+0001    0.78201184E+0000         1
 24650   -0.37136319E+0001   -0.37136319E+0001    0.67898786E+0000         1
 24700   -0.37143805E+0001   -0.37143805E+0001    0.70026054E+0000         1
 24750   -0.37148510E+0001   -0.37148510E+0001    0.54979660E+0000         1
 24800   -0.37161256E+0001   -0.37161256E+0001    0.50047565E+0000         1
 24850   -0.37151301E+0001   -0.37151301E+0001    0.61809632E+0000         1
 24900   -0.37156360E+0001   -0.37156360E+0001    0.58882852E+0000         1
 24950   -0.37151678E+0001   -0.37151678E+0001    0.73206409E+0000         1
 25000   -0.37159406E+0001   -0.37159406E+0001    0.64027888E+0000         1
 25050   -0.37170376E+0001   -0.37170376E+0001    0.44212409E+0000         1
 25100   -0.37168018E+0001   -0.37168018E+0001    0.54586578E+0000         1
 25150   -0.37170230E+0001   -0.37170230E+0001    0.56909775E+0000         1
 25200   -0.37178098E+0001   -0.37178098E+0001    0.42458164E+0000         1
 25250   -0.37177268E+0001   -0.37177268E+0001    0.54445214E+0000         1
 25300   -0.37185793E+0001   -0.37185793E+0001    0.43016908E+0000         1
 25350   -0.37187125E+0001   -0.37187125E+0001    0.45672273E+0000         1
 25400   -0.37190315E+0001   -0.37190315E+0001    0.42489961E+0000         1
 25450   -0.37192041E+0001   -0.37192041E+0001    0.60554954E+0000         1
 25500   -0.37198099E+0001   -0.37198099E+0001    0.50231045E+0000         1
 25550   -0.37199905E+0001   -0.37199905E+0001    0.54161350E+0000         1
 25600   -0.37193093E+0001   -0.37193093E+0001    0.83610528E+0000         1
 25650   -0.37200646E+0001   -0.37200646E+0001    0.66975038E+0000         1
 25700   -0.37198691E+0001   -0.37198691E+0001    0.57008425E+0000         1
 25750   -0.37196790E+0001   -0.37196790E+0001    0.76799401E+0000         1
 25800   -0.37206018E+0001   -0.37206018E+0001    0.53285308E+0000         1
 25850   -0.37207280E+0001   -0.37207280E+0001    0.46737387E+0000         1
 25900   -0.37209463E+0001   -0.37209463E+0001    0.38948972E+0000         1
 25950   -0.37212322E+0001   -0.37212322E+0001    0.28827041E+0000         1
 26000   -0.37214107E+0001   -0.37214107E+0001    0.32219887E+0000         1
 26050   -0.37213708E+0001   -0.37213708E+0001    0.36705113E+0000         1
 26100   -0.37212909E+0001   -0.37212909E+0001    0.34942608E+0000         1
 26150   -0.37211089E+0001   -0.37211089E+0001    0.50851243E+0000         1
 26200   -0.37214706E+0001   -0.37214706E+0001    0.44081718E+0000         1
 26250   -0.37214519E+0001   -0.37214519E+0001    0.49153953E+0000         1
 26300   -0.37214829E+0001   -0.37214829E+0001    0.45440282E+0000         1
 26350   -0.37212466E+0001   -0.37212466E+0001    0.41973918E+0000         1
 26400   -0.37217267E+0001   -0.37217267E+0001    0.35891390E+0000         1
 26450   -0.37208860E+0001   -0.37208860E+0001    0.56882879E+0000         1
 26500   -0.37214141E+0001   -0.37214141E+0001    0.46132246E+0000         1
 26550   -0.37213935E+0001   -0.37213935E+0001    0.45113906E+0000         1
 26600   -0.37210313E+0001   -0.37210313E+0001    0.54507326E+0000         1
 26650   -0.37216244E+0001   -0.37216244E+0001    0.41038481E+0000         1
 26700   -0.37216957E+0001   -0.37216957E+0001    0.44563442E+0000         1
 26750   -0.37215043E+0001   -0.37215043E+0001    0.35378715E+0000         1
 26800   -0.37213013E+0001   -0.37213013E+0001    0.46906434E+0000         1
 26850   -0.37213196E+0001   -0.37213196E+0001    0.49997064E+0000         1
 26900   -0.37211452E+0001   -0.37211452E+0001    0.55816088E+0000         1
 26950   -0.37215884E+0001   -0.37215884E+0001    0.37831240E+0000         1
 27000   -0.37212638E+0001   -0.37212638E+0001    0.49483359E+0000         1
 27050   -0.37209952E+0001   -0.37209952E+0001    0.52020934E+0000         1
 27100   -0.37210508E+0001   -0.37210508E+0001    0.58273905E+0000         1
 27150   -0.37207154E+0001   -0.37207154E+0001    0.55705960E+0000         1
 27200   -0.37208272E+0001   -0.37208272E+0001    0.53652120E+0000         1
 27250   -0.37202387E+0001   -0.37202387E+0001    0.78667529E+0000         1
 27300   -0.37216851E+0001   -0.37216851E+0001    0.32436266E+0000         1
 27350   -0.37214339E+0001   -0.37214339E+0001    0.38713501E+0000         1
 27400   -0.37213395E+0001   -0.37213395E+0001    0.38954786E+0000         1
 27450   -0.37211032E+0001   -0.37211032E+0001    0.36870005E+0000         1
 27500   -0.37210532E+0001   -0.37210532E+0001    0.39063149E+0000         1
 27550   -0.37213439E+0001   -0.37213439E+0001    0.39542956E+0000         1
 27600   -0.37215347E+0001   -0.37215347E+0001    0.33194294E+0000         1
 27650   -0.37211225E+0001   -0.37211225E+0001    0.45688315E+0000         1
 27700   -0.37210941E+0001   -0.37210941E+0001    0.39261752E+0000         1
 27750   -0.37205461E+0001   -0.37205461E+0001    0.53463347E+0000         1
 27800   -0.37197236E+0001   -0.37197236E+0001    0.85740328E+0000         1
 27850   -0.37199537E+0001   -0.37199537E+0001    0.68204873E+0000         1
 27900   -0.37204927E+0001   -0.37204927E+0001    0.48506027E+0000         1
 27950   -0.37208279E+0001   -0.37208279E+0001    0.38545024E+0000         1
 28000   -0.37210770E+0001   -0.37210770E+0001    0.33822058E+0000         1
 28050   -0.37208326E+0001   -0.37208326E+0001    0.52457416E+0000         1
 28100   -0.37210595E+0001   -0.37210595E+0001    0.45495742E+0000         1
 28150   -0.37212291E+0001   -0.37212291E+0001    0.46019881E+0000         1
 28200   -0.37207474E+0001   -0.37207474E+0001    0.45158121E+0000         1
 28250   -0.37211436E+0001   -0.37211436E+0001    0.43789851E+0000         1
 28300   -0.37210320E+0001   -0.37210320E+0001    0.48013955E+0000         1
 28350   -0.37205977E+0001   -0.37205977E+0001    0.59288911E+0000         1
 28400   -0.37206456E+0001   -0.37206456E+0001    0.53411474E+0000         1
 28450   -0.37207557E+0001   -0.37207557E+0001    0.61845236E+0000         1
 28500   -0.37212057E+0001   -0.37212057E+0001    0.45883818E+0000         1
 28550   -0.37212136E+0001   -0.37212136E+0001    0.52899211E+0000         1
 28600   -0.37210845E+0001   -0.37210845E+0001    0.52410253E+0000         1
 28650   -0.37210936E+0001   -0.37210936E+0001    0.53376273E+0000         1
 28700   -0.37214235E+0001   -0.37214235E+0001    0.46426187E+0000         1
 28750   -0.37209050E+0001   -0.37209050E+0001    0.58703279E+0000         1
 28800   -0.37213005E+0001   -0.37213005E+0001    0.50569323E+0000         1
 28850   -0.37211898E+0001   -0.37211898E+0001    0.50496759E+0000         1
 28900   -0.37214944E+0001   -0.37214944E+0001    0.55425260E+0000         1
 28950   -0.37215519E+0001   -0.37215519E+0001    0.39087552E+0000         1
 29000   -0.37213955E+0001   -0.37213955E+0001    0.42274758E+0000         1
 29050   -0.37213743E+0001   -0.37213743E+0001    0.56355832E+0000         1
 29100   -0.37215961E+0001   -0.37215961E+0001    0.51552203E+0000         1
 29150   -0.37216873E+0001   -0.37216873E+0001    0.43326226E+0000         1
 29200   -0.37218591E+0001   -0.37218591E+0001    0.35352582E+0000         1
 29250   -0.37212534E+0001   -0.37212534E+0001    0.63402668E+0000         1
 29300   -0.37210959E+0001   -0.37210959E+0001    0.61528139E+0000         1
 29350   -0.37210481E+0001   -0.37210481E+0001    0.54221159E+0000         1
 29400   -0.37213913E+0001   -0.37213913E+0001    0.48543240E+0000         1
 29450   -0.37200372E+0001   -0.37200372E+0001    0.71706039E+0000         1
 29500   -0.37210526E+0001   -0.37210526E+0001    0.59216527E+0000         1
 29550   -0.37215533E+0001   -0.37215533E+0001    0.43554146E+0000         1
 29600   -0.37217766E+0001   -0.37217766E+0001    0.43040456E+0000         1
 29650   -0.37213494E+0001   -0.37213494E+0001    0.45531812E+0000         1
 29700   -0.37211942E+0001   -0.37211942E+0001    0.42718677E+0000         1
 29750   -0.37211667E+0001   -0.37211667E+0001    0.51080455E+0000         1
 29800   -0.37209381E+0001   -0.37209381E+0001    0.58146193E+0000         1
 29850   -0.37210796E+0001   -0.37210796E+0001    0.47564371E+0000         1
 29900   -0.37209482E+0001   -0.37209482E+0001    0.47755247E+0000         1
 29950   -0.37207983E+0001   -0.37207983E+0001    0.46493232E+0000         1
 30000   -0.37208731E+0001   -0.37208731E+0001    0.46737571E+0000         1
 30050   -0.37206027E+0001   -0.37206027E+0001    0.65681416E+0000         1
 30100   -0.37206748E+0001   -0.37206748E+0001    0.62471514E+0000         1
 30150   -0.37209469E+0001   -0.37209469E+0001    0.57361654E+0000         1
 30200   -0.37210609E+0001   -0.37210609E+0001    0.58387626E+0000         1
 30250   -0.37212959E+0001   -0.37212959E+0001    0.51806799E+0000         1
 30300   -0.37210649E+0001   -0.37210649E+0001    0.55680610E+0000         1
 30350   -0.37212562E+0001   -0.37212562E+0001    0.41460977E+0000         1
 30400   -0.37207316E+0001   -0.37207316E+0001    0.59380164E+0000         1
 30450   -0.37210758E+0001   -0.37210758E+0001    0.50806443E+0000         1
 30500   -0.37217905E+0001   -0.37217905E+0001    0.32157076E+0000         1
 30550   -0.37215730E+0001   -0.37215730E+0001    0.40846837E+0000         1
 30600   -0.37216272E+0001   -0.37216272E+0001    0.43057977E+0000         1
 30650   -0.37214185E+0001   -0.37214185E+0001    0.50078349E+0000         1
 30700   -0.37214535E+0001   -0.37214535E+0001    0.43662474E+0000         1
 30750   -0.37212235E+0001   -0.37212235E+0001    0.50882690E+0000         1
 30800   -0.37211205E+0001   -0.37211205E+0001    0.49132909E+0000         1
 30850   -0.37211414E+0001   -0.37211414E+0001    0.49475191E+0000         1
 30900   -0.37213392E+0001   -0.37213392E+0001    0.48183386E+0000         1
 30950   -0.37212709E+0001   -0.37212709E+0001    0.49589492E+0000         1
 31000   -0.37216817E+0001   -0.37216817E+0001    0.37081296E+0000         1
 31050   -0.37213724E+0001   -0.37213724E+0001    0.49909612E+0000         1
 31100   -0.37211775E+0001   -0.37211775E+0001    0.45730438E+0000         1
 31150   -0.37202439E+0001   -0.37202439E+0001    0.69671790E+0000         1
 31200   -0.37208239E+0001   -0.37208239E+0001    0.53637980E+0000         1
 31250   -0.37207196E+0001   -0.37207196E+0001    0.60535873E+0000         1
 31300   -0.37209857E+0001   -0.37209857E+0001    0.46672955E+0000         1
 31350   -0.37212412E+0001   -0.37212412E+0001    0.38200254E+0000         1
 31400   -0.37209920E+0001   -0.37209920E+0001    0.51079147E+0000         1
 31450   -0.37208175E+0001   -0.37208175E+0001    0.62433418E+0000         1
 31500   -0.37215169E+0001   -0.37215169E+0001    0.44212083E+0000         1
 31550   -0.37219186E+0001   -0.37219186E+0001    0.30547802E+0000         1
 31600   -0.37215969E+0001   -0.37215969E+0001    0.48950213E+0000         1
 31650   -0.37217233E+0001   -0.37217233E+0001    0.34785830E+0000         1
 31700   -0.37218635E+0001   -0.37218635E+0001    0.37288860E+0000         1
 31750   -0.37215765E+0001   -0.37215765E+0001    0.46010529E+0000         1
 31800   -0.37216726E+0001   -0.37216726E+0001    0.39196011E+0000         1
 31850   -0.37211145E+0001   -0.37211145E+0001    0.55745867E+0000         1
 31900   -0.37205862E+0001   -0.37205862E+0001    0.64337754E+0000         1
 31950   -0.37204568E+0001   -0.37204568E+0001    0.65810760E+0000         1
 32000   -0.37204684E+0001   -0.37204684E+0001    0.67121057E+0000         1
 32050   -0.37211274E+0001   -0.37211274E+0001    0.61319742E+0000         1
 32100   -0.37211140E+0001   -0.37211140E+0001    0.52182721E+0000         1
 32150   -0.37211830E+0001   -0.37211830E+0001    0.50660965E+0000         1
 32200   -0.37211543E+0001   -0.37211543E+0001    0.62812149E+0000         1
 32250   -0.37215566E+0001   -0.37215566E+0001    0.39219348E+0000         1
 32300   -0.37214841E+0001   -0.37214841E+0001    0.33193781E+0000         1
 32350   -0.37217758E+0001   -0.37217758E+0001    0.39106010E+0000         1
 32400   -0.37212987E+0001   -0.37212987E+0001    0.52546338E+0000         1
 32450   -0.37215346E+0001   -0.37215346E+0001    0.45591035E+0000         1
 32500   -0.37215793E+0001   -0.37215793E+0001    0.30704441E+0000         1
 32550   -0.37209111E+0001   -0.37209111E+0001    0.66267328E+0000         1
 32600   -0.37205204E+0001   -0.37205204E+0001    0.73223425E+0000         1
 32650   -0.37205077E+0001   -0.37205077E+0001    0.57437043E+0000         1
 32700   -0.37211246E+0001   -0.37211246E+0001    0.52104886E+0000         1
 32750   -0.37214028E+0001   -0.37214028E+0001    0.43210514E+0000         1
 32800   -0.37216523E+0001   -0.37216523E+0001    0.37751108E+0000         1
 32850   -0.37217926E+0001   -0.37217926E+0001    0.37051917E+0000         1
 32900   -0.37216036E+0001   -0.37216036E+0001    0.44313427E+0000         1
 32950   -0.37213808E+0001   -0.37213808E+0001    0.56328253E+0000         1
 33000   -0.37216454E+0001   -0.37216454E+0001    0.37868128E+0000         1
 33050   -0.37218959E+0001   -0.37218959E+0001    0.39879948E+0000         1
 33100   -0.37218796E+0001   -0.37218796E+0001    0.38361017E+0000         1
 33150   -0.37217055E+0001   -0.37217055E+0001    0.41121515E+0000         1
 33200   -0.37216393E+0001   -0.37216393E+0001    0.41403760E+0000         1
 33250   -0.37219056E+0001   -0.37219056E+0001    0.36412511E+0000         1
 33300   -0.37212503E+0001   -0.37212503E+0001    0.55128345E+0000         1
 33350   -0.37206171E+0001   -0.37206171E+0001    0.67708735E+0000         1
 33400   -0.37209642E+0001   -0.37209642E+0001    0.53382425E+0000         1
 33450   -0.37215514E+0001   -0.37215514E+0001    0.38402323E+0000         1
 33500   -0.37211582E+0001   -0.37211582E+0001    0.56098262E+0000         1
 33550   -0.37213184E+0001   -0.37213184E+0001    0.51742608E+0000         1
 33600   -0.37209257E+0001   -0.37209257E+0001    0.62124927E+0000         1
 33650   -0.37213052E+0001   -0.37213052E+0001    0.48481667E+0000         1
 33700   -0.37205955E+0001   -0.37205955E+0001    0.70603361E+0000         1
 33750   -0.37212424E+0001   -0.37212424E+0001    0.45781389E+0000         1
 33800   -0.37209753E+0001   -0.37209753E+0001    0.59635219E+0000         1
 33850   -0.37219440E+0001   -0.37219440E+0001    0.26162883E+0000         1
 33900   -0.37211809E+0001   -0.37211809E+0001    0.51244823E+0000         1
 33950   -0.37217115E+0001   -0.37217115E+0001    0.39582642E+0000         1
 34000   -0.37211990E+0001   -0.37211990E+0001    0.55337349E+0000         1
 34050   -0.37220388E+0001   -0.37220388E+0001    0.26812371E+0000         1
 34100   -0.37208654E+0001   -0.37208654E+0001    0.70184193E+0000         1
 34150   -0.37218062E+0001   -0.37218062E+0001    0.36046833E+0000         1
 34200   -0.37211265E+0001   -0.37211265E+0001    0.55343616E+0000         1
 34250   -0.37211453E+0001   -0.37211453E+0001    0.58411159E+0000         1
 34300   -0.37216426E+0001   -0.37216426E+0001    0.41123923E+0000         1
 34350   -0.37216094E+0001   -0.37216094E+0001    0.41945188E+0000         1
 34400   -0.37211972E+0001   -0.37211972E+0001    0.64669142E+0000         1
 34450   -0.37212507E+0001   -0.37212507E+0001    0.63641224E+0000         1
 34500   -0.37217309E+0001   -0.37217309E+0001    0.42067649E+0000         1
 34550   -0.37217673E+0001   -0.37217673E+0001    0.41797851E+0000         1
 34600   -0.37211845E+0001   -0.37211845E+0001    0.61659297E+0000         1
 34650   -0.37213832E+0001   -0.37213832E+0001    0.58823720E+0000         1
 34700   -0.37212011E+0001   -0.37212011E+0001    0.57600948E+0000         1
 34750   -0.37219494E+0001   -0.37219494E+0001    0.31498890E+0000         1
 34800   -0.37213470E+0001   -0.37213470E+0001    0.55229108E+0000         1
 34850   -0.37215671E+0001   -0.37215671E+0001    0.38472615E+0000         1
 34900   -0.37214880E+0001   -0.37214880E+0001    0.53157855E+0000         1
 34950   -0.37212426E+0001   -0.37212426E+0001    0.67334918E+0000         1
 35000   -0.37209050E+0001   -0.37209050E+0001    0.63672128E+0000         1
 35050   -0.37214533E+0001   -0.37214533E+0001    0.46323355E+0000         1
 35100   -0.37213273E+0001   -0.37213273E+0001    0.52275347E+0000         1
 35150   -0.37211663E+0001   -0.37211663E+0001    0.55570218E+0000         1
 35200   -0.37210064E+0001   -0.37210064E+0001    0.59248514E+0000         1
 35250   -0.37203395E+0001   -0.37203395E+0001    0.61948294E+0000         1
 35300   -0.37215400E+0001   -0.37215400E+0001    0.44321061E+0000         1
 35350   -0.37209424E+0001   -0.37209424E+0001    0.53090024E+0000         1
 35400   -0.37216100E+0001   -0.37216100E+0001    0.34404341E+0000         1
 35450   -0.37211984E+0001   -0.37211984E+0001    0.44145770E+0000         1
 35500   -0.37215223E+0001   -0.37215223E+0001    0.36315104E+0000         1
 35550   -0.37212487E+0001   -0.37212487E+0001    0.41145472E+0000         1
 35600   -0.37213492E+0001   -0.37213492E+0001    0.44006295E+0000         1
 35650   -0.37207263E+0001   -0.37207263E+0001    0.58467402E+0000         1
 35700   -0.37212670E+0001   -0.37212670E+0001    0.52706613E+0000         1
 35750   -0.37214401E+0001   -0.37214401E+0001    0.42733226E+0000         1
 35800   -0.37212048E+0001   -0.37212048E+0001    0.63027265E+0000         1
 35850   -0.37214978E+0001   -0.37214978E+0001    0.38380028E+0000         1
 35900   -0.37212635E+0001   -0.37212635E+0001    0.49790949E+0000         1
 35950   -0.37197432E+0001   -0.37197432E+0001    0.89405793E+0000         1
 36000   -0.37207931E+0001   -0.37207931E+0001    0.58769017E+0000         1
 36050   -0.37210580E+0001   -0.37210580E+0001    0.55494144E+0000         1
 36100   -0.37214590E+0001   -0.37214590E+0001    0.42695517E+0000         1
 36150   -0.37217059E+0001   -0.37217059E+0001    0.35656350E+0000         1
 36200   -0.37210602E+0001   -0.37210602E+0001    0.64677003E+0000         1
 36250   -0.37208893E+0001   -0.37208893E+0001    0.50758311E+0000         1
 36300   -0.37211457E+0001   -0.37211457E+0001    0.60494173E+0000         1
 36350   -0.37210280E+0001   -0.37210280E+0001    0.60106008E+0000         1
 36400   -0.37213224E+0001   -0.37213224E+0001    0.54930757E+0000         1
 36450   -0.37213114E+0001   -0.37213114E+0001    0.40282966E+0000         1
 36500   -0.37210867E+0001   -0.37210867E+0001    0.53501608E+0000         1
 36550   -0.37214446E+0001   -0.37214446E+0001    0.36291555E+0000         1
 36600   -0.37209794E+0001   -0.37209794E+0001    0.45361226E+0000         1
 36650   -0.37206777E+0001   -0.37206777E+0001    0.67910779E+0000         1
 36700   -0.37210068E+0001   -0.37210068E+0001    0.64437923E+0000         1
 36750   -0.37209733E+0001   -0.37209733E+0001    0.47298550E+0000         1
 36800   -0.37209541E+0001   -0.37209541E+0001    0.45401367E+0000         1
 36850   -0.37211756E+0001   -0.37211756E+0001    0.44713928E+0000         1
 36900   -0.37211601E+0001   -0.37211601E+0001    0.57772994E+0000         1
 36950   -0.37209046E+0001   -0.37209046E+0001    0.54473772E+0000         1
 37000   -0.37205040E+0001   -0.37205040E+0001    0.73231939E+0000         1
 37050   -0.37217878E+0001   -0.37217878E+0001    0.32283102E+0000         1
 37100   -0.37215701E+0001   -0.37215701E+0001    0.42322044E+0000         1
 37150   -0.37214458E+0001   -0.37214458E+0001    0.49716940E+0000         1
 37200   -0.37216303E+0001   -0.37216303E+0001    0.36953706E+0000         1
 37250   -0.37212128E+0001   -0.37212128E+0001    0.45638558E+0000         1
 37300   -0.37213590E+0001   -0.37213590E+0001    0.47974209E+0000         1
 37350   -0.37215769E+0001   -0.37215769E+0001    0.40397912E+0000         1
 37400   -0.37214687E+0001   -0.37214687E+0001    0.51846455E+0000         1
 37450   -0.37215969E+0001   -0.37215969E+0001    0.39158931E+0000         1
 37500   -0.37213046E+0001   -0.37213046E+0001    0.61831123E+0000         1
 37550   -0.37207157E+0001   -0.37207157E+0001    0.66986168E+0000         1
 37600   -0.37212154E+0001   -0.37212154E+0001    0.59632799E+0000         1
 37650   -0.37213379E+0001   -0.37213379E+0001    0.52661968E+0000         1
 37700   -0.37213627E+0001   -0.37213627E+0001    0.46241802E+0000         1
 37750   -0.37208452E+0001   -0.37208452E+0001    0.54229010E+0000         1
 37800   -0.37211010E+0001   -0.37211010E+0001    0.50360182E+0000         1
 37850   -0.37216271E+0001   -0.37216271E+0001    0.40095130E+0000         1
 37900   -0.37202680E+0001   -0.37202680E+0001    0.79400707E+0000         1
 37950   -0.37210879E+0001   -0.37210879E+0001    0.55682965E+0000         1
 38000   -0.37213208E+0001   -0.37213208E+0001    0.44802013E+0000         1
 38050   -0.37215403E+0001   -0.37215403E+0001    0.40108015E+0000         1
 38100   -0.37212205E+0001   -0.37212205E+0001    0.49454092E+0000         1
 38150   -0.37215427E+0001   -0.37215427E+0001    0.37382471E+0000         1
 38200   -0.37211867E+0001   -0.37211867E+0001    0.59359427E+0000         1
 38250   -0.37214517E+0001   -0.37214517E+0001    0.42253435E+0000         1
 38300   -0.37211608E+0001   -0.37211608E+0001    0.58053170E+0000         1
 38350   -0.37214077E+0001   -0.37214077E+0001    0.47281564E+0000         1
 38400   -0.37213049E+0001   -0.37213049E+0001    0.55076608E+0000         1
 38450   -0.37207667E+0001   -0.37207667E+0001    0.60570608E+0000         1
 38500   -0.37209163E+0001   -0.37209163E+0001    0.54241796E+0000         1
 38550   -0.37212718E+0001   -0.37212718E+0001    0.50467035E+0000         1
 38600   -0.37214001E+0001   -0.37214001E+0001    0.54013569E+0000         1
 38650   -0.37216040E+0001   -0.37216040E+0001    0.44690482E+0000         1
 38700   -0.37211963E+0001   -0.37211963E+0001    0.64355677E+0000         1
 38750   -0.37205320E+0001   -0.37205320E+0001    0.80635125E+0000         1
 38800   -0.37210818E+0001   -0.37210818E+0001    0.67790217E+0000         1
 38850   -0.37210307E+0001   -0.37210307E+0001    0.60442514E+0000         1
 38900   -0.37215155E+0001   -0.37215155E+0001    0.49447421E+0000         1
 38950   -0.37208731E+0001   -0.37208731E+0001    0.63928680E+0000         1
 39000   -0.37209669E+0001   -0.37209669E+0001    0.52796345E+0000         1
 39050   -0.37212444E+0001   -0.37212444E+0001    0.46948249E+0000         1
 39100   -0.37212518E+0001   -0.37212518E+0001    0.52805558E+0000         1
 39150   -0.37212266E+0001   -0.37212266E+0001    0.60196118E+0000         1
 39200   -0.37216909E+0001   -0.37216909E+0001    0.44357740E+0000         1
 39250   -0.37216148E+0001   -0.37216148E+0001    0.44261477E+0000         1
 39300   -0.37215212E+0001   -0.37215212E+0001    0.49033224E+0000         1
 39350   -0.37211365E+0001   -0.37211365E+0001    0.68546817E+0000         1
 39400   -0.37215458E+0001   -0.37215458E+0001    0.48841589E+0000         1
 39450   -0.37220365E+0001   -0.37220365E+0001    0.35048682E+0000         1
 39500   -0.37218668E+0001   -0.37218668E+0001    0.37326963E+0000         1
 39550   -0.37220116E+0001   -0.37220116E+0001    0.33595281E+0000         1
 39600   -0.37208992E+0001   -0.37208992E+0001    0.65774696E+0000         1
 39650   -0.37210568E+0001   -0.37210568E+0001    0.62424234E+0000         1
 39700   -0.37212906E+0001   -0.37212906E+0001    0.54802931E+0000         1
 39750   -0.37214031E+0001   -0.37214031E+0001    0.42931027E+0000         1
 39800   -0.37211282E+0001   -0.37211282E+0001    0.51553565E+0000         1
 39850   -0.37210427E+0001   -0.37210427E+0001    0.47840815E+0000         1
 39900   -0.37203281E+0001   -0.37203281E+0001    0.61084563E+0000         1
 39950   -0.37210305E+0001   -0.37210305E+0001    0.53669479E+0000         1
 40000   -0.37211784E+0001   -0.37211784E+0001    0.52553384E+0000         1
 40050   -0.37204356E+0001   -0.37204356E+0001    0.68085104E+0000         1
 40100   -0.37215306E+0001   -0.37215306E+0001    0.45443773E+0000         1
 40150   -0.37216967E+0001   -0.37216967E+0001    0.37275376E+0000         1
 40200   -0.37211595E+0001   -0.37211595E+0001    0.57763819E+0000         1
 40250   -0.37212971E+0001   -0.37212971E+0001    0.47952310E+0000         1
 40300   -0.37211157E+0001   -0.37211157E+0001    0.50398163E+0000         1
 40350   -0.37213595E+0001   -0.37213595E+0001    0.47521333E+0000         1
 40400   -0.37218283E+0001   -0.37218283E+0001    0.43291655E+0000         1
 40450   -0.37215694E+0001   -0.37215694E+0001    0.46250040E+0000         1
 40500   -0.37218346E+0001   -0.37218346E+0001    0.35976189E+0000         1
 40550   -0.37218914E+0001   -0.37218914E+0001    0.35669743E+0000         1
 40600   -0.37219654E+0001   -0.37219654E+0001    0.31596318E+0000         1
 40650   -0.37216071E+0001   -0.37216071E+0001    0.46626266E+0000         1
 40700   -0.37216799E+0001   -0.37216799E+0001    0.43774966E+0000         1
 40750   -0.37213916E+0001   -0.37213916E+0001    0.49500863E+0000         1
 40800   -0.37208139E+0001   -0.37208139E+0001    0.59046324E+0000         1
 40850   -0.37200923E+0001   -0.37200923E+0001    0.80349917E+0000         1
 40900   -0.37209479E+0001   -0.37209479E+0001    0.57101065E+0000         1
 40950   -0.37214019E+0001   -0.37214019E+0001    0.49033053E+0000         1
 41000   -0.37215818E+0001   -0.37215818E+0001    0.37871912E+0000         1
 41050   -0.37207424E+0001   -0.37207424E+0001    0.60136587E+0000         1
 41100   -0.37213559E+0001   -0.37213559E+0001    0.45610147E+0000         1
 41150   -0.37200598E+0001   -0.37200598E+0001    0.69827681E+0000         1
 41200   -0.37208883E+0001   -0.37208883E+0001    0.58663165E+0000         1
 41250   -0.37210730E+0001   -0.37210730E+0001    0.61233533E+0000         1
 41300   -0.37206216E+0001   -0.37206216E+0001    0.62377746E+0000         1
 41350   -0.37217048E+0001   -0.37217048E+0001    0.42465700E+0000         1
 41400   -0.37218906E+0001   -0.37218906E+0001    0.23415073E+0000         1
 41450   -0.37217321E+0001   -0.37217321E+0001    0.33345680E+0000         1
 41500   -0.37213884E+0001   -0.37213884E+0001    0.53217715E+0000         1
 41550   -0.37213947E+0001   -0.37213947E+0001    0.42534057E+0000         1
 41600   -0.37214029E+0001   -0.37214029E+0001    0.56265285E+0000         1
 41650   -0.37216131E+0001   -0.37216131E+0001    0.36057297E+0000         1
 41700   -0.37208812E+0001   -0.37208812E+0001    0.55771844E+0000         1
 41750   -0.37215543E+0001   -0.37215543E+0001    0.39830914E+0000         1
 41800   -0.37208068E+0001   -0.37208068E+0001    0.70339147E+0000         1
 41850   -0.37209937E+0001   -0.37209937E+0001    0.61499225E+0000         1
 41900   -0.37205563E+0001   -0.37205563E+0001    0.75140815E+0000         1
 41950   -0.37211144E+0001   -0.37211144E+0001    0.58750466E+0000         1
 42000   -0.37212236E+0001   -0.37212236E+0001    0.51496754E+0000         1
 42050   -0.37212202E+0001   -0.37212202E+0001    0.52514397E+0000         1
 42100   -0.37210719E+0001   -0.37210719E+0001    0.55667500E+0000         1
 42150   -0.37208427E+0001   -0.37208427E+0001    0.67607582E+0000         1
 42200   -0.37217948E+0001   -0.37217948E+0001    0.39674122E+0000         1
 42250   -0.37216939E+0001   -0.37216939E+0001    0.41167969E+0000         1
 42300   -0.37215900E+0001   -0.37215900E+0001    0.46289037E+0000         1
 42350   -0.37212277E+0001   -0.37212277E+0001    0.61907513E+0000         1
 42400   -0.37209878E+0001   -0.37209878E+0001    0.67201426E+0000         1
 42450   -0.37216061E+0001   -0.37216061E+0001    0.46662490E+0000         1
 42500   -0.37210492E+0001   -0.37210492E+0001    0.57902702E+0000         1
 42550   -0.37215486E+0001   -0.37215486E+0001    0.38486798E+0000         1
 42600   -0.37214371E+0001   -0.37214371E+0001    0.41716192E+0000         1
 42650   -0.37210391E+0001   -0.37210391E+0001    0.52126626E+0000         1
 42700   -0.37211432E+0001   -0.37211432E+0001    0.51622083E+0000         1
 42750   -0.37214154E+0001   -0.37214154E+0001    0.37209084E+0000         1
 42800   -0.37208681E+0001   -0.37208681E+0001    0.60017187E+0000         1
 42850   -0.37211673E+0001   -0.37211673E+0001    0.46647442E+0000         1
 42900   -0.37215750E+0001   -0.37215750E+0001    0.38815210E+0000         1
 42950   -0.37213129E+0001   -0.37213129E+0001    0.39408441E+0000         1
 43000   -0.37211810E+0001   -0.37211810E+0001    0.46932957E+0000         1
 43050   -0.37210695E+0001   -0.37210695E+0001    0.42255362E+0000         1
 43100   -0.37210565E+0001   -0.37210565E+0001    0.48590891E+0000         1
 43150   -0.37211852E+0001   -0.37211852E+0001    0.46184209E+0000         1
 43200   -0.37208147E+0001   -0.37208147E+0001    0.41436265E+0000         1
 43250   -0.37201643E+0001   -0.37201643E+0001    0.62031550E+0000         1
 43300   -0.37202032E+0001   -0.37202032E+0001    0.67166246E+0000         1
 43350   -0.37207011E+0001   -0.37207011E+0001    0.61579844E+0000         1
 43400   -0.37208536E+0001   -0.37208536E+0001    0.59084734E+0000         1
 43450   -0.37210230E+0001   -0.37210230E+0001    0.58244917E+0000         1
 43500   -0.37210593E+0001   -0.37210593E+0001    0.51616031E+0000         1
 43550   -0.37210865E+0001   -0.37210865E+0001    0.49244778E+0000         1
 43600   -0.37210881E+0001   -0.37210881E+0001    0.47463626E+0000         1
 43650   -0.37211403E+0001   -0.37211403E+0001    0.55874995E+0000         1
 43700   -0.37214011E+0001   -0.37214011E+0001    0.45169000E+0000         1
 43750   -0.37211377E+0001   -0.37211377E+0001    0.57308410E+0000         1
 43800   -0.37211804E+0001   -0.37211804E+0001    0.49822464E+0000         1
 43850   -0.37207960E+0001   -0.37207960E+0001    0.59152374E+0000         1
 43900   -0.37208814E+0001   -0.37208814E+0001    0.63687053E+0000         1
 43950   -0.37212476E+0001   -0.37212476E+0001    0.56838051E+0000         1
 44000   -0.37210928E+0001   -0.37210928E+0001    0.54141640E+0000         1
 44050   -0.37210815E+0001   -0.37210815E+0001    0.56343569E+0000         1
 44100   -0.37212062E+0001   -0.37212062E+0001    0.54574983E+0000         1
 44150   -0.37206985E+0001   -0.37206985E+0001    0.75668140E+0000         1
 44200   -0.37211499E+0001   -0.37211499E+0001    0.47489987E+0000         1
 44250   -0.37206681E+0001   -0.37206681E+0001    0.70501292E+0000         1
 44300   -0.37205474E+0001   -0.37205474E+0001    0.66849203E+0000         1
 44350   -0.37207483E+0001   -0.37207483E+0001    0.53976046E+0000         1
 44400   -0.37212682E+0001   -0.37212682E+0001    0.38457776E+0000         1
 44450   -0.37211333E+0001   -0.37211333E+0001    0.49175527E+0000         1
 44500   -0.37208733E+0001   -0.37208733E+0001    0.60526618E+0000         1
 44550   -0.37216417E+0001   -0.37216417E+0001    0.35030657E+0000         1
 44600   -0.37213256E+0001   -0.37213256E+0001    0.42266841E+0000         1
 44650   -0.37210029E+0001   -0.37210029E+0001    0.49444718E+0000         1
 44700   -0.37212076E+0001   -0.37212076E+0001    0.47941562E+0000         1
 44750   -0.37212227E+0001   -0.37212227E+0001    0.46145970E+0000         1
 44800   -0.37211693E+0001   -0.37211693E+0001    0.59645227E+0000         1
 44850   -0.37214866E+0001   -0.37214866E+0001    0.38693055E+0000         1
 44900   -0.37213533E+0001   -0.37213533E+0001    0.40716074E+0000         1
 44950   -0.37210328E+0001   -0.37210328E+0001    0.49323406E+0000         1
 45000   -0.37211229E+0001   -0.37211229E+0001    0.42396927E+0000         1
 45050   -0.37208551E+0001   -0.37208551E+0001    0.59119990E+0000         1
 45100   -0.37202476E+0001   -0.37202476E+0001    0.61813146E+0000         1
 45150   -0.37210477E+0001   -0.37210477E+0001    0.56112502E+0000         1
 45200   -0.37213228E+0001   -0.37213228E+0001    0.47164975E+0000         1
 45250   -0.37213953E+0001   -0.37213953E+0001    0.49269597E+0000         1
 45300   -0.37215560E+0001   -0.37215560E+0001    0.42283218E+0000         1
 45350   -0.37214652E+0001   -0.37214652E+0001    0.47278896E+0000         1
 45400   -0.37206546E+0001   -0.37206546E+0001    0.69524186E+0000         1
 45450   -0.37207812E+0001   -0.37207812E+0001    0.57364074E+0000         1
 45500   -0.37211777E+0001   -0.37211777E+0001    0.53964271E+0000         1
 45550   -0.37212482E+0001   -0.37212482E+0001    0.48782556E+0000         1
 45600   -0.37212560E+0001   -0.37212560E+0001    0.44604357E+0000         1
 45650   -0.37215574E+0001   -0.37215574E+0001    0.42203202E+0000         1
 45700   -0.37217861E+0001   -0.37217861E+0001    0.33855194E+0000         1
 45750   -0.37215343E+0001   -0.37215343E+0001    0.41558662E+0000         1
 45800   -0.37217290E+0001   -0.37217290E+0001    0.39716421E+0000         1
 45850   -0.37215256E+0001   -0.37215256E+0001    0.44530895E+0000         1
 45900   -0.37217396E+0001   -0.37217396E+0001    0.36140060E+0000         1
 45950   -0.37215998E+0001   -0.37215998E+0001    0.47779800E+0000         1
 46000   -0.37212650E+0001   -0.37212650E+0001    0.49714718E+0000         1
 46050   -0.37210467E+0001   -0.37210467E+0001    0.61606309E+0000         1
 46100   -0.37212004E+0001   -0.37212004E+0001    0.48981401E+0000         1
 46150   -0.37211224E+0001   -0.37211224E+0001    0.49977111E+0000         1
 46200   -0.37210613E+0001   -0.37210613E+0001    0.54760850E+0000         1
 46250   -0.37214589E+0001   -0.37214589E+0001    0.41779411E+0000         1
 46300   -0.37211114E+0001   -0.37211114E+0001    0.64509741E+0000         1
 46350   -0.37214865E+0001   -0.37214865E+0001    0.47515904E+0000         1
 46400   -0.37211293E+0001   -0.37211293E+0001    0.48484922E+0000         1
 46450   -0.37216127E+0001   -0.37216127E+0001    0.37093573E+0000         1
 46500   -0.37212710E+0001   -0.37212710E+0001    0.42939742E+0000         1
 46550   -0.37214228E+0001   -0.37214228E+0001    0.39799537E+0000         1
 46600   -0.37214063E+0001   -0.37214063E+0001    0.41310704E+0000         1
 46650   -0.37213785E+0001   -0.37213785E+0001    0.44464217E+0000         1
 46700   -0.37210393E+0001   -0.37210393E+0001    0.44611191E+0000         1
 46750   -0.37210415E+0001   -0.37210415E+0001    0.51553159E+0000         1
 46800   -0.37200281E+0001   -0.37200281E+0001    0.70698622E+0000         1
 46850   -0.37201163E+0001   -0.37201163E+0001    0.73602509E+0000         1
 46900   -0.37206682E+0001   -0.37206682E+0001    0.75064604E+0000         1
 46950   -0.37212712E+0001   -0.37212712E+0001    0.54620348E+0000         1
 47000   -0.37211545E+0001   -0.37211545E+0001    0.57606330E+0000         1
 47050   -0.37209743E+0001   -0.37209743E+0001    0.64955583E+0000         1
 47100   -0.37216403E+0001   -0.37216403E+0001    0.41643053E+0000         1
 47150   -0.37217032E+0001   -0.37217032E+0001    0.36481681E+0000         1
 47200   -0.37214411E+0001   -0.37214411E+0001    0.45255678E+0000         1
 47250   -0.37216287E+0001   -0.37216287E+0001    0.49609969E+0000         1
 47300   -0.37215027E+0001   -0.37215027E+0001    0.45746954E+0000         1
 47350   -0.37212599E+0001   -0.37212599E+0001    0.56537109E+0000         1
 47400   -0.37217825E+0001   -0.37217825E+0001    0.41139574E+0000         1
 47450   -0.37215595E+0001   -0.37215595E+0001    0.39588171E+0000         1
 47500   -0.37214210E+0001   -0.37214210E+0001    0.52139350E+0000         1
 47550   -0.37213835E+0001   -0.37213835E+0001    0.52999495E+0000         1
 47600   -0.37214322E+0001   -0.37214322E+0001    0.44334607E+0000         1
 47650   -0.37218911E+0001   -0.37218911E+0001    0.30835768E+0000         1
 47700   -0.37213334E+0001   -0.37213334E+0001    0.44664885E+0000         1
 47750   -0.37213115E+0001   -0.37213115E+0001    0.56112800E+0000         1
 47800   -0.37214962E+0001   -0.37214962E+0001    0.42222358E+0000         1
 47850   -0.37211162E+0001   -0.37211162E+0001    0.60545799E+0000         1
 47900   -0.37207480E+0001   -0.37207480E+0001    0.68374989E+0000         1
 47950   -0.37215656E+0001   -0.37215656E+0001    0.40448129E+0000         1
 48000   -0.37213441E+0001   -0.37213441E+0001    0.49850936E+0000         1
