     1   -0.39239817E+0001   -0.39244559E+0001    0.17119297E+0001     12007
    50   -0.39238593E+0001   -0.39293919E+0001    0.13291792E+0001     12163
   100   -0.39264624E+0001   -0.39317733E+0001    0.12043235E+0001     12679
   150   -0.39291475E+0001   -0.39340595E+0001    0.10220419E+0001     13396
   200   -0.39311633E+0001   -0.39353833E+0001    0.91576876E+0000     13586
   250   -0.39327876E+0001   -0.39364436E+0001    0.79466972E+0000     13790
   300   -0.39343785E+0001   -0.39373572E+0001    0.66889664E+0000     14344
   350   -0.39357810E+0001   -0.39384904E+0001    0.60911884E+0000     14516
   400   -0.39368488E+0001   -0.39389692E+0001    0.52840457E+0000     14842
     1   -0.39239726E+0001   -0.39244817E+0001    0.17119297E+0001     12001
    50   -0.39235482E+0001   -0.39288630E+0001    0.14002586E+0001     12025
   100   -0.39257721E+0001   -0.39307185E+0001    0.12456669E+0001     12457
   150   -0.39280515E+0001   -0.39325843E+0001    0.10758265E+0001     12748
   200   -0.39300993E+0001   -0.39343239E+0001    0.93505164E+0000     13323
   250   -0.39315763E+0001   -0.39349041E+0001    0.87263727E+0000     13685
   300   -0.39329935E+0001   -0.39362951E+0001    0.75532446E+0000     13846
   350   -0.39342978E+0001   -0.39370880E+0001    0.72446077E+0000     14442
   400   -0.39353629E+0001   -0.39377516E+0001    0.67315804E+0000     14696
     1   -0.39239722E+0001   -0.39245353E+0001    0.17119297E+0001     11998
    50   -0.39231391E+0001   -0.39283179E+0001    0.14128372E+0001     12314
   100   -0.39254521E+0001   -0.39303359E+0001    0.12066692E+0001     12864
   150   -0.39279774E+0001   -0.39325133E+0001    0.10680460E+0001     13372
   200   -0.39292099E+0001   -0.39331652E+0001    0.10343500E+0001     14040
   250   -0.39302633E+0001   -0.39340991E+0001    0.97334448E+0000     14542
   300   -0.39313420E+0001   -0.39349684E+0001    0.89819302E+0000     14806
   350   -0.39323372E+0001   -0.39362670E+0001    0.87686113E+0000     15257
   400   -0.39333225E+0001   -0.39371900E+0001    0.80750485E+0000     15630
     1   -0.39239629E+0001   -0.39244833E+0001    0.17119297E+0001     12001
    50   -0.39228694E+0001   -0.39278717E+0001    0.14566612E+0001     12028
   100   -0.39245647E+0001   -0.39299658E+0001    0.13312814E+0001     12398
   150   -0.39262213E+0001   -0.39318975E+0001    0.11729828E+0001     13239
   200   -0.39281171E+0001   -0.39336970E+0001    0.10214726E+0001     13747
   250   -0.39309518E+0001   -0.39352994E+0001    0.89348122E+0000     14308
   300   -0.39325018E+0001   -0.39355299E+0001    0.86080863E+0000     15001
   350   -0.39336929E+0001   -0.39370421E+0001    0.72616593E+0000     15433
   400   -0.39347496E+0001   -0.39377561E+0001    0.68967649E+0000     15577
     1   -0.39239567E+0001   -0.39244806E+0001    0.17119297E+0001     12003
    50   -0.39224958E+0001   -0.39275646E+0001    0.14604122E+0001     12185
   100   -0.39237854E+0001   -0.39294038E+0001    0.13083508E+0001     12979
   150   -0.39262079E+0001   -0.39320654E+0001    0.11575041E+0001     13388
   200   -0.39288107E+0001   -0.39334486E+0001    0.10469327E+0001     13729
   250   -0.39299781E+0001   -0.39338514E+0001    0.10535571E+0001     14205
   300   -0.39314499E+0001   -0.39353252E+0001    0.88172896E+0000     14739
   350   -0.39330347E+0001   -0.39360729E+0001    0.82027724E+0000     14962
   400   -0.39344782E+0001   -0.39370771E+0001    0.73064168E+0000     15736
     1   -0.39239516E+0001   -0.39244837E+0001    0.17119297E+0001     11989
    50   -0.39222951E+0001   -0.39276851E+0001    0.14051998E+0001     12161
   100   -0.39236972E+0001   -0.39288106E+0001    0.13465155E+0001     12886
   150   -0.39252771E+0001   -0.39308415E+0001    0.11927738E+0001     13307
   200   -0.39266190E+0001   -0.39321039E+0001    0.10650823E+0001     13741
   250   -0.39286863E+0001   -0.39330021E+0001    0.97429138E+0000     14256
   300   -0.39300208E+0001   -0.39350683E+0001    0.89983389E+0000     15086
   350   -0.39314419E+0001   -0.39354970E+0001    0.84983378E+0000     15525
   400   -0.39327066E+0001   -0.39360692E+0001    0.77812764E+0000     15858
     1   -0.39239510E+0001   -0.39244769E+0001    0.17119297E+0001     11997
    50   -0.39220221E+0001   -0.39272880E+0001    0.14331277E+0001     12158
   100   -0.39232489E+0001   -0.39285776E+0001    0.13800974E+0001     12578
   150   -0.39245522E+0001   -0.39299068E+0001    0.12886510E+0001     12866
   200   -0.39258373E+0001   -0.39308965E+0001    0.11650882E+0001     12989
   250   -0.39274537E+0001   -0.39320142E+0001    0.11181429E+0001     13437
   300   -0.39290496E+0001   -0.39331595E+0001    0.10522883E+0001     13494
   350   -0.39304316E+0001   -0.39346730E+0001    0.94245312E+0000     13663
   400   -0.39313430E+0001   -0.39353103E+0001    0.91067904E+0000     13977
     1   -0.39239426E+0001   -0.39244614E+0001    0.17119297E+0001     11991
    50   -0.39217435E+0001   -0.39275216E+0001    0.14574539E+0001     12175
   100   -0.39230243E+0001   -0.39293073E+0001    0.13470200E+0001     12691
   150   -0.39245125E+0001   -0.39291523E+0001    0.13552912E+0001     13221
   200   -0.39251767E+0001   -0.39307845E+0001    0.11920665E+0001     13832
   250   -0.39262572E+0001   -0.39314909E+0001    0.11735493E+0001     14456
   300   -0.39273813E+0001   -0.39318894E+0001    0.11042092E+0001     15008
   350   -0.39281952E+0001   -0.39320756E+0001    0.10662546E+0001     15395
   400   -0.39289678E+0001   -0.39329464E+0001    0.10550559E+0001     15915
     1   -0.39239394E+0001   -0.39244713E+0001    0.17119297E+0001     12003
    50   -0.39214991E+0001   -0.39266032E+0001    0.15197495E+0001     12382
   100   -0.39216866E+0001   -0.39267096E+0001    0.14682357E+0001     12850
   150   -0.39224090E+0001   -0.39273631E+0001    0.13531762E+0001     13340
   200   -0.39230964E+0001   -0.39282560E+0001    0.12443356E+0001     14089
   250   -0.39237680E+0001   -0.39292931E+0001    0.11860075E+0001     14573
   300   -0.39244273E+0001   -0.39296875E+0001    0.11458480E+0001     14866
   350   -0.39259374E+0001   -0.39305264E+0001    0.11386781E+0001     15602
   400   -0.39266039E+0001   -0.39308315E+0001    0.11367638E+0001     16463
     1   -0.39239385E+0001   -0.39245670E+0001    0.17119297E+0001     11996
    50   -0.39213761E+0001   -0.39269841E+0001    0.14889533E+0001     12380
   100   -0.39219562E+0001   -0.39291189E+0001    0.13301025E+0001     13033
   150   -0.39248658E+0001   -0.39294944E+0001    0.12478735E+0001     13683
   200   -0.39256454E+0001   -0.39307244E+0001    0.11559790E+0001     14327
   250   -0.39268609E+0001   -0.39322107E+0001    0.10689896E+0001     14802
   300   -0.39281492E+0001   -0.39328259E+0001    0.10510172E+0001     14851
   350   -0.39287371E+0001   -0.39331897E+0001    0.10171334E+0001     15109
   400   -0.39294754E+0001   -0.39337148E+0001    0.94472997E+0000     15532
     1   -0.39239333E+0001   -0.39244852E+0001    0.17119297E+0001     12007
    50   -0.39209867E+0001   -0.39269246E+0001    0.14811748E+0001     12265
   100   -0.39212692E+0001   -0.39277403E+0001    0.14356913E+0001     12802
   150   -0.39216547E+0001   -0.39276289E+0001    0.14396146E+0001     13514
   200   -0.39221530E+0001   -0.39278065E+0001    0.13053751E+0001     14215
   250   -0.39232012E+0001   -0.39279470E+0001    0.13429277E+0001     14799
   300   -0.39232375E+0001   -0.39290105E+0001    0.12467268E+0001     15075
   350   -0.39235825E+0001   -0.39294818E+0001    0.12130021E+0001     15548
   400   -0.39252097E+0001   -0.39314283E+0001    0.10783379E+0001     16357
     1   -0.39239324E+0001   -0.39244852E+0001    0.17119297E+0001     11992
    50   -0.39209257E+0001   -0.39265919E+0001    0.14967187E+0001     12336
   100   -0.39211964E+0001   -0.39274561E+0001    0.14866241E+0001     12832
   150   -0.39224378E+0001   -0.39280425E+0001    0.14246640E+0001     13422
   200   -0.39234285E+0001   -0.39287662E+0001    0.13417592E+0001     13683
   250   -0.39238461E+0001   -0.39294218E+0001    0.12752176E+0001     14463
   300   -0.39244385E+0001   -0.39292661E+0001    0.12541916E+0001     14985
   350   -0.39253024E+0001   -0.39298583E+0001    0.12403334E+0001     15548
   400   -0.39262080E+0001   -0.39297726E+0001    0.12408301E+0001     15975
     1   -0.39239292E+0001   -0.39244962E+0001    0.17119297E+0001     12006
    50   -0.39207591E+0001   -0.39264727E+0001    0.15073540E+0001     12200
   100   -0.39207882E+0001   -0.39268302E+0001    0.14674647E+0001     12745
   150   -0.39217157E+0001   -0.39275190E+0001    0.14095690E+0001     13105
   200   -0.39216054E+0001   -0.39268525E+0001    0.13889297E+0001     13785
   250   -0.39211984E+0001   -0.39291079E+0001    0.13346155E+0001     14375
   300   -0.39222565E+0001   -0.39289833E+0001    0.13572070E+0001     14762
   350   -0.39235239E+0001   -0.39291110E+0001    0.13120072E+0001     15388
   400   -0.39243764E+0001   -0.39289837E+0001    0.12237394E+0001     15864
     1   -0.39239292E+0001   -0.39244953E+0001    0.17119297E+0001     11997
    50   -0.39206104E+0001   -0.39261749E+0001    0.15441863E+0001     12380
   100   -0.39201108E+0001   -0.39264493E+0001    0.15201577E+0001     13086
   150   -0.39201838E+0001   -0.39279179E+0001    0.13975775E+0001     13804
   200   -0.39228240E+0001   -0.39280481E+0001    0.13358756E+0001     14628
   250   -0.39230353E+0001   -0.39289559E+0001    0.12603107E+0001     15177
   300   -0.39238213E+0001   -0.39297542E+0001    0.12790168E+0001     15737
   350   -0.39245464E+0001   -0.39298530E+0001    0.12198545E+0001     16264
   400   -0.39254740E+0001   -0.39306679E+0001    0.11693564E+0001     16644
     1   -0.39239250E+0001   -0.39245003E+0001    0.17119297E+0001     12004
    50   -0.39204932E+0001   -0.39261370E+0001    0.15405574E+0001     11961
   100   -0.39199658E+0001   -0.39272559E+0001    0.15288883E+0001     12094
   150   -0.39203604E+0001   -0.39258867E+0001    0.14805865E+0001     12777
   200   -0.39197334E+0001   -0.39262557E+0001    0.14530617E+0001     13381
   250   -0.39198965E+0001   -0.39262364E+0001    0.14777516E+0001     13842
   300   -0.39206240E+0001   -0.39271056E+0001    0.14092224E+0001     14148
   350   -0.39210323E+0001   -0.39265228E+0001    0.14181806E+0001     14640
   400   -0.39207998E+0001   -0.39265598E+0001    0.13745952E+0001     15031
   450   -0.39211379E+0001   -0.39261739E+0001    0.13810889E+0001     15834
   500   -0.39210788E+0001   -0.39254509E+0001    0.14197008E+0001     16259
   550   -0.39206888E+0001   -0.39257554E+0001    0.13679672E+0001     16693
   600   -0.39197110E+0001   -0.39267646E+0001    0.13165350E+0001     17268
   650   -0.39184821E+0001   -0.39250031E+0001    0.13689891E+0001     17673
   700   -0.39179143E+0001   -0.39249237E+0001    0.13887954E+0001     17989
   750   -0.39171089E+0001   -0.39246359E+0001    0.14026767E+0001     18570
   800   -0.39166123E+0001   -0.39238562E+0001    0.13845182E+0001     19292
   850   -0.39164694E+0001   -0.39229945E+0001    0.13883795E+0001     20073
   900   -0.39159262E+0001   -0.39223700E+0001    0.13930136E+0001     20531
   950   -0.39156661E+0001   -0.39224131E+0001    0.14315719E+0001     21349
  1000   -0.39154192E+0001   -0.39213072E+0001    0.14353747E+0001     21499
  1050   -0.39144470E+0001   -0.39208881E+0001    0.14763358E+0001     21827
  1100   -0.39132301E+0001   -0.39199488E+0001    0.14896189E+0001     22301
  1150   -0.39122549E+0001   -0.39194817E+0001    0.15228560E+0001     22830
  1200   -0.39117370E+0001   -0.39196992E+0001    0.15256463E+0001     23266
  1250   -0.39110887E+0001   -0.39184335E+0001    0.15227716E+0001     24296
  1300   -0.39101198E+0001   -0.39180375E+0001    0.15506287E+0001     25095
  1350   -0.39093111E+0001   -0.39170639E+0001    0.15934342E+0001     26027
  1400   -0.39087674E+0001   -0.39156947E+0001    0.15989723E+0001     27089
  1450   -0.39080540E+0001   -0.39152733E+0001    0.16285371E+0001     27655
  1500   -0.39060465E+0001   -0.39128098E+0001    0.16399596E+0001     28974
  1550   -0.39022245E+0001   -0.39122760E+0001    0.16888433E+0001     29859
  1600   -0.38982769E+0001   -0.39103534E+0001    0.16908756E+0001     30715
  1601   -0.38985037E+0001   -0.38985037E+0001    0.17768221E+0001     12000
  1650   -0.39030910E+0001   -0.39099835E+0001    0.16112185E+0001     11985
  1700   -0.38997285E+0001   -0.39081271E+0001    0.16334584E+0001     11906
  1750   -0.38970396E+0001   -0.39088141E+0001    0.16882991E+0001     12114
  1800   -0.38947344E+0001   -0.39044693E+0001    0.16928522E+0001     12101
  1850   -0.38925985E+0001   -0.39036188E+0001    0.17057087E+0001     12347
  1900   -0.38917581E+0001   -0.39026504E+0001    0.17328948E+0001     12564
  1950   -0.38910092E+0001   -0.39018338E+0001    0.17227565E+0001     12914
  2000   -0.38890748E+0001   -0.38998456E+0001    0.17699490E+0001     13388
  2050   -0.38864758E+0001   -0.38975125E+0001    0.18030178E+0001     13616
  2100   -0.38833192E+0001   -0.38944490E+0001    0.18224274E+0001     14064
  2150   -0.38794244E+0001   -0.38900496E+0001    0.18252127E+0001     13980
  2200   -0.38758865E+0001   -0.38861504E+0001    0.18458409E+0001     14522
  2250   -0.38722074E+0001   -0.38836337E+0001    0.18596943E+0001     14908
  2300   -0.38679665E+0001   -0.38810272E+0001    0.18702744E+0001     15070
  2350   -0.38636235E+0001   -0.38796249E+0001    0.19002040E+0001     15242
  2400   -0.38594482E+0001   -0.38777150E+0001    0.18999593E+0001     15799
  2450   -0.38548357E+0001   -0.38747545E+0001    0.19101685E+0001     16367
  2500   -0.38497900E+0001   -0.38709914E+0001    0.19302708E+0001     16688
  2550   -0.38446001E+0001   -0.38669432E+0001    0.19336780E+0001     17380
  2600   -0.38387810E+0001   -0.38625672E+0001    0.19402825E+0001     17767
  2650   -0.38327649E+0001   -0.38586007E+0001    0.19285358E+0001     18366
  2700   -0.38267320E+0001   -0.38482747E+0001    0.19368206E+0001     18824
  2750   -0.38207297E+0001   -0.38433778E+0001    0.19258727E+0001     19173
  2800   -0.38150019E+0001   -0.38345613E+0001    0.19492463E+0001     19220
  2850   -0.38093789E+0001   -0.38280451E+0001    0.19288604E+0001     19299
  2900   -0.38037508E+0001   -0.38225045E+0001    0.19223756E+0001     19680
  2950   -0.37981376E+0001   -0.38162312E+0001    0.19284423E+0001     20255
  3000   -0.37927810E+0001   -0.38131492E+0001    0.19334702E+0001     20684
  3050   -0.37876148E+0001   -0.38058079E+0001    0.19293262E+0001     20837
  3100   -0.37812022E+0001   -0.38013858E+0001    0.19193246E+0001     21285
  3150   -0.37739795E+0001   -0.37944924E+0001    0.19190993E+0001     21643
  3200   -0.37667453E+0001   -0.37906444E+0001    0.18968062E+0001     21958
  3201   -0.37670019E+0001   -0.37670019E+0001    0.19011889E+0001     12000
  3250   -0.37723402E+0001   -0.37788401E+0001    0.19074053E+0001     12004
  3300   -0.37669287E+0001   -0.37765972E+0001    0.19101692E+0001     12073
  3350   -0.37614090E+0001   -0.37712186E+0001    0.19095428E+0001     12193
  3400   -0.37559869E+0001   -0.37681959E+0001    0.19210406E+0001     12370
  3450   -0.37504592E+0001   -0.37644101E+0001    0.18949416E+0001     12659
  3500   -0.37451729E+0001   -0.37616324E+0001    0.19029884E+0001     12796
  3550   -0.37402614E+0001   -0.37587853E+0001    0.18992431E+0001     13129
  3600   -0.37351148E+0001   -0.37525826E+0001    0.18970488E+0001     13361
  3650   -0.37299155E+0001   -0.37479013E+0001    0.18761193E+0001     13733
  3700   -0.37246164E+0001   -0.37435927E+0001    0.18774623E+0001     13826
  3750   -0.37190638E+0001   -0.37409510E+0001    0.18763650E+0001     14055
  3800   -0.37137088E+0001   -0.37361757E+0001    0.18677559E+0001     14564
  3850   -0.37082287E+0001   -0.37311321E+0001    0.18582390E+0001     14775
  3900   -0.37033319E+0001   -0.37292949E+0001    0.18393634E+0001     15177
  3950   -0.36981170E+0001   -0.37256181E+0001    0.18385810E+0001     15619
  4000   -0.36919630E+0001   -0.37156251E+0001    0.18246644E+0001     15858
  4050   -0.36852494E+0001   -0.37116637E+0001    0.18296043E+0001     16171
  4100   -0.36787034E+0001   -0.37068941E+0001    0.18117275E+0001     16291
  4150   -0.36725632E+0001   -0.36975721E+0001    0.18094956E+0001     16430
  4200   -0.36663807E+0001   -0.36924819E+0001    0.18036493E+0001     16589
  4250   -0.36607573E+0001   -0.36883311E+0001    0.17723386E+0001     16807
  4300   -0.36556840E+0001   -0.36823082E+0001    0.17463095E+0001     17328
  4350   -0.36513896E+0001   -0.36788979E+0001    0.17315990E+0001     18004
  4400   -0.36479002E+0001   -0.36715120E+0001    0.17122251E+0001     18328
  4450   -0.36444995E+0001   -0.36681404E+0001    0.17126942E+0001     18586
  4500   -0.36407781E+0001   -0.36593738E+0001    0.17036554E+0001     19171
  4550   -0.36368075E+0001   -0.36544050E+0001    0.16945616E+0001     19489
  4600   -0.36326854E+0001   -0.36468635E+0001    0.16947413E+0001     19773
  4650   -0.36283793E+0001   -0.36450982E+0001    0.16783908E+0001     20270
  4700   -0.36241587E+0001   -0.36402226E+0001    0.16626700E+0001     20521
  4750   -0.36200475E+0001   -0.36341988E+0001    0.16743381E+0001     20660
  4800   -0.36166165E+0001   -0.36337155E+0001    0.16662786E+0001     21230
  4801   -0.36168119E+0001   -0.36168119E+0001    0.16599371E+0001     12000
  4850   -0.36209854E+0001   -0.36262473E+0001    0.16463229E+0001     11937
  4900   -0.36171945E+0001   -0.36268512E+0001    0.16478027E+0001     11857
  4950   -0.36133929E+0001   -0.36226475E+0001    0.16527645E+0001     11918
  5000   -0.36095909E+0001   -0.36192177E+0001    0.16544791E+0001     12208
  5050   -0.36058604E+0001   -0.36171274E+0001    0.16408634E+0001     12539
  5100   -0.36021644E+0001   -0.36155289E+0001    0.16215952E+0001     12784
  5150   -0.35991487E+0001   -0.36131466E+0001    0.16137414E+0001     13054
  5200   -0.35970617E+0001   -0.36125560E+0001    0.16133038E+0001     13302
  5250   -0.35954386E+0001   -0.36102058E+0001    0.16058723E+0001     13709
  5300   -0.35931862E+0001   -0.36060418E+0001    0.16078897E+0001     14272
  5350   -0.35903599E+0001   -0.36051278E+0001    0.15983567E+0001     14297
  5400   -0.35872453E+0001   -0.36010947E+0001    0.15951707E+0001     14763
  5450   -0.35839719E+0001   -0.35972442E+0001    0.15821310E+0001     14917
  5500   -0.35805386E+0001   -0.35946486E+0001    0.15681733E+0001     15515
  5550   -0.35774072E+0001   -0.35920880E+0001    0.15710157E+0001     15894
  5600   -0.35748442E+0001   -0.35917741E+0001    0.15485845E+0001     16221
  5650   -0.35721173E+0001   -0.35873294E+0001    0.15343490E+0001     16476
  5700   -0.35687867E+0001   -0.35832334E+0001    0.15259031E+0001     16897
  5750   -0.35654007E+0001   -0.35810445E+0001    0.15134665E+0001     17402
  5800   -0.35622291E+0001   -0.35772297E+0001    0.15075684E+0001     17964
  5850   -0.35587452E+0001   -0.35785076E+0001    0.15081528E+0001     18492
  5900   -0.35547793E+0001   -0.35772478E+0001    0.15041146E+0001     18892
  5950   -0.35511938E+0001   -0.35706893E+0001    0.14791747E+0001     19509
  6000   -0.35478873E+0001   -0.35681320E+0001    0.14670437E+0001     20044
  6050   -0.35449124E+0001   -0.35644305E+0001    0.14513146E+0001     20517
  6100   -0.35427294E+0001   -0.35636956E+0001    0.14329873E+0001     20964
  6150   -0.35410393E+0001   -0.35612508E+0001    0.14276418E+0001     21092
  6200   -0.35396249E+0001   -0.35599424E+0001    0.14189358E+0001     21666
  6250   -0.35385027E+0001   -0.35579673E+0001    0.14063535E+0001     22334
  6300   -0.35370041E+0001   -0.35575507E+0001    0.13831243E+0001     22663
  6350   -0.35352874E+0001   -0.35542553E+0001    0.13765852E+0001     22648
  6400   -0.35335352E+0001   -0.35540952E+0001    0.13638585E+0001     23171
  6401   -0.35336749E+0001   -0.35336749E+0001    0.13896195E+0001     12000
  6450   -0.35367035E+0001   -0.35413622E+0001    0.13639564E+0001     11992
  6500   -0.35344102E+0001   -0.35408151E+0001    0.13748784E+0001     11904
  6550   -0.35322596E+0001   -0.35391428E+0001    0.13530929E+0001     11998
  6600   -0.35304007E+0001   -0.35377122E+0001    0.13561538E+0001     12270
  6650   -0.35286648E+0001   -0.35373083E+0001    0.13643652E+0001     12221
  6700   -0.35269676E+0001   -0.35349083E+0001    0.13357487E+0001     12542
  6750   -0.35253933E+0001   -0.35339163E+0001    0.13415331E+0001     12816
  6800   -0.35238097E+0001   -0.35319325E+0001    0.13323051E+0001     12953
  6850   -0.35219848E+0001   -0.35319261E+0001    0.13212823E+0001     13355
  6900   -0.35199853E+0001   -0.35312022E+0001    0.13115899E+0001     13598
  6950   -0.35179730E+0001   -0.35278798E+0001    0.12916985E+0001     13672
  7000   -0.35164868E+0001   -0.35271022E+0001    0.12963659E+0001     14009
  7050   -0.35150991E+0001   -0.35254942E+0001    0.12734113E+0001     14110
  7100   -0.35136426E+0001   -0.35244111E+0001    0.12663134E+0001     14551
  7150   -0.35123923E+0001   -0.35223965E+0001    0.12749352E+0001     15054
  7200   -0.35112067E+0001   -0.35230907E+0001    0.12326019E+0001     15116
  7250   -0.35102903E+0001   -0.35204121E+0001    0.11947436E+0001     15307
  7300   -0.35097506E+0001   -0.35192833E+0001    0.11876980E+0001     15919
  7350   -0.35093823E+0001   -0.35185594E+0001    0.11919293E+0001     16325
  7400   -0.35090013E+0001   -0.35171602E+0001    0.11658132E+0001     16536
  7450   -0.35085367E+0001   -0.35159666E+0001    0.11605388E+0001     16731
  7500   -0.35077837E+0001   -0.35145362E+0001    0.11671625E+0001     17162
  7550   -0.35067055E+0001   -0.35141560E+0001    0.11446913E+0001     17472
  7600   -0.35053191E+0001   -0.35146521E+0001    0.11140057E+0001     17761
  7650   -0.35040576E+0001   -0.35138108E+0001    0.11146475E+0001     18129
  7700   -0.35028475E+0001   -0.35120193E+0001    0.10913933E+0001     18587
  7750   -0.35016374E+0001   -0.35112126E+0001    0.10660741E+0001     18973
  7800   -0.35008089E+0001   -0.35100904E+0001    0.10547086E+0001     19034
  7850   -0.35003104E+0001   -0.35111358E+0001    0.10405931E+0001     19139
  7900   -0.34998141E+0001   -0.35095627E+0001    0.10097886E+0001     19249
  7950   -0.34989933E+0001   -0.35092645E+0001    0.10253449E+0001     19465
  8000   -0.34981031E+0001   -0.35063157E+0001    0.98202321E+0000     19790
  8001   -0.34981787E+0001   -0.34981787E+0001    0.10222157E+0001     12000
  8050   -0.34998671E+0001   -0.35032640E+0001    0.99397913E+0000     11976
  8100   -0.34987806E+0001   -0.35037782E+0001    0.98996956E+0000     12094
  8150   -0.34977586E+0001   -0.35042975E+0001    0.10107781E+0001     12061
  8200   -0.34968958E+0001   -0.35054374E+0001    0.10027629E+0001     12285
  8250   -0.34961811E+0001   -0.35055408E+0001    0.95136516E+0000     12774
  8300   -0.34955055E+0001   -0.35030452E+0001    0.99819638E+0000     12750
  8350   -0.34947740E+0001   -0.35031676E+0001    0.97242659E+0000     13083
  8400   -0.34942283E+0001   -0.35031004E+0001    0.93888009E+0000     13374
  8450   -0.34940082E+0001   -0.35004510E+0001    0.95131757E+0000     13382
  8500   -0.34937123E+0001   -0.35007862E+0001    0.92543764E+0000     13620
  8550   -0.34934272E+0001   -0.35003496E+0001    0.90330825E+0000     13968
  8600   -0.34933152E+0001   -0.35000803E+0001    0.89827649E+0000     14182
  8650   -0.34932150E+0001   -0.34991076E+0001    0.89416020E+0000     14469
  8700   -0.34930511E+0001   -0.34994135E+0001    0.87346284E+0000     14633
  8750   -0.34925699E+0001   -0.34993012E+0001    0.87680090E+0000     14905
  8800   -0.34920176E+0001   -0.34993224E+0001    0.86404499E+0000     15490
  8850   -0.34914118E+0001   -0.34989236E+0001    0.85229483E+0000     15743
  8900   -0.34908845E+0001   -0.34986107E+0001    0.83550408E+0000     15851
  8950   -0.34902626E+0001   -0.34981811E+0001    0.84984693E+0000     16009
  9000   -0.34897457E+0001   -0.34970200E+0001    0.81143947E+0000     16256
  9050   -0.34892372E+0001   -0.34971666E+0001    0.79576851E+0000     16747
  9100   -0.34886597E+0001   -0.34966182E+0001    0.80826547E+0000     16926
  9150   -0.34880416E+0001   -0.34967421E+0001    0.78621271E+0000     17036
  9200   -0.34873582E+0001   -0.34971032E+0001    0.78901172E+0000     17202
  9250   -0.34867505E+0001   -0.34958832E+0001    0.76581465E+0000     17565
  9300   -0.34862214E+0001   -0.34953452E+0001    0.77617721E+0000     18015
  9350   -0.34857058E+0001   -0.34940359E+0001    0.75709872E+0000     18014
  9400   -0.34852496E+0001   -0.34934511E+0001    0.74858627E+0000     18152
  9450   -0.34847860E+0001   -0.34929632E+0001    0.76789925E+0000     18397
  9500   -0.34842653E+0001   -0.34925557E+0001    0.73805537E+0000     18891
  9550   -0.34835694E+0001   -0.34928613E+0001    0.74956173E+0000     19155
  9600   -0.34829150E+0001   -0.34924661E+0001    0.70783024E+0000     19349
  9601   -0.34829489E+0001   -0.34829489E+0001    0.70176081E+0000     12000
  9650   -0.34837514E+0001   -0.34862795E+0001    0.69916571E+0000     12025
  9700   -0.34832397E+0001   -0.34864238E+0001    0.71098360E+0000     12220
  9750   -0.34827280E+0001   -0.34861684E+0001    0.70472763E+0000     12279
  9800   -0.34822272E+0001   -0.34862752E+0001    0.73931657E+0000     12603
  9850   -0.34817344E+0001   -0.34857097E+0001    0.70193859E+0000     12811
  9900   -0.34812664E+0001   -0.34858553E+0001    0.71599296E+0000     13098
  9950   -0.34809014E+0001   -0.34857393E+0001    0.67872004E+0000     13249
 10000   -0.34805293E+0001   -0.34857055E+0001    0.69475729E+0000     13596
 10050   -0.34801591E+0001   -0.34851614E+0001    0.69205727E+0000     13564
 10100   -0.34797187E+0001   -0.34854048E+0001    0.68964154E+0000     13638
 10150   -0.34794065E+0001   -0.34861978E+0001    0.67824400E+0000     13747
 10200   -0.34791593E+0001   -0.34858207E+0001    0.65950556E+0000     13811
 10250   -0.34788435E+0001   -0.34838921E+0001    0.63412043E+0000     14056
 10300   -0.34783987E+0001   -0.34842711E+0001    0.64795632E+0000     14184
 10350   -0.34779626E+0001   -0.34827859E+0001    0.63064308E+0000     14286
 10400   -0.34774976E+0001   -0.34822571E+0001    0.62145669E+0000     14309
 10450   -0.34770011E+0001   -0.34822135E+0001    0.62163530E+0000     14451
 10500   -0.34765297E+0001   -0.34817376E+0001    0.61311521E+0000     14466
 10550   -0.34759346E+0001   -0.34814093E+0001    0.59848960E+0000     14607
 10600   -0.34752481E+0001   -0.34811677E+0001    0.62122251E+0000     14785
 10650   -0.34746692E+0001   -0.34811422E+0001    0.60778979E+0000     15007
 10700   -0.34740536E+0001   -0.34805708E+0001    0.59126695E+0000     15385
 10750   -0.34734815E+0001   -0.34797964E+0001    0.57859629E+0000     15700
 10800   -0.34730654E+0001   -0.34793375E+0001    0.56663750E+0000     16161
 10850   -0.34726050E+0001   -0.34789985E+0001    0.57260543E+0000     16648
 10900   -0.34721693E+0001   -0.34786957E+0001    0.56968811E+0000     16863
 10950   -0.34718262E+0001   -0.34786554E+0001    0.56605515E+0000     17203
 11000   -0.34713902E+0001   -0.34779087E+0001    0.58954615E+0000     17817
 11050   -0.34709279E+0001   -0.34779980E+0001    0.55907172E+0000     18037
 11100   -0.34705307E+0001   -0.34762854E+0001    0.52670146E+0000     18020
 11150   -0.34702707E+0001   -0.34754138E+0001    0.56676374E+0000     18315
 11200   -0.34699886E+0001   -0.34752772E+0001    0.54953592E+0000     18401
 11201   -0.34700063E+0001   -0.34700063E+0001    0.48814066E+0000     12000
 11250   -0.34704055E+0001   -0.34717268E+0001    0.51238469E+0000     11992
 11300   -0.34701573E+0001   -0.34720202E+0001    0.52106266E+0000     12161
 11350   -0.34699112E+0001   -0.34722287E+0001    0.53346484E+0000     12432
 11400   -0.34696610E+0001   -0.34722079E+0001    0.54069375E+0000     12653
 11450   -0.34694128E+0001   -0.34722076E+0001    0.54834181E+0000     12775
 11500   -0.34691950E+0001   -0.34719703E+0001    0.53075124E+0000     13089
 11550   -0.34689714E+0001   -0.34717347E+0001    0.55036625E+0000     13472
 11600   -0.34688064E+0001   -0.34720723E+0001    0.53435250E+0000     13784
 11650   -0.34686069E+0001   -0.34723437E+0001    0.54615719E+0000     13928
 11700   -0.34683939E+0001   -0.34722780E+0001    0.51757457E+0000     14269
 11750   -0.34681320E+0001   -0.34721794E+0001    0.53143048E+0000     14517
 11800   -0.34678143E+0001   -0.34720723E+0001    0.53609962E+0000     14696
 11850   -0.34674601E+0001   -0.34718730E+0001    0.52038351E+0000     15118
 11900   -0.34671208E+0001   -0.34720438E+0001    0.50343614E+0000     15376
 11950   -0.34667679E+0001   -0.34707989E+0001    0.51112460E+0000     15747
 12000   -0.34663808E+0001   -0.34710737E+0001    0.51756233E+0000     16024
 12050   -0.34659249E+0001   -0.34707169E+0001    0.50784598E+0000     16262
 12100   -0.34655292E+0001   -0.34702535E+0001    0.48504689E+0000     16386
 12150   -0.34652138E+0001   -0.34703290E+0001    0.47365234E+0000     16508
 12200   -0.34649410E+0001   -0.34702651E+0001    0.48022162E+0000     16793
 12250   -0.34646152E+0001   -0.34698206E+0001    0.49542239E+0000     17548
 12300   -0.34643772E+0001   -0.34697234E+0001    0.49388548E+0000     17614
 12350   -0.34641801E+0001   -0.34692382E+0001    0.49226012E+0000     18141
 12400   -0.34639259E+0001   -0.34690436E+0001    0.49058885E+0000     18374
 12450   -0.34635875E+0001   -0.34696828E+0001    0.47282959E+0000     18489
 12500   -0.34631515E+0001   -0.34695448E+0001    0.47776359E+0000     18734
 12550   -0.34627524E+0001   -0.34692359E+0001    0.45201951E+0000     19139
 12600   -0.34624183E+0001   -0.34696215E+0001    0.46998049E+0000     19465
 12650   -0.34620833E+0001   -0.34687430E+0001    0.44280879E+0000     20000
 12700   -0.34617794E+0001   -0.34683696E+0001    0.45092344E+0000     20305
 12750   -0.34614476E+0001   -0.34668023E+0001    0.43406594E+0000     20446
 12800   -0.34612198E+0001   -0.34667110E+0001    0.41477377E+0000     20458
 12801   -0.34612295E+0001   -0.34612295E+0001    0.37161753E+0000     12000
 12850   -0.34614649E+0001   -0.34624673E+0001    0.39423869E+0000     12030
 12900   -0.34613464E+0001   -0.34627594E+0001    0.41643250E+0000     12029
 12950   -0.34612099E+0001   -0.34629982E+0001    0.42322775E+0000     12127
 13000   -0.34610658E+0001   -0.34628888E+0001    0.44996606E+0000     12256
 13050   -0.34609442E+0001   -0.34633312E+0001    0.44268627E+0000     12475
 13100   -0.34608073E+0001   -0.34632464E+0001    0.43934315E+0000     12299
 13150   -0.34606557E+0001   -0.34633757E+0001    0.42106842E+0000     12688
 13200   -0.34604901E+0001   -0.34640489E+0001    0.44428508E+0000     12865
 13250   -0.34603255E+0001   -0.34634967E+0001    0.44337320E+0000     13281
 13300   -0.34600918E+0001   -0.34641780E+0001    0.37611034E+0000     13341
 13350   -0.34598316E+0001   -0.34642145E+0001    0.42974686E+0000     13829
 13400   -0.34596356E+0001   -0.34641382E+0001    0.43699214E+0000     14262
 13450   -0.34594204E+0001   -0.34638339E+0001    0.43554479E+0000     14505
 13500   -0.34592192E+0001   -0.34635742E+0001    0.40274061E+0000     14963
 13550   -0.34590351E+0001   -0.34636142E+0001    0.45675797E+0000     15058
 13600   -0.34588884E+0001   -0.34635216E+0001    0.44775044E+0000     15275
 13650   -0.34587433E+0001   -0.34634300E+0001    0.43548324E+0000     15560
 13700   -0.34586100E+0001   -0.34631102E+0001    0.39891055E+0000     15810
 13750   -0.34584538E+0001   -0.34625046E+0001    0.41051283E+0000     16020
 13800   -0.34582909E+0001   -0.34626729E+0001    0.38768196E+0000     16149
 13850   -0.34581654E+0001   -0.34621458E+0001    0.40263498E+0000     16470
 13900   -0.34580192E+0001   -0.34629687E+0001    0.40684189E+0000     16689
 13950   -0.34578769E+0001   -0.34620575E+0001    0.40519912E+0000     16798
 14000   -0.34576684E+0001   -0.34616732E+0001    0.40485938E+0000     17090
 14050   -0.34574521E+0001   -0.34610531E+0001    0.37465449E+0000     17435
 14100   -0.34572711E+0001   -0.34612488E+0001    0.39654522E+0000     17660
 14150   -0.34571271E+0001   -0.34613932E+0001    0.40076304E+0000     17965
 14200   -0.34569516E+0001   -0.34615954E+0001    0.39823607E+0000     18314
 14250   -0.34567585E+0001   -0.34614809E+0001    0.39877402E+0000     18786
 14300   -0.34566113E+0001   -0.34616888E+0001    0.33135002E+0000     19067
 14350   -0.34564634E+0001   -0.34615415E+0001    0.37290892E+0000     19190
 14400   -0.34563222E+0001   -0.34612287E+0001    0.37259394E+0000     19465
 14450   -0.34562007E+0001   -0.34612744E+0001    0.38953891E+0000     19487
 14500   -0.34560586E+0001   -0.34612665E+0001    0.37641583E+0000     19848
 14550   -0.34559278E+0001   -0.34604145E+0001    0.40071972E+0000     20296
 14600   -0.34557594E+0001   -0.34604346E+0001    0.37642058E+0000     20715
 14650   -0.34555467E+0001   -0.34603982E+0001    0.37580522E+0000     21097
 14700   -0.34553522E+0001   -0.34608487E+0001    0.35681092E+0000     21420
 14750   -0.34551958E+0001   -0.34604221E+0001    0.35763287E+0000     21663
 14800   -0.34550612E+0001   -0.34596081E+0001    0.34772228E+0000     22050
 14850   -0.34549545E+0001   -0.34590085E+0001    0.37739418E+0000     21999
 14900   -0.34548104E+0001   -0.34591237E+0001    0.36471290E+0000     22257
 14950   -0.34546867E+0001   -0.34591421E+0001    0.35656130E+0000     22479
 15000   -0.34545750E+0001   -0.34585553E+0001    0.34382054E+0000     22887
 15050   -0.34544746E+0001   -0.34584587E+0001    0.35426478E+0000     23205
 15100   -0.34543770E+0001   -0.34589633E+0001    0.30786602E+0000     23677
 15150   -0.34542508E+0001   -0.34582888E+0001    0.36544562E+0000     24031
 15200   -0.34541170E+0001   -0.34579849E+0001    0.32747710E+0000     24554
 15250   -0.34539387E+0001   -0.34577643E+0001    0.35484089E+0000     25166
 15300   -0.34537724E+0001   -0.34579797E+0001    0.29427915E+0000     25262
 15350   -0.34535322E+0001   -0.34579980E+0001    0.31893983E+0000     25691
 15400   -0.34532356E+0001   -0.34575996E+0001    0.29255961E+0000     26132
 15450   -0.34529611E+0001   -0.34578108E+0001    0.31924199E+0000     26142
 15500   -0.34526965E+0001   -0.34578253E+0001    0.32613354E+0000     26713
 15550   -0.34524586E+0001   -0.34580772E+0001    0.28351829E+0000     26990
 15600   -0.34522056E+0001   -0.34572545E+0001    0.28756429E+0000     27520
 15650   -0.34519837E+0001   -0.34565875E+0001    0.28947835E+0000     28152
 15700   -0.34517577E+0001   -0.34562395E+0001    0.28409351E+0000     28545
 15750   -0.34515612E+0001   -0.34557167E+0001    0.31551234E+0000     29268
 15800   -0.34513629E+0001   -0.34555806E+0001    0.30831432E+0000     29543
 15850   -0.34511778E+0001   -0.34554617E+0001    0.29081458E+0000     29885
 15900   -0.34509987E+0001   -0.34556260E+0001    0.27365002E+0000     30350
 15950   -0.34508385E+0001   -0.34554622E+0001    0.28631447E+0000     30767
 16000   -0.34507251E+0001   -0.34552972E+0001    0.25547875E+0000     31416
 16001   -0.34506605E+0001   -0.34506605E+0001    0.15143760E+0000         1
 16050   -0.34508634E+0001   -0.34508634E+0001    0.32260715E+0000         1
 16100   -0.34510009E+0001   -0.34510009E+0001    0.32079223E+0000         1
 16150   -0.34510720E+0001   -0.34510720E+0001    0.42135668E+0000         1
 16200   -0.34513066E+0001   -0.34513066E+0001    0.50098077E+0000         1
 16250   -0.34515252E+0001   -0.34515252E+0001    0.48977869E+0000         1
 16300   -0.34509796E+0001   -0.34509796E+0001    0.66058580E+0000         1
 16350   -0.34511365E+0001   -0.34511365E+0001    0.64814323E+0000         1
 16400   -0.34512648E+0001   -0.34512648E+0001    0.64766175E+0000         1
 16450   -0.34516828E+0001   -0.34516828E+0001    0.47544106E+0000         1
 16500   -0.34517421E+0001   -0.34517421E+0001    0.35189909E+0000         1
 16550   -0.34518154E+0001   -0.34518154E+0001    0.47355659E+0000         1
 16600   -0.34518850E+0001   -0.34518850E+0001    0.46297350E+0000         1
 16650   -0.34522940E+0001   -0.34522940E+0001    0.40494350E+0000         1
 16700   -0.34519934E+0001   -0.34519934E+0001    0.52953974E+0000         1
 16750   -0.34515098E+0001   -0.34515098E+0001    0.66492661E+0000         1
 16800   -0.34520285E+0001   -0.34520285E+0001    0.56178785E+0000         1
 16850   -0.34519884E+0001   -0.34519884E+0001    0.64159602E+0000         1
 16900   -0.34523518E+0001   -0.34523518E+0001    0.51986366E+0000         1
 16950   -0.34530125E+0001   -0.34530125E+0001    0.53045355E+0000         1
 17000   -0.34533551E+0001   -0.34533551E+0001    0.42848569E+0000         1
 17050   -0.34537001E+0001   -0.34537001E+0001    0.56151207E+0000         1
 17100   -0.34536433E+0001   -0.34536433E+0001    0.53786742E+0000         1
 17150   -0.34540205E+0001   -0.34540205E+0001    0.46843714E+0000         1
 17200   -0.34548904E+0001   -0.34548904E+0001    0.48772701E+0000         1
 17250   -0.34554717E+0001   -0.34554717E+0001    0.47355149E+0000         1
 17300   -0.34549239E+0001   -0.34549239E+0001    0.71819328E+0000         1
 17350   -0.34564474E+0001   -0.34564474E+0001    0.58195997E+0000         1
 17400   -0.34567025E+0001   -0.34567025E+0001    0.56426834E+0000         1
 17450   -0.34574583E+0001   -0.34574583E+0001    0.61551755E+0000         1
 17500   -0.34577392E+0001   -0.34577392E+0001    0.48431496E+0000         1
 17550   -0.34583896E+0001   -0.34583896E+0001    0.46530127E+0000         1
 17600   -0.34584059E+0001   -0.34584059E+0001    0.60078559E+0000         1
 17650   -0.34585461E+0001   -0.34585461E+0001    0.64284137E+0000         1
 17700   -0.34592446E+0001   -0.34592446E+0001    0.74566582E+0000         1
 17750   -0.34600140E+0001   -0.34600140E+0001    0.61059447E+0000         1
 17800   -0.34602863E+0001   -0.34602863E+0001    0.53057505E+0000         1
 17850   -0.34604362E+0001   -0.34604362E+0001    0.57717264E+0000         1
 17900   -0.34608299E+0001   -0.34608299E+0001    0.61344409E+0000         1
 17950   -0.34612550E+0001   -0.34612550E+0001    0.81084711E+0000         1
 18000   -0.34621999E+0001   -0.34621999E+0001    0.76075521E+0000         1
 18050   -0.34631325E+0001   -0.34631325E+0001    0.69283225E+0000         1
 18100   -0.34639252E+0001   -0.34639252E+0001    0.66351933E+0000         1
 18150   -0.34640626E+0001   -0.34640626E+0001    0.66525745E+0000         1
 18200   -0.34643153E+0001   -0.34643153E+0001    0.74224867E+0000         1
 18250   -0.34654164E+0001   -0.34654164E+0001    0.68895720E+0000         1
 18300   -0.34666320E+0001   -0.34666320E+0001    0.58153968E+0000         1
 18350   -0.34670600E+0001   -0.34670600E+0001    0.62801176E+0000         1
 18400   -0.34669650E+0001   -0.34669650E+0001    0.79354462E+0000         1
 18450   -0.34674552E+0001   -0.34674552E+0001    0.77661314E+0000         1
 18500   -0.34684569E+0001   -0.34684569E+0001    0.68904921E+0000         1
 18550   -0.34703926E+0001   -0.34703926E+0001    0.78460548E+0000         1
 18600   -0.34723982E+0001   -0.34723982E+0001    0.68707435E+0000         1
 18650   -0.34724893E+0001   -0.34724893E+0001    0.87428335E+0000         1
 18700   -0.34730384E+0001   -0.34730384E+0001    0.77217882E+0000         1
 18750   -0.34750936E+0001   -0.34750936E+0001    0.69331474E+0000         1
 18800   -0.34751122E+0001   -0.34751122E+0001    0.77590538E+0000         1
 18850   -0.34766631E+0001   -0.34766631E+0001    0.84786419E+0000         1
 18900   -0.34769787E+0001   -0.34769787E+0001    0.72485998E+0000         1
 18950   -0.34788108E+0001   -0.34788108E+0001    0.73645868E+0000         1
 19000   -0.34806157E+0001   -0.34806157E+0001    0.81006032E+0000         1
 19050   -0.34834306E+0001   -0.34834306E+0001    0.80918701E+0000         1
 19100   -0.34865380E+0001   -0.34865380E+0001    0.79175069E+0000         1
 19150   -0.34891251E+0001   -0.34891251E+0001    0.90169084E+0000         1
 19200   -0.34906424E+0001   -0.34906424E+0001    0.86863014E+0000         1
 19250   -0.34914316E+0001   -0.34914316E+0001    0.88527998E+0000         1
 19300   -0.34929527E+0001   -0.34929527E+0001    0.93359224E+0000         1
 19350   -0.34948258E+0001   -0.34948258E+0001    0.96385415E+0000         1
 19400   -0.34963850E+0001   -0.34963850E+0001    0.94026003E+0000         1
 19450   -0.34990442E+0001   -0.34990442E+0001    0.96085388E+0000         1
 19500   -0.35009436E+0001   -0.35009436E+0001    0.92194473E+0000         1
 19550   -0.35046015E+0001   -0.35046015E+0001    0.91039336E+0000         1
 19600   -0.35069998E+0001   -0.35069998E+0001    0.10439265E+0001         1
 19650   -0.35115209E+0001   -0.35115209E+0001    0.10460102E+0001         1
 19700   -0.35127764E+0001   -0.35127764E+0001    0.10477975E+0001         1
 19750   -0.35145721E+0001   -0.35145721E+0001    0.10548666E+0001         1
 19800   -0.35194212E+0001   -0.35194212E+0001    0.10983831E+0001         1
 19850   -0.35241365E+0001   -0.35241365E+0001    0.11179191E+0001         1
 19900   -0.35290905E+0001   -0.35290905E+0001    0.11503359E+0001         1
 19950   -0.35331369E+0001   -0.35331369E+0001    0.12156415E+0001         1
 20000   -0.35363871E+0001   -0.35363871E+0001    0.12582876E+0001         1
 20050   -0.35407529E+0001   -0.35407529E+0001    0.13068767E+0001         1
 20100   -0.35460226E+0001   -0.35460226E+0001    0.12261566E+0001         1
 20150   -0.35499118E+0001   -0.35499118E+0001    0.12472608E+0001         1
 20200   -0.35558833E+0001   -0.35558833E+0001    0.11703716E+0001         1
 20250   -0.35596903E+0001   -0.35596903E+0001    0.11929441E+0001         1
 20300   -0.35635087E+0001   -0.35635087E+0001    0.11610915E+0001         1
 20350   -0.35661043E+0001   -0.35661043E+0001    0.12643303E+0001         1
 20400   -0.35708867E+0001   -0.35708867E+0001    0.12388069E+0001         1
 20450   -0.35763230E+0001   -0.35763230E+0001    0.11177832E+0001         1
 20500   -0.35778122E+0001   -0.35778122E+0001    0.11206287E+0001         1
 20550   -0.35810281E+0001   -0.35810281E+0001    0.11912368E+0001         1
 20600   -0.35847831E+0001   -0.35847831E+0001    0.10723024E+0001         1
 20650   -0.35890019E+0001   -0.35890019E+0001    0.10406657E+0001         1
 20700   -0.35923257E+0001   -0.35923257E+0001    0.10722482E+0001         1
 20750   -0.35949827E+0001   -0.35949827E+0001    0.10522686E+0001         1
 20800   -0.35990013E+0001   -0.35990013E+0001    0.10390261E+0001         1
 20850   -0.36015091E+0001   -0.36015091E+0001    0.10966676E+0001         1
 20900   -0.36038385E+0001   -0.36038385E+0001    0.11499694E+0001         1
 20950   -0.36070656E+0001   -0.36070656E+0001    0.10107058E+0001         1
 21000   -0.36105298E+0001   -0.36105298E+0001    0.94222887E+0000         1
 21050   -0.36127296E+0001   -0.36127296E+0001    0.96242800E+0000         1
 21100   -0.36159980E+0001   -0.36159980E+0001    0.97504220E+0000         1
 21150   -0.36218049E+0001   -0.36218049E+0001    0.91060005E+0000         1
 21200   -0.36224156E+0001   -0.36224156E+0001    0.94368661E+0000         1
 21250   -0.36268975E+0001   -0.36268975E+0001    0.97726845E+0000         1
 21300   -0.36295909E+0001   -0.36295909E+0001    0.94667006E+0000         1
 21350   -0.36315564E+0001   -0.36315564E+0001    0.88957100E+0000         1
 21400   -0.36331022E+0001   -0.36331022E+0001    0.10345551E+0001         1
 21450   -0.36361216E+0001   -0.36361216E+0001    0.97744146E+0000         1
 21500   -0.36381907E+0001   -0.36381907E+0001    0.11872827E+0001         1
 21550   -0.36421826E+0001   -0.36421826E+0001    0.11336993E+0001         1
 21600   -0.36469222E+0001   -0.36469222E+0001    0.10833819E+0001         1
 21650   -0.36506453E+0001   -0.36506453E+0001    0.11037662E+0001         1
 21700   -0.36543568E+0001   -0.36543568E+0001    0.11697828E+0001         1
 21750   -0.36611631E+0001   -0.36611631E+0001    0.11613012E+0001         1
 21800   -0.36673939E+0001   -0.36673939E+0001    0.12109203E+0001         1
 21850   -0.36732562E+0001   -0.36732562E+0001    0.12349083E+0001         1
 21900   -0.36799201E+0001   -0.36799201E+0001    0.12835000E+0001         1
 21950   -0.36871852E+0001   -0.36871852E+0001    0.13218363E+0001         1
 22000   -0.36945859E+0001   -0.36945859E+0001    0.13838573E+0001         1
 22050   -0.37003280E+0001   -0.37003280E+0001    0.14021168E+0001         1
 22100   -0.37083029E+0001   -0.37083029E+0001    0.14536317E+0001         1
 22150   -0.37150536E+0001   -0.37150536E+0001    0.15063125E+0001         1
 22200   -0.37215345E+0001   -0.37215345E+0001    0.15133849E+0001         1
 22250   -0.37283882E+0001   -0.37283882E+0001    0.16679183E+0001         1
 22300   -0.37376192E+0001   -0.37376192E+0001    0.16960770E+0001         1
 22350   -0.37461471E+0001   -0.37461471E+0001    0.16586031E+0001         1
 22400   -0.37537059E+0001   -0.37537059E+0001    0.17069293E+0001         1
 22450   -0.37650877E+0001   -0.37650877E+0001    0.17023598E+0001         1
 22500   -0.37774387E+0001   -0.37774387E+0001    0.17115281E+0001         1
 22550   -0.37896177E+0001   -0.37896177E+0001    0.17350063E+0001         1
 22600   -0.38001587E+0001   -0.38001587E+0001    0.17572268E+0001         1
 22650   -0.38133727E+0001   -0.38133727E+0001    0.17790058E+0001         1
 22700   -0.38237596E+0001   -0.38237596E+0001    0.17955246E+0001         1
 22750   -0.38365162E+0001   -0.38365162E+0001    0.18302872E+0001         1
 22800   -0.38464833E+0001   -0.38464833E+0001    0.18892615E+0001         1
 22850   -0.38575777E+0001   -0.38575777E+0001    0.17631281E+0001         1
 22900   -0.38661970E+0001   -0.38661970E+0001    0.17754618E+0001         1
 22950   -0.38770443E+0001   -0.38770443E+0001    0.17100186E+0001         1
 23000   -0.38827795E+0001   -0.38827795E+0001    0.17007734E+0001         1
 23050   -0.38914131E+0001   -0.38914131E+0001    0.15935478E+0001         1
 23100   -0.38964601E+0001   -0.38964601E+0001    0.15707033E+0001         1
 23150   -0.39053099E+0001   -0.39053099E+0001    0.14520858E+0001         1
 23200   -0.39106810E+0001   -0.39106810E+0001    0.14528754E+0001         1
 23250   -0.39167139E+0001   -0.39167139E+0001    0.12678439E+0001         1
 23300   -0.39210896E+0001   -0.39210896E+0001    0.12089774E+0001         1
 23350   -0.39244138E+0001   -0.39244138E+0001    0.11402911E+0001         1
 23400   -0.39288919E+0001   -0.39288919E+0001    0.96810384E+0000         1
 23450   -0.39310402E+0001   -0.39310402E+0001    0.90417722E+0000         1
 23500   -0.39330862E+0001   -0.39330862E+0001    0.86590143E+0000         1
 23550   -0.39354418E+0001   -0.39354418E+0001    0.76328026E+0000         1
 23600   -0.39355486E+0001   -0.39355486E+0001    0.75679988E+0000         1
 23650   -0.39375930E+0001   -0.39375930E+0001    0.53937863E+0000         1
 23700   -0.39371768E+0001   -0.39371768E+0001    0.60353774E+0000         1
 23750   -0.39372505E+0001   -0.39372505E+0001    0.77976747E+0000         1
 23800   -0.39379745E+0001   -0.39379745E+0001    0.65417467E+0000         1
 23850   -0.39383947E+0001   -0.39383947E+0001    0.50483417E+0000         1
 23900   -0.39385980E+0001   -0.39385980E+0001    0.46060387E+0000         1
 23950   -0.39392325E+0001   -0.39392325E+0001    0.35363512E+0000         1
 24000   -0.39389399E+0001   -0.39389399E+0001    0.61890877E+0000         1
 24050   -0.39390469E+0001   -0.39390469E+0001    0.47754703E+0000         1
 24100   -0.39390443E+0001   -0.39390443E+0001    0.40859615E+0000         1
 24150   -0.39389879E+0001   -0.39389879E+0001    0.47873484E+0000         1
 24200   -0.39393717E+0001   -0.39393717E+0001    0.44674913E+0000         1
 24250   -0.39392084E+0001   -0.39392084E+0001    0.46595172E+0000         1
 24300   -0.39386101E+0001   -0.39386101E+0001    0.70042274E+0000         1
 24350   -0.39387219E+0001   -0.39387219E+0001    0.70812236E+0000         1
 24400   -0.39393291E+0001   -0.39393291E+0001    0.35059826E+0000         1
 24450   -0.39389832E+0001   -0.39389832E+0001    0.50857021E+0000         1
 24500   -0.39387045E+0001   -0.39387045E+0001    0.59023879E+0000         1
 24550   -0.39390287E+0001   -0.39390287E+0001    0.49387900E+0000         1
 24600   -0.39390254E+0001   -0.39390254E+0001    0.53759321E+0000         1
 24650   -0.39395587E+0001   -0.39395587E+0001    0.41297406E+0000         1
 24700   -0.39391269E+0001   -0.39391269E+0001    0.60793731E+0000         1
 24750   -0.39387983E+0001   -0.39387983E+0001    0.67073644E+0000         1
 24800   -0.39396005E+0001   -0.39396005E+0001    0.35607548E+0000         1
 24850   -0.39397053E+0001   -0.39397053E+0001    0.31347880E+0000         1
 24900   -0.39395784E+0001   -0.39395784E+0001    0.40752532E+0000         1
 24950   -0.39386689E+0001   -0.39386689E+0001    0.66121828E+0000         1
 25000   -0.39393846E+0001   -0.39393846E+0001    0.39953760E+0000         1
 25050   -0.39395652E+0001   -0.39395652E+0001    0.36904201E+0000         1
 25100   -0.39395174E+0001   -0.39395174E+0001    0.36374121E+0000         1
 25150   -0.39390725E+0001   -0.39390725E+0001    0.58439326E+0000         1
 25200   -0.39395048E+0001   -0.39395048E+0001    0.45173886E+0000         1
 25250   -0.39391009E+0001   -0.39391009E+0001    0.55383923E+0000         1
 25300   -0.39388810E+0001   -0.39388810E+0001    0.52255080E+0000         1
 25350   -0.39386802E+0001   -0.39386802E+0001    0.62502625E+0000         1
 25400   -0.39392739E+0001   -0.39392739E+0001    0.47152119E+0000         1
 25450   -0.39393675E+0001   -0.39393675E+0001    0.33907039E+0000         1
 25500   -0.39396623E+0001   -0.39396623E+0001    0.30987081E+0000         1
 25550   -0.39393384E+0001   -0.39393384E+0001    0.41834363E+0000         1
 25600   -0.39390529E+0001   -0.39390529E+0001    0.47226617E+0000         1
 25650   -0.39390111E+0001   -0.39390111E+0001    0.53527872E+0000         1
 25700   -0.39394349E+0001   -0.39394349E+0001    0.45166054E+0000         1
 25750   -0.39395699E+0001   -0.39395699E+0001    0.37066793E+0000         1
 25800   -0.39389368E+0001   -0.39389368E+0001    0.55944842E+0000         1
 25850   -0.39391696E+0001   -0.39391696E+0001    0.53398564E+0000         1
 25900   -0.39392178E+0001   -0.39392178E+0001    0.43161111E+0000         1
 25950   -0.39390755E+0001   -0.39390755E+0001    0.49343126E+0000         1
 26000   -0.39394366E+0001   -0.39394366E+0001    0.48199023E+0000         1
 26050   -0.39395839E+0001   -0.39395839E+0001    0.41229772E+0000         1
 26100   -0.39395847E+0001   -0.39395847E+0001    0.35930105E+0000         1
 26150   -0.39391973E+0001   -0.39391973E+0001    0.63691069E+0000         1
 26200   -0.39394513E+0001   -0.39394513E+0001    0.48224791E+0000         1
 26250   -0.39394095E+0001   -0.39394095E+0001    0.37115503E+0000         1
 26300   -0.39393835E+0001   -0.39393835E+0001    0.39422221E+0000         1
 26350   -0.39389285E+0001   -0.39389285E+0001    0.51211633E+0000         1
 26400   -0.39388754E+0001   -0.39388754E+0001    0.48966505E+0000         1
 26450   -0.39389377E+0001   -0.39389377E+0001    0.58263657E+0000         1
 26500   -0.39393372E+0001   -0.39393372E+0001    0.37495876E+0000         1
 26550   -0.39381330E+0001   -0.39381330E+0001    0.68019302E+0000         1
 26600   -0.39383343E+0001   -0.39383343E+0001    0.67884957E+0000         1
 26650   -0.39388130E+0001   -0.39388130E+0001    0.54679746E+0000         1
 26700   -0.39384834E+0001   -0.39384834E+0001    0.67724123E+0000         1
 26750   -0.39382424E+0001   -0.39382424E+0001    0.83678475E+0000         1
 26800   -0.39395170E+0001   -0.39395170E+0001    0.36500326E+0000         1
 26850   -0.39389664E+0001   -0.39389664E+0001    0.64556649E+0000         1
 26900   -0.39379723E+0001   -0.39379723E+0001    0.82407356E+0000         1
 26950   -0.39384716E+0001   -0.39384716E+0001    0.78944812E+0000         1
 27000   -0.39388155E+0001   -0.39388155E+0001    0.68744658E+0000         1
 27050   -0.39390253E+0001   -0.39390253E+0001    0.58436351E+0000         1
 27100   -0.39393761E+0001   -0.39393761E+0001    0.36350392E+0000         1
 27150   -0.39393632E+0001   -0.39393632E+0001    0.35935165E+0000         1
 27200   -0.39397213E+0001   -0.39397213E+0001    0.25633355E+0000         1
 27250   -0.39393438E+0001   -0.39393438E+0001    0.39701469E+0000         1
 27300   -0.39396459E+0001   -0.39396459E+0001    0.35005569E+0000         1
 27350   -0.39391076E+0001   -0.39391076E+0001    0.49908878E+0000         1
 27400   -0.39393977E+0001   -0.39393977E+0001    0.37077756E+0000         1
 27450   -0.39395452E+0001   -0.39395452E+0001    0.43115922E+0000         1
 27500   -0.39395317E+0001   -0.39395317E+0001    0.35222398E+0000         1
 27550   -0.39390046E+0001   -0.39390046E+0001    0.50629236E+0000         1
 27600   -0.39393668E+0001   -0.39393668E+0001    0.42293291E+0000         1
 27650   -0.39393796E+0001   -0.39393796E+0001    0.42245778E+0000         1
 27700   -0.39393127E+0001   -0.39393127E+0001    0.47588449E+0000         1
 27750   -0.39387347E+0001   -0.39387347E+0001    0.61064580E+0000         1
 27800   -0.39387093E+0001   -0.39387093E+0001    0.58290996E+0000         1
 27850   -0.39388162E+0001   -0.39388162E+0001    0.51426433E+0000         1
 27900   -0.39385604E+0001   -0.39385604E+0001    0.60866451E+0000         1
 27950   -0.39390614E+0001   -0.39390614E+0001    0.56301428E+0000         1
 28000   -0.39388825E+0001   -0.39388825E+0001    0.56621066E+0000         1
 28050   -0.39388197E+0001   -0.39388197E+0001    0.49084875E+0000         1
 28100   -0.39387340E+0001   -0.39387340E+0001    0.53536228E+0000         1
 28150   -0.39390575E+0001   -0.39390575E+0001    0.47035705E+0000         1
 28200   -0.39382306E+0001   -0.39382306E+0001    0.63981193E+0000         1
 28250   -0.39391721E+0001   -0.39391721E+0001    0.41530018E+0000         1
 28300   -0.39391658E+0001   -0.39391658E+0001    0.48524796E+0000         1
 28350   -0.39390380E+0001   -0.39390380E+0001    0.48191241E+0000         1
 28400   -0.39387913E+0001   -0.39387913E+0001    0.65225113E+0000         1
 28450   -0.39394403E+0001   -0.39394403E+0001    0.40784524E+0000         1
 28500   -0.39389261E+0001   -0.39389261E+0001    0.52003151E+0000         1
 28550   -0.39387656E+0001   -0.39387656E+0001    0.52290020E+0000         1
 28600   -0.39388339E+0001   -0.39388339E+0001    0.54616041E+0000         1
 28650   -0.39384908E+0001   -0.39384908E+0001    0.63114267E+0000         1
 28700   -0.39386061E+0001   -0.39386061E+0001    0.49736709E+0000         1
 28750   -0.39381148E+0001   -0.39381148E+0001    0.61347659E+0000         1
 28800   -0.39387928E+0001   -0.39387928E+0001    0.53655459E+0000         1
 28850   -0.39390865E+0001   -0.39390865E+0001    0.44936498E+0000         1
 28900   -0.39390520E+0001   -0.39390520E+0001    0.46219616E+0000         1
 28950   -0.39388998E+0001   -0.39388998E+0001    0.46496866E+0000         1
 29000   -0.39392565E+0001   -0.39392565E+0001    0.43690663E+0000         1
 29050   -0.39384474E+0001   -0.39384474E+0001    0.72033949E+0000         1
 29100   -0.39387516E+0001   -0.39387516E+0001    0.69436654E+0000         1
 29150   -0.39395429E+0001   -0.39395429E+0001    0.39365817E+0000         1
 29200   -0.39385405E+0001   -0.39385405E+0001    0.71552588E+0000         1
 29250   -0.39387863E+0001   -0.39387863E+0001    0.65036638E+0000         1
 29300   -0.39394926E+0001   -0.39394926E+0001    0.34760241E+0000         1
 29350   -0.39395514E+0001   -0.39395514E+0001    0.35235699E+0000         1
 29400   -0.39394136E+0001   -0.39394136E+0001    0.47155171E+0000         1
 29450   -0.39391837E+0001   -0.39391837E+0001    0.58574694E+0000         1
 29500   -0.39389181E+0001   -0.39389181E+0001    0.65914282E+0000         1
 29550   -0.39392230E+0001   -0.39392230E+0001    0.49981846E+0000         1
 29600   -0.39393407E+0001   -0.39393407E+0001    0.47981010E+0000         1
 29650   -0.39392307E+0001   -0.39392307E+0001    0.60132770E+0000         1
 29700   -0.39394481E+0001   -0.39394481E+0001    0.38829530E+0000         1
 29750   -0.39384515E+0001   -0.39384515E+0001    0.70611461E+0000         1
 29800   -0.39390962E+0001   -0.39390962E+0001    0.53227873E+0000         1
 29850   -0.39392736E+0001   -0.39392736E+0001    0.51685839E+0000         1
 29900   -0.39390203E+0001   -0.39390203E+0001    0.54137152E+0000         1
 29950   -0.39395946E+0001   -0.39395946E+0001    0.33589121E+0000         1
 30000   -0.39395537E+0001   -0.39395537E+0001    0.36632177E+0000         1
 30050   -0.39396355E+0001   -0.39396355E+0001    0.32907355E+0000         1
 30100   -0.39394775E+0001   -0.39394775E+0001    0.33274902E+0000         1
 30150   -0.39380428E+0001   -0.39380428E+0001    0.66527087E+0000         1
 30200   -0.39392811E+0001   -0.39392811E+0001    0.45257304E+0000         1
 30250   -0.39383478E+0001   -0.39383478E+0001    0.72248654E+0000         1
 30300   -0.39391359E+0001   -0.39391359E+0001    0.42500939E+0000         1
 30350   -0.39391583E+0001   -0.39391583E+0001    0.49935255E+0000         1
 30400   -0.39391493E+0001   -0.39391493E+0001    0.50381355E+0000         1
 30450   -0.39392867E+0001   -0.39392867E+0001    0.43064902E+0000         1
 30500   -0.39391408E+0001   -0.39391408E+0001    0.51132694E+0000         1
 30550   -0.39395456E+0001   -0.39395456E+0001    0.33793407E+0000         1
 30600   -0.39392390E+0001   -0.39392390E+0001    0.41808113E+0000         1
 30650   -0.39387183E+0001   -0.39387183E+0001    0.65592814E+0000         1
 30700   -0.39391933E+0001   -0.39391933E+0001    0.52694662E+0000         1
 30750   -0.39389520E+0001   -0.39389520E+0001    0.57935697E+0000         1
 30800   -0.39393716E+0001   -0.39393716E+0001    0.44088856E+0000         1
 30850   -0.39395498E+0001   -0.39395498E+0001    0.35919501E+0000         1
 30900   -0.39395190E+0001   -0.39395190E+0001    0.40792756E+0000         1
 30950   -0.39394567E+0001   -0.39394567E+0001    0.45045664E+0000         1
 31000   -0.39395628E+0001   -0.39395628E+0001    0.38472247E+0000         1
 31050   -0.39394981E+0001   -0.39394981E+0001    0.39368625E+0000         1
 31100   -0.39391500E+0001   -0.39391500E+0001    0.48403703E+0000         1
 31150   -0.39384421E+0001   -0.39384421E+0001    0.54534543E+0000         1
 31200   -0.39383937E+0001   -0.39383937E+0001    0.63140843E+0000         1
 31250   -0.39378890E+0001   -0.39378890E+0001    0.71360085E+0000         1
 31300   -0.39387601E+0001   -0.39387601E+0001    0.59599612E+0000         1
 31350   -0.39391439E+0001   -0.39391439E+0001    0.46163884E+0000         1
 31400   -0.39387814E+0001   -0.39387814E+0001    0.52876827E+0000         1
 31450   -0.39386977E+0001   -0.39386977E+0001    0.56767728E+0000         1
 31500   -0.39389597E+0001   -0.39389597E+0001    0.45289474E+0000         1
 31550   -0.39389399E+0001   -0.39389399E+0001    0.44637599E+0000         1
 31600   -0.39379277E+0001   -0.39379277E+0001    0.79678540E+0000         1
 31650   -0.39388909E+0001   -0.39388909E+0001    0.49160752E+0000         1
 31700   -0.39393763E+0001   -0.39393763E+0001    0.43380178E+0000         1
 31750   -0.39393332E+0001   -0.39393332E+0001    0.37217691E+0000         1
 31800   -0.39389355E+0001   -0.39389355E+0001    0.55041712E+0000         1
 31850   -0.39393181E+0001   -0.39393181E+0001    0.45131725E+0000         1
 31900   -0.39394382E+0001   -0.39394382E+0001    0.35137376E+0000         1
 31950   -0.39391744E+0001   -0.39391744E+0001    0.52325297E+0000         1
 32000   -0.39393489E+0001   -0.39393489E+0001    0.38848102E+0000         1
 32050   -0.39389916E+0001   -0.39389916E+0001    0.44153836E+0000         1
 32100   -0.39387282E+0001   -0.39387282E+0001    0.50125240E+0000         1
 32150   -0.39382640E+0001   -0.39382640E+0001    0.65609457E+0000         1
 32200   -0.39391777E+0001   -0.39391777E+0001    0.39002041E+0000         1
 32250   -0.39389258E+0001   -0.39389258E+0001    0.52267513E+0000         1
 32300   -0.39389883E+0001   -0.39389883E+0001    0.49256456E+0000         1
 32350   -0.39390294E+0001   -0.39390294E+0001    0.45467567E+0000         1
 32400   -0.39387254E+0001   -0.39387254E+0001    0.51178551E+0000         1
 32450   -0.39383179E+0001   -0.39383179E+0001    0.50318886E+0000         1
 32500   -0.39372835E+0001   -0.39372835E+0001    0.64759565E+0000         1
 32550   -0.39374703E+0001   -0.39374703E+0001    0.68021106E+0000         1
 32600   -0.39382115E+0001   -0.39382115E+0001    0.63191468E+0000         1
 32650   -0.39382815E+0001   -0.39382815E+0001    0.56004445E+0000         1
 32700   -0.39383629E+0001   -0.39383629E+0001    0.54524839E+0000         1
 32750   -0.39383341E+0001   -0.39383341E+0001    0.68150837E+0000         1
 32800   -0.39388585E+0001   -0.39388585E+0001    0.45661598E+0000         1
 32850   -0.39386649E+0001   -0.39386649E+0001    0.55700702E+0000         1
 32900   -0.39389503E+0001   -0.39389503E+0001    0.46868601E+0000         1
 32950   -0.39396067E+0001   -0.39396067E+0001    0.28052172E+0000         1
 33000   -0.39391641E+0001   -0.39391641E+0001    0.55343940E+0000         1
 33050   -0.39392165E+0001   -0.39392165E+0001    0.46695447E+0000         1
 33100   -0.39394432E+0001   -0.39394432E+0001    0.40526684E+0000         1
 33150   -0.39391718E+0001   -0.39391718E+0001    0.47761314E+0000         1
 33200   -0.39392153E+0001   -0.39392153E+0001    0.44879839E+0000         1
 33250   -0.39393385E+0001   -0.39393385E+0001    0.41575942E+0000         1
 33300   -0.39392174E+0001   -0.39392174E+0001    0.46124739E+0000         1
 33350   -0.39394527E+0001   -0.39394527E+0001    0.39245693E+0000         1
 33400   -0.39391748E+0001   -0.39391748E+0001    0.43677137E+0000         1
 33450   -0.39393314E+0001   -0.39393314E+0001    0.40924419E+0000         1
 33500   -0.39390756E+0001   -0.39390756E+0001    0.38837327E+0000         1
 33550   -0.39387376E+0001   -0.39387376E+0001    0.53367233E+0000         1
 33600   -0.39390511E+0001   -0.39390511E+0001    0.45378380E+0000         1
 33650   -0.39392535E+0001   -0.39392535E+0001    0.46540456E+0000         1
 33700   -0.39389059E+0001   -0.39389059E+0001    0.45743913E+0000         1
 33750   -0.39392393E+0001   -0.39392393E+0001    0.41732652E+0000         1
 33800   -0.39385176E+0001   -0.39385176E+0001    0.65222896E+0000         1
 33850   -0.39387393E+0001   -0.39387393E+0001    0.67914156E+0000         1
 33900   -0.39393161E+0001   -0.39393161E+0001    0.52226613E+0000         1
 33950   -0.39391912E+0001   -0.39391912E+0001    0.54065631E+0000         1
 34000   -0.39394475E+0001   -0.39394475E+0001    0.54812950E+0000         1
 34050   -0.39393399E+0001   -0.39393399E+0001    0.49097120E+0000         1
 34100   -0.39392390E+0001   -0.39392390E+0001    0.54458555E+0000         1
 34150   -0.39394740E+0001   -0.39394740E+0001    0.46661877E+0000         1
 34200   -0.39389736E+0001   -0.39389736E+0001    0.53948695E+0000         1
 34250   -0.39393797E+0001   -0.39393797E+0001    0.37539771E+0000         1
 34300   -0.39393983E+0001   -0.39393983E+0001    0.43956313E+0000         1
 34350   -0.39390567E+0001   -0.39390567E+0001    0.52088133E+0000         1
 34400   -0.39392140E+0001   -0.39392140E+0001    0.45412206E+0000         1
 34450   -0.39392433E+0001   -0.39392433E+0001    0.42629856E+0000         1
 34500   -0.39392347E+0001   -0.39392347E+0001    0.48711852E+0000         1
 34550   -0.39385027E+0001   -0.39385027E+0001    0.72320393E+0000         1
 34600   -0.39381089E+0001   -0.39381089E+0001    0.75807184E+0000         1
 34650   -0.39383559E+0001   -0.39383559E+0001    0.64380990E+0000         1
 34700   -0.39389074E+0001   -0.39389074E+0001    0.59205879E+0000         1
 34750   -0.39388487E+0001   -0.39388487E+0001    0.51359808E+0000         1
 34800   -0.39389356E+0001   -0.39389356E+0001    0.53155717E+0000         1
 34850   -0.39389962E+0001   -0.39389962E+0001    0.52509103E+0000         1
 34900   -0.39389552E+0001   -0.39389552E+0001    0.53382514E+0000         1
 34950   -0.39387405E+0001   -0.39387405E+0001    0.62642184E+0000         1
 35000   -0.39394601E+0001   -0.39394601E+0001    0.33078978E+0000         1
 35050   -0.39392790E+0001   -0.39392790E+0001    0.43869831E+0000         1
 35100   -0.39392742E+0001   -0.39392742E+0001    0.40116214E+0000         1
 35150   -0.39385071E+0001   -0.39385071E+0001    0.62646244E+0000         1
 35200   -0.39386270E+0001   -0.39386270E+0001    0.70276841E+0000         1
 35250   -0.39389427E+0001   -0.39389427E+0001    0.57834006E+0000         1
 35300   -0.39385680E+0001   -0.39385680E+0001    0.55173592E+0000         1
 35350   -0.39385860E+0001   -0.39385860E+0001    0.59917378E+0000         1
 35400   -0.39388783E+0001   -0.39388783E+0001    0.56050031E+0000         1
 35450   -0.39392218E+0001   -0.39392218E+0001    0.47973612E+0000         1
 35500   -0.39390066E+0001   -0.39390066E+0001    0.57946231E+0000         1
 35550   -0.39394250E+0001   -0.39394250E+0001    0.38392698E+0000         1
 35600   -0.39393754E+0001   -0.39393754E+0001    0.42717840E+0000         1
 35650   -0.39392320E+0001   -0.39392320E+0001    0.48541869E+0000         1
 35700   -0.39389488E+0001   -0.39389488E+0001    0.55123858E+0000         1
 35750   -0.39388113E+0001   -0.39388113E+0001    0.66045282E+0000         1
 35800   -0.39388106E+0001   -0.39388106E+0001    0.60484737E+0000         1
 35850   -0.39390199E+0001   -0.39390199E+0001    0.57810716E+0000         1
 35900   -0.39392194E+0001   -0.39392194E+0001    0.41861988E+0000         1
 35950   -0.39392771E+0001   -0.39392771E+0001    0.51277379E+0000         1
 36000   -0.39389874E+0001   -0.39389874E+0001    0.55247429E+0000         1
 36050   -0.39385869E+0001   -0.39385869E+0001    0.55387852E+0000         1
 36100   -0.39387680E+0001   -0.39387680E+0001    0.65164003E+0000         1
 36150   -0.39384283E+0001   -0.39384283E+0001    0.64199061E+0000         1
 36200   -0.39386174E+0001   -0.39386174E+0001    0.62400801E+0000         1
 36250   -0.39390433E+0001   -0.39390433E+0001    0.48374435E+0000         1
 36300   -0.39394310E+0001   -0.39394310E+0001    0.42556719E+0000         1
 36350   -0.39392160E+0001   -0.39392160E+0001    0.52298204E+0000         1
 36400   -0.39391067E+0001   -0.39391067E+0001    0.62238415E+0000         1
 36450   -0.39392345E+0001   -0.39392345E+0001    0.44744620E+0000         1
 36500   -0.39392641E+0001   -0.39392641E+0001    0.48596405E+0000         1
 36550   -0.39388828E+0001   -0.39388828E+0001    0.52999522E+0000         1
 36600   -0.39390749E+0001   -0.39390749E+0001    0.43803990E+0000         1
 36650   -0.39391088E+0001   -0.39391088E+0001    0.49230318E+0000         1
 36700   -0.39388313E+0001   -0.39388313E+0001    0.71108149E+0000         1
 36750   -0.39394103E+0001   -0.39394103E+0001    0.45156110E+0000         1
 36800   -0.39394822E+0001   -0.39394822E+0001    0.41248339E+0000         1
 36850   -0.39390125E+0001   -0.39390125E+0001    0.62155693E+0000         1
 36900   -0.39387612E+0001   -0.39387612E+0001    0.51296738E+0000         1
 36950   -0.39380246E+0001   -0.39380246E+0001    0.80386015E+0000         1
 37000   -0.39379939E+0001   -0.39379939E+0001    0.76670900E+0000         1
 37050   -0.39380252E+0001   -0.39380252E+0001    0.73864974E+0000         1
 37100   -0.39385996E+0001   -0.39385996E+0001    0.61135001E+0000         1
 37150   -0.39384551E+0001   -0.39384551E+0001    0.66624239E+0000         1
 37200   -0.39381870E+0001   -0.39381870E+0001    0.78883208E+0000         1
 37250   -0.39387141E+0001   -0.39387141E+0001    0.52305166E+0000         1
 37300   -0.39392846E+0001   -0.39392846E+0001    0.37752305E+0000         1
 37350   -0.39388074E+0001   -0.39388074E+0001    0.57376761E+0000         1
 37400   -0.39393472E+0001   -0.39393472E+0001    0.45694946E+0000         1
 37450   -0.39388893E+0001   -0.39388893E+0001    0.53459432E+0000         1
 37500   -0.39395371E+0001   -0.39395371E+0001    0.34440368E+0000         1
 37550   -0.39395679E+0001   -0.39395679E+0001    0.37326970E+0000         1
 37600   -0.39392293E+0001   -0.39392293E+0001    0.51429630E+0000         1
 37650   -0.39389822E+0001   -0.39389822E+0001    0.63780796E+0000         1
 37700   -0.39389497E+0001   -0.39389497E+0001    0.60217119E+0000         1
 37750   -0.39382031E+0001   -0.39382031E+0001    0.70414210E+0000         1
 37800   -0.39390000E+0001   -0.39390000E+0001    0.42171533E+0000         1
 37850   -0.39388118E+0001   -0.39388118E+0001    0.45043837E+0000         1
 37900   -0.39390489E+0001   -0.39390489E+0001    0.49513602E+0000         1
 37950   -0.39392508E+0001   -0.39392508E+0001    0.37696285E+0000         1
 38000   -0.39390784E+0001   -0.39390784E+0001    0.45653905E+0000         1
 38050   -0.39386657E+0001   -0.39386657E+0001    0.63297136E+0000         1
 38100   -0.39392887E+0001   -0.39392887E+0001    0.41660987E+0000         1
 38150   -0.39389859E+0001   -0.39389859E+0001    0.55953001E+0000         1
 38200   -0.39387022E+0001   -0.39387022E+0001    0.53227022E+0000         1
 38250   -0.39392203E+0001   -0.39392203E+0001    0.40489344E+0000         1
 38300   -0.39390300E+0001   -0.39390300E+0001    0.53696646E+0000         1
 38350   -0.39396407E+0001   -0.39396407E+0001    0.31840999E+0000         1
 38400   -0.39393891E+0001   -0.39393891E+0001    0.37311113E+0000         1
 38450   -0.39393125E+0001   -0.39393125E+0001    0.43183750E+0000         1
 38500   -0.39394318E+0001   -0.39394318E+0001    0.36773261E+0000         1
 38550   -0.39392076E+0001   -0.39392076E+0001    0.44813602E+0000         1
 38600   -0.39391445E+0001   -0.39391445E+0001    0.46161528E+0000         1
 38650   -0.39393304E+0001   -0.39393304E+0001    0.38748338E+0000         1
 38700   -0.39390494E+0001   -0.39390494E+0001    0.46923587E+0000         1
 38750   -0.39391526E+0001   -0.39391526E+0001    0.48308667E+0000         1
 38800   -0.39385307E+0001   -0.39385307E+0001    0.59084548E+0000         1
 38850   -0.39393809E+0001   -0.39393809E+0001    0.40050496E+0000         1
 38900   -0.39393438E+0001   -0.39393438E+0001    0.42301974E+0000         1
 38950   -0.39390412E+0001   -0.39390412E+0001    0.54997255E+0000         1
 39000   -0.39393479E+0001   -0.39393479E+0001    0.45671037E+0000         1
 39050   -0.39386849E+0001   -0.39386849E+0001    0.64506771E+0000         1
 39100   -0.39384952E+0001   -0.39384952E+0001    0.72726335E+0000         1
 39150   -0.39385787E+0001   -0.39385787E+0001    0.70879797E+0000         1
 39200   -0.39393664E+0001   -0.39393664E+0001    0.44358633E+0000         1
 39250   -0.39392343E+0001   -0.39392343E+0001    0.45175771E+0000         1
 39300   -0.39389855E+0001   -0.39389855E+0001    0.48658394E+0000         1
 39350   -0.39388335E+0001   -0.39388335E+0001    0.50623182E+0000         1
 39400   -0.39398267E+0001   -0.39398267E+0001    0.28026192E+0000         1
 39450   -0.39395510E+0001   -0.39395510E+0001    0.42250063E+0000         1
 39500   -0.39396700E+0001   -0.39396700E+0001    0.37470771E+0000         1
 39550   -0.39393903E+0001   -0.39393903E+0001    0.46821464E+0000         1
 39600   -0.39395204E+0001   -0.39395204E+0001    0.33499037E+0000         1
 39650   -0.39392850E+0001   -0.39392850E+0001    0.49500789E+0000         1
 39700   -0.39395896E+0001   -0.39395896E+0001    0.39065458E+0000         1
 39750   -0.39391069E+0001   -0.39391069E+0001    0.55008082E+0000         1
 39800   -0.39392919E+0001   -0.39392919E+0001    0.59322890E+0000         1
 39850   -0.39398519E+0001   -0.39398519E+0001    0.23384136E+0000         1
 39900   -0.39388845E+0001   -0.39388845E+0001    0.55413944E+0000         1
 39950   -0.39391170E+0001   -0.39391170E+0001    0.44024944E+0000         1
 40000   -0.39391931E+0001   -0.39391931E+0001    0.45522899E+0000         1
 40050   -0.39395555E+0001   -0.39395555E+0001    0.31927536E+0000         1
 40100   -0.39391515E+0001   -0.39391515E+0001    0.52945315E+0000         1
 40150   -0.39391395E+0001   -0.39391395E+0001    0.52449865E+0000         1
 40200   -0.39385603E+0001   -0.39385603E+0001    0.73519175E+0000         1
 40250   -0.39388959E+0001   -0.39388959E+0001    0.56948410E+0000         1
 40300   -0.39390906E+0001   -0.39390906E+0001    0.50718615E+0000         1
 40350   -0.39393573E+0001   -0.39393573E+0001    0.49164365E+0000         1
 40400   -0.39395737E+0001   -0.39395737E+0001    0.28715765E+0000         1
 40450   -0.39393992E+0001   -0.39393992E+0001    0.42628038E+0000         1
 40500   -0.39391337E+0001   -0.39391337E+0001    0.48913955E+0000         1
 40550   -0.39388244E+0001   -0.39388244E+0001    0.61009667E+0000         1
 40600   -0.39386077E+0001   -0.39386077E+0001    0.67077596E+0000         1
 40650   -0.39383000E+0001   -0.39383000E+0001    0.79375744E+0000         1
 40700   -0.39392665E+0001   -0.39392665E+0001    0.38834492E+0000         1
 40750   -0.39392196E+0001   -0.39392196E+0001    0.43233521E+0000         1
 40800   -0.39391641E+0001   -0.39391641E+0001    0.53544210E+0000         1
 40850   -0.39390752E+0001   -0.39390752E+0001    0.52740935E+0000         1
 40900   -0.39389272E+0001   -0.39389272E+0001    0.52138143E+0000         1
 40950   -0.39393561E+0001   -0.39393561E+0001    0.38105317E+0000         1
 41000   -0.39391288E+0001   -0.39391288E+0001    0.48182436E+0000         1
 41050   -0.39387899E+0001   -0.39387899E+0001    0.54344566E+0000         1
 41100   -0.39388509E+0001   -0.39388509E+0001    0.56330199E+0000         1
 41150   -0.39395342E+0001   -0.39395342E+0001    0.36733198E+0000         1
 41200   -0.39391171E+0001   -0.39391171E+0001    0.53656315E+0000         1
 41250   -0.39387746E+0001   -0.39387746E+0001    0.66864242E+0000         1
 41300   -0.39389186E+0001   -0.39389186E+0001    0.49780529E+0000         1
 41350   -0.39391804E+0001   -0.39391804E+0001    0.53602557E+0000         1
 41400   -0.39391800E+0001   -0.39391800E+0001    0.47165501E+0000         1
 41450   -0.39396447E+0001   -0.39396447E+0001    0.37436643E+0000         1
 41500   -0.39398235E+0001   -0.39398235E+0001    0.27990027E+0000         1
 41550   -0.39390941E+0001   -0.39390941E+0001    0.59131700E+0000         1
 41600   -0.39391161E+0001   -0.39391161E+0001    0.44821961E+0000         1
 41650   -0.39387102E+0001   -0.39387102E+0001    0.61858535E+0000         1
 41700   -0.39386963E+0001   -0.39386963E+0001    0.53446309E+0000         1
 41750   -0.39392480E+0001   -0.39392480E+0001    0.43926725E+0000         1
 41800   -0.39393257E+0001   -0.39393257E+0001    0.42820487E+0000         1
 41850   -0.39388337E+0001   -0.39388337E+0001    0.58260203E+0000         1
 41900   -0.39394060E+0001   -0.39394060E+0001    0.45386235E+0000         1
 41950   -0.39391462E+0001   -0.39391462E+0001    0.53361958E+0000         1
 42000   -0.39393657E+0001   -0.39393657E+0001    0.40381321E+0000         1
 42050   -0.39391033E+0001   -0.39391033E+0001    0.54055100E+0000         1
 42100   -0.39393946E+0001   -0.39393946E+0001    0.40551271E+0000         1
 42150   -0.39396278E+0001   -0.39396278E+0001    0.31461315E+0000         1
 42200   -0.39395788E+0001   -0.39395788E+0001    0.45147346E+0000         1
 42250   -0.39397311E+0001   -0.39397311E+0001    0.26677128E+0000         1
 42300   -0.39395528E+0001   -0.39395528E+0001    0.35479851E+0000         1
 42350   -0.39393059E+0001   -0.39393059E+0001    0.44933470E+0000         1
 42400   -0.39387382E+0001   -0.39387382E+0001    0.61711260E+0000         1
 42450   -0.39386408E+0001   -0.39386408E+0001    0.68603338E+0000         1
 42500   -0.39389635E+0001   -0.39389635E+0001    0.55793593E+0000         1
 42550   -0.39391507E+0001   -0.39391507E+0001    0.43894890E+0000         1
 42600   -0.39385202E+0001   -0.39385202E+0001    0.54503319E+0000         1
 42650   -0.39381102E+0001   -0.39381102E+0001    0.71586706E+0000         1
 42700   -0.39380178E+0001   -0.39380178E+0001    0.68422775E+0000         1
 42750   -0.39389882E+0001   -0.39389882E+0001    0.49854034E+0000         1
 42800   -0.39384314E+0001   -0.39384314E+0001    0.60749956E+0000         1
 42850   -0.39387600E+0001   -0.39387600E+0001    0.49084230E+0000         1
 42900   -0.39387258E+0001   -0.39387258E+0001    0.51848612E+0000         1
 42950   -0.39393681E+0001   -0.39393681E+0001    0.36796565E+0000         1
 43000   -0.39393938E+0001   -0.39393938E+0001    0.42540750E+0000         1
 43050   -0.39388144E+0001   -0.39388144E+0001    0.60997488E+0000         1
 43100   -0.39388900E+0001   -0.39388900E+0001    0.54623636E+0000         1
 43150   -0.39388634E+0001   -0.39388634E+0001    0.50750147E+0000         1
 43200   -0.39381321E+0001   -0.39381321E+0001    0.67782703E+0000         1
 43250   -0.39378361E+0001   -0.39378361E+0001    0.72817589E+0000         1
 43300   -0.39384192E+0001   -0.39384192E+0001    0.61411564E+0000         1
 43350   -0.39381914E+0001   -0.39381914E+0001    0.70941449E+0000         1
 43400   -0.39384149E+0001   -0.39384149E+0001    0.62950967E+0000         1
 43450   -0.39390313E+0001   -0.39390313E+0001    0.52165582E+0000         1
 43500   -0.39388945E+0001   -0.39388945E+0001    0.54486228E+0000         1
 43550   -0.39384885E+0001   -0.39384885E+0001    0.60587185E+0000         1
 43600   -0.39388173E+0001   -0.39388173E+0001    0.60680344E+0000         1
 43650   -0.39390930E+0001   -0.39390930E+0001    0.48134637E+0000         1
 43700   -0.39389829E+0001   -0.39389829E+0001    0.53747189E+0000         1
 43750   -0.39392578E+0001   -0.39392578E+0001    0.50192641E+0000         1
 43800   -0.39391352E+0001   -0.39391352E+0001    0.49406576E+0000         1
 43850   -0.39390870E+0001   -0.39390870E+0001    0.48689722E+0000         1
 43900   -0.39391054E+0001   -0.39391054E+0001    0.43790790E+0000         1
 43950   -0.39388738E+0001   -0.39388738E+0001    0.52478456E+0000         1
 44000   -0.39392676E+0001   -0.39392676E+0001    0.47111030E+0000         1
 44050   -0.39388807E+0001   -0.39388807E+0001    0.51181321E+0000         1
 44100   -0.39386968E+0001   -0.39386968E+0001    0.51163372E+0000         1
 44150   -0.39388388E+0001   -0.39388388E+0001    0.53185143E+0000         1
 44200   -0.39383413E+0001   -0.39383413E+0001    0.62640127E+0000         1
 44250   -0.39383879E+0001   -0.39383879E+0001    0.57782144E+0000         1
 44300   -0.39379194E+0001   -0.39379194E+0001    0.75927178E+0000         1
 44350   -0.39385308E+0001   -0.39385308E+0001    0.65789898E+0000         1
 44400   -0.39385557E+0001   -0.39385557E+0001    0.68428055E+0000         1
 44450   -0.39390495E+0001   -0.39390495E+0001    0.49791763E+0000         1
 44500   -0.39387954E+0001   -0.39387954E+0001    0.59867107E+0000         1
 44550   -0.39386669E+0001   -0.39386669E+0001    0.52083183E+0000         1
 44600   -0.39393429E+0001   -0.39393429E+0001    0.34551928E+0000         1
 44650   -0.39388116E+0001   -0.39388116E+0001    0.56098835E+0000         1
 44700   -0.39385326E+0001   -0.39385326E+0001    0.69481229E+0000         1
 44750   -0.39391324E+0001   -0.39391324E+0001    0.45500396E+0000         1
 44800   -0.39393179E+0001   -0.39393179E+0001    0.48206283E+0000         1
 44850   -0.39388814E+0001   -0.39388814E+0001    0.49075959E+0000         1
 44900   -0.39388469E+0001   -0.39388469E+0001    0.51775888E+0000         1
 44950   -0.39387557E+0001   -0.39387557E+0001    0.54084405E+0000         1
 45000   -0.39386840E+0001   -0.39386840E+0001    0.55314453E+0000         1
 45050   -0.39385360E+0001   -0.39385360E+0001    0.58163717E+0000         1
 45100   -0.39384461E+0001   -0.39384461E+0001    0.71293245E+0000         1
 45150   -0.39390757E+0001   -0.39390757E+0001    0.60345953E+0000         1
 45200   -0.39390877E+0001   -0.39390877E+0001    0.54145635E+0000         1
 45250   -0.39391207E+0001   -0.39391207E+0001    0.46892997E+0000         1
 45300   -0.39389450E+0001   -0.39389450E+0001    0.55687801E+0000         1
 45350   -0.39390961E+0001   -0.39390961E+0001    0.44946057E+0000         1
 45400   -0.39383941E+0001   -0.39383941E+0001    0.63890528E+0000         1
 45450   -0.39392138E+0001   -0.39392138E+0001    0.36509963E+0000         1
 45500   -0.39390889E+0001   -0.39390889E+0001    0.37371523E+0000         1
 45550   -0.39387227E+0001   -0.39387227E+0001    0.54010707E+0000         1
 45600   -0.39385936E+0001   -0.39385936E+0001    0.60256860E+0000         1
 45650   -0.39394595E+0001   -0.39394595E+0001    0.39855906E+0000         1
 45700   -0.39391919E+0001   -0.39391919E+0001    0.41341285E+0000         1
 45750   -0.39388757E+0001   -0.39388757E+0001    0.45567689E+0000         1
 45800   -0.39388834E+0001   -0.39388834E+0001    0.55537875E+0000         1
 45850   -0.39394361E+0001   -0.39394361E+0001    0.40031468E+0000         1
 45900   -0.39393577E+0001   -0.39393577E+0001    0.43231126E+0000         1
 45950   -0.39395306E+0001   -0.39395306E+0001    0.34118191E+0000         1
 46000   -0.39397561E+0001   -0.39397561E+0001    0.28751313E+0000         1
 46050   -0.39395042E+0001   -0.39395042E+0001    0.42127243E+0000         1
 46100   -0.39390157E+0001   -0.39390157E+0001    0.50425306E+0000         1
 46150   -0.39392091E+0001   -0.39392091E+0001    0.48142190E+0000         1
 46200   -0.39390543E+0001   -0.39390543E+0001    0.59842889E+0000         1
 46250   -0.39392966E+0001   -0.39392966E+0001    0.52335710E+0000         1
 46300   -0.39391295E+0001   -0.39391295E+0001    0.51850098E+0000         1
 46350   -0.39394291E+0001   -0.39394291E+0001    0.38434590E+0000         1
 46400   -0.39383378E+0001   -0.39383378E+0001    0.76830236E+0000         1
 46450   -0.39385123E+0001   -0.39385123E+0001    0.63040074E+0000         1
 46500   -0.39390158E+0001   -0.39390158E+0001    0.51571845E+0000         1
 46550   -0.39392445E+0001   -0.39392445E+0001    0.40243073E+0000         1
 46600   -0.39391868E+0001   -0.39391868E+0001    0.47867730E+0000         1
 46650   -0.39387202E+0001   -0.39387202E+0001    0.71139269E+0000         1
 46700   -0.39393496E+0001   -0.39393496E+0001    0.41293373E+0000         1
 46750   -0.39388602E+0001   -0.39388602E+0001    0.56262973E+0000         1
 46800   -0.39388100E+0001   -0.39388100E+0001    0.54599740E+0000         1
 46850   -0.39391126E+0001   -0.39391126E+0001    0.46267492E+0000         1
 46900   -0.39389513E+0001   -0.39389513E+0001    0.43649384E+0000         1
 46950   -0.39381184E+0001   -0.39381184E+0001    0.73205463E+0000         1
 47000   -0.39383383E+0001   -0.39383383E+0001    0.79161587E+0000         1
 47050   -0.39392899E+0001   -0.39392899E+0001    0.53008778E+0000         1
 47100   -0.39396645E+0001   -0.39396645E+0001    0.33068331E+0000         1
 47150   -0.39394856E+0001   -0.39394856E+0001    0.42785398E+0000         1
 47200   -0.39391078E+0001   -0.39391078E+0001    0.40503930E+0000         1
 47250   -0.39396234E+0001   -0.39396234E+0001    0.29776474E+0000         1
 47300   -0.39393874E+0001   -0.39393874E+0001    0.34155164E+0000         1
 47350   -0.39392073E+0001   -0.39392073E+0001    0.44243147E+0000         1
 47400   -0.39396739E+0001   -0.39396739E+0001    0.31526177E+0000         1
 47450   -0.39396164E+0001   -0.39396164E+0001    0.34303856E+0000         1
 47500   -0.39388853E+0001   -0.39388853E+0001    0.62041061E+0000         1
 47550   -0.39390719E+0001   -0.39390719E+0001    0.57605230E+0000         1
 47600   -0.39392684E+0001   -0.39392684E+0001    0.38189822E+0000         1
 47650   -0.39388085E+0001   -0.39388085E+0001    0.52350450E+0000         1
 47700   -0.39385609E+0001   -0.39385609E+0001    0.60686170E+0000         1
 47750   -0.39386232E+0001   -0.39386232E+0001    0.63025404E+0000         1
 47800   -0.39391998E+0001   -0.39391998E+0001    0.54466740E+0000         1
 47850   -0.39390340E+0001   -0.39390340E+0001    0.46719374E+0000         1
 47900   -0.39391043E+0001   -0.39391043E+0001    0.44564401E+0000         1
 47950   -0.39386380E+0001   -0.39386380E+0001    0.55439919E+0000         1
 48000   -0.39388175E+0001   -0.39388175E+0001    0.52652443E+0000         1
