     1   -0.39239772E+0001   -0.39244736E+0001    0.17876708E+0001     11990
    50   -0.39243640E+0001   -0.39291775E+0001    0.13522881E+0001     12314
   100   -0.39272135E+0001   -0.39316033E+0001    0.11728904E+0001     13144
   150   -0.39293872E+0001   -0.39330239E+0001    0.96775508E+0000     13700
   200   -0.39313591E+0001   -0.39349036E+0001    0.84751311E+0000     14019
   250   -0.39329147E+0001   -0.39355422E+0001    0.70648188E+0000     14624
   300   -0.39338837E+0001   -0.39367200E+0001    0.66993787E+0000     14755
   350   -0.39346319E+0001   -0.39376472E+0001    0.62676790E+0000     15382
   400   -0.39352965E+0001   -0.39379689E+0001    0.61385960E+0000     15869
     1   -0.39239685E+0001   -0.39244963E+0001    0.17876708E+0001     12001
    50   -0.39239050E+0001   -0.39290947E+0001    0.13605046E+0001     12308
   100   -0.39264533E+0001   -0.39316936E+0001    0.12333009E+0001     13149
   150   -0.39291099E+0001   -0.39335111E+0001    0.94430649E+0000     13447
   200   -0.39315712E+0001   -0.39352243E+0001    0.82310585E+0000     14139
   250   -0.39332050E+0001   -0.39362524E+0001    0.70084603E+0000     14795
   300   -0.39342901E+0001   -0.39372132E+0001    0.65570379E+0000     15177
   350   -0.39353488E+0001   -0.39378574E+0001    0.56578785E+0000     15325
   400   -0.39360443E+0001   -0.39383853E+0001    0.57206885E+0000     15659
     1   -0.39239629E+0001   -0.39244834E+0001    0.17876708E+0001     11989
    50   -0.39235768E+0001   -0.39280771E+0001    0.14377198E+0001     12681
   100   -0.39257015E+0001   -0.39301108E+0001    0.12799712E+0001     13571
   150   -0.39276114E+0001   -0.39319246E+0001    0.11232630E+0001     14291
   200   -0.39295413E+0001   -0.39334754E+0001    0.89243396E+0000     14744
   250   -0.39313379E+0001   -0.39345016E+0001    0.82860005E+0000     15378
   300   -0.39327022E+0001   -0.39359604E+0001    0.71987334E+0000     15708
   350   -0.39336076E+0001   -0.39367424E+0001    0.65160340E+0000     16201
   400   -0.39346009E+0001   -0.39372071E+0001    0.62847395E+0000     16535
     1   -0.39239526E+0001   -0.39244852E+0001    0.17876708E+0001     11992
    50   -0.39231477E+0001   -0.39284382E+0001    0.14295925E+0001     12194
   100   -0.39249572E+0001   -0.39298407E+0001    0.13260045E+0001     13029
   150   -0.39270171E+0001   -0.39311882E+0001    0.11288062E+0001     13408
   200   -0.39280025E+0001   -0.39325536E+0001    0.10396223E+0001     13449
   250   -0.39294481E+0001   -0.39336945E+0001    0.91509813E+0000     13885
   300   -0.39309792E+0001   -0.39345262E+0001    0.78765942E+0000     14129
   350   -0.39323775E+0001   -0.39358790E+0001    0.70707640E+0000     14457
   400   -0.39332919E+0001   -0.39363129E+0001    0.65654296E+0000     15099
     1   -0.39239494E+0001   -0.39245029E+0001    0.17876708E+0001     11994
    50   -0.39229170E+0001   -0.39281477E+0001    0.14395336E+0001     12320
   100   -0.39252386E+0001   -0.39308909E+0001    0.11397565E+0001     12887
   150   -0.39284685E+0001   -0.39324530E+0001    0.10305286E+0001     13550
   200   -0.39298195E+0001   -0.39335573E+0001    0.90830994E+0000     14369
   250   -0.39309800E+0001   -0.39343126E+0001    0.84710737E+0000     14814
   300   -0.39318898E+0001   -0.39354766E+0001    0.78685072E+0000     15139
   350   -0.39328451E+0001   -0.39359183E+0001    0.76219922E+0000     15698
   400   -0.39335807E+0001   -0.39369237E+0001    0.70925638E+0000     15927
     1   -0.39239438E+0001   -0.39245532E+0001    0.17876708E+0001     12002
    50   -0.39225023E+0001   -0.39275522E+0001    0.14426267E+0001     12111
   100   -0.39240405E+0001   -0.39290694E+0001    0.13480150E+0001     12795
   150   -0.39258725E+0001   -0.39302723E+0001    0.11253235E+0001     13523
   200   -0.39273877E+0001   -0.39314065E+0001    0.10502660E+0001     14110
   250   -0.39287524E+0001   -0.39327461E+0001    0.96935487E+0000     14915
   300   -0.39293287E+0001   -0.39337459E+0001    0.89181276E+0000     15211
   350   -0.39308163E+0001   -0.39350174E+0001    0.81849643E+0000     15573
   400   -0.39322971E+0001   -0.39355258E+0001    0.72088327E+0000     15886
     1   -0.39239385E+0001   -0.39245175E+0001    0.17876708E+0001     11993
    50   -0.39222153E+0001   -0.39272479E+0001    0.14924595E+0001     12492
   100   -0.39237573E+0001   -0.39301589E+0001    0.12418661E+0001     13298
   150   -0.39278655E+0001   -0.39316287E+0001    0.10555096E+0001     14280
   200   -0.39289862E+0001   -0.39323909E+0001    0.97842685E+0000     14701
   250   -0.39295482E+0001   -0.39331444E+0001    0.91537670E+0000     15146
   300   -0.39301353E+0001   -0.39333771E+0001    0.85304420E+0000     15691
   350   -0.39307565E+0001   -0.39339916E+0001    0.84075826E+0000     16035
   400   -0.39314787E+0001   -0.39350989E+0001    0.78318245E+0000     16451
     1   -0.39239377E+0001   -0.39246869E+0001    0.17876708E+0001     12004
    50   -0.39220456E+0001   -0.39274690E+0001    0.14863588E+0001     12412
   100   -0.39239310E+0001   -0.39292536E+0001    0.13359464E+0001     13531
   150   -0.39257318E+0001   -0.39303732E+0001    0.12440097E+0001     14151
   200   -0.39265917E+0001   -0.39311431E+0001    0.11713932E+0001     14646
   250   -0.39277317E+0001   -0.39323042E+0001    0.98074593E+0000     14888
   300   -0.39286015E+0001   -0.39333025E+0001    0.92480648E+0000     15364
   350   -0.39303351E+0001   -0.39344461E+0001    0.88701240E+0000     15972
   400   -0.39311671E+0001   -0.39346251E+0001    0.84549678E+0000     16677
     1   -0.39239265E+0001   -0.39245631E+0001    0.17876708E+0001     11993
    50   -0.39217029E+0001   -0.39275295E+0001    0.15055680E+0001     12407
   100   -0.39231264E+0001   -0.39283116E+0001    0.14449443E+0001     13168
   150   -0.39239237E+0001   -0.39288799E+0001    0.13300291E+0001     13680
   200   -0.39249486E+0001   -0.39294152E+0001    0.12171561E+0001     14183
   250   -0.39256622E+0001   -0.39298738E+0001    0.11012530E+0001     14794
   300   -0.39264383E+0001   -0.39302655E+0001    0.10780059E+0001     15221
   350   -0.39271021E+0001   -0.39322055E+0001    0.99956469E+0000     15386
   400   -0.39274283E+0001   -0.39318989E+0001    0.97406357E+0000     15809
     1   -0.39239272E+0001   -0.39245485E+0001    0.17876708E+0001     12015
    50   -0.39215562E+0001   -0.39269489E+0001    0.14698611E+0001     12430
   100   -0.39224951E+0001   -0.39282755E+0001    0.14168580E+0001     13006
   150   -0.39242856E+0001   -0.39293546E+0001    0.13408180E+0001     13964
   200   -0.39253138E+0001   -0.39310266E+0001    0.12710498E+0001     14312
   250   -0.39264583E+0001   -0.39313425E+0001    0.11814647E+0001     15040
   300   -0.39276699E+0001   -0.39323551E+0001    0.10403185E+0001     15649
   350   -0.39288239E+0001   -0.39331270E+0001    0.95481991E+0000     16561
   400   -0.39301309E+0001   -0.39341116E+0001    0.90029795E+0000     17200
     1   -0.39239223E+0001   -0.39247998E+0001    0.17876708E+0001     12000
    50   -0.39214172E+0001   -0.39272942E+0001    0.15242287E+0001     12388
   100   -0.39220975E+0001   -0.39276538E+0001    0.14879320E+0001     13510
   150   -0.39229435E+0001   -0.39280380E+0001    0.13433474E+0001     14155
   200   -0.39237586E+0001   -0.39285683E+0001    0.12967375E+0001     14740
   250   -0.39244506E+0001   -0.39297058E+0001    0.12618401E+0001     15840
   300   -0.39252011E+0001   -0.39299531E+0001    0.12302262E+0001     16439
   350   -0.39257322E+0001   -0.39296547E+0001    0.11408920E+0001     17321
   400   -0.39263990E+0001   -0.39313571E+0001    0.10534830E+0001     17956
     1   -0.39239167E+0001   -0.39245198E+0001    0.17876708E+0001     11996
    50   -0.39211546E+0001   -0.39269013E+0001    0.15468093E+0001     12183
   100   -0.39223620E+0001   -0.39285448E+0001    0.14074565E+0001     12996
   150   -0.39236592E+0001   -0.39290097E+0001    0.13578351E+0001     13760
   200   -0.39238775E+0001   -0.39296515E+0001    0.13116876E+0001     14092
   250   -0.39235815E+0001   -0.39296683E+0001    0.12638037E+0001     14553
   300   -0.39238812E+0001   -0.39305155E+0001    0.12188746E+0001     15278
   350   -0.39255492E+0001   -0.39314237E+0001    0.11670796E+0001     15655
   400   -0.39264894E+0001   -0.39310175E+0001    0.11642012E+0001     16411
     1   -0.39239167E+0001   -0.39246255E+0001    0.17876708E+0001     12003
    50   -0.39209478E+0001   -0.39265044E+0001    0.15693812E+0001     12209
   100   -0.39214694E+0001   -0.39276003E+0001    0.14291301E+0001     12848
   150   -0.39226397E+0001   -0.39288333E+0001    0.13516727E+0001     13452
   200   -0.39236330E+0001   -0.39294219E+0001    0.13458863E+0001     13970
   250   -0.39240338E+0001   -0.39294066E+0001    0.12329786E+0001     14453
   300   -0.39252584E+0001   -0.39298435E+0001    0.11973191E+0001     15315
   350   -0.39253174E+0001   -0.39303627E+0001    0.11389685E+0001     15856
   400   -0.39259609E+0001   -0.39304221E+0001    0.11145256E+0001     16621
     1   -0.39239154E+0001   -0.39245376E+0001    0.17876708E+0001     12010
    50   -0.39208172E+0001   -0.39266419E+0001    0.15729025E+0001     12602
   100   -0.39215699E+0001   -0.39271565E+0001    0.14916602E+0001     13578
   150   -0.39223828E+0001   -0.39283158E+0001    0.14263586E+0001     14178
   200   -0.39230892E+0001   -0.39280884E+0001    0.13830159E+0001     14745
   250   -0.39239132E+0001   -0.39291290E+0001    0.13328674E+0001     15310
   300   -0.39249178E+0001   -0.39295284E+0001    0.12498139E+0001     15930
   350   -0.39258758E+0001   -0.39294829E+0001    0.11510066E+0001     16746
   400   -0.39257769E+0001   -0.39294640E+0001    0.11056612E+0001     17083
     1   -0.39239100E+0001   -0.39244984E+0001    0.17876708E+0001     11994
    50   -0.39208127E+0001   -0.39275557E+0001    0.14559778E+0001     12480
   100   -0.39223073E+0001   -0.39274784E+0001    0.14303219E+0001     13246
   150   -0.39220439E+0001   -0.39273785E+0001    0.14283246E+0001     13728
   200   -0.39215804E+0001   -0.39263593E+0001    0.13724754E+0001     14293
   250   -0.39208927E+0001   -0.39268314E+0001    0.12476850E+0001     14563
   300   -0.39209219E+0001   -0.39271251E+0001    0.12446876E+0001     15088
   350   -0.39227310E+0001   -0.39287340E+0001    0.12463650E+0001     16113
   400   -0.39229563E+0001   -0.39279091E+0001    0.12029659E+0001     16775
   450   -0.39230362E+0001   -0.39287625E+0001    0.11677292E+0001     17173
   500   -0.39239131E+0001   -0.39291299E+0001    0.11641582E+0001     17746
     1   -0.39239076E+0001   -0.39245164E+0001    0.17876708E+0001     12006
    50   -0.39205471E+0001   -0.39265827E+0001    0.15202917E+0001     12059
   100   -0.39217735E+0001   -0.39283889E+0001    0.13417799E+0001     13248
   150   -0.39240389E+0001   -0.39291217E+0001    0.13569214E+0001     14057
   200   -0.39240393E+0001   -0.39297192E+0001    0.13154754E+0001     14845
   250   -0.39247288E+0001   -0.39300164E+0001    0.12368040E+0001     15419
   300   -0.39250989E+0001   -0.39307281E+0001    0.11623106E+0001     15742
   350   -0.39259239E+0001   -0.39319087E+0001    0.11074998E+0001     16266
   400   -0.39265214E+0001   -0.39324159E+0001    0.10613936E+0001     16915
     1   -0.39239059E+0001   -0.39245273E+0001    0.17876708E+0001     11994
    50   -0.39203215E+0001   -0.39271386E+0001    0.15560952E+0001     12582
   100   -0.39204977E+0001   -0.39268734E+0001    0.15490653E+0001     13492
   150   -0.39217120E+0001   -0.39278692E+0001    0.14499083E+0001     14089
   200   -0.39223629E+0001   -0.39277863E+0001    0.13142281E+0001     14684
   250   -0.39228983E+0001   -0.39284511E+0001    0.12515971E+0001     15485
   300   -0.39236786E+0001   -0.39286138E+0001    0.12277246E+0001     16166
   350   -0.39239774E+0001   -0.39292327E+0001    0.11968319E+0001     16459
   400   -0.39239393E+0001   -0.39294377E+0001    0.11766860E+0001     17245
   450   -0.39237077E+0001   -0.39287854E+0001    0.11845751E+0001     17758
   500   -0.39235109E+0001   -0.39290346E+0001    0.11094169E+0001     18334
   550   -0.39237375E+0001   -0.39298695E+0001    0.10700453E+0001     18986
     1   -0.39239080E+0001   -0.39245549E+0001    0.17876708E+0001     11999
    50   -0.39203367E+0001   -0.39264225E+0001    0.15722287E+0001     12371
   100   -0.39201983E+0001   -0.39260877E+0001    0.14995116E+0001     13493
   150   -0.39202235E+0001   -0.39258842E+0001    0.14608527E+0001     14266
   200   -0.39199644E+0001   -0.39252055E+0001    0.14420472E+0001     15249
   250   -0.39198197E+0001   -0.39250246E+0001    0.14386435E+0001     16003
   300   -0.39188167E+0001   -0.39242355E+0001    0.14684627E+0001     16759
   350   -0.39179153E+0001   -0.39247275E+0001    0.14533003E+0001     17347
   400   -0.39174524E+0001   -0.39244116E+0001    0.14355033E+0001     17984
   450   -0.39175612E+0001   -0.39246949E+0001    0.14502693E+0001     19029
   500   -0.39181649E+0001   -0.39239531E+0001    0.14165439E+0001     19966
   550   -0.39183546E+0001   -0.39250449E+0001    0.13875088E+0001     20911
   600   -0.39190620E+0001   -0.39251648E+0001    0.14144672E+0001     21963
   650   -0.39188386E+0001   -0.39254086E+0001    0.13014787E+0001     22843
   700   -0.39201608E+0001   -0.39258228E+0001    0.12367821E+0001     23967
   750   -0.39207608E+0001   -0.39260648E+0001    0.12226489E+0001     24787
   800   -0.39212445E+0001   -0.39257690E+0001    0.11615183E+0001     25919
   850   -0.39212170E+0001   -0.39270985E+0001    0.11310314E+0001     26435
   900   -0.39210406E+0001   -0.39273519E+0001    0.11320144E+0001     27712
   950   -0.39216640E+0001   -0.39266392E+0001    0.11283432E+0001     28690
  1000   -0.39219284E+0001   -0.39263801E+0001    0.11649369E+0001     29303
  1050   -0.39214680E+0001   -0.39257249E+0001    0.11730318E+0001     30175
  1100   -0.39206824E+0001   -0.39252254E+0001    0.11823164E+0001     31729
  1150   -0.39198438E+0001   -0.39249055E+0001    0.11863495E+0001     32833
  1200   -0.39189842E+0001   -0.39263713E+0001    0.11980321E+0001     33672
  1250   -0.39184493E+0001   -0.39251869E+0001    0.12567570E+0001     34814
  1300   -0.39177812E+0001   -0.39240778E+0001    0.12426005E+0001     35979
  1350   -0.39170326E+0001   -0.39229508E+0001    0.12492799E+0001     37033
  1400   -0.39166150E+0001   -0.39221547E+0001    0.12474037E+0001     38396
  1450   -0.39165609E+0001   -0.39218358E+0001    0.12462959E+0001     39924
  1500   -0.39162970E+0001   -0.39225030E+0001    0.12659583E+0001     41234
  1550   -0.39156930E+0001   -0.39216398E+0001    0.12889144E+0001     42642
  1600   -0.39147556E+0001   -0.39199488E+0001    0.12832400E+0001     43716
  1601   -0.39148896E+0001   -0.39148896E+0001    0.13706269E+0001     12000
  1650   -0.39175921E+0001   -0.39216278E+0001    0.12162992E+0001     12086
  1700   -0.39156710E+0001   -0.39209440E+0001    0.12364383E+0001     12076
  1750   -0.39144162E+0001   -0.39212025E+0001    0.12780306E+0001     12442
  1800   -0.39137543E+0001   -0.39200300E+0001    0.13030758E+0001     12956
  1850   -0.39130176E+0001   -0.39194661E+0001    0.12774050E+0001     13138
  1900   -0.39128072E+0001   -0.39188012E+0001    0.12949261E+0001     13718
  1950   -0.39123097E+0001   -0.39179966E+0001    0.13504401E+0001     14249
  2000   -0.39113748E+0001   -0.39167813E+0001    0.13633358E+0001     14576
  2050   -0.39102619E+0001   -0.39163139E+0001    0.13601931E+0001     15078
  2100   -0.39090782E+0001   -0.39151430E+0001    0.14032582E+0001     15266
  2150   -0.39077894E+0001   -0.39143481E+0001    0.13897527E+0001     15633
  2200   -0.39057807E+0001   -0.39126087E+0001    0.13826476E+0001     16079
  2250   -0.39043399E+0001   -0.39110453E+0001    0.13884742E+0001     16580
  2300   -0.39029262E+0001   -0.39097602E+0001    0.14277252E+0001     16847
  2350   -0.39014948E+0001   -0.39092475E+0001    0.14651681E+0001     17206
  2400   -0.39002903E+0001   -0.39082328E+0001    0.14952952E+0001     17688
  2450   -0.38990631E+0001   -0.39065427E+0001    0.14995735E+0001     18477
  2500   -0.38976066E+0001   -0.39058183E+0001    0.15175059E+0001     18962
  2550   -0.38961723E+0001   -0.39045006E+0001    0.14887718E+0001     19776
  2600   -0.38946402E+0001   -0.39030843E+0001    0.15461402E+0001     20250
  2650   -0.38928650E+0001   -0.39024989E+0001    0.15839006E+0001     20650
  2700   -0.38908737E+0001   -0.39009451E+0001    0.16234307E+0001     21251
  2750   -0.38886069E+0001   -0.38982340E+0001    0.16414561E+0001     21632
  2800   -0.38864007E+0001   -0.38968162E+0001    0.16453911E+0001     21955
  2850   -0.38836628E+0001   -0.38952761E+0001    0.16688452E+0001     22244
  2900   -0.38808679E+0001   -0.38935119E+0001    0.16837567E+0001     23037
  2950   -0.38771764E+0001   -0.38919406E+0001    0.16967523E+0001     23614
  3000   -0.38729387E+0001   -0.38873863E+0001    0.17129631E+0001     23758
  3050   -0.38683208E+0001   -0.38848574E+0001    0.17022173E+0001     24212
  3100   -0.38625175E+0001   -0.38798955E+0001    0.16941408E+0001     24539
  3150   -0.38571693E+0001   -0.38763374E+0001    0.16991706E+0001     25534
  3200   -0.38529426E+0001   -0.38713517E+0001    0.16819786E+0001     26215
  3201   -0.38531531E+0001   -0.38531531E+0001    0.17184317E+0001     12000
  3250   -0.38575075E+0001   -0.38629427E+0001    0.16863112E+0001     11938
  3300   -0.38531912E+0001   -0.38608766E+0001    0.16711415E+0001     12006
  3350   -0.38490321E+0001   -0.38580900E+0001    0.16936599E+0001     12137
  3400   -0.38450849E+0001   -0.38554836E+0001    0.17026709E+0001     12355
  3450   -0.38414939E+0001   -0.38533450E+0001    0.16560295E+0001     12693
  3500   -0.38376661E+0001   -0.38498053E+0001    0.16617870E+0001     13056
  3550   -0.38334411E+0001   -0.38464982E+0001    0.16339593E+0001     13353
  3600   -0.38286866E+0001   -0.38430419E+0001    0.16090793E+0001     13445
  3650   -0.38236181E+0001   -0.38407658E+0001    0.15693171E+0001     13491
  3700   -0.38184237E+0001   -0.38337250E+0001    0.15339218E+0001     13754
  3750   -0.38131941E+0001   -0.38298097E+0001    0.15188244E+0001     13983
  3800   -0.38082051E+0001   -0.38207184E+0001    0.15070161E+0001     14154
  3850   -0.38037146E+0001   -0.38160900E+0001    0.15003272E+0001     14372
  3900   -0.37995694E+0001   -0.38136740E+0001    0.14877905E+0001     14525
  3950   -0.37957623E+0001   -0.38090367E+0001    0.14381433E+0001     14804
  4000   -0.37922416E+0001   -0.38063616E+0001    0.14326680E+0001     15100
  4050   -0.37888901E+0001   -0.38022392E+0001    0.14220918E+0001     15620
  4100   -0.37852952E+0001   -0.37989562E+0001    0.14038279E+0001     15769
  4150   -0.37818143E+0001   -0.37940139E+0001    0.13436750E+0001     16111
  4200   -0.37783031E+0001   -0.37893481E+0001    0.13368770E+0001     16349
  4250   -0.37741490E+0001   -0.37848908E+0001    0.13352358E+0001     16803
  4300   -0.37700791E+0001   -0.37821569E+0001    0.13061095E+0001     17111
  4350   -0.37662601E+0001   -0.37782722E+0001    0.13032229E+0001     17717
  4400   -0.37627458E+0001   -0.37760414E+0001    0.12850422E+0001     18152
  4450   -0.37598416E+0001   -0.37742152E+0001    0.12638289E+0001     18193
  4500   -0.37571974E+0001   -0.37708818E+0001    0.12354764E+0001     18679
  4550   -0.37544781E+0001   -0.37663226E+0001    0.12155419E+0001     19253
  4600   -0.37519283E+0001   -0.37639821E+0001    0.11931260E+0001     19832
  4650   -0.37494517E+0001   -0.37620870E+0001    0.11685740E+0001     20417
  4700   -0.37466875E+0001   -0.37598365E+0001    0.11390825E+0001     20765
  4750   -0.37438512E+0001   -0.37569479E+0001    0.11505979E+0001     21435
  4800   -0.37410291E+0001   -0.37513932E+0001    0.11315259E+0001     22085
  4801   -0.37411175E+0001   -0.37411175E+0001    0.11155982E+0001     12000
  4850   -0.37429857E+0001   -0.37463836E+0001    0.11116599E+0001     11985
  4900   -0.37410974E+0001   -0.37462838E+0001    0.10991953E+0001     12244
  4950   -0.37392558E+0001   -0.37452445E+0001    0.11132577E+0001     12353
  5000   -0.37374990E+0001   -0.37439536E+0001    0.11048249E+0001     12674
  5050   -0.37356217E+0001   -0.37418486E+0001    0.11069457E+0001     13018
  5100   -0.37338125E+0001   -0.37397578E+0001    0.10877385E+0001     13119
  5150   -0.37319478E+0001   -0.37392078E+0001    0.10823233E+0001     13353
  5200   -0.37301761E+0001   -0.37389035E+0001    0.10392459E+0001     13887
  5250   -0.37283843E+0001   -0.37369361E+0001    0.10408144E+0001     14123
  5300   -0.37267869E+0001   -0.37348518E+0001    0.10248258E+0001     14798
  5350   -0.37253070E+0001   -0.37333666E+0001    0.99841943E+0000     15238
  5400   -0.37237741E+0001   -0.37306944E+0001    0.10139000E+0001     15788
  5450   -0.37221073E+0001   -0.37296081E+0001    0.10045902E+0001     15597
  5500   -0.37205355E+0001   -0.37282837E+0001    0.96487515E+0000     15778
  5550   -0.37191723E+0001   -0.37271646E+0001    0.93946585E+0000     16145
  5600   -0.37179679E+0001   -0.37273413E+0001    0.92683762E+0000     16397
  5650   -0.37169771E+0001   -0.37258279E+0001    0.90700923E+0000     16698
  5700   -0.37158662E+0001   -0.37243291E+0001    0.89466902E+0000     16929
  5750   -0.37147474E+0001   -0.37224655E+0001    0.90480140E+0000     17298
  5800   -0.37136633E+0001   -0.37220680E+0001    0.86398738E+0000     17985
  5850   -0.37130735E+0001   -0.37204335E+0001    0.86638820E+0000     18527
  5900   -0.37128422E+0001   -0.37198903E+0001    0.85848737E+0000     19017
  5950   -0.37125567E+0001   -0.37197477E+0001    0.83509660E+0000     19401
  6000   -0.37119744E+0001   -0.37184096E+0001    0.82337835E+0000     19604
  6050   -0.37111011E+0001   -0.37169987E+0001    0.81180459E+0000     20194
  6100   -0.37103477E+0001   -0.37171997E+0001    0.77465511E+0000     20548
  6150   -0.37095188E+0001   -0.37159400E+0001    0.75410611E+0000     20565
  6200   -0.37086340E+0001   -0.37136691E+0001    0.77022882E+0000     21050
  6250   -0.37078987E+0001   -0.37139157E+0001    0.75050072E+0000     21624
  6300   -0.37073449E+0001   -0.37123243E+0001    0.74624627E+0000     22144
  6350   -0.37068448E+0001   -0.37124103E+0001    0.73251491E+0000     22513
  6400   -0.37063716E+0001   -0.37114209E+0001    0.72411643E+0000     22951
  6401   -0.37064030E+0001   -0.37064030E+0001    0.67276675E+0000     12000
  6450   -0.37070996E+0001   -0.37092326E+0001    0.68014322E+0000     11998
  6500   -0.37064504E+0001   -0.37094808E+0001    0.70385878E+0000     12078
  6550   -0.37058349E+0001   -0.37094422E+0001    0.68680114E+0000     12540
  6600   -0.37051319E+0001   -0.37089198E+0001    0.69427555E+0000     12497
  6650   -0.37044001E+0001   -0.37086362E+0001    0.66976416E+0000     12759
  6700   -0.37037277E+0001   -0.37078844E+0001    0.65764964E+0000     12902
  6750   -0.37030452E+0001   -0.37075991E+0001    0.65282570E+0000     13249
  6800   -0.37023908E+0001   -0.37069475E+0001    0.65411299E+0000     13720
  6850   -0.37016411E+0001   -0.37068762E+0001    0.61440373E+0000     14152
  6900   -0.37009293E+0001   -0.37070736E+0001    0.60700497E+0000     14413
  6950   -0.37002460E+0001   -0.37061432E+0001    0.61354573E+0000     14650
  7000   -0.36996217E+0001   -0.37052915E+0001    0.60549099E+0000     15031
  7050   -0.36991249E+0001   -0.37046751E+0001    0.61115827E+0000     15455
  7100   -0.36986713E+0001   -0.37031289E+0001    0.60848493E+0000     15826
  7150   -0.36982296E+0001   -0.37026504E+0001    0.56485717E+0000     16035
  7200   -0.36977600E+0001   -0.37020901E+0001    0.52147856E+0000     16536
  7250   -0.36972731E+0001   -0.37026724E+0001    0.52886127E+0000     17168
  7300   -0.36965039E+0001   -0.37013267E+0001    0.49707313E+0000     17529
  7350   -0.36957201E+0001   -0.37010251E+0001    0.51080526E+0000     17809
  7400   -0.36950334E+0001   -0.37016800E+0001    0.46448758E+0000     17999
  7450   -0.36944670E+0001   -0.37000570E+0001    0.52688123E+0000     18180
  7500   -0.36940597E+0001   -0.36998757E+0001    0.52599422E+0000     18427
  7550   -0.36937262E+0001   -0.36990588E+0001    0.49764672E+0000     18853
  7600   -0.36934682E+0001   -0.36984608E+0001    0.48635485E+0000     19243
  7650   -0.36932378E+0001   -0.36972593E+0001    0.50435739E+0000     19310
  7700   -0.36930686E+0001   -0.36965898E+0001    0.43398557E+0000     19568
  7750   -0.36929291E+0001   -0.36961312E+0001    0.49910521E+0000     19915
  7800   -0.36927269E+0001   -0.36966766E+0001    0.48710171E+0000     20490
  7850   -0.36924893E+0001   -0.36960041E+0001    0.49912419E+0000     20605
  7900   -0.36922290E+0001   -0.36954198E+0001    0.48543819E+0000     21025
  7950   -0.36920469E+0001   -0.36958464E+0001    0.45984436E+0000     21228
  8000   -0.36919090E+0001   -0.36943511E+0001    0.42973991E+0000     21827
  8001   -0.36919182E+0001   -0.36919182E+0001    0.35748994E+0000     12000
  8050   -0.36921195E+0001   -0.36931386E+0001    0.36979678E+0000     11920
  8100   -0.36919596E+0001   -0.36930775E+0001    0.41280130E+0000     11953
  8150   -0.36918119E+0001   -0.36933334E+0001    0.44850120E+0000     12018
  8200   -0.36916636E+0001   -0.36929547E+0001    0.43917426E+0000     12210
  8250   -0.36914684E+0001   -0.36927230E+0001    0.39365965E+0000     12333
  8300   -0.36912593E+0001   -0.36931653E+0001    0.40374562E+0000     12459
  8350   -0.36911174E+0001   -0.36930394E+0001    0.40422932E+0000     12470
  8400   -0.36909515E+0001   -0.36930596E+0001    0.41357331E+0000     12456
  8450   -0.36907329E+0001   -0.36929382E+0001    0.41785540E+0000     12472
  8500   -0.36905078E+0001   -0.36921550E+0001    0.44041658E+0000     12534
  8550   -0.36903250E+0001   -0.36923401E+0001    0.44834419E+0000     12737
  8600   -0.36901522E+0001   -0.36925915E+0001    0.43946799E+0000     13162
  8650   -0.36900515E+0001   -0.36922296E+0001    0.40282495E+0000     13454
  8700   -0.36900140E+0001   -0.36919568E+0001    0.41180582E+0000     13699
  8750   -0.36899747E+0001   -0.36913263E+0001    0.33786449E+0000     14051
  8800   -0.36899226E+0001   -0.36913400E+0001    0.36299219E+0000     14341
  8850   -0.36898177E+0001   -0.36914737E+0001    0.32356740E+0000     14586
  8900   -0.36896234E+0001   -0.36914528E+0001    0.38226669E+0000     15146
  8950   -0.36894341E+0001   -0.36914060E+0001    0.34645868E+0000     15441
  9000   -0.36892349E+0001   -0.36910800E+0001    0.33442820E+0000     15710
  9050   -0.36890068E+0001   -0.36914315E+0001    0.34912996E+0000     15925
  9100   -0.36888386E+0001   -0.36907195E+0001    0.37708952E+0000     16069
  9150   -0.36887327E+0001   -0.36914577E+0001    0.38400329E+0000     16538
  9200   -0.36886524E+0001   -0.36903636E+0001    0.37074983E+0000     16842
  9250   -0.36885648E+0001   -0.36903673E+0001    0.36946176E+0000     16942
  9300   -0.36885040E+0001   -0.36903691E+0001    0.28567701E+0000     17349
  9350   -0.36884206E+0001   -0.36905342E+0001    0.31599499E+0000     17672
  9400   -0.36883316E+0001   -0.36904412E+0001    0.35047437E+0000     17775
  9450   -0.36882523E+0001   -0.36899684E+0001    0.33115583E+0000     18157
  9500   -0.36881765E+0001   -0.36901566E+0001    0.37606349E+0000     18686
  9550   -0.36881074E+0001   -0.36905185E+0001    0.33285593E+0000     19258
  9600   -0.36880252E+0001   -0.36903138E+0001    0.36582450E+0000     19704
  9601   -0.36880270E+0001   -0.36880270E+0001    0.16747788E+0000     12000
  9650   -0.36880721E+0001   -0.36883188E+0001    0.22371078E+0000     11919
  9700   -0.36880429E+0001   -0.36885339E+0001    0.24414223E+0000     11978
  9750   -0.36880107E+0001   -0.36885892E+0001    0.31112680E+0000     12001
  9800   -0.36879729E+0001   -0.36887393E+0001    0.32430904E+0000     12061
  9850   -0.36879328E+0001   -0.36886671E+0001    0.34744042E+0000     12311
  9900   -0.36878860E+0001   -0.36885805E+0001    0.32744523E+0000     12603
  9950   -0.36878324E+0001   -0.36884869E+0001    0.29731656E+0000     12765
 10000   -0.36877784E+0001   -0.36885318E+0001    0.30995553E+0000     13037
 10050   -0.36877205E+0001   -0.36883395E+0001    0.29133948E+0000     13245
 10100   -0.36876446E+0001   -0.36883634E+0001    0.32752467E+0000     13264
 10150   -0.36875896E+0001   -0.36885229E+0001    0.26576918E+0000     13371
 10200   -0.36875491E+0001   -0.36886709E+0001    0.31382955E+0000     13543
 10250   -0.36875214E+0001   -0.36885374E+0001    0.26485491E+0000     13807
 10300   -0.36875010E+0001   -0.36884221E+0001    0.29502962E+0000     14259
 10350   -0.36874800E+0001   -0.36881273E+0001    0.30987938E+0000     14586
 10400   -0.36874460E+0001   -0.36878468E+0001    0.30058311E+0000     14592
 10450   -0.36873959E+0001   -0.36880919E+0001    0.34515238E+0000     14758
 10500   -0.36873499E+0001   -0.36883305E+0001    0.32679458E+0000     14811
 10550   -0.36873179E+0001   -0.36882354E+0001    0.28765296E+0000     15120
 10600   -0.36873003E+0001   -0.36879782E+0001    0.30652763E+0000     15465
 10650   -0.36872791E+0001   -0.36883018E+0001    0.29612951E+0000     15738
 10700   -0.36872918E+0001   -0.36882081E+0001    0.34559464E+0000     16028
 10750   -0.36872938E+0001   -0.36883909E+0001    0.33376842E+0000     16164
 10800   -0.36872764E+0001   -0.36883472E+0001    0.29495922E+0000     16412
 10850   -0.36872467E+0001   -0.36885595E+0001    0.23603616E+0000     16736
 10900   -0.36872304E+0001   -0.36884236E+0001    0.28982422E+0000     16885
 10950   -0.36872125E+0001   -0.36886806E+0001    0.32590112E+0000     17153
 11000   -0.36871963E+0001   -0.36885454E+0001    0.34365614E+0000     17712
 11050   -0.36871992E+0001   -0.36883196E+0001    0.33785725E+0000     17941
 11100   -0.36871952E+0001   -0.36885784E+0001    0.28144109E+0000     18411
 11150   -0.36871833E+0001   -0.36881847E+0001    0.29135827E+0000     18798
 11200   -0.36871671E+0001   -0.36880164E+0001    0.27908232E+0000     19048
 11201   -0.36871679E+0001   -0.36871679E+0001    0.97165576E-0001     12000
 11250   -0.36871823E+0001   -0.36872489E+0001    0.13957345E+0000     12049
 11300   -0.36871728E+0001   -0.36873223E+0001    0.22459049E+0000     12135
 11350   -0.36871668E+0001   -0.36873390E+0001    0.23866298E+0000     12227
 11400   -0.36871537E+0001   -0.36873729E+0001    0.26753248E+0000     12494
 11450   -0.36871393E+0001   -0.36873894E+0001    0.25792260E+0000     12556
 11500   -0.36871301E+0001   -0.36873956E+0001    0.33419578E+0000     12721
 11550   -0.36871317E+0001   -0.36874956E+0001    0.27548260E+0000     12917
 11600   -0.36871343E+0001   -0.36875531E+0001    0.33758750E+0000     13254
 11650   -0.36871310E+0001   -0.36874652E+0001    0.31044521E+0000     13591
 11700   -0.36871262E+0001   -0.36874816E+0001    0.30075594E+0000     13810
 11750   -0.36871153E+0001   -0.36875184E+0001    0.26182259E+0000     13912
 11800   -0.36870988E+0001   -0.36874279E+0001    0.26494624E+0000     14244
 11850   -0.36870913E+0001   -0.36873977E+0001    0.21790637E+0000     14537
 11900   -0.36870873E+0001   -0.36874863E+0001    0.27896360E+0000     14868
 11950   -0.36870845E+0001   -0.36874277E+0001    0.27132492E+0000     15214
 12000   -0.36870761E+0001   -0.36875140E+0001    0.30770313E+0000     15301
 12050   -0.36870631E+0001   -0.36874318E+0001    0.31277344E+0000     15834
 12100   -0.36870516E+0001   -0.36873709E+0001    0.33430032E+0000     15877
 12150   -0.36870468E+0001   -0.36874017E+0001    0.30287068E+0000     15921
 12200   -0.36870430E+0001   -0.36876376E+0001    0.27689656E+0000     15972
 12250   -0.36870376E+0001   -0.36876198E+0001    0.30695299E+0000     16134
 12300   -0.36870379E+0001   -0.36873960E+0001    0.29412438E+0000     16408
 12350   -0.36870214E+0001   -0.36873885E+0001    0.26154756E+0000     16792
 12400   -0.36869962E+0001   -0.36873585E+0001    0.26633555E+0000     17131
 12450   -0.36869849E+0001   -0.36873695E+0001    0.31363414E+0000     17151
 12500   -0.36869750E+0001   -0.36873832E+0001    0.27061257E+0000     17682
 12550   -0.36869682E+0001   -0.36873136E+0001    0.31871631E+0000     17772
 12600   -0.36869636E+0001   -0.36873882E+0001    0.35425455E+0000     18071
 12650   -0.36869590E+0001   -0.36873916E+0001    0.28367796E+0000     18538
 12700   -0.36869499E+0001   -0.36873229E+0001    0.26271711E+0000     18692
 12750   -0.36869426E+0001   -0.36875180E+0001    0.28905311E+0000     18910
 12800   -0.36869378E+0001   -0.36875589E+0001    0.28019697E+0000     19211
 12801   -0.36869382E+0001   -0.36869382E+0001    0.72509339E-0001     12000
 12850   -0.36869468E+0001   -0.36869683E+0001    0.16363134E+0000     11980
 12900   -0.36869448E+0001   -0.36869816E+0001    0.23534139E+0000     12022
 12950   -0.36869439E+0001   -0.36869931E+0001    0.24044176E+0000     12046
 13000   -0.36869410E+0001   -0.36869722E+0001    0.27079100E+0000     12084
 13050   -0.36869373E+0001   -0.36869786E+0001    0.25065876E+0000     12230
 13100   -0.36869426E+0001   -0.36870039E+0001    0.21197534E+0000     12530
 13150   -0.36869403E+0001   -0.36870188E+0001    0.25379660E+0000     12834
 13200   -0.36869289E+0001   -0.36870956E+0001    0.25165197E+0000     12914
 13250   -0.36869200E+0001   -0.36870410E+0001    0.26018733E+0000     13086
 13300   -0.36869190E+0001   -0.36870969E+0001    0.29123363E+0000     13433
 13350   -0.36869129E+0001   -0.36869990E+0001    0.25785029E+0000     13591
 13400   -0.36869089E+0001   -0.36870706E+0001    0.24525478E+0000     14095
 13450   -0.36869017E+0001   -0.36870649E+0001    0.32711223E+0000     14251
 13500   -0.36868930E+0001   -0.36870384E+0001    0.30264080E+0000     14393
 13550   -0.36868914E+0001   -0.36870481E+0001    0.26500929E+0000     14679
 13600   -0.36868906E+0001   -0.36870641E+0001    0.26748763E+0000     15007
 13650   -0.36868945E+0001   -0.36870188E+0001    0.30666303E+0000     15031
 13700   -0.36868909E+0001   -0.36869389E+0001    0.29842908E+0000     15405
 13750   -0.36868878E+0001   -0.36870176E+0001    0.29194004E+0000     15704
 13800   -0.36868821E+0001   -0.36869190E+0001    0.29109899E+0000     16004
 13850   -0.36868861E+0001   -0.36869387E+0001    0.31983139E+0000     16282
 13900   -0.36868882E+0001   -0.36868458E+0001    0.32813032E+0000     16506
 13950   -0.36868885E+0001   -0.36868573E+0001    0.27074579E+0000     16854
 14000   -0.36868904E+0001   -0.36868729E+0001    0.30846573E+0000     17076
 14050   -0.36868866E+0001   -0.36868736E+0001    0.26151440E+0000     17341
 14100   -0.36868822E+0001   -0.36870785E+0001    0.26055486E+0000     17715
 14150   -0.36868871E+0001   -0.36870856E+0001    0.27112874E+0000     17821
 14200   -0.36868898E+0001   -0.36870210E+0001    0.22489364E+0000     18145
 14250   -0.36868934E+0001   -0.36869552E+0001    0.30992698E+0000     18342
 14300   -0.36868936E+0001   -0.36870128E+0001    0.29248389E+0000     18545
 14350   -0.36868955E+0001   -0.36869366E+0001    0.28628943E+0000     19012
 14400   -0.36868931E+0001   -0.36868186E+0001    0.32745563E+0000     19376
 14450   -0.36868865E+0001   -0.36867434E+0001    0.27741177E+0000     19522
 14500   -0.36868838E+0001   -0.36868299E+0001    0.31534977E+0000     19753
 14550   -0.36868795E+0001   -0.36868027E+0001    0.31803407E+0000     19834
 14600   -0.36868776E+0001   -0.36868451E+0001    0.28092683E+0000     20169
 14650   -0.36868767E+0001   -0.36869249E+0001    0.24397348E+0000     20522
 14700   -0.36868777E+0001   -0.36869444E+0001    0.30927408E+0000     21028
 14750   -0.36868760E+0001   -0.36870087E+0001    0.30033233E+0000     21745
 14800   -0.36868783E+0001   -0.36870190E+0001    0.26261130E+0000     22143
 14850   -0.36868793E+0001   -0.36870038E+0001    0.30465701E+0000     22506
 14900   -0.36868795E+0001   -0.36870454E+0001    0.33125424E+0000     22922
 14950   -0.36868795E+0001   -0.36869664E+0001    0.26757313E+0000     23301
 15000   -0.36868793E+0001   -0.36869093E+0001    0.26976726E+0000     23753
 15050   -0.36868760E+0001   -0.36870851E+0001    0.29120180E+0000     23813
 15100   -0.36868743E+0001   -0.36867810E+0001    0.30494775E+0000     24132
 15150   -0.36868723E+0001   -0.36868407E+0001    0.24254363E+0000     24551
 15200   -0.36868704E+0001   -0.36868246E+0001    0.27628378E+0000     25086
 15250   -0.36868706E+0001   -0.36868531E+0001    0.29595983E+0000     25275
 15300   -0.36868716E+0001   -0.36868580E+0001    0.29779096E+0000     25744
 15350   -0.36868722E+0001   -0.36868354E+0001    0.24716111E+0000     26217
 15400   -0.36868726E+0001   -0.36868865E+0001    0.29334747E+0000     26659
 15450   -0.36868734E+0001   -0.36868038E+0001    0.27604391E+0000     27050
 15500   -0.36868748E+0001   -0.36869512E+0001    0.26472788E+0000     27685
 15550   -0.36868764E+0001   -0.36870152E+0001    0.22768592E+0000     27995
 15600   -0.36868813E+0001   -0.36869805E+0001    0.27454143E+0000     28401
 15650   -0.36868833E+0001   -0.36867963E+0001    0.24605511E+0000     28632
 15700   -0.36868842E+0001   -0.36874966E+0001    0.29442564E+0000     28896
 15750   -0.36868846E+0001   -0.36871287E+0001    0.19585376E+0000     29411
 15800   -0.36868870E+0001   -0.36872410E+0001    0.28413349E+0000     29921
 15850   -0.36868889E+0001   -0.36869871E+0001    0.20998437E+0000     30523
 15900   -0.36868872E+0001   -0.36872245E+0001    0.26418858E+0000     30760
 15950   -0.36868852E+0001   -0.36868330E+0001    0.27393130E+0000     31160
 16000   -0.36868813E+0001   -0.36868612E+0001    0.25939843E+0000     31792
 16001   -0.36868664E+0001   -0.36868664E+0001    0.39169996E-0001         1
 16050   -0.36863182E+0001   -0.36863182E+0001    0.44267990E+0000         1
 16100   -0.36861702E+0001   -0.36861702E+0001    0.47306830E+0000         1
 16150   -0.36859333E+0001   -0.36859333E+0001    0.50779157E+0000         1
 16200   -0.36856021E+0001   -0.36856021E+0001    0.68479115E+0000         1
 16250   -0.36858099E+0001   -0.36858099E+0001    0.57478528E+0000         1
 16300   -0.36861302E+0001   -0.36861302E+0001    0.50217534E+0000         1
 16350   -0.36864073E+0001   -0.36864073E+0001    0.35844968E+0000         1
 16400   -0.36863280E+0001   -0.36863280E+0001    0.40486546E+0000         1
 16450   -0.36854709E+0001   -0.36854709E+0001    0.66769685E+0000         1
 16500   -0.36858812E+0001   -0.36858812E+0001    0.53584788E+0000         1
 16550   -0.36862614E+0001   -0.36862614E+0001    0.39385995E+0000         1
 16600   -0.36855650E+0001   -0.36855650E+0001    0.62330552E+0000         1
 16650   -0.36858233E+0001   -0.36858233E+0001    0.65502635E+0000         1
 16700   -0.36861154E+0001   -0.36861154E+0001    0.44769870E+0000         1
 16750   -0.36861258E+0001   -0.36861258E+0001    0.43028984E+0000         1
 16800   -0.36856274E+0001   -0.36856274E+0001    0.61251457E+0000         1
 16850   -0.36855424E+0001   -0.36855424E+0001    0.65055081E+0000         1
 16900   -0.36861335E+0001   -0.36861335E+0001    0.51023508E+0000         1
 16950   -0.36861456E+0001   -0.36861456E+0001    0.52749146E+0000         1
 17000   -0.36860054E+0001   -0.36860054E+0001    0.58086003E+0000         1
 17050   -0.36855648E+0001   -0.36855648E+0001    0.68372540E+0000         1
 17100   -0.36850982E+0001   -0.36850982E+0001    0.79296788E+0000         1
 17150   -0.36855282E+0001   -0.36855282E+0001    0.63846858E+0000         1
 17200   -0.36865415E+0001   -0.36865415E+0001    0.34373946E+0000         1
 17250   -0.36863268E+0001   -0.36863268E+0001    0.44620818E+0000         1
 17300   -0.36859814E+0001   -0.36859814E+0001    0.61549075E+0000         1
 17350   -0.36860904E+0001   -0.36860904E+0001    0.52412404E+0000         1
 17400   -0.36867997E+0001   -0.36867997E+0001    0.40103551E+0000         1
 17450   -0.36866946E+0001   -0.36866946E+0001    0.29858639E+0000         1
 17500   -0.36867402E+0001   -0.36867402E+0001    0.29506861E+0000         1
 17550   -0.36862487E+0001   -0.36862487E+0001    0.56506673E+0000         1
 17600   -0.36857323E+0001   -0.36857323E+0001    0.65135457E+0000         1
 17650   -0.36859086E+0001   -0.36859086E+0001    0.57872751E+0000         1
 17700   -0.36856385E+0001   -0.36856385E+0001    0.59383296E+0000         1
 17750   -0.36863521E+0001   -0.36863521E+0001    0.36760016E+0000         1
 17800   -0.36851672E+0001   -0.36851672E+0001    0.69586694E+0000         1
 17850   -0.36856141E+0001   -0.36856141E+0001    0.58903437E+0000         1
 17900   -0.36855476E+0001   -0.36855476E+0001    0.61387222E+0000         1
 17950   -0.36859541E+0001   -0.36859541E+0001    0.56576373E+0000         1
 18000   -0.36864767E+0001   -0.36864767E+0001    0.32642807E+0000         1
 18050   -0.36862884E+0001   -0.36862884E+0001    0.48239562E+0000         1
 18100   -0.36861562E+0001   -0.36861562E+0001    0.46762883E+0000         1
 18150   -0.36857865E+0001   -0.36857865E+0001    0.51266993E+0000         1
 18200   -0.36862144E+0001   -0.36862144E+0001    0.43089579E+0000         1
 18250   -0.36865239E+0001   -0.36865239E+0001    0.43667325E+0000         1
 18300   -0.36865331E+0001   -0.36865331E+0001    0.39561013E+0000         1
 18350   -0.36863809E+0001   -0.36863809E+0001    0.42303580E+0000         1
 18400   -0.36862227E+0001   -0.36862227E+0001    0.48031837E+0000         1
 18450   -0.36861855E+0001   -0.36861855E+0001    0.44211979E+0000         1
 18500   -0.36855812E+0001   -0.36855812E+0001    0.69642848E+0000         1
 18550   -0.36857092E+0001   -0.36857092E+0001    0.61599866E+0000         1
 18600   -0.36860716E+0001   -0.36860716E+0001    0.52771436E+0000         1
 18650   -0.36857345E+0001   -0.36857345E+0001    0.52312235E+0000         1
 18700   -0.36860146E+0001   -0.36860146E+0001    0.48335673E+0000         1
 18750   -0.36859812E+0001   -0.36859812E+0001    0.49533329E+0000         1
 18800   -0.36862243E+0001   -0.36862243E+0001    0.39556727E+0000         1
 18850   -0.36857737E+0001   -0.36857737E+0001    0.52080094E+0000         1
 18900   -0.36862323E+0001   -0.36862323E+0001    0.44693621E+0000         1
 18950   -0.36863754E+0001   -0.36863754E+0001    0.36605517E+0000         1
 19000   -0.36862780E+0001   -0.36862780E+0001    0.54863513E+0000         1
 19050   -0.36861915E+0001   -0.36861915E+0001    0.49932818E+0000         1
 19100   -0.36864625E+0001   -0.36864625E+0001    0.46374800E+0000         1
 19150   -0.36866092E+0001   -0.36866092E+0001    0.39427576E+0000         1
 19200   -0.36865300E+0001   -0.36865300E+0001    0.40109990E+0000         1
 19250   -0.36863601E+0001   -0.36863601E+0001    0.45437473E+0000         1
 19300   -0.36865121E+0001   -0.36865121E+0001    0.34037491E+0000         1
 19350   -0.36865303E+0001   -0.36865303E+0001    0.33291710E+0000         1
 19400   -0.36861223E+0001   -0.36861223E+0001    0.52344668E+0000         1
 19450   -0.36853696E+0001   -0.36853696E+0001    0.72418547E+0000         1
 19500   -0.36848056E+0001   -0.36848056E+0001    0.80909953E+0000         1
 19550   -0.36856575E+0001   -0.36856575E+0001    0.58438222E+0000         1
 19600   -0.36857946E+0001   -0.36857946E+0001    0.50895030E+0000         1
 19650   -0.36860384E+0001   -0.36860384E+0001    0.48023063E+0000         1
 19700   -0.36862047E+0001   -0.36862047E+0001    0.48088868E+0000         1
 19750   -0.36860721E+0001   -0.36860721E+0001    0.53741619E+0000         1
 19800   -0.36858948E+0001   -0.36858948E+0001    0.56971401E+0000         1
 19850   -0.36861540E+0001   -0.36861540E+0001    0.53090497E+0000         1
 19900   -0.36861100E+0001   -0.36861100E+0001    0.48224293E+0000         1
 19950   -0.36863354E+0001   -0.36863354E+0001    0.46683353E+0000         1
 20000   -0.36863041E+0001   -0.36863041E+0001    0.46477894E+0000         1
 20050   -0.36856596E+0001   -0.36856596E+0001    0.67902433E+0000         1
 20100   -0.36864171E+0001   -0.36864171E+0001    0.47296207E+0000         1
 20150   -0.36868659E+0001   -0.36868659E+0001    0.32731168E+0000         1
 20200   -0.36864648E+0001   -0.36864648E+0001    0.54998021E+0000         1
 20250   -0.36864990E+0001   -0.36864990E+0001    0.50328935E+0000         1
 20300   -0.36866002E+0001   -0.36866002E+0001    0.53035708E+0000         1
 20350   -0.36868740E+0001   -0.36868740E+0001    0.41802869E+0000         1
 20400   -0.36864217E+0001   -0.36864217E+0001    0.56020947E+0000         1
 20450   -0.36862898E+0001   -0.36862898E+0001    0.55338284E+0000         1
 20500   -0.36866509E+0001   -0.36866509E+0001    0.47753156E+0000         1
 20550   -0.36868152E+0001   -0.36868152E+0001    0.46243502E+0000         1
 20600   -0.36871214E+0001   -0.36871214E+0001    0.39261059E+0000         1
 20650   -0.36871084E+0001   -0.36871084E+0001    0.45867196E+0000         1
 20700   -0.36870625E+0001   -0.36870625E+0001    0.57372930E+0000         1
 20750   -0.36869325E+0001   -0.36869325E+0001    0.58429357E+0000         1
 20800   -0.36873999E+0001   -0.36873999E+0001    0.51869216E+0000         1
 20850   -0.36879407E+0001   -0.36879407E+0001    0.40799547E+0000         1
 20900   -0.36874861E+0001   -0.36874861E+0001    0.44640062E+0000         1
 20950   -0.36868361E+0001   -0.36868361E+0001    0.66435736E+0000         1
 21000   -0.36874168E+0001   -0.36874168E+0001    0.58735315E+0000         1
 21050   -0.36869950E+0001   -0.36869950E+0001    0.64967955E+0000         1
 21100   -0.36879071E+0001   -0.36879071E+0001    0.48692042E+0000         1
 21150   -0.36881113E+0001   -0.36881113E+0001    0.56033778E+0000         1
 21200   -0.36882283E+0001   -0.36882283E+0001    0.50780780E+0000         1
 21250   -0.36883401E+0001   -0.36883401E+0001    0.58913876E+0000         1
 21300   -0.36882187E+0001   -0.36882187E+0001    0.68486504E+0000         1
 21350   -0.36883411E+0001   -0.36883411E+0001    0.75089075E+0000         1
 21400   -0.36895307E+0001   -0.36895307E+0001    0.60271394E+0000         1
 21450   -0.36893549E+0001   -0.36893549E+0001    0.65329937E+0000         1
 21500   -0.36901339E+0001   -0.36901339E+0001    0.58154862E+0000         1
 21550   -0.36899909E+0001   -0.36899909E+0001    0.61757129E+0000         1
 21600   -0.36906392E+0001   -0.36906392E+0001    0.61222106E+0000         1
 21650   -0.36912007E+0001   -0.36912007E+0001    0.48571506E+0000         1
 21700   -0.36903579E+0001   -0.36903579E+0001    0.58039620E+0000         1
 21750   -0.36914184E+0001   -0.36914184E+0001    0.56865277E+0000         1
 21800   -0.36921456E+0001   -0.36921456E+0001    0.60668591E+0000         1
 21850   -0.36930230E+0001   -0.36930230E+0001    0.54292351E+0000         1
 21900   -0.36931400E+0001   -0.36931400E+0001    0.62870246E+0000         1
 21950   -0.36939319E+0001   -0.36939319E+0001    0.54779166E+0000         1
 22000   -0.36943018E+0001   -0.36943018E+0001    0.56947657E+0000         1
 22050   -0.36952729E+0001   -0.36952729E+0001    0.68155584E+0000         1
 22100   -0.36965088E+0001   -0.36965088E+0001    0.68443466E+0000         1
 22150   -0.36969456E+0001   -0.36969456E+0001    0.62252767E+0000         1
 22200   -0.36974001E+0001   -0.36974001E+0001    0.81897783E+0000         1
 22250   -0.36997630E+0001   -0.36997630E+0001    0.76191728E+0000         1
 22300   -0.37021265E+0001   -0.37021265E+0001    0.83134820E+0000         1
 22350   -0.37044122E+0001   -0.37044122E+0001    0.88273642E+0000         1
 22400   -0.37078830E+0001   -0.37078830E+0001    0.88945063E+0000         1
 22450   -0.37095183E+0001   -0.37095183E+0001    0.97844596E+0000         1
 22500   -0.37124014E+0001   -0.37124014E+0001    0.85095976E+0000         1
 22550   -0.37143754E+0001   -0.37143754E+0001    0.89128979E+0000         1
 22600   -0.37168844E+0001   -0.37168844E+0001    0.97940371E+0000         1
 22650   -0.37191309E+0001   -0.37191309E+0001    0.10562298E+0001         1
 22700   -0.37212032E+0001   -0.37212032E+0001    0.10108650E+0001         1
 22750   -0.37257411E+0001   -0.37257411E+0001    0.10002361E+0001         1
 22800   -0.37301191E+0001   -0.37301191E+0001    0.10871013E+0001         1
 22850   -0.37333302E+0001   -0.37333302E+0001    0.11156103E+0001         1
 22900   -0.37358514E+0001   -0.37358514E+0001    0.11945675E+0001         1
 22950   -0.37380055E+0001   -0.37380055E+0001    0.11838371E+0001         1
 23000   -0.37422595E+0001   -0.37422595E+0001    0.11914279E+0001         1
 23050   -0.37455396E+0001   -0.37455396E+0001    0.11855460E+0001         1
 23100   -0.37505214E+0001   -0.37505214E+0001    0.11645392E+0001         1
 23150   -0.37549272E+0001   -0.37549272E+0001    0.11676194E+0001         1
 23200   -0.37603197E+0001   -0.37603197E+0001    0.11476551E+0001         1
 23250   -0.37641438E+0001   -0.37641438E+0001    0.11548260E+0001         1
 23300   -0.37702621E+0001   -0.37702621E+0001    0.11337802E+0001         1
 23350   -0.37745363E+0001   -0.37745363E+0001    0.11217097E+0001         1
 23400   -0.37777420E+0001   -0.37777420E+0001    0.11811356E+0001         1
 23450   -0.37790374E+0001   -0.37790374E+0001    0.11320430E+0001         1
 23500   -0.37817874E+0001   -0.37817874E+0001    0.10773289E+0001         1
 23550   -0.37845873E+0001   -0.37845873E+0001    0.11056558E+0001         1
 23600   -0.37870792E+0001   -0.37870792E+0001    0.10620737E+0001         1
 23650   -0.37891060E+0001   -0.37891060E+0001    0.11078006E+0001         1
 23700   -0.37911337E+0001   -0.37911337E+0001    0.98580406E+0000         1
 23750   -0.37929359E+0001   -0.37929359E+0001    0.89626227E+0000         1
 23800   -0.37948610E+0001   -0.37948610E+0001    0.81962885E+0000         1
 23850   -0.37971088E+0001   -0.37971088E+0001    0.78141370E+0000         1
 23900   -0.37986482E+0001   -0.37986482E+0001    0.67204211E+0000         1
 23950   -0.37993561E+0001   -0.37993561E+0001    0.69437806E+0000         1
 24000   -0.37989860E+0001   -0.37989860E+0001    0.78516703E+0000         1
 24050   -0.38010993E+0001   -0.38010993E+0001    0.55805318E+0000         1
 24100   -0.38012861E+0001   -0.38012861E+0001    0.61888583E+0000         1
 24150   -0.38022609E+0001   -0.38022609E+0001    0.41992287E+0000         1
 24200   -0.38019525E+0001   -0.38019525E+0001    0.50340825E+0000         1
 24250   -0.38016387E+0001   -0.38016387E+0001    0.59081698E+0000         1
 24300   -0.38018740E+0001   -0.38018740E+0001    0.54180055E+0000         1
 24350   -0.38014919E+0001   -0.38014919E+0001    0.70443460E+0000         1
 24400   -0.38026483E+0001   -0.38026483E+0001    0.50393169E+0000         1
 24450   -0.38026625E+0001   -0.38026625E+0001    0.53486345E+0000         1
 24500   -0.38029028E+0001   -0.38029028E+0001    0.46226238E+0000         1
 24550   -0.38031478E+0001   -0.38031478E+0001    0.40246802E+0000         1
 24600   -0.38033454E+0001   -0.38033454E+0001    0.36736359E+0000         1
 24650   -0.38030096E+0001   -0.38030096E+0001    0.51732795E+0000         1
 24700   -0.38031392E+0001   -0.38031392E+0001    0.44387368E+0000         1
 24750   -0.38031791E+0001   -0.38031791E+0001    0.41225878E+0000         1
 24800   -0.38029673E+0001   -0.38029673E+0001    0.48345046E+0000         1
 24850   -0.38029258E+0001   -0.38029258E+0001    0.45516606E+0000         1
 24900   -0.38030826E+0001   -0.38030826E+0001    0.42976154E+0000         1
 24950   -0.38032736E+0001   -0.38032736E+0001    0.39303417E+0000         1
 25000   -0.38031231E+0001   -0.38031231E+0001    0.47626729E+0000         1
 25050   -0.38027047E+0001   -0.38027047E+0001    0.58339002E+0000         1
 25100   -0.38021231E+0001   -0.38021231E+0001    0.71802282E+0000         1
 25150   -0.38029637E+0001   -0.38029637E+0001    0.48310472E+0000         1
 25200   -0.38032244E+0001   -0.38032244E+0001    0.39953598E+0000         1
 25250   -0.38032627E+0001   -0.38032627E+0001    0.42603950E+0000         1
 25300   -0.38034431E+0001   -0.38034431E+0001    0.34051658E+0000         1
 25350   -0.38033521E+0001   -0.38033521E+0001    0.39465137E+0000         1
 25400   -0.38033382E+0001   -0.38033382E+0001    0.34403995E+0000         1
 25450   -0.38030529E+0001   -0.38030529E+0001    0.46081682E+0000         1
 25500   -0.38033656E+0001   -0.38033656E+0001    0.32419438E+0000         1
 25550   -0.38030192E+0001   -0.38030192E+0001    0.52066831E+0000         1
 25600   -0.38033286E+0001   -0.38033286E+0001    0.30880033E+0000         1
 25650   -0.38033962E+0001   -0.38033962E+0001    0.42319582E+0000         1
 25700   -0.38033472E+0001   -0.38033472E+0001    0.44017223E+0000         1
 25750   -0.38029287E+0001   -0.38029287E+0001    0.46562727E+0000         1
 25800   -0.38027365E+0001   -0.38027365E+0001    0.62909576E+0000         1
 25850   -0.38031068E+0001   -0.38031068E+0001    0.49790381E+0000         1
 25900   -0.38032721E+0001   -0.38032721E+0001    0.48887439E+0000         1
 25950   -0.38029926E+0001   -0.38029926E+0001    0.51264811E+0000         1
 26000   -0.38030234E+0001   -0.38030234E+0001    0.50551269E+0000         1
 26050   -0.38025475E+0001   -0.38025475E+0001    0.67855671E+0000         1
 26100   -0.38029640E+0001   -0.38029640E+0001    0.50868431E+0000         1
 26150   -0.38026983E+0001   -0.38026983E+0001    0.55738709E+0000         1
 26200   -0.38034589E+0001   -0.38034589E+0001    0.32755356E+0000         1
 26250   -0.38034013E+0001   -0.38034013E+0001    0.42459168E+0000         1
 26300   -0.38028029E+0001   -0.38028029E+0001    0.56826452E+0000         1
 26350   -0.38032403E+0001   -0.38032403E+0001    0.36711525E+0000         1
 26400   -0.38029228E+0001   -0.38029228E+0001    0.52754949E+0000         1
 26450   -0.38031103E+0001   -0.38031103E+0001    0.42785133E+0000         1
 26500   -0.38026776E+0001   -0.38026776E+0001    0.66543186E+0000         1
 26550   -0.38034701E+0001   -0.38034701E+0001    0.39132763E+0000         1
 26600   -0.38030141E+0001   -0.38030141E+0001    0.55948422E+0000         1
 26650   -0.38025382E+0001   -0.38025382E+0001    0.58707802E+0000         1
 26700   -0.38025424E+0001   -0.38025424E+0001    0.61028674E+0000         1
 26750   -0.38022568E+0001   -0.38022568E+0001    0.62190431E+0000         1
 26800   -0.38017164E+0001   -0.38017164E+0001    0.76819315E+0000         1
 26850   -0.38016572E+0001   -0.38016572E+0001    0.71836834E+0000         1
 26900   -0.38026706E+0001   -0.38026706E+0001    0.56981005E+0000         1
 26950   -0.38026424E+0001   -0.38026424E+0001    0.51550889E+0000         1
 27000   -0.38029778E+0001   -0.38029778E+0001    0.48362031E+0000         1
 27050   -0.38029141E+0001   -0.38029141E+0001    0.56264393E+0000         1
 27100   -0.38033810E+0001   -0.38033810E+0001    0.31897630E+0000         1
 27150   -0.38029813E+0001   -0.38029813E+0001    0.57868880E+0000         1
 27200   -0.38035587E+0001   -0.38035587E+0001    0.36075392E+0000         1
 27250   -0.38031695E+0001   -0.38031695E+0001    0.35688957E+0000         1
 27300   -0.38033072E+0001   -0.38033072E+0001    0.40651073E+0000         1
 27350   -0.38027937E+0001   -0.38027937E+0001    0.52745765E+0000         1
 27400   -0.38024279E+0001   -0.38024279E+0001    0.60349870E+0000         1
 27450   -0.38028866E+0001   -0.38028866E+0001    0.47588762E+0000         1
 27500   -0.38033904E+0001   -0.38033904E+0001    0.35655776E+0000         1
 27550   -0.38034449E+0001   -0.38034449E+0001    0.39698198E+0000         1
 27600   -0.38021457E+0001   -0.38021457E+0001    0.79619455E+0000         1
 27650   -0.38033287E+0001   -0.38033287E+0001    0.39837701E+0000         1
 27700   -0.38035196E+0001   -0.38035196E+0001    0.32928646E+0000         1
 27750   -0.38032926E+0001   -0.38032926E+0001    0.45638913E+0000         1
 27800   -0.38030264E+0001   -0.38030264E+0001    0.49588194E+0000         1
 27850   -0.38029602E+0001   -0.38029602E+0001    0.45619651E+0000         1
 27900   -0.38026880E+0001   -0.38026880E+0001    0.56091771E+0000         1
 27950   -0.38027801E+0001   -0.38027801E+0001    0.55467215E+0000         1
 28000   -0.38029068E+0001   -0.38029068E+0001    0.45652796E+0000         1
 28050   -0.38028675E+0001   -0.38028675E+0001    0.51867424E+0000         1
 28100   -0.38029446E+0001   -0.38029446E+0001    0.54943169E+0000         1
 28150   -0.38029246E+0001   -0.38029246E+0001    0.47121676E+0000         1
 28200   -0.38030010E+0001   -0.38030010E+0001    0.44875480E+0000         1
 28250   -0.38030098E+0001   -0.38030098E+0001    0.52089438E+0000         1
 28300   -0.38035747E+0001   -0.38035747E+0001    0.26322890E+0000         1
 28350   -0.38028768E+0001   -0.38028768E+0001    0.43957329E+0000         1
 28400   -0.38025815E+0001   -0.38025815E+0001    0.51248526E+0000         1
 28450   -0.38023274E+0001   -0.38023274E+0001    0.66469240E+0000         1
 28500   -0.38028587E+0001   -0.38028587E+0001    0.51414264E+0000         1
 28550   -0.38033644E+0001   -0.38033644E+0001    0.35906775E+0000         1
 28600   -0.38031160E+0001   -0.38031160E+0001    0.61439389E+0000         1
 28650   -0.38029059E+0001   -0.38029059E+0001    0.44947777E+0000         1
 28700   -0.38031291E+0001   -0.38031291E+0001    0.38143022E+0000         1
 28750   -0.38033022E+0001   -0.38033022E+0001    0.35897872E+0000         1
 28800   -0.38034036E+0001   -0.38034036E+0001    0.33718797E+0000         1
 28850   -0.38032747E+0001   -0.38032747E+0001    0.42096890E+0000         1
 28900   -0.38028005E+0001   -0.38028005E+0001    0.57221745E+0000         1
 28950   -0.38030408E+0001   -0.38030408E+0001    0.42518165E+0000         1
 29000   -0.38031432E+0001   -0.38031432E+0001    0.36850888E+0000         1
 29050   -0.38031310E+0001   -0.38031310E+0001    0.38608165E+0000         1
 29100   -0.38027561E+0001   -0.38027561E+0001    0.47321851E+0000         1
 29150   -0.38028077E+0001   -0.38028077E+0001    0.57401604E+0000         1
 29200   -0.38031950E+0001   -0.38031950E+0001    0.46207479E+0000         1
 29250   -0.38034147E+0001   -0.38034147E+0001    0.42789927E+0000         1
 29300   -0.38035197E+0001   -0.38035197E+0001    0.35261484E+0000         1
 29350   -0.38029316E+0001   -0.38029316E+0001    0.45811267E+0000         1
 29400   -0.38027508E+0001   -0.38027508E+0001    0.69434360E+0000         1
 29450   -0.38028897E+0001   -0.38028897E+0001    0.50774839E+0000         1
 29500   -0.38029216E+0001   -0.38029216E+0001    0.48492865E+0000         1
 29550   -0.38032269E+0001   -0.38032269E+0001    0.40721275E+0000         1
 29600   -0.38024775E+0001   -0.38024775E+0001    0.54771074E+0000         1
 29650   -0.38026051E+0001   -0.38026051E+0001    0.62740721E+0000         1
 29700   -0.38028755E+0001   -0.38028755E+0001    0.56176234E+0000         1
 29750   -0.38025321E+0001   -0.38025321E+0001    0.71026324E+0000         1
 29800   -0.38036230E+0001   -0.38036230E+0001    0.32042936E+0000         1
 29850   -0.38032470E+0001   -0.38032470E+0001    0.52003596E+0000         1
 29900   -0.38028890E+0001   -0.38028890E+0001    0.52655388E+0000         1
 29950   -0.38031484E+0001   -0.38031484E+0001    0.44606589E+0000         1
 30000   -0.38031109E+0001   -0.38031109E+0001    0.44920220E+0000         1
 30050   -0.38026625E+0001   -0.38026625E+0001    0.58760849E+0000         1
 30100   -0.38030169E+0001   -0.38030169E+0001    0.42495534E+0000         1
 30150   -0.38022158E+0001   -0.38022158E+0001    0.68450802E+0000         1
 30200   -0.38028736E+0001   -0.38028736E+0001    0.45088360E+0000         1
 30250   -0.38029893E+0001   -0.38029893E+0001    0.48360156E+0000         1
 30300   -0.38032707E+0001   -0.38032707E+0001    0.33868287E+0000         1
 30350   -0.38033698E+0001   -0.38033698E+0001    0.37916468E+0000         1
 30400   -0.38034003E+0001   -0.38034003E+0001    0.30709484E+0000         1
 30450   -0.38034917E+0001   -0.38034917E+0001    0.24165924E+0000         1
 30500   -0.38024996E+0001   -0.38024996E+0001    0.58078154E+0000         1
 30550   -0.38030960E+0001   -0.38030960E+0001    0.46511749E+0000         1
 30600   -0.38035012E+0001   -0.38035012E+0001    0.30486939E+0000         1
 30650   -0.38028930E+0001   -0.38028930E+0001    0.46671930E+0000         1
 30700   -0.38027612E+0001   -0.38027612E+0001    0.42027754E+0000         1
 30750   -0.38023459E+0001   -0.38023459E+0001    0.58692094E+0000         1
 30800   -0.38024041E+0001   -0.38024041E+0001    0.62773821E+0000         1
 30850   -0.38020736E+0001   -0.38020736E+0001    0.66102306E+0000         1
 30900   -0.38027861E+0001   -0.38027861E+0001    0.54778459E+0000         1
 30950   -0.38035246E+0001   -0.38035246E+0001    0.27480194E+0000         1
 31000   -0.38033839E+0001   -0.38033839E+0001    0.48202435E+0000         1
 31050   -0.38030614E+0001   -0.38030614E+0001    0.44891208E+0000         1
 31100   -0.38029194E+0001   -0.38029194E+0001    0.49967453E+0000         1
 31150   -0.38032999E+0001   -0.38032999E+0001    0.37396119E+0000         1
 31200   -0.38032510E+0001   -0.38032510E+0001    0.42967905E+0000         1
 31250   -0.38027919E+0001   -0.38027919E+0001    0.52734794E+0000         1
 31300   -0.38023827E+0001   -0.38023827E+0001    0.59468208E+0000         1
 31350   -0.38033057E+0001   -0.38033057E+0001    0.38307481E+0000         1
 31400   -0.38034829E+0001   -0.38034829E+0001    0.32588354E+0000         1
 31450   -0.38026756E+0001   -0.38026756E+0001    0.56657149E+0000         1
 31500   -0.38027059E+0001   -0.38027059E+0001    0.72179739E+0000         1
 31550   -0.38032918E+0001   -0.38032918E+0001    0.44355341E+0000         1
 31600   -0.38026828E+0001   -0.38026828E+0001    0.60184612E+0000         1
 31650   -0.38030042E+0001   -0.38030042E+0001    0.53534910E+0000         1
 31700   -0.38033657E+0001   -0.38033657E+0001    0.37775045E+0000         1
 31750   -0.38033012E+0001   -0.38033012E+0001    0.41749006E+0000         1
 31800   -0.38032927E+0001   -0.38032927E+0001    0.44045730E+0000         1
 31850   -0.38029778E+0001   -0.38029778E+0001    0.59546322E+0000         1
 31900   -0.38031774E+0001   -0.38031774E+0001    0.46438746E+0000         1
 31950   -0.38033257E+0001   -0.38033257E+0001    0.35151235E+0000         1
 32000   -0.38033748E+0001   -0.38033748E+0001    0.37155685E+0000         1
 32050   -0.38031600E+0001   -0.38031600E+0001    0.47150954E+0000         1
 32100   -0.38027103E+0001   -0.38027103E+0001    0.59130263E+0000         1
 32150   -0.38027075E+0001   -0.38027075E+0001    0.57702029E+0000         1
 32200   -0.38033324E+0001   -0.38033324E+0001    0.47456737E+0000         1
 32250   -0.38035716E+0001   -0.38035716E+0001    0.28192474E+0000         1
 32300   -0.38031826E+0001   -0.38031826E+0001    0.49409844E+0000         1
 32350   -0.38031142E+0001   -0.38031142E+0001    0.53880880E+0000         1
 32400   -0.38029531E+0001   -0.38029531E+0001    0.57668152E+0000         1
 32450   -0.38028023E+0001   -0.38028023E+0001    0.55246653E+0000         1
 32500   -0.38021429E+0001   -0.38021429E+0001    0.74301156E+0000         1
 32550   -0.38025750E+0001   -0.38025750E+0001    0.61444643E+0000         1
 32600   -0.38033772E+0001   -0.38033772E+0001    0.27864059E+0000         1
 32650   -0.38027747E+0001   -0.38027747E+0001    0.61743621E+0000         1
 32700   -0.38027287E+0001   -0.38027287E+0001    0.59133828E+0000         1
 32750   -0.38029825E+0001   -0.38029825E+0001    0.51616492E+0000         1
 32800   -0.38028242E+0001   -0.38028242E+0001    0.56163866E+0000         1
 32850   -0.38023768E+0001   -0.38023768E+0001    0.62392868E+0000         1
 32900   -0.38026703E+0001   -0.38026703E+0001    0.55242674E+0000         1
 32950   -0.38028616E+0001   -0.38028616E+0001    0.56964892E+0000         1
 33000   -0.38025858E+0001   -0.38025858E+0001    0.60360601E+0000         1
 33050   -0.38026981E+0001   -0.38026981E+0001    0.58246453E+0000         1
 33100   -0.38033879E+0001   -0.38033879E+0001    0.32204290E+0000         1
 33150   -0.38034381E+0001   -0.38034381E+0001    0.36930851E+0000         1
 33200   -0.38031444E+0001   -0.38031444E+0001    0.42544276E+0000         1
 33250   -0.38032473E+0001   -0.38032473E+0001    0.32108685E+0000         1
 33300   -0.38028614E+0001   -0.38028614E+0001    0.52669035E+0000         1
 33350   -0.38031622E+0001   -0.38031622E+0001    0.46808175E+0000         1
 33400   -0.38027346E+0001   -0.38027346E+0001    0.53404725E+0000         1
 33450   -0.38025439E+0001   -0.38025439E+0001    0.58577236E+0000         1
 33500   -0.38025638E+0001   -0.38025638E+0001    0.60117707E+0000         1
 33550   -0.38024900E+0001   -0.38024900E+0001    0.59767250E+0000         1
 33600   -0.38025138E+0001   -0.38025138E+0001    0.56145148E+0000         1
 33650   -0.38024822E+0001   -0.38024822E+0001    0.55392843E+0000         1
 33700   -0.38030910E+0001   -0.38030910E+0001    0.38752280E+0000         1
 33750   -0.38029692E+0001   -0.38029692E+0001    0.41251311E+0000         1
 33800   -0.38027699E+0001   -0.38027699E+0001    0.53571120E+0000         1
 33850   -0.38035076E+0001   -0.38035076E+0001    0.34698138E+0000         1
 33900   -0.38032779E+0001   -0.38032779E+0001    0.42160246E+0000         1
 33950   -0.38028461E+0001   -0.38028461E+0001    0.52457392E+0000         1
 34000   -0.38026871E+0001   -0.38026871E+0001    0.60554900E+0000         1
 34050   -0.38022140E+0001   -0.38022140E+0001    0.61225152E+0000         1
 34100   -0.38023119E+0001   -0.38023119E+0001    0.59624212E+0000         1
 34150   -0.38026549E+0001   -0.38026549E+0001    0.52250180E+0000         1
 34200   -0.38029603E+0001   -0.38029603E+0001    0.47015027E+0000         1
 34250   -0.38029692E+0001   -0.38029692E+0001    0.58307956E+0000         1
 34300   -0.38026331E+0001   -0.38026331E+0001    0.61648339E+0000         1
 34350   -0.38024708E+0001   -0.38024708E+0001    0.71803808E+0000         1
 34400   -0.38029730E+0001   -0.38029730E+0001    0.59981046E+0000         1
 34450   -0.38032025E+0001   -0.38032025E+0001    0.45161202E+0000         1
 34500   -0.38026114E+0001   -0.38026114E+0001    0.55158521E+0000         1
 34550   -0.38026831E+0001   -0.38026831E+0001    0.53589878E+0000         1
 34600   -0.38033373E+0001   -0.38033373E+0001    0.36189484E+0000         1
 34650   -0.38035205E+0001   -0.38035205E+0001    0.38564329E+0000         1
 34700   -0.38029040E+0001   -0.38029040E+0001    0.51325231E+0000         1
 34750   -0.38032991E+0001   -0.38032991E+0001    0.40474930E+0000         1
 34800   -0.38031863E+0001   -0.38031863E+0001    0.49306628E+0000         1
 34850   -0.38029092E+0001   -0.38029092E+0001    0.55144916E+0000         1
 34900   -0.38025753E+0001   -0.38025753E+0001    0.77575052E+0000         1
 34950   -0.38035594E+0001   -0.38035594E+0001    0.26700086E+0000         1
 35000   -0.38032713E+0001   -0.38032713E+0001    0.38686683E+0000         1
 35050   -0.38035164E+0001   -0.38035164E+0001    0.34721096E+0000         1
 35100   -0.38032183E+0001   -0.38032183E+0001    0.40083734E+0000         1
 35150   -0.38031610E+0001   -0.38031610E+0001    0.43368772E+0000         1
 35200   -0.38025615E+0001   -0.38025615E+0001    0.61492487E+0000         1
 35250   -0.38034104E+0001   -0.38034104E+0001    0.38501531E+0000         1
 35300   -0.38031211E+0001   -0.38031211E+0001    0.36785317E+0000         1
 35350   -0.38029747E+0001   -0.38029747E+0001    0.51410238E+0000         1
 35400   -0.38025836E+0001   -0.38025836E+0001    0.57450473E+0000         1
 35450   -0.38026303E+0001   -0.38026303E+0001    0.51405173E+0000         1
 35500   -0.38028258E+0001   -0.38028258E+0001    0.49816195E+0000         1
 35550   -0.38030067E+0001   -0.38030067E+0001    0.37829520E+0000         1
 35600   -0.38026831E+0001   -0.38026831E+0001    0.46985924E+0000         1
 35650   -0.38028675E+0001   -0.38028675E+0001    0.41965304E+0000         1
 35700   -0.38032646E+0001   -0.38032646E+0001    0.43013631E+0000         1
 35750   -0.38022042E+0001   -0.38022042E+0001    0.76678902E+0000         1
 35800   -0.38031848E+0001   -0.38031848E+0001    0.50449508E+0000         1
 35850   -0.38020271E+0001   -0.38020271E+0001    0.73093484E+0000         1
 35900   -0.38025206E+0001   -0.38025206E+0001    0.50563837E+0000         1
 35950   -0.38023927E+0001   -0.38023927E+0001    0.58083774E+0000         1
 36000   -0.38010621E+0001   -0.38010621E+0001    0.78804010E+0000         1
 36050   -0.38024548E+0001   -0.38024548E+0001    0.54274063E+0000         1
 36100   -0.38021578E+0001   -0.38021578E+0001    0.58562442E+0000         1
 36150   -0.38020701E+0001   -0.38020701E+0001    0.60557408E+0000         1
 36200   -0.38026445E+0001   -0.38026445E+0001    0.49115079E+0000         1
 36250   -0.38026188E+0001   -0.38026188E+0001    0.52101315E+0000         1
 36300   -0.38026551E+0001   -0.38026551E+0001    0.58298800E+0000         1
 36350   -0.38029180E+0001   -0.38029180E+0001    0.43195967E+0000         1
 36400   -0.38031315E+0001   -0.38031315E+0001    0.42682702E+0000         1
 36450   -0.38027514E+0001   -0.38027514E+0001    0.62741647E+0000         1
 36500   -0.38031599E+0001   -0.38031599E+0001    0.36407899E+0000         1
 36550   -0.38034277E+0001   -0.38034277E+0001    0.35538339E+0000         1
 36600   -0.38028502E+0001   -0.38028502E+0001    0.53532437E+0000         1
 36650   -0.38026498E+0001   -0.38026498E+0001    0.61089999E+0000         1
 36700   -0.38022644E+0001   -0.38022644E+0001    0.65404753E+0000         1
 36750   -0.38022298E+0001   -0.38022298E+0001    0.67369190E+0000         1
 36800   -0.38027633E+0001   -0.38027633E+0001    0.51641815E+0000         1
 36850   -0.38021740E+0001   -0.38021740E+0001    0.63115656E+0000         1
 36900   -0.38029068E+0001   -0.38029068E+0001    0.43825937E+0000         1
 36950   -0.38022147E+0001   -0.38022147E+0001    0.62280094E+0000         1
 37000   -0.38022316E+0001   -0.38022316E+0001    0.61680668E+0000         1
 37050   -0.38026687E+0001   -0.38026687E+0001    0.55080711E+0000         1
 37100   -0.38028400E+0001   -0.38028400E+0001    0.55233093E+0000         1
 37150   -0.38028264E+0001   -0.38028264E+0001    0.46576161E+0000         1
 37200   -0.38020385E+0001   -0.38020385E+0001    0.73434363E+0000         1
 37250   -0.38027693E+0001   -0.38027693E+0001    0.59220500E+0000         1
 37300   -0.38028809E+0001   -0.38028809E+0001    0.58795772E+0000         1
 37350   -0.38032708E+0001   -0.38032708E+0001    0.43893992E+0000         1
 37400   -0.38033394E+0001   -0.38033394E+0001    0.32503064E+0000         1
 37450   -0.38029173E+0001   -0.38029173E+0001    0.46290516E+0000         1
 37500   -0.38029349E+0001   -0.38029349E+0001    0.42919839E+0000         1
 37550   -0.38028521E+0001   -0.38028521E+0001    0.58642422E+0000         1
 37600   -0.38028870E+0001   -0.38028870E+0001    0.41785795E+0000         1
 37650   -0.38030527E+0001   -0.38030527E+0001    0.42832204E+0000         1
 37700   -0.38027797E+0001   -0.38027797E+0001    0.56698037E+0000         1
 37750   -0.38027440E+0001   -0.38027440E+0001    0.62913816E+0000         1
 37800   -0.38033963E+0001   -0.38033963E+0001    0.36927809E+0000         1
 37850   -0.38030662E+0001   -0.38030662E+0001    0.58255653E+0000         1
 37900   -0.38030379E+0001   -0.38030379E+0001    0.48072837E+0000         1
 37950   -0.38029609E+0001   -0.38029609E+0001    0.49958771E+0000         1
 38000   -0.38032975E+0001   -0.38032975E+0001    0.34203823E+0000         1
 38050   -0.38031621E+0001   -0.38031621E+0001    0.42922015E+0000         1
 38100   -0.38031300E+0001   -0.38031300E+0001    0.37700642E+0000         1
 38150   -0.38025630E+0001   -0.38025630E+0001    0.52708142E+0000         1
 38200   -0.38024124E+0001   -0.38024124E+0001    0.50285995E+0000         1
 38250   -0.38024969E+0001   -0.38024969E+0001    0.48776831E+0000         1
 38300   -0.38013264E+0001   -0.38013264E+0001    0.77161356E+0000         1
 38350   -0.38025693E+0001   -0.38025693E+0001    0.50866094E+0000         1
 38400   -0.38030603E+0001   -0.38030603E+0001    0.42220288E+0000         1
 38450   -0.38025105E+0001   -0.38025105E+0001    0.62328400E+0000         1
 38500   -0.38027095E+0001   -0.38027095E+0001    0.52547758E+0000         1
 38550   -0.38027511E+0001   -0.38027511E+0001    0.48178893E+0000         1
 38600   -0.38025465E+0001   -0.38025465E+0001    0.50451223E+0000         1
 38650   -0.38020818E+0001   -0.38020818E+0001    0.58066714E+0000         1
 38700   -0.38029722E+0001   -0.38029722E+0001    0.37711644E+0000         1
 38750   -0.38030469E+0001   -0.38030469E+0001    0.45074622E+0000         1
 38800   -0.38029674E+0001   -0.38029674E+0001    0.42757765E+0000         1
 38850   -0.38027992E+0001   -0.38027992E+0001    0.55153951E+0000         1
 38900   -0.38024494E+0001   -0.38024494E+0001    0.55625820E+0000         1
 38950   -0.38028892E+0001   -0.38028892E+0001    0.41084790E+0000         1
 39000   -0.38024090E+0001   -0.38024090E+0001    0.61025877E+0000         1
 39050   -0.38026780E+0001   -0.38026780E+0001    0.46960650E+0000         1
 39100   -0.38024813E+0001   -0.38024813E+0001    0.59942149E+0000         1
 39150   -0.38024832E+0001   -0.38024832E+0001    0.45788418E+0000         1
 39200   -0.38020636E+0001   -0.38020636E+0001    0.61396081E+0000         1
 39250   -0.38026343E+0001   -0.38026343E+0001    0.45660928E+0000         1
 39300   -0.38027143E+0001   -0.38027143E+0001    0.49322143E+0000         1
 39350   -0.38024275E+0001   -0.38024275E+0001    0.49945439E+0000         1
 39400   -0.38027306E+0001   -0.38027306E+0001    0.39930612E+0000         1
 39450   -0.38027526E+0001   -0.38027526E+0001    0.41755548E+0000         1
 39500   -0.38029654E+0001   -0.38029654E+0001    0.43003674E+0000         1
 39550   -0.38032237E+0001   -0.38032237E+0001    0.34031538E+0000         1
 39600   -0.38030927E+0001   -0.38030927E+0001    0.44760401E+0000         1
 39650   -0.38030769E+0001   -0.38030769E+0001    0.46748430E+0000         1
 39700   -0.38030609E+0001   -0.38030609E+0001    0.38547517E+0000         1
 39750   -0.38031115E+0001   -0.38031115E+0001    0.50976370E+0000         1
 39800   -0.38030345E+0001   -0.38030345E+0001    0.45952540E+0000         1
 39850   -0.38029533E+0001   -0.38029533E+0001    0.48927920E+0000         1
 39900   -0.38020625E+0001   -0.38020625E+0001    0.62168079E+0000         1
 39950   -0.38017525E+0001   -0.38017525E+0001    0.65196032E+0000         1
 40000   -0.38028142E+0001   -0.38028142E+0001    0.47614361E+0000         1
 40050   -0.38028307E+0001   -0.38028307E+0001    0.55263228E+0000         1
 40100   -0.38026832E+0001   -0.38026832E+0001    0.45721752E+0000         1
 40150   -0.38029883E+0001   -0.38029883E+0001    0.34679683E+0000         1
 40200   -0.38029826E+0001   -0.38029826E+0001    0.47857608E+0000         1
 40250   -0.38027192E+0001   -0.38027192E+0001    0.51847908E+0000         1
 40300   -0.38026850E+0001   -0.38026850E+0001    0.57868873E+0000         1
 40350   -0.38028653E+0001   -0.38028653E+0001    0.46126392E+0000         1
 40400   -0.38028036E+0001   -0.38028036E+0001    0.52206869E+0000         1
 40450   -0.38029674E+0001   -0.38029674E+0001    0.53217243E+0000         1
 40500   -0.38030999E+0001   -0.38030999E+0001    0.54082857E+0000         1
 40550   -0.38030098E+0001   -0.38030098E+0001    0.45369710E+0000         1
 40600   -0.38027522E+0001   -0.38027522E+0001    0.57327378E+0000         1
 40650   -0.38025854E+0001   -0.38025854E+0001    0.57582473E+0000         1
 40700   -0.38033983E+0001   -0.38033983E+0001    0.34710957E+0000         1
 40750   -0.38029539E+0001   -0.38029539E+0001    0.48577016E+0000         1
 40800   -0.38025408E+0001   -0.38025408E+0001    0.62642754E+0000         1
 40850   -0.38026910E+0001   -0.38026910E+0001    0.50930123E+0000         1
 40900   -0.38030469E+0001   -0.38030469E+0001    0.54820294E+0000         1
 40950   -0.38031334E+0001   -0.38031334E+0001    0.41827088E+0000         1
 41000   -0.38027728E+0001   -0.38027728E+0001    0.40312557E+0000         1
 41050   -0.38020215E+0001   -0.38020215E+0001    0.58429022E+0000         1
 41100   -0.38021450E+0001   -0.38021450E+0001    0.61114567E+0000         1
 41150   -0.38024652E+0001   -0.38024652E+0001    0.46376229E+0000         1
 41200   -0.38025631E+0001   -0.38025631E+0001    0.49736955E+0000         1
 41250   -0.38031129E+0001   -0.38031129E+0001    0.36775690E+0000         1
 41300   -0.38025092E+0001   -0.38025092E+0001    0.48563445E+0000         1
 41350   -0.38026834E+0001   -0.38026834E+0001    0.42577713E+0000         1
 41400   -0.38025315E+0001   -0.38025315E+0001    0.57083908E+0000         1
 41450   -0.38031554E+0001   -0.38031554E+0001    0.40770621E+0000         1
 41500   -0.38032345E+0001   -0.38032345E+0001    0.38962276E+0000         1
 41550   -0.38030682E+0001   -0.38030682E+0001    0.54579167E+0000         1
 41600   -0.38029726E+0001   -0.38029726E+0001    0.54033076E+0000         1
 41650   -0.38026396E+0001   -0.38026396E+0001    0.63851118E+0000         1
 41700   -0.38025402E+0001   -0.38025402E+0001    0.53505707E+0000         1
 41750   -0.38027474E+0001   -0.38027474E+0001    0.47698225E+0000         1
 41800   -0.38027363E+0001   -0.38027363E+0001    0.57674045E+0000         1
 41850   -0.38023843E+0001   -0.38023843E+0001    0.67810479E+0000         1
 41900   -0.38031371E+0001   -0.38031371E+0001    0.43055372E+0000         1
 41950   -0.38024718E+0001   -0.38024718E+0001    0.68106398E+0000         1
 42000   -0.38033239E+0001   -0.38033239E+0001    0.34157511E+0000         1
 42050   -0.38026889E+0001   -0.38026889E+0001    0.55501175E+0000         1
 42100   -0.38027502E+0001   -0.38027502E+0001    0.50707012E+0000         1
 42150   -0.38021458E+0001   -0.38021458E+0001    0.68895526E+0000         1
 42200   -0.38025481E+0001   -0.38025481E+0001    0.57370027E+0000         1
 42250   -0.38029628E+0001   -0.38029628E+0001    0.39622761E+0000         1
 42300   -0.38029991E+0001   -0.38029991E+0001    0.42527665E+0000         1
 42350   -0.38023374E+0001   -0.38023374E+0001    0.52574744E+0000         1
 42400   -0.38022153E+0001   -0.38022153E+0001    0.67792317E+0000         1
 42450   -0.38024615E+0001   -0.38024615E+0001    0.58328619E+0000         1
 42500   -0.38024973E+0001   -0.38024973E+0001    0.60845119E+0000         1
 42550   -0.38025563E+0001   -0.38025563E+0001    0.50866198E+0000         1
 42600   -0.38026028E+0001   -0.38026028E+0001    0.47724257E+0000         1
 42650   -0.38030126E+0001   -0.38030126E+0001    0.44696873E+0000         1
 42700   -0.38030365E+0001   -0.38030365E+0001    0.42621861E+0000         1
 42750   -0.38033176E+0001   -0.38033176E+0001    0.35956213E+0000         1
 42800   -0.38030349E+0001   -0.38030349E+0001    0.49982389E+0000         1
 42850   -0.38032025E+0001   -0.38032025E+0001    0.47239534E+0000         1
 42900   -0.38032241E+0001   -0.38032241E+0001    0.36555624E+0000         1
 42950   -0.38028812E+0001   -0.38028812E+0001    0.41444453E+0000         1
 43000   -0.38030347E+0001   -0.38030347E+0001    0.50184717E+0000         1
 43050   -0.38032393E+0001   -0.38032393E+0001    0.43240976E+0000         1
 43100   -0.38031144E+0001   -0.38031144E+0001    0.43746497E+0000         1
 43150   -0.38022026E+0001   -0.38022026E+0001    0.68952394E+0000         1
 43200   -0.38027640E+0001   -0.38027640E+0001    0.47671500E+0000         1
 43250   -0.38029273E+0001   -0.38029273E+0001    0.44942088E+0000         1
 43300   -0.38029228E+0001   -0.38029228E+0001    0.53206872E+0000         1
 43350   -0.38029509E+0001   -0.38029509E+0001    0.43840745E+0000         1
 43400   -0.38026887E+0001   -0.38026887E+0001    0.56705464E+0000         1
 43450   -0.38030157E+0001   -0.38030157E+0001    0.48502570E+0000         1
 43500   -0.38029095E+0001   -0.38029095E+0001    0.47026951E+0000         1
 43550   -0.38030188E+0001   -0.38030188E+0001    0.42745338E+0000         1
 43600   -0.38024992E+0001   -0.38024992E+0001    0.71514607E+0000         1
 43650   -0.38021227E+0001   -0.38021227E+0001    0.68798363E+0000         1
 43700   -0.38028121E+0001   -0.38028121E+0001    0.53700342E+0000         1
 43750   -0.38030361E+0001   -0.38030361E+0001    0.49770724E+0000         1
 43800   -0.38033054E+0001   -0.38033054E+0001    0.37596912E+0000         1
 43850   -0.38025543E+0001   -0.38025543E+0001    0.52897200E+0000         1
 43900   -0.38027869E+0001   -0.38027869E+0001    0.51777815E+0000         1
 43950   -0.38028601E+0001   -0.38028601E+0001    0.50199728E+0000         1
 44000   -0.38026942E+0001   -0.38026942E+0001    0.57981322E+0000         1
 44050   -0.38023620E+0001   -0.38023620E+0001    0.66321153E+0000         1
 44100   -0.38027103E+0001   -0.38027103E+0001    0.49672405E+0000         1
 44150   -0.38031546E+0001   -0.38031546E+0001    0.37233483E+0000         1
 44200   -0.38026762E+0001   -0.38026762E+0001    0.54964598E+0000         1
 44250   -0.38025112E+0001   -0.38025112E+0001    0.51554405E+0000         1
 44300   -0.38019468E+0001   -0.38019468E+0001    0.67153526E+0000         1
 44350   -0.38020598E+0001   -0.38020598E+0001    0.68411079E+0000         1
 44400   -0.38026356E+0001   -0.38026356E+0001    0.54327375E+0000         1
 44450   -0.38028138E+0001   -0.38028138E+0001    0.65782705E+0000         1
 44500   -0.38026441E+0001   -0.38026441E+0001    0.64354167E+0000         1
 44550   -0.38032478E+0001   -0.38032478E+0001    0.41078322E+0000         1
 44600   -0.38035697E+0001   -0.38035697E+0001    0.28927565E+0000         1
 44650   -0.38029786E+0001   -0.38029786E+0001    0.48660106E+0000         1
 44700   -0.38031062E+0001   -0.38031062E+0001    0.56413204E+0000         1
 44750   -0.38034007E+0001   -0.38034007E+0001    0.41945099E+0000         1
 44800   -0.38028211E+0001   -0.38028211E+0001    0.60686779E+0000         1
 44850   -0.38028224E+0001   -0.38028224E+0001    0.53763037E+0000         1
 44900   -0.38031682E+0001   -0.38031682E+0001    0.44926699E+0000         1
 44950   -0.38032311E+0001   -0.38032311E+0001    0.51462655E+0000         1
 45000   -0.38030447E+0001   -0.38030447E+0001    0.54057365E+0000         1
 45050   -0.38033071E+0001   -0.38033071E+0001    0.32072343E+0000         1
 45100   -0.38029697E+0001   -0.38029697E+0001    0.38316224E+0000         1
 45150   -0.38027325E+0001   -0.38027325E+0001    0.50126057E+0000         1
 45200   -0.38029118E+0001   -0.38029118E+0001    0.53119959E+0000         1
 45250   -0.38027359E+0001   -0.38027359E+0001    0.55874112E+0000         1
 45300   -0.38025871E+0001   -0.38025871E+0001    0.55269767E+0000         1
 45350   -0.38024254E+0001   -0.38024254E+0001    0.64598036E+0000         1
 45400   -0.38025647E+0001   -0.38025647E+0001    0.49456805E+0000         1
 45450   -0.38026879E+0001   -0.38026879E+0001    0.52454946E+0000         1
 45500   -0.38029271E+0001   -0.38029271E+0001    0.46997507E+0000         1
 45550   -0.38021910E+0001   -0.38021910E+0001    0.65652464E+0000         1
 45600   -0.38032959E+0001   -0.38032959E+0001    0.40436180E+0000         1
 45650   -0.38029010E+0001   -0.38029010E+0001    0.50043147E+0000         1
 45700   -0.38033307E+0001   -0.38033307E+0001    0.34376798E+0000         1
 45750   -0.38026610E+0001   -0.38026610E+0001    0.69179080E+0000         1
 45800   -0.38026645E+0001   -0.38026645E+0001    0.50829632E+0000         1
 45850   -0.38027594E+0001   -0.38027594E+0001    0.56193476E+0000         1
 45900   -0.38029239E+0001   -0.38029239E+0001    0.44482423E+0000         1
 45950   -0.38023976E+0001   -0.38023976E+0001    0.64571237E+0000         1
 46000   -0.38028789E+0001   -0.38028789E+0001    0.46267694E+0000         1
 46050   -0.38028151E+0001   -0.38028151E+0001    0.58074087E+0000         1
 46100   -0.38020780E+0001   -0.38020780E+0001    0.70287224E+0000         1
 46150   -0.38022737E+0001   -0.38022737E+0001    0.60761488E+0000         1
 46200   -0.38024931E+0001   -0.38024931E+0001    0.53860650E+0000         1
 46250   -0.38022343E+0001   -0.38022343E+0001    0.65243459E+0000         1
 46300   -0.38022013E+0001   -0.38022013E+0001    0.58419295E+0000         1
 46350   -0.38029014E+0001   -0.38029014E+0001    0.48257102E+0000         1
 46400   -0.38032204E+0001   -0.38032204E+0001    0.44220240E+0000         1
 46450   -0.38035656E+0001   -0.38035656E+0001    0.32198742E+0000         1
 46500   -0.38031311E+0001   -0.38031311E+0001    0.46257797E+0000         1
 46550   -0.38030417E+0001   -0.38030417E+0001    0.52676593E+0000         1
 46600   -0.38032590E+0001   -0.38032590E+0001    0.49863150E+0000         1
 46650   -0.38032942E+0001   -0.38032942E+0001    0.46591831E+0000         1
 46700   -0.38031930E+0001   -0.38031930E+0001    0.51581291E+0000         1
 46750   -0.38027068E+0001   -0.38027068E+0001    0.64627330E+0000         1
 46800   -0.38026728E+0001   -0.38026728E+0001    0.65806924E+0000         1
 46850   -0.38025281E+0001   -0.38025281E+0001    0.66579443E+0000         1
 46900   -0.38026975E+0001   -0.38026975E+0001    0.48170025E+0000         1
 46950   -0.38023295E+0001   -0.38023295E+0001    0.60822873E+0000         1
 47000   -0.38028045E+0001   -0.38028045E+0001    0.50106909E+0000         1
 47050   -0.38029221E+0001   -0.38029221E+0001    0.39585002E+0000         1
 47100   -0.38030210E+0001   -0.38030210E+0001    0.48806007E+0000         1
 47150   -0.38030069E+0001   -0.38030069E+0001    0.52595708E+0000         1
 47200   -0.38031739E+0001   -0.38031739E+0001    0.41990950E+0000         1
 47250   -0.38024343E+0001   -0.38024343E+0001    0.70145614E+0000         1
 47300   -0.38029372E+0001   -0.38029372E+0001    0.54580618E+0000         1
 47350   -0.38030235E+0001   -0.38030235E+0001    0.48272837E+0000         1
 47400   -0.38030766E+0001   -0.38030766E+0001    0.39892502E+0000         1
 47450   -0.38027004E+0001   -0.38027004E+0001    0.57511023E+0000         1
 47500   -0.38021851E+0001   -0.38021851E+0001    0.70649964E+0000         1
 47550   -0.38028835E+0001   -0.38028835E+0001    0.43646544E+0000         1
 47600   -0.38023883E+0001   -0.38023883E+0001    0.56044713E+0000         1
 47650   -0.38029641E+0001   -0.38029641E+0001    0.47575318E+0000         1
 47700   -0.38024938E+0001   -0.38024938E+0001    0.58532875E+0000         1
 47750   -0.38023907E+0001   -0.38023907E+0001    0.56801357E+0000         1
 47800   -0.38016220E+0001   -0.38016220E+0001    0.74288259E+0000         1
 47850   -0.38028458E+0001   -0.38028458E+0001    0.52817996E+0000         1
 47900   -0.38034824E+0001   -0.38034824E+0001    0.31388018E+0000         1
 47950   -0.38029872E+0001   -0.38029872E+0001    0.50396900E+0000         1
 48000   -0.38022727E+0001   -0.38022727E+0001    0.71139945E+0000         1
