     1   -0.39239850E+0001   -0.39242050E+0001    0.11313125E+0001     11999
    50   -0.39233426E+0001   -0.39272668E+0001    0.10758081E+0001     12027
   100   -0.39232703E+0001   -0.39277804E+0001    0.10413201E+0001     12352
   150   -0.39237136E+0001   -0.39292260E+0001    0.10231995E+0001     12760
   200   -0.39247428E+0001   -0.39305529E+0001    0.92018342E+0000     13082
   250   -0.39263044E+0001   -0.39315820E+0001    0.88118233E+0000     13297
   300   -0.39278064E+0001   -0.39323451E+0001    0.84639428E+0000     13475
   350   -0.39292940E+0001   -0.39331578E+0001    0.82071085E+0000     13729
   400   -0.39304887E+0001   -0.39340836E+0001    0.79284063E+0000     14017
     1   -0.39239812E+0001   -0.39242175E+0001    0.11313125E+0001     11999
    50   -0.39231822E+0001   -0.39269163E+0001    0.10671401E+0001     12096
   100   -0.39229767E+0001   -0.39277376E+0001    0.10512513E+0001     12264
   150   -0.39234423E+0001   -0.39300699E+0001    0.10119685E+0001     12406
   200   -0.39244596E+0001   -0.39313366E+0001    0.96719897E+0000     12663
   250   -0.39260396E+0001   -0.39317054E+0001    0.92444187E+0000     13110
   300   -0.39277546E+0001   -0.39323828E+0001    0.85471746E+0000     13405
   350   -0.39293586E+0001   -0.39335409E+0001    0.80828111E+0000     13806
   400   -0.39305398E+0001   -0.39340990E+0001    0.79405502E+0000     14095
     1   -0.39239785E+0001   -0.39242057E+0001    0.11313125E+0001     12002
    50   -0.39230320E+0001   -0.39265573E+0001    0.10949765E+0001     12031
   100   -0.39226485E+0001   -0.39270751E+0001    0.10776585E+0001     12074
   150   -0.39229257E+0001   -0.39278124E+0001    0.10559989E+0001     12278
   200   -0.39236448E+0001   -0.39286529E+0001    0.10147588E+0001     12657
   250   -0.39245534E+0001   -0.39292376E+0001    0.10175651E+0001     12949
   300   -0.39253420E+0001   -0.39302781E+0001    0.98544247E+0000     13078
   350   -0.39259253E+0001   -0.39304608E+0001    0.96805103E+0000     13385
   400   -0.39265735E+0001   -0.39306101E+0001    0.94407916E+0000     13592
     1   -0.39239756E+0001   -0.39242040E+0001    0.11313125E+0001     11994
    50   -0.39228846E+0001   -0.39263380E+0001    0.10656614E+0001     12101
   100   -0.39222741E+0001   -0.39265683E+0001    0.11118125E+0001     12200
   150   -0.39221669E+0001   -0.39273451E+0001    0.10943836E+0001     12322
   200   -0.39224970E+0001   -0.39283519E+0001    0.10075264E+0001     12637
   250   -0.39234510E+0001   -0.39288343E+0001    0.10189634E+0001     13077
   300   -0.39247216E+0001   -0.39297922E+0001    0.99425526E+0000     13465
   350   -0.39256326E+0001   -0.39300432E+0001    0.95467818E+0000     13716
   400   -0.39263228E+0001   -0.39303408E+0001    0.93799148E+0000     14080
     1   -0.39239710E+0001   -0.39242188E+0001    0.11313125E+0001     12000
    50   -0.39227457E+0001   -0.39263090E+0001    0.10887859E+0001     12053
   100   -0.39219902E+0001   -0.39263767E+0001    0.11035041E+0001     12287
   150   -0.39217988E+0001   -0.39265587E+0001    0.10994904E+0001     12524
   200   -0.39219634E+0001   -0.39269580E+0001    0.11037773E+0001     13102
   250   -0.39223893E+0001   -0.39276881E+0001    0.10488567E+0001     13181
   300   -0.39232632E+0001   -0.39287759E+0001    0.10124159E+0001     13447
   350   -0.39244419E+0001   -0.39291228E+0001    0.10102149E+0001     13790
   400   -0.39253922E+0001   -0.39299576E+0001    0.96209264E+0000     14196
     1   -0.39239683E+0001   -0.39242159E+0001    0.11313125E+0001     12003
    50   -0.39226149E+0001   -0.39266209E+0001    0.11084722E+0001     12152
   100   -0.39217003E+0001   -0.39269932E+0001    0.11114954E+0001     12237
   150   -0.39214314E+0001   -0.39271742E+0001    0.11040172E+0001     12409
   200   -0.39218763E+0001   -0.39271728E+0001    0.10810863E+0001     12595
   250   -0.39223381E+0001   -0.39277226E+0001    0.10696215E+0001     12723
   300   -0.39227545E+0001   -0.39286436E+0001    0.10963052E+0001     13032
   350   -0.39231592E+0001   -0.39285943E+0001    0.10900186E+0001     13397
   400   -0.39234817E+0001   -0.39294192E+0001    0.10587734E+0001     13620
     1   -0.39239655E+0001   -0.39242088E+0001    0.11313125E+0001     11998
    50   -0.39225442E+0001   -0.39265193E+0001    0.11101246E+0001     12018
   100   -0.39215697E+0001   -0.39262704E+0001    0.11185316E+0001     12173
   150   -0.39211120E+0001   -0.39263030E+0001    0.11122409E+0001     12418
   200   -0.39212543E+0001   -0.39265879E+0001    0.11148213E+0001     12820
   250   -0.39214996E+0001   -0.39267401E+0001    0.10577950E+0001     13197
   300   -0.39217647E+0001   -0.39274794E+0001    0.10413256E+0001     13494
   350   -0.39228611E+0001   -0.39281201E+0001    0.10593490E+0001     13641
   400   -0.39233085E+0001   -0.39275414E+0001    0.10306860E+0001     13789
   450   -0.39233515E+0001   -0.39285157E+0001    0.99429615E+0000     14253
   500   -0.39235484E+0001   -0.39292060E+0001    0.10190565E+0001     14311
   550   -0.39236664E+0001   -0.39296379E+0001    0.10245604E+0001     14419
   600   -0.39235383E+0001   -0.39278416E+0001    0.10298515E+0001     14683
   650   -0.39232802E+0001   -0.39275585E+0001    0.10440065E+0001     15254
   700   -0.39229141E+0001   -0.39269864E+0001    0.10574172E+0001     15583
   750   -0.39225600E+0001   -0.39270948E+0001    0.10636842E+0001     15769
   800   -0.39226278E+0001   -0.39274038E+0001    0.10215022E+0001     16076
   850   -0.39229995E+0001   -0.39283538E+0001    0.10059346E+0001     16443
   900   -0.39236080E+0001   -0.39294241E+0001    0.98431984E+0000     16747
     1   -0.39239666E+0001   -0.39242034E+0001    0.11313125E+0001     11999
    50   -0.39224429E+0001   -0.39263239E+0001    0.11038542E+0001     11994
   100   -0.39214052E+0001   -0.39270581E+0001    0.10190434E+0001     12126
   150   -0.39212604E+0001   -0.39263525E+0001    0.10410204E+0001     12249
   200   -0.39221209E+0001   -0.39265484E+0001    0.10723094E+0001     12661
   250   -0.39223693E+0001   -0.39268116E+0001    0.10730156E+0001     13194
   300   -0.39222376E+0001   -0.39265511E+0001    0.10511079E+0001     13519
   350   -0.39223022E+0001   -0.39270154E+0001    0.10444269E+0001     13800
   400   -0.39224616E+0001   -0.39268981E+0001    0.99261741E+0000     14195
   450   -0.39224510E+0001   -0.39277945E+0001    0.10034209E+0001     14590
   500   -0.39225201E+0001   -0.39274563E+0001    0.10187903E+0001     14676
   550   -0.39224911E+0001   -0.39284663E+0001    0.10562170E+0001     14996
   600   -0.39225678E+0001   -0.39271971E+0001    0.10535835E+0001     15346
   650   -0.39227149E+0001   -0.39270725E+0001    0.10245244E+0001     15567
   700   -0.39226301E+0001   -0.39275887E+0001    0.10210524E+0001     16021
   750   -0.39224127E+0001   -0.39273914E+0001    0.10204687E+0001     16238
   800   -0.39225411E+0001   -0.39279119E+0001    0.10319501E+0001     16875
   850   -0.39227263E+0001   -0.39281064E+0001    0.10420294E+0001     17201
   900   -0.39227118E+0001   -0.39279203E+0001    0.10552009E+0001     17661
   950   -0.39225643E+0001   -0.39275423E+0001    0.10415761E+0001     18144
  1000   -0.39223625E+0001   -0.39279816E+0001    0.10449571E+0001     18782
  1050   -0.39223301E+0001   -0.39288873E+0001    0.99102258E+0000     19516
  1100   -0.39229796E+0001   -0.39299965E+0001    0.87131630E+0000     19806
     1   -0.39239636E+0001   -0.39242148E+0001    0.11313125E+0001     11997
    50   -0.39223270E+0001   -0.39262114E+0001    0.10921262E+0001     11991
   100   -0.39210726E+0001   -0.39256598E+0001    0.11060826E+0001     12245
   150   -0.39204727E+0001   -0.39264065E+0001    0.10831780E+0001     12178
   200   -0.39204326E+0001   -0.39263765E+0001    0.11299059E+0001     12224
   250   -0.39207957E+0001   -0.39264238E+0001    0.10941941E+0001     12427
   300   -0.39210464E+0001   -0.39272274E+0001    0.11052748E+0001     12779
   350   -0.39217870E+0001   -0.39274130E+0001    0.10786485E+0001     13077
   400   -0.39227908E+0001   -0.39269020E+0001    0.10514494E+0001     13305
   450   -0.39230845E+0001   -0.39269760E+0001    0.10329361E+0001     13821
   500   -0.39229981E+0001   -0.39269265E+0001    0.10105511E+0001     13920
   550   -0.39230447E+0001   -0.39269085E+0001    0.10413334E+0001     14408
   600   -0.39229978E+0001   -0.39279832E+0001    0.10154943E+0001     14662
   650   -0.39228323E+0001   -0.39276176E+0001    0.10186615E+0001     14865
   700   -0.39230707E+0001   -0.39280910E+0001    0.98577904E+0000     15154
   750   -0.39238606E+0001   -0.39283054E+0001    0.98627311E+0000     15575
     1   -0.39239654E+0001   -0.39242225E+0001    0.11313125E+0001     12000
    50   -0.39222762E+0001   -0.39260949E+0001    0.11090989E+0001     12042
   100   -0.39209591E+0001   -0.39253243E+0001    0.11223266E+0001     12154
   150   -0.39200484E+0001   -0.39257721E+0001    0.11277527E+0001     12553
   200   -0.39194616E+0001   -0.39255737E+0001    0.11194950E+0001     12881
   250   -0.39197472E+0001   -0.39271834E+0001    0.10755491E+0001     13230
   300   -0.39209951E+0001   -0.39274737E+0001    0.10530291E+0001     13753
   350   -0.39224972E+0001   -0.39283968E+0001    0.10361044E+0001     14471
   400   -0.39231148E+0001   -0.39287860E+0001    0.10647970E+0001     14765
   450   -0.39232085E+0001   -0.39283968E+0001    0.10785724E+0001     15213
   500   -0.39232867E+0001   -0.39291993E+0001    0.10102248E+0001     15557
   550   -0.39232812E+0001   -0.39282491E+0001    0.10166360E+0001     16062
     1   -0.39239629E+0001   -0.39242270E+0001    0.11313125E+0001     11998
    50   -0.39221998E+0001   -0.39259303E+0001    0.11087196E+0001     11928
   100   -0.39208529E+0001   -0.39256835E+0001    0.11167121E+0001     12010
   150   -0.39200561E+0001   -0.39260604E+0001    0.11677708E+0001     12350
   200   -0.39195364E+0001   -0.39256925E+0001    0.11647308E+0001     12623
   250   -0.39194734E+0001   -0.39255299E+0001    0.11665753E+0001     12976
   300   -0.39196397E+0001   -0.39259563E+0001    0.11499350E+0001     13005
   350   -0.39192860E+0001   -0.39249548E+0001    0.11840553E+0001     13317
   400   -0.39185770E+0001   -0.39255114E+0001    0.11988064E+0001     13726
   450   -0.39172441E+0001   -0.39246698E+0001    0.11854934E+0001     13973
   500   -0.39161396E+0001   -0.39237647E+0001    0.12243924E+0001     14408
   550   -0.39157844E+0001   -0.39234593E+0001    0.12067513E+0001     14887
   600   -0.39156917E+0001   -0.39232594E+0001    0.11973173E+0001     15356
   650   -0.39152767E+0001   -0.39241736E+0001    0.12423284E+0001     15663
   700   -0.39149524E+0001   -0.39222236E+0001    0.11958236E+0001     15993
   750   -0.39148352E+0001   -0.39205370E+0001    0.12529415E+0001     16525
   800   -0.39140804E+0001   -0.39192034E+0001    0.12601175E+0001     16918
   850   -0.39127495E+0001   -0.39188869E+0001    0.12688595E+0001     17188
   900   -0.39115954E+0001   -0.39177948E+0001    0.12887249E+0001     17899
   950   -0.39110656E+0001   -0.39173977E+0001    0.13098309E+0001     18155
  1000   -0.39106382E+0001   -0.39167492E+0001    0.13191112E+0001     18758
  1050   -0.39098354E+0001   -0.39153046E+0001    0.13375253E+0001     19234
  1100   -0.39086448E+0001   -0.39159716E+0001    0.13338222E+0001     19860
  1150   -0.39073898E+0001   -0.39155192E+0001    0.13630877E+0001     20161
  1200   -0.39062657E+0001   -0.39144941E+0001    0.13438330E+0001     20628
  1250   -0.39054616E+0001   -0.39128874E+0001    0.13692068E+0001     21333
  1300   -0.39045979E+0001   -0.39127110E+0001    0.13664746E+0001     22101
  1350   -0.39038439E+0001   -0.39127435E+0001    0.14043429E+0001     22651
  1400   -0.39026483E+0001   -0.39130204E+0001    0.14247114E+0001     23179
  1450   -0.39012032E+0001   -0.39110656E+0001    0.14354482E+0001     24159
  1500   -0.38997130E+0001   -0.39097572E+0001    0.14374959E+0001     24583
  1550   -0.38985246E+0001   -0.39083572E+0001    0.14654233E+0001     24876
  1600   -0.38979821E+0001   -0.39067680E+0001    0.14749506E+0001     25589
  1601   -0.38981425E+0001   -0.38981425E+0001    0.14941810E+0001     12000
  1650   -0.39014915E+0001   -0.39062380E+0001    0.14224188E+0001     11983
  1700   -0.38989374E+0001   -0.39055019E+0001    0.14700026E+0001     11945
  1750   -0.38965980E+0001   -0.39048572E+0001    0.14794613E+0001     12167
  1800   -0.38943316E+0001   -0.39027833E+0001    0.15084619E+0001     12023
  1850   -0.38924758E+0001   -0.39037369E+0001    0.15376175E+0001     12186
  1900   -0.38907613E+0001   -0.39011912E+0001    0.15652717E+0001     12448
  1950   -0.38887421E+0001   -0.38983983E+0001    0.15609103E+0001     12692
  2000   -0.38866855E+0001   -0.38967477E+0001    0.15700723E+0001     12931
  2050   -0.38846521E+0001   -0.38964908E+0001    0.15811364E+0001     13211
  2100   -0.38825021E+0001   -0.38935826E+0001    0.16018209E+0001     13542
  2150   -0.38800514E+0001   -0.38918973E+0001    0.16050367E+0001     14017
  2200   -0.38778957E+0001   -0.38925352E+0001    0.16087456E+0001     14271
  2250   -0.38755223E+0001   -0.38899854E+0001    0.16011042E+0001     14575
  2300   -0.38729177E+0001   -0.38886462E+0001    0.16289205E+0001     14781
  2350   -0.38704289E+0001   -0.38858065E+0001    0.16280913E+0001     14974
  2400   -0.38673972E+0001   -0.38834943E+0001    0.16337617E+0001     15167
  2450   -0.38639908E+0001   -0.38801265E+0001    0.16384925E+0001     15918
  2500   -0.38602273E+0001   -0.38774265E+0001    0.16541482E+0001     16290
  2550   -0.38560189E+0001   -0.38729873E+0001    0.16291851E+0001     16934
  2600   -0.38512456E+0001   -0.38707604E+0001    0.16401116E+0001     17099
  2650   -0.38463725E+0001   -0.38679043E+0001    0.16109863E+0001     17521
  2700   -0.38414957E+0001   -0.38662121E+0001    0.15995200E+0001     17865
  2750   -0.38362894E+0001   -0.38625288E+0001    0.15641681E+0001     18373
  2800   -0.38286563E+0001   -0.38578787E+0001    0.15301991E+0001     18840
  2850   -0.38163517E+0001   -0.38499587E+0001    0.14978294E+0001     19127
  2900   -0.38057049E+0001   -0.38488931E+0001    0.14798909E+0001     19480
  2950   -0.37995560E+0001   -0.38465213E+0001    0.14735024E+0001     19613
  3000   -0.37955755E+0001   -0.38248747E+0001    0.14345080E+0001     19983
  3050   -0.37919638E+0001   -0.38149546E+0001    0.14093776E+0001     20382
  3100   -0.37883214E+0001   -0.38004512E+0001    0.14077767E+0001     20712
  3150   -0.37846037E+0001   -0.37980427E+0001    0.13664641E+0001     21218
  3200   -0.37812160E+0001   -0.37938758E+0001    0.13636065E+0001     21424
  3201   -0.37813486E+0001   -0.37813486E+0001    0.13514719E+0001     12000
  3250   -0.37841323E+0001   -0.37893329E+0001    0.13562999E+0001     11909
  3300   -0.37814617E+0001   -0.37873293E+0001    0.13436494E+0001     12046
  3350   -0.37786070E+0001   -0.37863383E+0001    0.13177156E+0001     12389
  3400   -0.37757543E+0001   -0.37836022E+0001    0.13275049E+0001     12647
  3450   -0.37730399E+0001   -0.37816957E+0001    0.13036079E+0001     12769
  3500   -0.37704495E+0001   -0.37807299E+0001    0.13013043E+0001     13154
  3550   -0.37677120E+0001   -0.37790917E+0001    0.12587703E+0001     13262
  3600   -0.37648606E+0001   -0.37784143E+0001    0.12589316E+0001     13441
  3650   -0.37620790E+0001   -0.37762269E+0001    0.12442399E+0001     13732
  3700   -0.37593389E+0001   -0.37715285E+0001    0.12232979E+0001     13736
  3750   -0.37568433E+0001   -0.37656324E+0001    0.11818123E+0001     14056
  3800   -0.37548282E+0001   -0.37641280E+0001    0.11835810E+0001     14372
  3850   -0.37525434E+0001   -0.37622659E+0001    0.11561075E+0001     14613
  3900   -0.37500539E+0001   -0.37600532E+0001    0.11196908E+0001     14809
  3950   -0.37475644E+0001   -0.37581610E+0001    0.11174353E+0001     15109
  4000   -0.37450967E+0001   -0.37557550E+0001    0.10975132E+0001     15635
  4050   -0.37429547E+0001   -0.37533642E+0001    0.10864302E+0001     15995
  4100   -0.37411469E+0001   -0.37513740E+0001    0.10766247E+0001     16181
  4150   -0.37392298E+0001   -0.37491252E+0001    0.10582429E+0001     16594
  4200   -0.37371809E+0001   -0.37451420E+0001    0.98853885E+0000     16948
  4250   -0.37349719E+0001   -0.37431108E+0001    0.98954293E+0000     17233
  4300   -0.37327302E+0001   -0.37422028E+0001    0.97811672E+0000     17331
  4350   -0.37307678E+0001   -0.37410668E+0001    0.96210537E+0000     17635
  4400   -0.37290353E+0001   -0.37386784E+0001    0.94279788E+0000     18027
  4450   -0.37274263E+0001   -0.37372079E+0001    0.90070636E+0000     18229
  4500   -0.37256359E+0001   -0.37349789E+0001    0.87353165E+0000     18534
  4550   -0.37236486E+0001   -0.37330780E+0001    0.84510831E+0000     18741
  4600   -0.37215663E+0001   -0.37312298E+0001    0.81004829E+0000     19048
  4650   -0.37191862E+0001   -0.37294003E+0001    0.77735435E+0000     19525
  4700   -0.37165466E+0001   -0.37285269E+0001    0.78563470E+0000     19900
  4750   -0.37142857E+0001   -0.37255464E+0001    0.78205035E+0000     20141
  4800   -0.37127845E+0001   -0.37236442E+0001    0.76544143E+0000     20642
  4801   -0.37128237E+0001   -0.37128237E+0001    0.73402587E+0000     12000
  4850   -0.37136567E+0001   -0.37166311E+0001    0.74461574E+0000     12004
  4900   -0.37128769E+0001   -0.37164033E+0001    0.76007546E+0000     12043
  4950   -0.37120809E+0001   -0.37162882E+0001    0.74829455E+0000     12093
  5000   -0.37111913E+0001   -0.37154458E+0001    0.73977209E+0000     12118
  5050   -0.37103336E+0001   -0.37143220E+0001    0.74329872E+0000     12032
  5100   -0.37095037E+0001   -0.37136887E+0001    0.72938997E+0000     12139
  5150   -0.37086520E+0001   -0.37130103E+0001    0.73777783E+0000     12437
  5200   -0.37078606E+0001   -0.37124684E+0001    0.74494568E+0000     12664
  5250   -0.37070343E+0001   -0.37117920E+0001    0.69941691E+0000     12897
  5300   -0.37061445E+0001   -0.37114746E+0001    0.71067003E+0000     13281
  5350   -0.37053210E+0001   -0.37110833E+0001    0.66154451E+0000     13338
  5400   -0.37045461E+0001   -0.37091901E+0001    0.63832291E+0000     13533
  5450   -0.37036458E+0001   -0.37091627E+0001    0.64642805E+0000     13817
  5500   -0.37028505E+0001   -0.37093150E+0001    0.64786361E+0000     14031
  5550   -0.37022040E+0001   -0.37072249E+0001    0.62915346E+0000     14296
  5600   -0.37017182E+0001   -0.37070752E+0001    0.63534641E+0000     14431
  5650   -0.37012670E+0001   -0.37070535E+0001    0.61309744E+0000     14668
  5700   -0.37005663E+0001   -0.37065692E+0001    0.61174634E+0000     14969
  5750   -0.36997743E+0001   -0.37046849E+0001    0.62285493E+0000     15232
  5800   -0.36991182E+0001   -0.37040560E+0001    0.55310785E+0000     15516
  5850   -0.36984671E+0001   -0.37041253E+0001    0.56635723E+0000     15636
  5900   -0.36978960E+0001   -0.37038350E+0001    0.55244416E+0000     15928
  5950   -0.36974562E+0001   -0.37040742E+0001    0.56132370E+0000     16107
  6000   -0.36970421E+0001   -0.37025823E+0001    0.51378847E+0000     16416
  6050   -0.36966972E+0001   -0.37021579E+0001    0.52436148E+0000     16467
  6100   -0.36962110E+0001   -0.37006182E+0001    0.47702922E+0000     16995
  6150   -0.36954552E+0001   -0.37003645E+0001    0.49944016E+0000     17436
  6200   -0.36946951E+0001   -0.36995906E+0001    0.50266817E+0000     17817
  6250   -0.36940991E+0001   -0.36990775E+0001    0.47700267E+0000     18179
  6300   -0.36935355E+0001   -0.36988729E+0001    0.51865780E+0000     18531
  6350   -0.36929516E+0001   -0.36984670E+0001    0.49668324E+0000     18842
  6400   -0.36924133E+0001   -0.36988547E+0001    0.48897555E+0000     19166
  6401   -0.36924226E+0001   -0.36924226E+0001    0.38541477E+0000     12000
  6450   -0.36926621E+0001   -0.36939645E+0001    0.39304152E+0000     12085
  6500   -0.36924922E+0001   -0.36939416E+0001    0.42670513E+0000     12101
  6550   -0.36923062E+0001   -0.36938572E+0001    0.43817610E+0000     12174
  6600   -0.36921237E+0001   -0.36937903E+0001    0.42285809E+0000     12282
  6650   -0.36919728E+0001   -0.36935755E+0001    0.45515856E+0000     12332
  6700   -0.36918316E+0001   -0.36938492E+0001    0.48016731E+0000     12530
  6750   -0.36917003E+0001   -0.36938131E+0001    0.46537514E+0000     12907
  6800   -0.36915341E+0001   -0.36932591E+0001    0.41764887E+0000     13067
  6850   -0.36913660E+0001   -0.36934491E+0001    0.44418732E+0000     13536
  6900   -0.36911779E+0001   -0.36935539E+0001    0.43015696E+0000     13437
  6950   -0.36910197E+0001   -0.36937487E+0001    0.44920903E+0000     13889
  7000   -0.36908898E+0001   -0.36931586E+0001    0.42846908E+0000     14097
  7050   -0.36907816E+0001   -0.36930264E+0001    0.42487474E+0000     14286
  7100   -0.36906695E+0001   -0.36924905E+0001    0.41785138E+0000     14466
  7150   -0.36905959E+0001   -0.36924167E+0001    0.47128161E+0000     14851
  7200   -0.36905330E+0001   -0.36923129E+0001    0.35300361E+0000     15311
  7250   -0.36904252E+0001   -0.36925015E+0001    0.40540431E+0000     15428
  7300   -0.36902829E+0001   -0.36926544E+0001    0.41095782E+0000     15647
  7350   -0.36901646E+0001   -0.36924653E+0001    0.41244453E+0000     16113
  7400   -0.36900792E+0001   -0.36924916E+0001    0.37747238E+0000     16408
  7450   -0.36899689E+0001   -0.36932392E+0001    0.38324008E+0000     16582
  7500   -0.36898613E+0001   -0.36919645E+0001    0.36330059E+0000     16953
  7550   -0.36897257E+0001   -0.36921693E+0001    0.34127608E+0000     17142
  7600   -0.36895458E+0001   -0.36913967E+0001    0.39215172E+0000     17636
  7650   -0.36894066E+0001   -0.36916435E+0001    0.40177001E+0000     17880
  7700   -0.36892751E+0001   -0.36913025E+0001    0.33351174E+0000     18189
  7750   -0.36891836E+0001   -0.36910907E+0001    0.35207923E+0000     18731
  7800   -0.36890601E+0001   -0.36910928E+0001    0.37140316E+0000     19162
  7850   -0.36889174E+0001   -0.36906946E+0001    0.35611095E+0000     19382
  7900   -0.36888193E+0001   -0.36916959E+0001    0.31499812E+0000     19661
  7950   -0.36887199E+0001   -0.36915587E+0001    0.35993092E+0000     19909
  8000   -0.36885945E+0001   -0.36918060E+0001    0.30538561E+0000     20320
  8001   -0.36885974E+0001   -0.36885974E+0001    0.20438503E+0000     12000
  8050   -0.36886634E+0001   -0.36890198E+0001    0.25292711E+0000     12006
  8100   -0.36886189E+0001   -0.36892074E+0001    0.29767507E+0000     12059
  8150   -0.36885694E+0001   -0.36893647E+0001    0.27417622E+0000     12420
  8200   -0.36885051E+0001   -0.36892762E+0001    0.34212517E+0000     12579
  8250   -0.36884346E+0001   -0.36893233E+0001    0.34784120E+0000     12481
  8300   -0.36883741E+0001   -0.36896707E+0001    0.36146097E+0000     12897
  8350   -0.36883286E+0001   -0.36895292E+0001    0.33792156E+0000     12954
  8400   -0.36882954E+0001   -0.36897236E+0001    0.33662853E+0000     13202
  8450   -0.36882446E+0001   -0.36895645E+0001    0.38322571E+0000     13258
  8500   -0.36881784E+0001   -0.36893323E+0001    0.35345254E+0000     13474
  8550   -0.36881550E+0001   -0.36895197E+0001    0.32368751E+0000     13753
  8600   -0.36881738E+0001   -0.36898678E+0001    0.36279340E+0000     14175
  8650   -0.36881772E+0001   -0.36898722E+0001    0.33049847E+0000     14298
  8700   -0.36881732E+0001   -0.36894423E+0001    0.36666304E+0000     14580
  8750   -0.36881759E+0001   -0.36893279E+0001    0.39036176E+0000     14889
  8800   -0.36881638E+0001   -0.36892710E+0001    0.36972667E+0000     15120
  8850   -0.36881743E+0001   -0.36890471E+0001    0.29844203E+0000     15225
  8900   -0.36882026E+0001   -0.36894977E+0001    0.30949552E+0000     15414
  8950   -0.36881904E+0001   -0.36893370E+0001    0.33405651E+0000     15800
  9000   -0.36881357E+0001   -0.36890965E+0001    0.33061843E+0000     15995
  9050   -0.36881024E+0001   -0.36889914E+0001    0.37152195E+0000     16310
  9100   -0.36880594E+0001   -0.36890671E+0001    0.30740714E+0000     16672
  9150   -0.36879956E+0001   -0.36892560E+0001    0.26352716E+0000     16790
  9200   -0.36879698E+0001   -0.36893815E+0001    0.31690482E+0000     17296
  9250   -0.36879396E+0001   -0.36892233E+0001    0.34192023E+0000     17638
  9300   -0.36879039E+0001   -0.36892848E+0001    0.32975018E+0000     17814
  9350   -0.36878982E+0001   -0.36891650E+0001    0.32091666E+0000     18443
  9400   -0.36879036E+0001   -0.36890517E+0001    0.33220444E+0000     18751
  9450   -0.36878857E+0001   -0.36893227E+0001    0.32656596E+0000     19253
  9500   -0.36878352E+0001   -0.36893136E+0001    0.30210105E+0000     19438
  9550   -0.36877958E+0001   -0.36895135E+0001    0.32526648E+0000     19912
  9600   -0.36877243E+0001   -0.36895635E+0001    0.35662496E+0000     20274
  9601   -0.36877263E+0001   -0.36877263E+0001    0.14615659E+0000     12000
  9650   -0.36877623E+0001   -0.36879835E+0001    0.22397479E+0000     11960
  9700   -0.36877382E+0001   -0.36881131E+0001    0.27120081E+0000     11983
  9750   -0.36877155E+0001   -0.36880946E+0001    0.24929213E+0000     12311
  9800   -0.36876907E+0001   -0.36882308E+0001    0.25129009E+0000     12478
  9850   -0.36876629E+0001   -0.36882162E+0001    0.28303535E+0000     12774
  9900   -0.36876395E+0001   -0.36882696E+0001    0.31822388E+0000     12927
  9950   -0.36876248E+0001   -0.36882262E+0001    0.29992862E+0000     13161
 10000   -0.36876043E+0001   -0.36883256E+0001    0.25704352E+0000     13277
 10050   -0.36875724E+0001   -0.36880965E+0001    0.28738396E+0000     13486
 10100   -0.36875389E+0001   -0.36880031E+0001    0.29271799E+0000     13513
 10150   -0.36875053E+0001   -0.36880974E+0001    0.25132630E+0000     13924
 10200   -0.36874842E+0001   -0.36881856E+0001    0.33338029E+0000     14152
 10250   -0.36874706E+0001   -0.36881501E+0001    0.34636941E+0000     14187
 10300   -0.36874646E+0001   -0.36881422E+0001    0.32500136E+0000     14604
 10350   -0.36874495E+0001   -0.36880763E+0001    0.31676804E+0000     14862
 10400   -0.36874391E+0001   -0.36878365E+0001    0.33744715E+0000     15093
 10450   -0.36874092E+0001   -0.36879506E+0001    0.30955890E+0000     15264
 10500   -0.36873698E+0001   -0.36882409E+0001    0.35147229E+0000     15925
 10550   -0.36873276E+0001   -0.36880807E+0001    0.28861186E+0000     16386
 10600   -0.36872771E+0001   -0.36882109E+0001    0.32027166E+0000     16631
 10650   -0.36872433E+0001   -0.36881801E+0001    0.31245767E+0000     16817
 10700   -0.36872131E+0001   -0.36880528E+0001    0.31891902E+0000     16951
 10750   -0.36871878E+0001   -0.36878867E+0001    0.24821873E+0000     17146
 10800   -0.36871767E+0001   -0.36879737E+0001    0.32093717E+0000     17249
 10850   -0.36871727E+0001   -0.36877421E+0001    0.28659604E+0000     17456
 10900   -0.36871702E+0001   -0.36879297E+0001    0.31864581E+0000     17968
 10950   -0.36871643E+0001   -0.36879520E+0001    0.29686222E+0000     18269
 11000   -0.36871761E+0001   -0.36882127E+0001    0.31980931E+0000     18791
 11050   -0.36871987E+0001   -0.36881219E+0001    0.24865698E+0000     19160
 11100   -0.36872136E+0001   -0.36882429E+0001    0.21962979E+0000     19518
 11150   -0.36872133E+0001   -0.36882364E+0001    0.22890184E+0000     19897
 11200   -0.36872052E+0001   -0.36882492E+0001    0.28931527E+0000     20316
 11201   -0.36872059E+0001   -0.36872059E+0001    0.99830257E-0001     12000
 11250   -0.36872221E+0001   -0.36873107E+0001    0.19383206E+0000     12030
 11300   -0.36872133E+0001   -0.36873806E+0001    0.20458686E+0000     12167
 11350   -0.36872086E+0001   -0.36873942E+0001    0.26268172E+0000     12296
 11400   -0.36872035E+0001   -0.36874156E+0001    0.22583195E+0000     12525
 11450   -0.36871921E+0001   -0.36874734E+0001    0.28470949E+0000     12675
 11500   -0.36871739E+0001   -0.36874942E+0001    0.30054275E+0000     12720
 11550   -0.36871611E+0001   -0.36875471E+0001    0.25797396E+0000     12837
 11600   -0.36871443E+0001   -0.36874910E+0001    0.30484409E+0000     12875
 11650   -0.36871227E+0001   -0.36874658E+0001    0.26630763E+0000     12993
 11700   -0.36870956E+0001   -0.36874976E+0001    0.30536596E+0000     13159
 11750   -0.36870736E+0001   -0.36875351E+0001    0.33702032E+0000     13417
 11800   -0.36870597E+0001   -0.36875906E+0001    0.28126948E+0000     13592
 11850   -0.36870477E+0001   -0.36877342E+0001    0.27858374E+0000     13424
 11900   -0.36870370E+0001   -0.36879660E+0001    0.30634581E+0000     13785
 11950   -0.36870228E+0001   -0.36876295E+0001    0.33889153E+0000     13891
 12000   -0.36870139E+0001   -0.36874074E+0001    0.26190947E+0000     14037
 12050   -0.36870057E+0001   -0.36875104E+0001    0.26105980E+0000     14247
 12100   -0.36869986E+0001   -0.36874359E+0001    0.29738377E+0000     14200
 12150   -0.36869933E+0001   -0.36875371E+0001    0.30581077E+0000     14390
 12200   -0.36869881E+0001   -0.36874296E+0001    0.30784022E+0000     14524
 12250   -0.36869820E+0001   -0.36875598E+0001    0.28962611E+0000     14819
 12300   -0.36869667E+0001   -0.36875065E+0001    0.31567313E+0000     14846
 12350   -0.36869552E+0001   -0.36877216E+0001    0.27150657E+0000     14928
 12400   -0.36869471E+0001   -0.36875515E+0001    0.26103949E+0000     15263
 12450   -0.36869436E+0001   -0.36873825E+0001    0.28684875E+0000     15467
 12500   -0.36869357E+0001   -0.36874767E+0001    0.25124204E+0000     15670
 12550   -0.36869312E+0001   -0.36872306E+0001    0.31728342E+0000     15912
 12600   -0.36869152E+0001   -0.36874246E+0001    0.29711188E+0000     16099
 12650   -0.36868987E+0001   -0.36873006E+0001    0.23941187E+0000     16731
 12700   -0.36868835E+0001   -0.36872551E+0001    0.29526659E+0000     16973
 12750   -0.36868816E+0001   -0.36871366E+0001    0.23986459E+0000     17506
 12800   -0.36868983E+0001   -0.36872371E+0001    0.27955677E+0000     17810
 12801   -0.36868987E+0001   -0.36868987E+0001    0.81867310E-0001     12000
 12850   -0.36869091E+0001   -0.36869376E+0001    0.15052753E+0000     12002
 12900   -0.36869070E+0001   -0.36869570E+0001    0.22265058E+0000     11960
 12950   -0.36869103E+0001   -0.36869798E+0001    0.25970472E+0000     12053
 13000   -0.36869144E+0001   -0.36869563E+0001    0.21423633E+0000     12478
 13050   -0.36869134E+0001   -0.36869463E+0001    0.26774962E+0000     12648
 13100   -0.36869057E+0001   -0.36869731E+0001    0.28747106E+0000     13017
 13150   -0.36869027E+0001   -0.36869330E+0001    0.31688639E+0000     12940
 13200   -0.36868972E+0001   -0.36869209E+0001    0.32108833E+0000     12996
 13250   -0.36868931E+0001   -0.36869329E+0001    0.27857921E+0000     13294
 13300   -0.36868957E+0001   -0.36869461E+0001    0.24155389E+0000     13629
 13350   -0.36868920E+0001   -0.36869636E+0001    0.24404794E+0000     13688
 13400   -0.36868920E+0001   -0.36868622E+0001    0.27604484E+0000     13826
 13450   -0.36868947E+0001   -0.36869881E+0001    0.32802482E+0000     14073
 13500   -0.36868873E+0001   -0.36868844E+0001    0.29091156E+0000     14401
 13550   -0.36868820E+0001   -0.36868709E+0001    0.21048620E+0000     14595
 13600   -0.36868816E+0001   -0.36868886E+0001    0.31298353E+0000     14845
 13650   -0.36868794E+0001   -0.36868712E+0001    0.25184812E+0000     15203
 13700   -0.36868738E+0001   -0.36868699E+0001    0.24637017E+0000     15616
 13750   -0.36868706E+0001   -0.36868849E+0001    0.30292496E+0000     15881
 13800   -0.36868708E+0001   -0.36869082E+0001    0.28601637E+0000     15877
 13850   -0.36868705E+0001   -0.36868854E+0001    0.29403038E+0000     16189
 13900   -0.36868658E+0001   -0.36868402E+0001    0.23822196E+0000     16370
 13950   -0.36868598E+0001   -0.36868689E+0001    0.28295197E+0000     16318
 14000   -0.36868553E+0001   -0.36868579E+0001    0.29529115E+0000     16607
 14050   -0.36868539E+0001   -0.36868678E+0001    0.28555593E+0000     16739
 14100   -0.36868529E+0001   -0.36870036E+0001    0.29018780E+0000     17130
 14150   -0.36868535E+0001   -0.36870293E+0001    0.27005913E+0000     17510
 14200   -0.36868555E+0001   -0.36872369E+0001    0.25468692E+0000     17764
 14250   -0.36868589E+0001   -0.36871983E+0001    0.25534694E+0000     17989
 14300   -0.36868600E+0001   -0.36871675E+0001    0.26321722E+0000     18354
 14350   -0.36868595E+0001   -0.36873279E+0001    0.27563735E+0000     18361
 14400   -0.36868596E+0001   -0.36868154E+0001    0.22621637E+0000     18914
 14450   -0.36868576E+0001   -0.36870128E+0001    0.22107763E+0000     19200
 14500   -0.36868599E+0001   -0.36868508E+0001    0.29350502E+0000     19477
 14550   -0.36868618E+0001   -0.36868616E+0001    0.26248695E+0000     19845
 14600   -0.36868619E+0001   -0.36868498E+0001    0.30660001E+0000     20042
 14650   -0.36868576E+0001   -0.36869132E+0001    0.27605939E+0000     20336
 14700   -0.36868586E+0001   -0.36869645E+0001    0.25463379E+0000     20665
 14750   -0.36868627E+0001   -0.36870065E+0001    0.29893852E+0000     20864
 14800   -0.36868641E+0001   -0.36872505E+0001    0.25683703E+0000     21107
 14850   -0.36868665E+0001   -0.36868297E+0001    0.23068280E+0000     21724
 14900   -0.36868667E+0001   -0.36870598E+0001    0.24415920E+0000     22117
 14950   -0.36868689E+0001   -0.36868422E+0001    0.29518422E+0000     22459
 15000   -0.36868697E+0001   -0.36868554E+0001    0.27734688E+0000     22719
 15050   -0.36868702E+0001   -0.36868905E+0001    0.27571157E+0000     22701
 15100   -0.36868700E+0001   -0.36869850E+0001    0.25561817E+0000     22879
 15150   -0.36868693E+0001   -0.36869111E+0001    0.25956190E+0000     23537
 15200   -0.36868685E+0001   -0.36871396E+0001    0.27300626E+0000     23936
 15250   -0.36868692E+0001   -0.36874414E+0001    0.29837480E+0000     24299
 15300   -0.36868708E+0001   -0.36877466E+0001    0.27818594E+0000     24437
 15350   -0.36868735E+0001   -0.36878004E+0001    0.30155960E+0000     24796
 15400   -0.36868732E+0001   -0.36879121E+0001    0.32080627E+0000     24934
 15450   -0.36868720E+0001   -0.36879936E+0001    0.20777898E+0000     25266
 15500   -0.36868710E+0001   -0.36879859E+0001    0.27308926E+0000     25598
 15550   -0.36868679E+0001   -0.36880576E+0001    0.30259715E+0000     25753
 15600   -0.36868665E+0001   -0.36879964E+0001    0.26848442E+0000     26224
 15650   -0.36868651E+0001   -0.36867990E+0001    0.27400464E+0000     26548
 15700   -0.36868679E+0001   -0.36879528E+0001    0.24556362E+0000     27065
 15750   -0.36868699E+0001   -0.36877598E+0001    0.30353050E+0000     27438
 15800   -0.36868704E+0001   -0.36877384E+0001    0.28758232E+0000     27860
 15850   -0.36868709E+0001   -0.36874501E+0001    0.24847983E+0000     28191
 15900   -0.36868725E+0001   -0.36873746E+0001    0.28234745E+0000     28812
 15950   -0.36868726E+0001   -0.36869585E+0001    0.24430649E+0000     29146
 16000   -0.36868718E+0001   -0.36872111E+0001    0.27017619E+0000     29538
 16001   -0.36868527E+0001   -0.36868527E+0001    0.44178726E-0001         1
 16050   -0.36857006E+0001   -0.36857006E+0001    0.57868148E+0000         1
 16100   -0.36861041E+0001   -0.36861041E+0001    0.43869807E+0000         1
 16150   -0.36858295E+0001   -0.36858295E+0001    0.56066782E+0000         1
 16200   -0.36862152E+0001   -0.36862152E+0001    0.51018413E+0000         1
 16250   -0.36863278E+0001   -0.36863278E+0001    0.40704507E+0000         1
 16300   -0.36863822E+0001   -0.36863822E+0001    0.43735025E+0000         1
 16350   -0.36864092E+0001   -0.36864092E+0001    0.48518069E+0000         1
 16400   -0.36861199E+0001   -0.36861199E+0001    0.57919724E+0000         1
 16450   -0.36865369E+0001   -0.36865369E+0001    0.43248338E+0000         1
 16500   -0.36866479E+0001   -0.36866479E+0001    0.43558735E+0000         1
 16550   -0.36864240E+0001   -0.36864240E+0001    0.50756451E+0000         1
 16600   -0.36857317E+0001   -0.36857317E+0001    0.68761286E+0000         1
 16650   -0.36867446E+0001   -0.36867446E+0001    0.40960918E+0000         1
 16700   -0.36867486E+0001   -0.36867486E+0001    0.45645620E+0000         1
 16750   -0.36867530E+0001   -0.36867530E+0001    0.39562555E+0000         1
 16800   -0.36859142E+0001   -0.36859142E+0001    0.53091405E+0000         1
 16850   -0.36855980E+0001   -0.36855980E+0001    0.48130811E+0000         1
 16900   -0.36854977E+0001   -0.36854977E+0001    0.59102585E+0000         1
 16950   -0.36863645E+0001   -0.36863645E+0001    0.42596567E+0000         1
 17000   -0.36859345E+0001   -0.36859345E+0001    0.56497629E+0000         1
 17050   -0.36862153E+0001   -0.36862153E+0001    0.48685958E+0000         1
 17100   -0.36862160E+0001   -0.36862160E+0001    0.52396540E+0000         1
 17150   -0.36863825E+0001   -0.36863825E+0001    0.49333353E+0000         1
 17200   -0.36865541E+0001   -0.36865541E+0001    0.35092930E+0000         1
 17250   -0.36856241E+0001   -0.36856241E+0001    0.59257669E+0000         1
 17300   -0.36851798E+0001   -0.36851798E+0001    0.75566573E+0000         1
 17350   -0.36854780E+0001   -0.36854780E+0001    0.77651775E+0000         1
 17400   -0.36853368E+0001   -0.36853368E+0001    0.62978666E+0000         1
 17450   -0.36852672E+0001   -0.36852672E+0001    0.65867781E+0000         1
 17500   -0.36860041E+0001   -0.36860041E+0001    0.56858666E+0000         1
 17550   -0.36868540E+0001   -0.36868540E+0001    0.30831325E+0000         1
 17600   -0.36865271E+0001   -0.36865271E+0001    0.48846841E+0000         1
 17650   -0.36864620E+0001   -0.36864620E+0001    0.46993846E+0000         1
 17700   -0.36864699E+0001   -0.36864699E+0001    0.48517327E+0000         1
 17750   -0.36855091E+0001   -0.36855091E+0001    0.70860165E+0000         1
 17800   -0.36864507E+0001   -0.36864507E+0001    0.54278186E+0000         1
 17850   -0.36866660E+0001   -0.36866660E+0001    0.44320538E+0000         1
 17900   -0.36861878E+0001   -0.36861878E+0001    0.46300477E+0000         1
 17950   -0.36864237E+0001   -0.36864237E+0001    0.43281753E+0000         1
 18000   -0.36862338E+0001   -0.36862338E+0001    0.50393595E+0000         1
 18050   -0.36863493E+0001   -0.36863493E+0001    0.48912117E+0000         1
 18100   -0.36863855E+0001   -0.36863855E+0001    0.45825125E+0000         1
 18150   -0.36855587E+0001   -0.36855587E+0001    0.64584539E+0000         1
 18200   -0.36856861E+0001   -0.36856861E+0001    0.58858573E+0000         1
 18250   -0.36857499E+0001   -0.36857499E+0001    0.56818056E+0000         1
 18300   -0.36862746E+0001   -0.36862746E+0001    0.45992283E+0000         1
 18350   -0.36862663E+0001   -0.36862663E+0001    0.40248359E+0000         1
 18400   -0.36859632E+0001   -0.36859632E+0001    0.64462347E+0000         1
 18450   -0.36857514E+0001   -0.36857514E+0001    0.59761367E+0000         1
 18500   -0.36863111E+0001   -0.36863111E+0001    0.39851971E+0000         1
 18550   -0.36856288E+0001   -0.36856288E+0001    0.65170745E+0000         1
 18600   -0.36862828E+0001   -0.36862828E+0001    0.54488398E+0000         1
 18650   -0.36864727E+0001   -0.36864727E+0001    0.42887837E+0000         1
 18700   -0.36864426E+0001   -0.36864426E+0001    0.52736095E+0000         1
 18750   -0.36868163E+0001   -0.36868163E+0001    0.44111296E+0000         1
 18800   -0.36867035E+0001   -0.36867035E+0001    0.59711334E+0000         1
 18850   -0.36867551E+0001   -0.36867551E+0001    0.60089697E+0000         1
 18900   -0.36867552E+0001   -0.36867552E+0001    0.61592549E+0000         1
 18950   -0.36866026E+0001   -0.36866026E+0001    0.63340036E+0000         1
 19000   -0.36871127E+0001   -0.36871127E+0001    0.60898891E+0000         1
 19050   -0.36868791E+0001   -0.36868791E+0001    0.57059729E+0000         1
 19100   -0.36872655E+0001   -0.36872655E+0001    0.41026949E+0000         1
 19150   -0.36875243E+0001   -0.36875243E+0001    0.49669145E+0000         1
 19200   -0.36879637E+0001   -0.36879637E+0001    0.27623459E+0000         1
 19250   -0.36875008E+0001   -0.36875008E+0001    0.51677095E+0000         1
 19300   -0.36878369E+0001   -0.36878369E+0001    0.52769719E+0000         1
 19350   -0.36882685E+0001   -0.36882685E+0001    0.50198087E+0000         1
 19400   -0.36885442E+0001   -0.36885442E+0001    0.55943536E+0000         1
 19450   -0.36887383E+0001   -0.36887383E+0001    0.51961698E+0000         1
 19500   -0.36883753E+0001   -0.36883753E+0001    0.49039199E+0000         1
 19550   -0.36880767E+0001   -0.36880767E+0001    0.56832367E+0000         1
 19600   -0.36884574E+0001   -0.36884574E+0001    0.41847587E+0000         1
 19650   -0.36882302E+0001   -0.36882302E+0001    0.62878947E+0000         1
 19700   -0.36885577E+0001   -0.36885577E+0001    0.55946916E+0000         1
 19750   -0.36886500E+0001   -0.36886500E+0001    0.58925135E+0000         1
 19800   -0.36891812E+0001   -0.36891812E+0001    0.38456914E+0000         1
 19850   -0.36896412E+0001   -0.36896412E+0001    0.41865654E+0000         1
 19900   -0.36895562E+0001   -0.36895562E+0001    0.52827131E+0000         1
 19950   -0.36895856E+0001   -0.36895856E+0001    0.61761411E+0000         1
 20000   -0.36901542E+0001   -0.36901542E+0001    0.57014386E+0000         1
 20050   -0.36899238E+0001   -0.36899238E+0001    0.61031831E+0000         1
 20100   -0.36898324E+0001   -0.36898324E+0001    0.77759000E+0000         1
 20150   -0.36918841E+0001   -0.36918841E+0001    0.42050659E+0000         1
 20200   -0.36926469E+0001   -0.36926469E+0001    0.58410387E+0000         1
 20250   -0.36928216E+0001   -0.36928216E+0001    0.54439932E+0000         1
 20300   -0.36923760E+0001   -0.36923760E+0001    0.89324761E+0000         1
 20350   -0.36943341E+0001   -0.36943341E+0001    0.62371467E+0000         1
 20400   -0.36948481E+0001   -0.36948481E+0001    0.53980849E+0000         1
 20450   -0.36954378E+0001   -0.36954378E+0001    0.58687452E+0000         1
 20500   -0.36959463E+0001   -0.36959463E+0001    0.64816208E+0000         1
 20550   -0.36958763E+0001   -0.36958763E+0001    0.62103213E+0000         1
 20600   -0.36970028E+0001   -0.36970028E+0001    0.67532477E+0000         1
 20650   -0.36980022E+0001   -0.36980022E+0001    0.64068330E+0000         1
 20700   -0.36969891E+0001   -0.36969891E+0001    0.68941521E+0000         1
 20750   -0.36986706E+0001   -0.36986706E+0001    0.73669421E+0000         1
 20800   -0.37006166E+0001   -0.37006166E+0001    0.78505019E+0000         1
 20850   -0.37014126E+0001   -0.37014126E+0001    0.65385627E+0000         1
 20900   -0.37016401E+0001   -0.37016401E+0001    0.87657326E+0000         1
 20950   -0.37044076E+0001   -0.37044076E+0001    0.77020554E+0000         1
 21000   -0.37065956E+0001   -0.37065956E+0001    0.71152864E+0000         1
 21050   -0.37077836E+0001   -0.37077836E+0001    0.72615630E+0000         1
 21100   -0.37089187E+0001   -0.37089187E+0001    0.79274204E+0000         1
 21150   -0.37094169E+0001   -0.37094169E+0001    0.88534440E+0000         1
 21200   -0.37115477E+0001   -0.37115477E+0001    0.87742517E+0000         1
 21250   -0.37127317E+0001   -0.37127317E+0001    0.91570990E+0000         1
 21300   -0.37162093E+0001   -0.37162093E+0001    0.95483309E+0000         1
 21350   -0.37181994E+0001   -0.37181994E+0001    0.93545302E+0000         1
 21400   -0.37200394E+0001   -0.37200394E+0001    0.10381445E+0001         1
 21450   -0.37215273E+0001   -0.37215273E+0001    0.93033619E+0000         1
 21500   -0.37239257E+0001   -0.37239257E+0001    0.10281669E+0001         1
 21550   -0.37271222E+0001   -0.37271222E+0001    0.10758180E+0001         1
 21600   -0.37301359E+0001   -0.37301359E+0001    0.11306765E+0001         1
 21650   -0.37331714E+0001   -0.37331714E+0001    0.10245125E+0001         1
 21700   -0.37353403E+0001   -0.37353403E+0001    0.11955522E+0001         1
 21750   -0.37363729E+0001   -0.37363729E+0001    0.10993202E+0001         1
 21800   -0.37415189E+0001   -0.37415189E+0001    0.11441365E+0001         1
 21850   -0.37453507E+0001   -0.37453507E+0001    0.11688360E+0001         1
 21900   -0.37491857E+0001   -0.37491857E+0001    0.12180827E+0001         1
 21950   -0.37565226E+0001   -0.37565226E+0001    0.12295172E+0001         1
 22000   -0.37611691E+0001   -0.37611691E+0001    0.12868249E+0001         1
 22050   -0.37683495E+0001   -0.37683495E+0001    0.13092882E+0001         1
 22100   -0.37739868E+0001   -0.37739868E+0001    0.13496975E+0001         1
 22150   -0.37812330E+0001   -0.37812330E+0001    0.13981179E+0001         1
 22200   -0.37894943E+0001   -0.37894943E+0001    0.14714209E+0001         1
 22250   -0.37938486E+0001   -0.37938486E+0001    0.15050330E+0001         1
 22300   -0.37988780E+0001   -0.37988780E+0001    0.15159193E+0001         1
 22350   -0.38051983E+0001   -0.38051983E+0001    0.15826117E+0001         1
 22400   -0.38141258E+0001   -0.38141258E+0001    0.16136240E+0001         1
 22450   -0.38252268E+0001   -0.38252268E+0001    0.16331191E+0001         1
 22500   -0.38341555E+0001   -0.38341555E+0001    0.16701831E+0001         1
 22550   -0.38418337E+0001   -0.38418337E+0001    0.16639449E+0001         1
 22600   -0.38495832E+0001   -0.38495832E+0001    0.17199315E+0001         1
 22650   -0.38569312E+0001   -0.38569312E+0001    0.16821313E+0001         1
 22700   -0.38664065E+0001   -0.38664065E+0001    0.17027650E+0001         1
 22750   -0.38755956E+0001   -0.38755956E+0001    0.17281511E+0001         1
 22800   -0.38849432E+0001   -0.38849432E+0001    0.16386909E+0001         1
 22850   -0.38934884E+0001   -0.38934884E+0001    0.15997659E+0001         1
 22900   -0.39003484E+0001   -0.39003484E+0001    0.15434648E+0001         1
 22950   -0.39049421E+0001   -0.39049421E+0001    0.15472146E+0001         1
 23000   -0.39104862E+0001   -0.39104862E+0001    0.15417353E+0001         1
 23050   -0.39142478E+0001   -0.39142478E+0001    0.14926622E+0001         1
 23100   -0.39202673E+0001   -0.39202673E+0001    0.12937000E+0001         1
 23150   -0.39247249E+0001   -0.39247249E+0001    0.11082681E+0001         1
 23200   -0.39284993E+0001   -0.39284993E+0001    0.95475054E+0000         1
 23250   -0.39311698E+0001   -0.39311698E+0001    0.88065310E+0000         1
 23300   -0.39330521E+0001   -0.39330521E+0001    0.83803839E+0000         1
 23350   -0.39346516E+0001   -0.39346516E+0001    0.71553560E+0000         1
 23400   -0.39359608E+0001   -0.39359608E+0001    0.62231774E+0000         1
 23450   -0.39377001E+0001   -0.39377001E+0001    0.47127393E+0000         1
 23500   -0.39385348E+0001   -0.39385348E+0001    0.43581728E+0000         1
 23550   -0.39385369E+0001   -0.39385369E+0001    0.46526887E+0000         1
 23600   -0.39385120E+0001   -0.39385120E+0001    0.50063488E+0000         1
 23650   -0.39389969E+0001   -0.39389969E+0001    0.42151974E+0000         1
 23700   -0.39381748E+0001   -0.39381748E+0001    0.57710094E+0000         1
 23750   -0.39385595E+0001   -0.39385595E+0001    0.50101984E+0000         1
 23800   -0.39377082E+0001   -0.39377082E+0001    0.65069875E+0000         1
 23850   -0.39383225E+0001   -0.39383225E+0001    0.60729517E+0000         1
 23900   -0.39381296E+0001   -0.39381296E+0001    0.58620707E+0000         1
 23950   -0.39383129E+0001   -0.39383129E+0001    0.54660806E+0000         1
 24000   -0.39382137E+0001   -0.39382137E+0001    0.52419577E+0000         1
 24050   -0.39379696E+0001   -0.39379696E+0001    0.59006979E+0000         1
 24100   -0.39385528E+0001   -0.39385528E+0001    0.58101108E+0000         1
 24150   -0.39382767E+0001   -0.39382767E+0001    0.60791663E+0000         1
 24200   -0.39386695E+0001   -0.39386695E+0001    0.62304199E+0000         1
 24250   -0.39390400E+0001   -0.39390400E+0001    0.48093704E+0000         1
 24300   -0.39391878E+0001   -0.39391878E+0001    0.37728355E+0000         1
 24350   -0.39386082E+0001   -0.39386082E+0001    0.61996146E+0000         1
 24400   -0.39390049E+0001   -0.39390049E+0001    0.45174262E+0000         1
 24450   -0.39386576E+0001   -0.39386576E+0001    0.55869706E+0000         1
 24500   -0.39392033E+0001   -0.39392033E+0001    0.44950512E+0000         1
 24550   -0.39390726E+0001   -0.39390726E+0001    0.38449805E+0000         1
 24600   -0.39393114E+0001   -0.39393114E+0001    0.30949003E+0000         1
 24650   -0.39387085E+0001   -0.39387085E+0001    0.50752800E+0000         1
 24700   -0.39380545E+0001   -0.39380545E+0001    0.79723224E+0000         1
 24750   -0.39387466E+0001   -0.39387466E+0001    0.53715089E+0000         1
 24800   -0.39387937E+0001   -0.39387937E+0001    0.54708179E+0000         1
 24850   -0.39394011E+0001   -0.39394011E+0001    0.38022854E+0000         1
 24900   -0.39389901E+0001   -0.39389901E+0001    0.53998184E+0000         1
 24950   -0.39389706E+0001   -0.39389706E+0001    0.58146275E+0000         1
 25000   -0.39385598E+0001   -0.39385598E+0001    0.63912960E+0000         1
 25050   -0.39391152E+0001   -0.39391152E+0001    0.48505599E+0000         1
 25100   -0.39392417E+0001   -0.39392417E+0001    0.53812249E+0000         1
 25150   -0.39391264E+0001   -0.39391264E+0001    0.51604270E+0000         1
 25200   -0.39390737E+0001   -0.39390737E+0001    0.51411747E+0000         1
 25250   -0.39390186E+0001   -0.39390186E+0001    0.54608887E+0000         1
 25300   -0.39385553E+0001   -0.39385553E+0001    0.61009704E+0000         1
 25350   -0.39381970E+0001   -0.39381970E+0001    0.68091345E+0000         1
 25400   -0.39387884E+0001   -0.39387884E+0001    0.45741538E+0000         1
 25450   -0.39385279E+0001   -0.39385279E+0001    0.58597123E+0000         1
 25500   -0.39384319E+0001   -0.39384319E+0001    0.61124106E+0000         1
 25550   -0.39388473E+0001   -0.39388473E+0001    0.51549937E+0000         1
 25600   -0.39389971E+0001   -0.39389971E+0001    0.49000869E+0000         1
 25650   -0.39387846E+0001   -0.39387846E+0001    0.63924256E+0000         1
 25700   -0.39388794E+0001   -0.39388794E+0001    0.59975659E+0000         1
 25750   -0.39394857E+0001   -0.39394857E+0001    0.43376373E+0000         1
 25800   -0.39392705E+0001   -0.39392705E+0001    0.41377678E+0000         1
 25850   -0.39390915E+0001   -0.39390915E+0001    0.53871914E+0000         1
 25900   -0.39394194E+0001   -0.39394194E+0001    0.35055130E+0000         1
 25950   -0.39391480E+0001   -0.39391480E+0001    0.47840315E+0000         1
 26000   -0.39389571E+0001   -0.39389571E+0001    0.50497391E+0000         1
 26050   -0.39391692E+0001   -0.39391692E+0001    0.47691788E+0000         1
 26100   -0.39385455E+0001   -0.39385455E+0001    0.56241740E+0000         1
 26150   -0.39388712E+0001   -0.39388712E+0001    0.49750177E+0000         1
 26200   -0.39386938E+0001   -0.39386938E+0001    0.54914174E+0000         1
 26250   -0.39388128E+0001   -0.39388128E+0001    0.65820380E+0000         1
 26300   -0.39391800E+0001   -0.39391800E+0001    0.53200365E+0000         1
 26350   -0.39393710E+0001   -0.39393710E+0001    0.51110605E+0000         1
 26400   -0.39391460E+0001   -0.39391460E+0001    0.48680077E+0000         1
 26450   -0.39388726E+0001   -0.39388726E+0001    0.51068978E+0000         1
 26500   -0.39394043E+0001   -0.39394043E+0001    0.33483457E+0000         1
 26550   -0.39393047E+0001   -0.39393047E+0001    0.46133358E+0000         1
 26600   -0.39395224E+0001   -0.39395224E+0001    0.33474587E+0000         1
 26650   -0.39396350E+0001   -0.39396350E+0001    0.38281868E+0000         1
 26700   -0.39394884E+0001   -0.39394884E+0001    0.37404104E+0000         1
 26750   -0.39390388E+0001   -0.39390388E+0001    0.53131228E+0000         1
 26800   -0.39387796E+0001   -0.39387796E+0001    0.52590147E+0000         1
 26850   -0.39385169E+0001   -0.39385169E+0001    0.70929810E+0000         1
 26900   -0.39393274E+0001   -0.39393274E+0001    0.43681790E+0000         1
 26950   -0.39391762E+0001   -0.39391762E+0001    0.42602014E+0000         1
 27000   -0.39395887E+0001   -0.39395887E+0001    0.34438762E+0000         1
 27050   -0.39389074E+0001   -0.39389074E+0001    0.60826377E+0000         1
 27100   -0.39392260E+0001   -0.39392260E+0001    0.42539775E+0000         1
 27150   -0.39395327E+0001   -0.39395327E+0001    0.34718089E+0000         1
 27200   -0.39393537E+0001   -0.39393537E+0001    0.40674706E+0000         1
 27250   -0.39392843E+0001   -0.39392843E+0001    0.49322541E+0000         1
 27300   -0.39398117E+0001   -0.39398117E+0001    0.27768816E+0000         1
 27350   -0.39391532E+0001   -0.39391532E+0001    0.55320274E+0000         1
 27400   -0.39393033E+0001   -0.39393033E+0001    0.43424269E+0000         1
 27450   -0.39396759E+0001   -0.39396759E+0001    0.39211815E+0000         1
 27500   -0.39394785E+0001   -0.39394785E+0001    0.44268213E+0000         1
 27550   -0.39388931E+0001   -0.39388931E+0001    0.67220323E+0000         1
 27600   -0.39395059E+0001   -0.39395059E+0001    0.42853074E+0000         1
 27650   -0.39391119E+0001   -0.39391119E+0001    0.53121098E+0000         1
 27700   -0.39387922E+0001   -0.39387922E+0001    0.69503442E+0000         1
 27750   -0.39389344E+0001   -0.39389344E+0001    0.51633890E+0000         1
 27800   -0.39395131E+0001   -0.39395131E+0001    0.35651394E+0000         1
 27850   -0.39393309E+0001   -0.39393309E+0001    0.50997502E+0000         1
 27900   -0.39395998E+0001   -0.39395998E+0001    0.29139104E+0000         1
 27950   -0.39395282E+0001   -0.39395282E+0001    0.34468279E+0000         1
 28000   -0.39388188E+0001   -0.39388188E+0001    0.60086822E+0000         1
 28050   -0.39392979E+0001   -0.39392979E+0001    0.50225359E+0000         1
 28100   -0.39396122E+0001   -0.39396122E+0001    0.30750865E+0000         1
 28150   -0.39393441E+0001   -0.39393441E+0001    0.47882184E+0000         1
 28200   -0.39391022E+0001   -0.39391022E+0001    0.45122355E+0000         1
 28250   -0.39389665E+0001   -0.39389665E+0001    0.53795756E+0000         1
 28300   -0.39389985E+0001   -0.39389985E+0001    0.57112275E+0000         1
 28350   -0.39385925E+0001   -0.39385925E+0001    0.54040083E+0000         1
 28400   -0.39389172E+0001   -0.39389172E+0001    0.54917117E+0000         1
 28450   -0.39392526E+0001   -0.39392526E+0001    0.42154831E+0000         1
 28500   -0.39391388E+0001   -0.39391388E+0001    0.39376269E+0000         1
 28550   -0.39380663E+0001   -0.39380663E+0001    0.63455117E+0000         1
 28600   -0.39381784E+0001   -0.39381784E+0001    0.58530149E+0000         1
 28650   -0.39382506E+0001   -0.39382506E+0001    0.56664453E+0000         1
 28700   -0.39380337E+0001   -0.39380337E+0001    0.70028594E+0000         1
 28750   -0.39384936E+0001   -0.39384936E+0001    0.52789009E+0000         1
 28800   -0.39385436E+0001   -0.39385436E+0001    0.57454726E+0000         1
 28850   -0.39392793E+0001   -0.39392793E+0001    0.41544049E+0000         1
 28900   -0.39388810E+0001   -0.39388810E+0001    0.54754741E+0000         1
 28950   -0.39394062E+0001   -0.39394062E+0001    0.41974248E+0000         1
 29000   -0.39392240E+0001   -0.39392240E+0001    0.54585575E+0000         1
 29050   -0.39387815E+0001   -0.39387815E+0001    0.58606480E+0000         1
 29100   -0.39394719E+0001   -0.39394719E+0001    0.39891183E+0000         1
 29150   -0.39389531E+0001   -0.39389531E+0001    0.66428504E+0000         1
 29200   -0.39394347E+0001   -0.39394347E+0001    0.49137001E+0000         1
 29250   -0.39393312E+0001   -0.39393312E+0001    0.46825832E+0000         1
 29300   -0.39391436E+0001   -0.39391436E+0001    0.48706935E+0000         1
 29350   -0.39389898E+0001   -0.39389898E+0001    0.60059353E+0000         1
 29400   -0.39393189E+0001   -0.39393189E+0001    0.39412918E+0000         1
 29450   -0.39394723E+0001   -0.39394723E+0001    0.40599033E+0000         1
 29500   -0.39394173E+0001   -0.39394173E+0001    0.42912733E+0000         1
 29550   -0.39393334E+0001   -0.39393334E+0001    0.41518421E+0000         1
 29600   -0.39390572E+0001   -0.39390572E+0001    0.58921073E+0000         1
 29650   -0.39397877E+0001   -0.39397877E+0001    0.24759977E+0000         1
 29700   -0.39396008E+0001   -0.39396008E+0001    0.34622931E+0000         1
 29750   -0.39396211E+0001   -0.39396211E+0001    0.37569327E+0000         1
 29800   -0.39395299E+0001   -0.39395299E+0001    0.41646921E+0000         1
 29850   -0.39391715E+0001   -0.39391715E+0001    0.58867847E+0000         1
 29900   -0.39394368E+0001   -0.39394368E+0001    0.43301301E+0000         1
 29950   -0.39390182E+0001   -0.39390182E+0001    0.56122975E+0000         1
 30000   -0.39391450E+0001   -0.39391450E+0001    0.57477452E+0000         1
 30050   -0.39391051E+0001   -0.39391051E+0001    0.48694506E+0000         1
 30100   -0.39388269E+0001   -0.39388269E+0001    0.49885437E+0000         1
 30150   -0.39386891E+0001   -0.39386891E+0001    0.62814967E+0000         1
 30200   -0.39391277E+0001   -0.39391277E+0001    0.50476748E+0000         1
 30250   -0.39390412E+0001   -0.39390412E+0001    0.52622044E+0000         1
 30300   -0.39389660E+0001   -0.39389660E+0001    0.50666297E+0000         1
 30350   -0.39391328E+0001   -0.39391328E+0001    0.39662398E+0000         1
 30400   -0.39393418E+0001   -0.39393418E+0001    0.38718287E+0000         1
 30450   -0.39390910E+0001   -0.39390910E+0001    0.50065363E+0000         1
 30500   -0.39397279E+0001   -0.39397279E+0001    0.34138937E+0000         1
 30550   -0.39392739E+0001   -0.39392739E+0001    0.35673968E+0000         1
 30600   -0.39380871E+0001   -0.39380871E+0001    0.75452043E+0000         1
 30650   -0.39388564E+0001   -0.39388564E+0001    0.65034111E+0000         1
 30700   -0.39392177E+0001   -0.39392177E+0001    0.48821373E+0000         1
 30750   -0.39395000E+0001   -0.39395000E+0001    0.35716826E+0000         1
 30800   -0.39386704E+0001   -0.39386704E+0001    0.71883361E+0000         1
 30850   -0.39389675E+0001   -0.39389675E+0001    0.58041301E+0000         1
 30900   -0.39387775E+0001   -0.39387775E+0001    0.50016585E+0000         1
 30950   -0.39377653E+0001   -0.39377653E+0001    0.76588459E+0000         1
 31000   -0.39391967E+0001   -0.39391967E+0001    0.50366088E+0000         1
 31050   -0.39390521E+0001   -0.39390521E+0001    0.48542797E+0000         1
 31100   -0.39390702E+0001   -0.39390702E+0001    0.48466177E+0000         1
 31150   -0.39393153E+0001   -0.39393153E+0001    0.49014787E+0000         1
 31200   -0.39392385E+0001   -0.39392385E+0001    0.47936009E+0000         1
 31250   -0.39393627E+0001   -0.39393627E+0001    0.44762007E+0000         1
 31300   -0.39391391E+0001   -0.39391391E+0001    0.48366041E+0000         1
 31350   -0.39389621E+0001   -0.39389621E+0001    0.56134603E+0000         1
 31400   -0.39388200E+0001   -0.39388200E+0001    0.52911687E+0000         1
 31450   -0.39388080E+0001   -0.39388080E+0001    0.57506535E+0000         1
 31500   -0.39391467E+0001   -0.39391467E+0001    0.46662702E+0000         1
 31550   -0.39387812E+0001   -0.39387812E+0001    0.73758598E+0000         1
 31600   -0.39391097E+0001   -0.39391097E+0001    0.56109326E+0000         1
 31650   -0.39389780E+0001   -0.39389780E+0001    0.45014184E+0000         1
 31700   -0.39394011E+0001   -0.39394011E+0001    0.39826796E+0000         1
 31750   -0.39392763E+0001   -0.39392763E+0001    0.38799360E+0000         1
 31800   -0.39387836E+0001   -0.39387836E+0001    0.57925869E+0000         1
 31850   -0.39391953E+0001   -0.39391953E+0001    0.50970047E+0000         1
 31900   -0.39389141E+0001   -0.39389141E+0001    0.60211730E+0000         1
 31950   -0.39386531E+0001   -0.39386531E+0001    0.61676772E+0000         1
 32000   -0.39384418E+0001   -0.39384418E+0001    0.66038406E+0000         1
 32050   -0.39382745E+0001   -0.39382745E+0001    0.66400424E+0000         1
 32100   -0.39384405E+0001   -0.39384405E+0001    0.57708879E+0000         1
 32150   -0.39383890E+0001   -0.39383890E+0001    0.63975014E+0000         1
 32200   -0.39387600E+0001   -0.39387600E+0001    0.50765592E+0000         1
 32250   -0.39392910E+0001   -0.39392910E+0001    0.30093520E+0000         1
 32300   -0.39388235E+0001   -0.39388235E+0001    0.53569921E+0000         1
 32350   -0.39394941E+0001   -0.39394941E+0001    0.39593353E+0000         1
 32400   -0.39390890E+0001   -0.39390890E+0001    0.56651674E+0000         1
 32450   -0.39394576E+0001   -0.39394576E+0001    0.47145570E+0000         1
 32500   -0.39394117E+0001   -0.39394117E+0001    0.40949680E+0000         1
 32550   -0.39394843E+0001   -0.39394843E+0001    0.38328530E+0000         1
 32600   -0.39390776E+0001   -0.39390776E+0001    0.54313999E+0000         1
 32650   -0.39397195E+0001   -0.39397195E+0001    0.30071057E+0000         1
 32700   -0.39394142E+0001   -0.39394142E+0001    0.44532378E+0000         1
 32750   -0.39394192E+0001   -0.39394192E+0001    0.43909576E+0000         1
 32800   -0.39394687E+0001   -0.39394687E+0001    0.38651259E+0000         1
 32850   -0.39392212E+0001   -0.39392212E+0001    0.49624095E+0000         1
 32900   -0.39390991E+0001   -0.39390991E+0001    0.46814565E+0000         1
 32950   -0.39390746E+0001   -0.39390746E+0001    0.40049377E+0000         1
 33000   -0.39395341E+0001   -0.39395341E+0001    0.38551364E+0000         1
 33050   -0.39388633E+0001   -0.39388633E+0001    0.55428843E+0000         1
 33100   -0.39384394E+0001   -0.39384394E+0001    0.55060976E+0000         1
 33150   -0.39378090E+0001   -0.39378090E+0001    0.79914046E+0000         1
 33200   -0.39384306E+0001   -0.39384306E+0001    0.67554440E+0000         1
 33250   -0.39378785E+0001   -0.39378785E+0001    0.78048014E+0000         1
 33300   -0.39379566E+0001   -0.39379566E+0001    0.73615296E+0000         1
 33350   -0.39383793E+0001   -0.39383793E+0001    0.71047224E+0000         1
 33400   -0.39397347E+0001   -0.39397347E+0001    0.34074708E+0000         1
 33450   -0.39395651E+0001   -0.39395651E+0001    0.37784464E+0000         1
 33500   -0.39391550E+0001   -0.39391550E+0001    0.47688867E+0000         1
 33550   -0.39385940E+0001   -0.39385940E+0001    0.67148314E+0000         1
 33600   -0.39393745E+0001   -0.39393745E+0001    0.40689712E+0000         1
 33650   -0.39395366E+0001   -0.39395366E+0001    0.32844013E+0000         1
 33700   -0.39391983E+0001   -0.39391983E+0001    0.41647338E+0000         1
 33750   -0.39387367E+0001   -0.39387367E+0001    0.61466773E+0000         1
 33800   -0.39381109E+0001   -0.39381109E+0001    0.76411427E+0000         1
 33850   -0.39387026E+0001   -0.39387026E+0001    0.46756044E+0000         1
 33900   -0.39381880E+0001   -0.39381880E+0001    0.75240560E+0000         1
 33950   -0.39382136E+0001   -0.39382136E+0001    0.73912190E+0000         1
 34000   -0.39388247E+0001   -0.39388247E+0001    0.65211542E+0000         1
 34050   -0.39390564E+0001   -0.39390564E+0001    0.46280734E+0000         1
 34100   -0.39392925E+0001   -0.39392925E+0001    0.38542038E+0000         1
 34150   -0.39389790E+0001   -0.39389790E+0001    0.47992919E+0000         1
 34200   -0.39385839E+0001   -0.39385839E+0001    0.53810682E+0000         1
 34250   -0.39390039E+0001   -0.39390039E+0001    0.40613719E+0000         1
 34300   -0.39392603E+0001   -0.39392603E+0001    0.37704524E+0000         1
 34350   -0.39391926E+0001   -0.39391926E+0001    0.41079777E+0000         1
 34400   -0.39393062E+0001   -0.39393062E+0001    0.38973044E+0000         1
 34450   -0.39382880E+0001   -0.39382880E+0001    0.58501037E+0000         1
 34500   -0.39385906E+0001   -0.39385906E+0001    0.66694733E+0000         1
 34550   -0.39394627E+0001   -0.39394627E+0001    0.36915379E+0000         1
 34600   -0.39391489E+0001   -0.39391489E+0001    0.43353497E+0000         1
 34650   -0.39388378E+0001   -0.39388378E+0001    0.66732350E+0000         1
 34700   -0.39382482E+0001   -0.39382482E+0001    0.65279515E+0000         1
 34750   -0.39377006E+0001   -0.39377006E+0001    0.78759794E+0000         1
 34800   -0.39386131E+0001   -0.39386131E+0001    0.65265148E+0000         1
 34850   -0.39390552E+0001   -0.39390552E+0001    0.48497595E+0000         1
 34900   -0.39390793E+0001   -0.39390793E+0001    0.45309994E+0000         1
 34950   -0.39387043E+0001   -0.39387043E+0001    0.59391373E+0000         1
 35000   -0.39396080E+0001   -0.39396080E+0001    0.33475496E+0000         1
 35050   -0.39393922E+0001   -0.39393922E+0001    0.41952615E+0000         1
 35100   -0.39389257E+0001   -0.39389257E+0001    0.47318112E+0000         1
 35150   -0.39389505E+0001   -0.39389505E+0001    0.50273120E+0000         1
 35200   -0.39381157E+0001   -0.39381157E+0001    0.70961374E+0000         1
 35250   -0.39391503E+0001   -0.39391503E+0001    0.44124316E+0000         1
 35300   -0.39392445E+0001   -0.39392445E+0001    0.49580961E+0000         1
 35350   -0.39392518E+0001   -0.39392518E+0001    0.47786728E+0000         1
 35400   -0.39393984E+0001   -0.39393984E+0001    0.39566572E+0000         1
 35450   -0.39391423E+0001   -0.39391423E+0001    0.48245038E+0000         1
 35500   -0.39390045E+0001   -0.39390045E+0001    0.51533091E+0000         1
 35550   -0.39393767E+0001   -0.39393767E+0001    0.39455954E+0000         1
 35600   -0.39394534E+0001   -0.39394534E+0001    0.37395324E+0000         1
 35650   -0.39383042E+0001   -0.39383042E+0001    0.67461152E+0000         1
 35700   -0.39391113E+0001   -0.39391113E+0001    0.52989853E+0000         1
 35750   -0.39388660E+0001   -0.39388660E+0001    0.62128899E+0000         1
 35800   -0.39388385E+0001   -0.39388385E+0001    0.65043564E+0000         1
 35850   -0.39391040E+0001   -0.39391040E+0001    0.57456334E+0000         1
 35900   -0.39393242E+0001   -0.39393242E+0001    0.53379102E+0000         1
 35950   -0.39394734E+0001   -0.39394734E+0001    0.37632216E+0000         1
 36000   -0.39384010E+0001   -0.39384010E+0001    0.76460063E+0000         1
 36050   -0.39382135E+0001   -0.39382135E+0001    0.75356111E+0000         1
 36100   -0.39393183E+0001   -0.39393183E+0001    0.49479066E+0000         1
 36150   -0.39387625E+0001   -0.39387625E+0001    0.60809701E+0000         1
 36200   -0.39392950E+0001   -0.39392950E+0001    0.45626405E+0000         1
 36250   -0.39392829E+0001   -0.39392829E+0001    0.39091881E+0000         1
 36300   -0.39392260E+0001   -0.39392260E+0001    0.38648622E+0000         1
 36350   -0.39389366E+0001   -0.39389366E+0001    0.50814236E+0000         1
 36400   -0.39389462E+0001   -0.39389462E+0001    0.49131037E+0000         1
 36450   -0.39391510E+0001   -0.39391510E+0001    0.46520940E+0000         1
 36500   -0.39390703E+0001   -0.39390703E+0001    0.48401891E+0000         1
 36550   -0.39388088E+0001   -0.39388088E+0001    0.53899277E+0000         1
 36600   -0.39385840E+0001   -0.39385840E+0001    0.55083942E+0000         1
 36650   -0.39386187E+0001   -0.39386187E+0001    0.62175891E+0000         1
 36700   -0.39382830E+0001   -0.39382830E+0001    0.66218470E+0000         1
 36750   -0.39382685E+0001   -0.39382685E+0001    0.73696753E+0000         1
 36800   -0.39385962E+0001   -0.39385962E+0001    0.60643265E+0000         1
 36850   -0.39384355E+0001   -0.39384355E+0001    0.73903824E+0000         1
 36900   -0.39396813E+0001   -0.39396813E+0001    0.34367646E+0000         1
 36950   -0.39394539E+0001   -0.39394539E+0001    0.44077754E+0000         1
 37000   -0.39394980E+0001   -0.39394980E+0001    0.41121827E+0000         1
 37050   -0.39394421E+0001   -0.39394421E+0001    0.35451645E+0000         1
 37100   -0.39391191E+0001   -0.39391191E+0001    0.43065229E+0000         1
 37150   -0.39393784E+0001   -0.39393784E+0001    0.39156493E+0000         1
 37200   -0.39385571E+0001   -0.39385571E+0001    0.63193640E+0000         1
 37250   -0.39386428E+0001   -0.39386428E+0001    0.54172690E+0000         1
 37300   -0.39390489E+0001   -0.39390489E+0001    0.47045483E+0000         1
 37350   -0.39393605E+0001   -0.39393605E+0001    0.36915716E+0000         1
 37400   -0.39395223E+0001   -0.39395223E+0001    0.30878404E+0000         1
 37450   -0.39389060E+0001   -0.39389060E+0001    0.49120457E+0000         1
 37500   -0.39388092E+0001   -0.39388092E+0001    0.51729793E+0000         1
 37550   -0.39389588E+0001   -0.39389588E+0001    0.48298268E+0000         1
 37600   -0.39390982E+0001   -0.39390982E+0001    0.49176576E+0000         1
 37650   -0.39389617E+0001   -0.39389617E+0001    0.60438405E+0000         1
 37700   -0.39396012E+0001   -0.39396012E+0001    0.40567758E+0000         1
 37750   -0.39396026E+0001   -0.39396026E+0001    0.43347412E+0000         1
 37800   -0.39393656E+0001   -0.39393656E+0001    0.48155153E+0000         1
 37850   -0.39388254E+0001   -0.39388254E+0001    0.56847652E+0000         1
 37900   -0.39392894E+0001   -0.39392894E+0001    0.43518184E+0000         1
 37950   -0.39387486E+0001   -0.39387486E+0001    0.58570884E+0000         1
 38000   -0.39388626E+0001   -0.39388626E+0001    0.51930785E+0000         1
 38050   -0.39388672E+0001   -0.39388672E+0001    0.62891538E+0000         1
 38100   -0.39382833E+0001   -0.39382833E+0001    0.67755671E+0000         1
 38150   -0.39391859E+0001   -0.39391859E+0001    0.49137302E+0000         1
 38200   -0.39390386E+0001   -0.39390386E+0001    0.61913073E+0000         1
 38250   -0.39386111E+0001   -0.39386111E+0001    0.71888948E+0000         1
 38300   -0.39383540E+0001   -0.39383540E+0001    0.82901716E+0000         1
 38350   -0.39392133E+0001   -0.39392133E+0001    0.47703919E+0000         1
 38400   -0.39390279E+0001   -0.39390279E+0001    0.63978030E+0000         1
 38450   -0.39391199E+0001   -0.39391199E+0001    0.56767936E+0000         1
 38500   -0.39393278E+0001   -0.39393278E+0001    0.50262715E+0000         1
 38550   -0.39385760E+0001   -0.39385760E+0001    0.65384705E+0000         1
 38600   -0.39388347E+0001   -0.39388347E+0001    0.63483557E+0000         1
 38650   -0.39386298E+0001   -0.39386298E+0001    0.58331537E+0000         1
 38700   -0.39389197E+0001   -0.39389197E+0001    0.44780878E+0000         1
 38750   -0.39392784E+0001   -0.39392784E+0001    0.35484776E+0000         1
 38800   -0.39394533E+0001   -0.39394533E+0001    0.38719208E+0000         1
 38850   -0.39391655E+0001   -0.39391655E+0001    0.45693998E+0000         1
 38900   -0.39387928E+0001   -0.39387928E+0001    0.57764281E+0000         1
 38950   -0.39391456E+0001   -0.39391456E+0001    0.49001606E+0000         1
 39000   -0.39395558E+0001   -0.39395558E+0001    0.31665086E+0000         1
 39050   -0.39386967E+0001   -0.39386967E+0001    0.62808597E+0000         1
 39100   -0.39384573E+0001   -0.39384573E+0001    0.67528299E+0000         1
 39150   -0.39383207E+0001   -0.39383207E+0001    0.64662921E+0000         1
 39200   -0.39393973E+0001   -0.39393973E+0001    0.38587788E+0000         1
 39250   -0.39396793E+0001   -0.39396793E+0001    0.31354966E+0000         1
 39300   -0.39395473E+0001   -0.39395473E+0001    0.37553074E+0000         1
 39350   -0.39390290E+0001   -0.39390290E+0001    0.56432544E+0000         1
 39400   -0.39387101E+0001   -0.39387101E+0001    0.59153519E+0000         1
 39450   -0.39393014E+0001   -0.39393014E+0001    0.40616246E+0000         1
 39500   -0.39389883E+0001   -0.39389883E+0001    0.57619789E+0000         1
 39550   -0.39392447E+0001   -0.39392447E+0001    0.51976696E+0000         1
 39600   -0.39392772E+0001   -0.39392772E+0001    0.40501796E+0000         1
 39650   -0.39390963E+0001   -0.39390963E+0001    0.52918547E+0000         1
 39700   -0.39391890E+0001   -0.39391890E+0001    0.47733758E+0000         1
 39750   -0.39390753E+0001   -0.39390753E+0001    0.58403099E+0000         1
 39800   -0.39389527E+0001   -0.39389527E+0001    0.61001545E+0000         1
 39850   -0.39385411E+0001   -0.39385411E+0001    0.62105043E+0000         1
 39900   -0.39387536E+0001   -0.39387536E+0001    0.58702362E+0000         1
 39950   -0.39392942E+0001   -0.39392942E+0001    0.43243424E+0000         1
 40000   -0.39396313E+0001   -0.39396313E+0001    0.31761702E+0000         1
 40050   -0.39397623E+0001   -0.39397623E+0001    0.32904763E+0000         1
 40100   -0.39394697E+0001   -0.39394697E+0001    0.42081694E+0000         1
 40150   -0.39393836E+0001   -0.39393836E+0001    0.41104137E+0000         1
 40200   -0.39390169E+0001   -0.39390169E+0001    0.54649513E+0000         1
 40250   -0.39389694E+0001   -0.39389694E+0001    0.52940673E+0000         1
 40300   -0.39381713E+0001   -0.39381713E+0001    0.70496682E+0000         1
 40350   -0.39384621E+0001   -0.39384621E+0001    0.67753296E+0000         1
 40400   -0.39384011E+0001   -0.39384011E+0001    0.66369220E+0000         1
 40450   -0.39386407E+0001   -0.39386407E+0001    0.55631786E+0000         1
 40500   -0.39390030E+0001   -0.39390030E+0001    0.49964178E+0000         1
 40550   -0.39386629E+0001   -0.39386629E+0001    0.71174996E+0000         1
 40600   -0.39389449E+0001   -0.39389449E+0001    0.67255340E+0000         1
 40650   -0.39397566E+0001   -0.39397566E+0001    0.31425894E+0000         1
 40700   -0.39391518E+0001   -0.39391518E+0001    0.51648810E+0000         1
 40750   -0.39390679E+0001   -0.39390679E+0001    0.55901568E+0000         1
 40800   -0.39387121E+0001   -0.39387121E+0001    0.56768770E+0000         1
 40850   -0.39393020E+0001   -0.39393020E+0001    0.44748889E+0000         1
 40900   -0.39394401E+0001   -0.39394401E+0001    0.44586708E+0000         1
 40950   -0.39394593E+0001   -0.39394593E+0001    0.40312213E+0000         1
 41000   -0.39389615E+0001   -0.39389615E+0001    0.50543401E+0000         1
 41050   -0.39388186E+0001   -0.39388186E+0001    0.58355032E+0000         1
 41100   -0.39385496E+0001   -0.39385496E+0001    0.56617422E+0000         1
 41150   -0.39388308E+0001   -0.39388308E+0001    0.54554713E+0000         1
 41200   -0.39376740E+0001   -0.39376740E+0001    0.79705284E+0000         1
 41250   -0.39384834E+0001   -0.39384834E+0001    0.59501724E+0000         1
 41300   -0.39377172E+0001   -0.39377172E+0001    0.78339692E+0000         1
 41350   -0.39387703E+0001   -0.39387703E+0001    0.43194804E+0000         1
 41400   -0.39381547E+0001   -0.39381547E+0001    0.65975040E+0000         1
 41450   -0.39389905E+0001   -0.39389905E+0001    0.46518707E+0000         1
 41500   -0.39387934E+0001   -0.39387934E+0001    0.51037764E+0000         1
 41550   -0.39392087E+0001   -0.39392087E+0001    0.38256815E+0000         1
 41600   -0.39388580E+0001   -0.39388580E+0001    0.56864037E+0000         1
 41650   -0.39390749E+0001   -0.39390749E+0001    0.42492640E+0000         1
 41700   -0.39389211E+0001   -0.39389211E+0001    0.54519108E+0000         1
 41750   -0.39382562E+0001   -0.39382562E+0001    0.73210285E+0000         1
 41800   -0.39390579E+0001   -0.39390579E+0001    0.53320167E+0000         1
 41850   -0.39391164E+0001   -0.39391164E+0001    0.58131853E+0000         1
 41900   -0.39390181E+0001   -0.39390181E+0001    0.58079212E+0000         1
 41950   -0.39393153E+0001   -0.39393153E+0001    0.53850688E+0000         1
 42000   -0.39396098E+0001   -0.39396098E+0001    0.34203737E+0000         1
 42050   -0.39391349E+0001   -0.39391349E+0001    0.47568532E+0000         1
 42100   -0.39391933E+0001   -0.39391933E+0001    0.46248363E+0000         1
 42150   -0.39392127E+0001   -0.39392127E+0001    0.47969727E+0000         1
 42200   -0.39395922E+0001   -0.39395922E+0001    0.39227837E+0000         1
 42250   -0.39396085E+0001   -0.39396085E+0001    0.33209509E+0000         1
 42300   -0.39391703E+0001   -0.39391703E+0001    0.48139945E+0000         1
 42350   -0.39392815E+0001   -0.39392815E+0001    0.46498960E+0000         1
 42400   -0.39390175E+0001   -0.39390175E+0001    0.44081310E+0000         1
 42450   -0.39389802E+0001   -0.39389802E+0001    0.51085967E+0000         1
 42500   -0.39393481E+0001   -0.39393481E+0001    0.44425404E+0000         1
 42550   -0.39390461E+0001   -0.39390461E+0001    0.54439530E+0000         1
 42600   -0.39392918E+0001   -0.39392918E+0001    0.37364770E+0000         1
 42650   -0.39390092E+0001   -0.39390092E+0001    0.66222106E+0000         1
 42700   -0.39389106E+0001   -0.39389106E+0001    0.57372139E+0000         1
 42750   -0.39391931E+0001   -0.39391931E+0001    0.40330480E+0000         1
 42800   -0.39393968E+0001   -0.39393968E+0001    0.43676093E+0000         1
 42850   -0.39390604E+0001   -0.39390604E+0001    0.45863460E+0000         1
 42900   -0.39384694E+0001   -0.39384694E+0001    0.69160994E+0000         1
 42950   -0.39386457E+0001   -0.39386457E+0001    0.65312258E+0000         1
 43000   -0.39386086E+0001   -0.39386086E+0001    0.63679715E+0000         1
 43050   -0.39384539E+0001   -0.39384539E+0001    0.66111493E+0000         1
 43100   -0.39390073E+0001   -0.39390073E+0001    0.49689743E+0000         1
 43150   -0.39391191E+0001   -0.39391191E+0001    0.46646530E+0000         1
 43200   -0.39387859E+0001   -0.39387859E+0001    0.58039064E+0000         1
 43250   -0.39389861E+0001   -0.39389861E+0001    0.54183624E+0000         1
 43300   -0.39390378E+0001   -0.39390378E+0001    0.49846560E+0000         1
 43350   -0.39387627E+0001   -0.39387627E+0001    0.67160745E+0000         1
 43400   -0.39392056E+0001   -0.39392056E+0001    0.47046548E+0000         1
 43450   -0.39389438E+0001   -0.39389438E+0001    0.61511542E+0000         1
 43500   -0.39392678E+0001   -0.39392678E+0001    0.54191343E+0000         1
 43550   -0.39393043E+0001   -0.39393043E+0001    0.45232976E+0000         1
 43600   -0.39396826E+0001   -0.39396826E+0001    0.38418170E+0000         1
 43650   -0.39390793E+0001   -0.39390793E+0001    0.53182579E+0000         1
 43700   -0.39379837E+0001   -0.39379837E+0001    0.68546968E+0000         1
 43750   -0.39388391E+0001   -0.39388391E+0001    0.54744572E+0000         1
 43800   -0.39390354E+0001   -0.39390354E+0001    0.50452291E+0000         1
 43850   -0.39390560E+0001   -0.39390560E+0001    0.55221848E+0000         1
 43900   -0.39391223E+0001   -0.39391223E+0001    0.46164820E+0000         1
 43950   -0.39396336E+0001   -0.39396336E+0001    0.30789949E+0000         1
 44000   -0.39391170E+0001   -0.39391170E+0001    0.52215982E+0000         1
 44050   -0.39389712E+0001   -0.39389712E+0001    0.57580992E+0000         1
 44100   -0.39396003E+0001   -0.39396003E+0001    0.37729502E+0000         1
 44150   -0.39391355E+0001   -0.39391355E+0001    0.56757710E+0000         1
 44200   -0.39393269E+0001   -0.39393269E+0001    0.35244856E+0000         1
 44250   -0.39389534E+0001   -0.39389534E+0001    0.55409015E+0000         1
 44300   -0.39394127E+0001   -0.39394127E+0001    0.42744636E+0000         1
 44350   -0.39395172E+0001   -0.39395172E+0001    0.43175786E+0000         1
 44400   -0.39390648E+0001   -0.39390648E+0001    0.61018936E+0000         1
 44450   -0.39386583E+0001   -0.39386583E+0001    0.65047361E+0000         1
 44500   -0.39390094E+0001   -0.39390094E+0001    0.52235225E+0000         1
 44550   -0.39394113E+0001   -0.39394113E+0001    0.43571164E+0000         1
 44600   -0.39392096E+0001   -0.39392096E+0001    0.43657555E+0000         1
 44650   -0.39390923E+0001   -0.39390923E+0001    0.52124311E+0000         1
 44700   -0.39387479E+0001   -0.39387479E+0001    0.61076141E+0000         1
 44750   -0.39393091E+0001   -0.39393091E+0001    0.47434117E+0000         1
 44800   -0.39392205E+0001   -0.39392205E+0001    0.43021083E+0000         1
 44850   -0.39392569E+0001   -0.39392569E+0001    0.44235929E+0000         1
 44900   -0.39390719E+0001   -0.39390719E+0001    0.42438845E+0000         1
 44950   -0.39387948E+0001   -0.39387948E+0001    0.57671690E+0000         1
 45000   -0.39388859E+0001   -0.39388859E+0001    0.47646664E+0000         1
 45050   -0.39389008E+0001   -0.39389008E+0001    0.55380285E+0000         1
 45100   -0.39385841E+0001   -0.39385841E+0001    0.53932080E+0000         1
 45150   -0.39384538E+0001   -0.39384538E+0001    0.63520730E+0000         1
 45200   -0.39390833E+0001   -0.39390833E+0001    0.45672385E+0000         1
 45250   -0.39393351E+0001   -0.39393351E+0001    0.45156466E+0000         1
 45300   -0.39391483E+0001   -0.39391483E+0001    0.51787956E+0000         1
 45350   -0.39391450E+0001   -0.39391450E+0001    0.46215756E+0000         1
 45400   -0.39385766E+0001   -0.39385766E+0001    0.65593002E+0000         1
 45450   -0.39393173E+0001   -0.39393173E+0001    0.35602224E+0000         1
 45500   -0.39394497E+0001   -0.39394497E+0001    0.35104611E+0000         1
 45550   -0.39388571E+0001   -0.39388571E+0001    0.64742429E+0000         1
 45600   -0.39389915E+0001   -0.39389915E+0001    0.55649603E+0000         1
 45650   -0.39386329E+0001   -0.39386329E+0001    0.68034175E+0000         1
 45700   -0.39388549E+0001   -0.39388549E+0001    0.61356244E+0000         1
 45750   -0.39386212E+0001   -0.39386212E+0001    0.63611033E+0000         1
 45800   -0.39386464E+0001   -0.39386464E+0001    0.59448555E+0000         1
 45850   -0.39388391E+0001   -0.39388391E+0001    0.53135606E+0000         1
 45900   -0.39390205E+0001   -0.39390205E+0001    0.42026969E+0000         1
 45950   -0.39392319E+0001   -0.39392319E+0001    0.49067288E+0000         1
 46000   -0.39385035E+0001   -0.39385035E+0001    0.67055235E+0000         1
 46050   -0.39392969E+0001   -0.39392969E+0001    0.48912333E+0000         1
 46100   -0.39385334E+0001   -0.39385334E+0001    0.62525919E+0000         1
 46150   -0.39391245E+0001   -0.39391245E+0001    0.52002052E+0000         1
 46200   -0.39394792E+0001   -0.39394792E+0001    0.34399459E+0000         1
 46250   -0.39386392E+0001   -0.39386392E+0001    0.68278811E+0000         1
 46300   -0.39390315E+0001   -0.39390315E+0001    0.53363695E+0000         1
 46350   -0.39390279E+0001   -0.39390279E+0001    0.50442288E+0000         1
 46400   -0.39392287E+0001   -0.39392287E+0001    0.38222158E+0000         1
 46450   -0.39390168E+0001   -0.39390168E+0001    0.50202564E+0000         1
 46500   -0.39395498E+0001   -0.39395498E+0001    0.30969975E+0000         1
 46550   -0.39392895E+0001   -0.39392895E+0001    0.48824733E+0000         1
 46600   -0.39396432E+0001   -0.39396432E+0001    0.33574073E+0000         1
 46650   -0.39390511E+0001   -0.39390511E+0001    0.50633420E+0000         1
 46700   -0.39390024E+0001   -0.39390024E+0001    0.51261458E+0000         1
 46750   -0.39392920E+0001   -0.39392920E+0001    0.38255143E+0000         1
 46800   -0.39393878E+0001   -0.39393878E+0001    0.41163594E+0000         1
 46850   -0.39395568E+0001   -0.39395568E+0001    0.28013694E+0000         1
 46900   -0.39391998E+0001   -0.39391998E+0001    0.41772471E+0000         1
 46950   -0.39391843E+0001   -0.39391843E+0001    0.42222027E+0000         1
 47000   -0.39387338E+0001   -0.39387338E+0001    0.62777384E+0000         1
 47050   -0.39392954E+0001   -0.39392954E+0001    0.36154362E+0000         1
 47100   -0.39392049E+0001   -0.39392049E+0001    0.47432641E+0000         1
 47150   -0.39395450E+0001   -0.39395450E+0001    0.40047945E+0000         1
 47200   -0.39394482E+0001   -0.39394482E+0001    0.43570659E+0000         1
 47250   -0.39388067E+0001   -0.39388067E+0001    0.61313190E+0000         1
 47300   -0.39385975E+0001   -0.39385975E+0001    0.56587700E+0000         1
 47350   -0.39392395E+0001   -0.39392395E+0001    0.44019235E+0000         1
 47400   -0.39394285E+0001   -0.39394285E+0001    0.34859912E+0000         1
 47450   -0.39383331E+0001   -0.39383331E+0001    0.71180401E+0000         1
 47500   -0.39393367E+0001   -0.39393367E+0001    0.47908417E+0000         1
 47550   -0.39389599E+0001   -0.39389599E+0001    0.53159010E+0000         1
 47600   -0.39390317E+0001   -0.39390317E+0001    0.53876136E+0000         1
 47650   -0.39388912E+0001   -0.39388912E+0001    0.51771289E+0000         1
 47700   -0.39390732E+0001   -0.39390732E+0001    0.56201301E+0000         1
 47750   -0.39390899E+0001   -0.39390899E+0001    0.52098207E+0000         1
 47800   -0.39390988E+0001   -0.39390988E+0001    0.43313487E+0000         1
 47850   -0.39392548E+0001   -0.39392548E+0001    0.45231597E+0000         1
 47900   -0.39386465E+0001   -0.39386465E+0001    0.56643941E+0000         1
 47950   -0.39387032E+0001   -0.39387032E+0001    0.58926944E+0000         1
 48000   -0.39388620E+0001   -0.39388620E+0001    0.58633518E+0000         1
