     1   -0.39239891E+0001   -0.39242000E+0001    0.11192428E+0001     12000
    50   -0.39233995E+0001   -0.39268737E+0001    0.10668987E+0001     12082
   100   -0.39233679E+0001   -0.39279160E+0001    0.10257297E+0001     12352
   150   -0.39239219E+0001   -0.39291262E+0001    0.95459496E+0000     12488
   200   -0.39251118E+0001   -0.39298490E+0001    0.97657598E+0000     12675
   250   -0.39264597E+0001   -0.39313402E+0001    0.91691581E+0000     12965
   300   -0.39275510E+0001   -0.39313302E+0001    0.90994608E+0000     13103
   350   -0.39284183E+0001   -0.39325807E+0001    0.86680231E+0000     13255
   400   -0.39291362E+0001   -0.39329007E+0001    0.77610718E+0000     13301
     1   -0.39239841E+0001   -0.39242068E+0001    0.11192428E+0001     11999
    50   -0.39231921E+0001   -0.39265358E+0001    0.10472446E+0001     12076
   100   -0.39229624E+0001   -0.39274507E+0001    0.10238499E+0001     12184
   150   -0.39232192E+0001   -0.39279437E+0001    0.10492441E+0001     12436
   200   -0.39237293E+0001   -0.39287005E+0001    0.10316591E+0001     12710
   250   -0.39245610E+0001   -0.39304072E+0001    0.93927756E+0000     13035
   300   -0.39260231E+0001   -0.39313280E+0001    0.90593016E+0000     13411
   350   -0.39281041E+0001   -0.39322813E+0001    0.80768600E+0000     13857
   400   -0.39294716E+0001   -0.39328262E+0001    0.80105675E+0000     14042
     1   -0.39239850E+0001   -0.39242220E+0001    0.11192428E+0001     11996
    50   -0.39230535E+0001   -0.39265415E+0001    0.10730659E+0001     11995
   100   -0.39227194E+0001   -0.39286089E+0001    0.10306946E+0001     12080
   150   -0.39229929E+0001   -0.39288261E+0001    0.10284046E+0001     12412
   200   -0.39237632E+0001   -0.39292612E+0001    0.10038520E+0001     12633
   250   -0.39252024E+0001   -0.39304139E+0001    0.93515624E+0000     12866
   300   -0.39263912E+0001   -0.39307993E+0001    0.94887045E+0000     13217
   350   -0.39270354E+0001   -0.39307738E+0001    0.95054928E+0000     13580
   400   -0.39275345E+0001   -0.39312998E+0001    0.90818020E+0000     13856
     1   -0.39239803E+0001   -0.39242114E+0001    0.11192428E+0001     12002
    50   -0.39229121E+0001   -0.39263637E+0001    0.10490048E+0001     12042
   100   -0.39224076E+0001   -0.39267086E+0001    0.10635775E+0001     12062
   150   -0.39226319E+0001   -0.39275040E+0001    0.10302154E+0001     12093
   200   -0.39233161E+0001   -0.39286125E+0001    0.10072345E+0001     12447
   250   -0.39243236E+0001   -0.39293834E+0001    0.98133401E+0000     12915
   300   -0.39251569E+0001   -0.39298347E+0001    0.97813442E+0000     13339
   350   -0.39255839E+0001   -0.39310630E+0001    0.94241007E+0000     13623
   400   -0.39261049E+0001   -0.39316261E+0001    0.91993191E+0000     13974
     1   -0.39239787E+0001   -0.39242105E+0001    0.11192428E+0001     12001
    50   -0.39227766E+0001   -0.39261065E+0001    0.11015514E+0001     12058
   100   -0.39220339E+0001   -0.39268839E+0001    0.11094823E+0001     12153
   150   -0.39217912E+0001   -0.39267613E+0001    0.10973821E+0001     12462
   200   -0.39220481E+0001   -0.39270738E+0001    0.10581926E+0001     12713
   250   -0.39228233E+0001   -0.39272315E+0001    0.10600258E+0001     12910
   300   -0.39233875E+0001   -0.39277589E+0001    0.10466964E+0001     13249
   350   -0.39240111E+0001   -0.39289756E+0001    0.10166478E+0001     13286
   400   -0.39245428E+0001   -0.39285509E+0001    0.10061924E+0001     13612
     1   -0.39239769E+0001   -0.39242148E+0001    0.11192428E+0001     12000
    50   -0.39226581E+0001   -0.39264530E+0001    0.10904585E+0001     11943
   100   -0.39218663E+0001   -0.39267075E+0001    0.11177763E+0001     12071
   150   -0.39216315E+0001   -0.39270977E+0001    0.10952174E+0001     12387
   200   -0.39219027E+0001   -0.39276399E+0001    0.10882672E+0001     12544
   250   -0.39228356E+0001   -0.39285660E+0001    0.10321102E+0001     12998
   300   -0.39237494E+0001   -0.39304796E+0001    0.98980792E+0000     13514
   350   -0.39246901E+0001   -0.39309034E+0001    0.96683803E+0000     14023
   400   -0.39254054E+0001   -0.39309669E+0001    0.94331537E+0000     14324
     1   -0.39239733E+0001   -0.39242147E+0001    0.11192428E+0001     12002
    50   -0.39225641E+0001   -0.39264082E+0001    0.10916477E+0001     11963
   100   -0.39216462E+0001   -0.39262641E+0001    0.10910705E+0001     11970
   150   -0.39212901E+0001   -0.39265963E+0001    0.10873047E+0001     12348
   200   -0.39214014E+0001   -0.39261329E+0001    0.10899220E+0001     12799
   250   -0.39218668E+0001   -0.39270856E+0001    0.10317932E+0001     13092
   300   -0.39221368E+0001   -0.39272540E+0001    0.10242176E+0001     13554
   350   -0.39225483E+0001   -0.39271341E+0001    0.10388145E+0001     13781
   400   -0.39230542E+0001   -0.39274350E+0001    0.98867596E+0000     14230
   450   -0.39232610E+0001   -0.39275722E+0001    0.10079411E+0001     14602
   500   -0.39233292E+0001   -0.39274969E+0001    0.10420474E+0001     15112
   550   -0.39234292E+0001   -0.39278708E+0001    0.10069009E+0001     15210
   600   -0.39234028E+0001   -0.39285974E+0001    0.10425777E+0001     15385
   650   -0.39233450E+0001   -0.39286709E+0001    0.96320890E+0000     15685
   700   -0.39235299E+0001   -0.39291632E+0001    0.96996484E+0000     16070
     1   -0.39239750E+0001   -0.39242244E+0001    0.11192428E+0001     12002
    50   -0.39224477E+0001   -0.39261604E+0001    0.11015055E+0001     12062
   100   -0.39213168E+0001   -0.39261503E+0001    0.10846289E+0001     12204
   150   -0.39206112E+0001   -0.39268371E+0001    0.10784997E+0001     12726
   200   -0.39203383E+0001   -0.39278301E+0001    0.10912712E+0001     12930
   250   -0.39207122E+0001   -0.39282820E+0001    0.10204422E+0001     13383
   300   -0.39234446E+0001   -0.39293701E+0001    0.97434667E+0000     13811
   350   -0.39258274E+0001   -0.39298389E+0001    0.97895525E+0000     13934
   400   -0.39257198E+0001   -0.39296880E+0001    0.92632212E+0000     14157
     1   -0.39239678E+0001   -0.39242457E+0001    0.11192428E+0001     11998
    50   -0.39223646E+0001   -0.39261374E+0001    0.11036804E+0001     12001
   100   -0.39212432E+0001   -0.39259368E+0001    0.11228680E+0001     12263
   150   -0.39205831E+0001   -0.39258644E+0001    0.10932294E+0001     12334
   200   -0.39204700E+0001   -0.39260778E+0001    0.11025672E+0001     12534
   250   -0.39207368E+0001   -0.39265237E+0001    0.10852186E+0001     12963
   300   -0.39215421E+0001   -0.39272716E+0001    0.10494317E+0001     13675
   350   -0.39221302E+0001   -0.39273395E+0001    0.10653238E+0001     13750
   400   -0.39222793E+0001   -0.39270764E+0001    0.10619867E+0001     14159
   450   -0.39219859E+0001   -0.39279931E+0001    0.10686299E+0001     14347
   500   -0.39217440E+0001   -0.39267287E+0001    0.10571794E+0001     14765
   550   -0.39216847E+0001   -0.39266916E+0001    0.10508756E+0001     15404
   600   -0.39216421E+0001   -0.39274481E+0001    0.10756714E+0001     15821
   650   -0.39213878E+0001   -0.39272242E+0001    0.10738808E+0001     16149
   700   -0.39213760E+0001   -0.39275558E+0001    0.10405182E+0001     16641
   750   -0.39217841E+0001   -0.39276823E+0001    0.10393425E+0001     17034
   800   -0.39228251E+0001   -0.39278639E+0001    0.10525371E+0001     17580
   850   -0.39234306E+0001   -0.39282174E+0001    0.10631468E+0001     18068
   900   -0.39234755E+0001   -0.39282659E+0001    0.10264279E+0001     18268
   950   -0.39236393E+0001   -0.39284372E+0001    0.10190755E+0001     18482
     1   -0.39239713E+0001   -0.39242225E+0001    0.11192428E+0001     11996
    50   -0.39223292E+0001   -0.39264031E+0001    0.10843039E+0001     12010
   100   -0.39210911E+0001   -0.39252930E+0001    0.11270667E+0001     12133
   150   -0.39203293E+0001   -0.39258020E+0001    0.11359497E+0001     12238
   200   -0.39200737E+0001   -0.39253297E+0001    0.11259324E+0001     12548
   250   -0.39200497E+0001   -0.39253166E+0001    0.11074548E+0001     12857
   300   -0.39197733E+0001   -0.39254571E+0001    0.11376032E+0001     12951
   350   -0.39196963E+0001   -0.39246684E+0001    0.11483623E+0001     13196
   400   -0.39193841E+0001   -0.39243672E+0001    0.11861882E+0001     13262
   450   -0.39190481E+0001   -0.39251443E+0001    0.12023086E+0001     13240
   500   -0.39185320E+0001   -0.39236543E+0001    0.12242553E+0001     13780
   550   -0.39175464E+0001   -0.39231067E+0001    0.12237441E+0001     13902
   600   -0.39165356E+0001   -0.39220699E+0001    0.12372613E+0001     14285
   650   -0.39157508E+0001   -0.39219035E+0001    0.12202977E+0001     14656
   700   -0.39157436E+0001   -0.39219730E+0001    0.11960453E+0001     15221
   750   -0.39161413E+0001   -0.39214014E+0001    0.12070853E+0001     15662
   800   -0.39155179E+0001   -0.39216739E+0001    0.12118020E+0001     16034
   850   -0.39147465E+0001   -0.39217663E+0001    0.12034601E+0001     16561
   900   -0.39141696E+0001   -0.39224960E+0001    0.12163283E+0001     16888
   950   -0.39143579E+0001   -0.39224142E+0001    0.11985378E+0001     17222
  1000   -0.39155237E+0001   -0.39226223E+0001    0.11756274E+0001     17538
  1050   -0.39162279E+0001   -0.39229173E+0001    0.12243347E+0001     18062
  1100   -0.39164171E+0001   -0.39223800E+0001    0.11992305E+0001     18539
  1150   -0.39163544E+0001   -0.39230429E+0001    0.11573379E+0001     19157
  1200   -0.39166609E+0001   -0.39235023E+0001    0.11443081E+0001     19589
  1250   -0.39172274E+0001   -0.39236314E+0001    0.11517256E+0001     20052
  1300   -0.39168673E+0001   -0.39224646E+0001    0.11612160E+0001     20725
  1350   -0.39162467E+0001   -0.39216863E+0001    0.11424045E+0001     21346
  1400   -0.39157847E+0001   -0.39214654E+0001    0.11846947E+0001     21877
  1450   -0.39155011E+0001   -0.39213010E+0001    0.11729655E+0001     22667
  1500   -0.39150217E+0001   -0.39213371E+0001    0.12003529E+0001     23202
  1550   -0.39142344E+0001   -0.39209259E+0001    0.12346496E+0001     23679
  1600   -0.39136619E+0001   -0.39198786E+0001    0.12344779E+0001     24088
  1601   -0.39137782E+0001   -0.39137782E+0001    0.12804134E+0001     12000
  1650   -0.39162808E+0001   -0.39207689E+0001    0.11608298E+0001     11971
  1700   -0.39147452E+0001   -0.39198119E+0001    0.11991204E+0001     12020
  1750   -0.39137678E+0001   -0.39202778E+0001    0.12312470E+0001     12311
  1800   -0.39132859E+0001   -0.39198747E+0001    0.12141284E+0001     12539
  1850   -0.39132952E+0001   -0.39204383E+0001    0.12032207E+0001     13011
  1900   -0.39136195E+0001   -0.39203793E+0001    0.12060047E+0001     13427
  1950   -0.39139799E+0001   -0.39208088E+0001    0.11748787E+0001     13827
  2000   -0.39141092E+0001   -0.39213711E+0001    0.11677745E+0001     14177
  2050   -0.39149642E+0001   -0.39216396E+0001    0.11838984E+0001     14477
  2100   -0.39162027E+0001   -0.39216593E+0001    0.11689208E+0001     15079
  2150   -0.39160505E+0001   -0.39221109E+0001    0.11876109E+0001     15637
  2200   -0.39158140E+0001   -0.39227160E+0001    0.11800589E+0001     15944
  2250   -0.39158117E+0001   -0.39225842E+0001    0.11885724E+0001     16495
  2300   -0.39159747E+0001   -0.39225677E+0001    0.11513251E+0001     16658
  2350   -0.39159743E+0001   -0.39220676E+0001    0.11441637E+0001     17055
  2400   -0.39160951E+0001   -0.39237922E+0001    0.11619163E+0001     17560
  2450   -0.39172098E+0001   -0.39230137E+0001    0.11762792E+0001     17990
  2500   -0.39173497E+0001   -0.39233235E+0001    0.11999969E+0001     18305
  2550   -0.39169243E+0001   -0.39227283E+0001    0.11802792E+0001     18939
  2600   -0.39164052E+0001   -0.39228831E+0001    0.11969127E+0001     19273
  2650   -0.39161368E+0001   -0.39239999E+0001    0.11702832E+0001     19655
  2700   -0.39162174E+0001   -0.39244277E+0001    0.11780947E+0001     19894
  2750   -0.39164098E+0001   -0.39249544E+0001    0.11971930E+0001     20666
  2800   -0.39164707E+0001   -0.39250618E+0001    0.11282183E+0001     21291
  2850   -0.39163750E+0001   -0.39235912E+0001    0.11799711E+0001     21598
  2900   -0.39166779E+0001   -0.39239090E+0001    0.11769019E+0001     21850
  2950   -0.39176949E+0001   -0.39234169E+0001    0.11328908E+0001     22039
  3000   -0.39180619E+0001   -0.39241454E+0001    0.11665256E+0001     22516
  3050   -0.39179413E+0001   -0.39242893E+0001    0.11437409E+0001     23273
  3100   -0.39174900E+0001   -0.39229997E+0001    0.11436291E+0001     23476
  3150   -0.39172598E+0001   -0.39237368E+0001    0.11237006E+0001     24275
  3200   -0.39176758E+0001   -0.39256361E+0001    0.10672068E+0001     25037
  3201   -0.39177786E+0001   -0.39177786E+0001    0.12066171E+0001     12000
  3250   -0.39200496E+0001   -0.39235971E+0001    0.10842061E+0001     11938
  3300   -0.39189097E+0001   -0.39241836E+0001    0.11146637E+0001     12301
  3350   -0.39183270E+0001   -0.39237300E+0001    0.11207873E+0001     12709
  3400   -0.39182334E+0001   -0.39241226E+0001    0.11234354E+0001     13136
  3450   -0.39183112E+0001   -0.39251378E+0001    0.11252130E+0001     13388
  3500   -0.39183258E+0001   -0.39243127E+0001    0.11268937E+0001     13687
  3550   -0.39189121E+0001   -0.39248170E+0001    0.11156628E+0001     13773
  3600   -0.39194585E+0001   -0.39257014E+0001    0.11110265E+0001     13966
  3650   -0.39197130E+0001   -0.39255795E+0001    0.11251783E+0001     14129
  3700   -0.39202699E+0001   -0.39255480E+0001    0.11040043E+0001     14780
  3750   -0.39205753E+0001   -0.39260761E+0001    0.10558995E+0001     14774
  3800   -0.39213216E+0001   -0.39262577E+0001    0.10448596E+0001     15013
  3850   -0.39223064E+0001   -0.39263396E+0001    0.10600649E+0001     15156
  3900   -0.39224123E+0001   -0.39273963E+0001    0.10804125E+0001     15323
  3950   -0.39222563E+0001   -0.39274291E+0001    0.10570692E+0001     15679
  4000   -0.39221057E+0001   -0.39278772E+0001    0.10357252E+0001     16251
  4050   -0.39224562E+0001   -0.39281257E+0001    0.10173610E+0001     16614
  4100   -0.39231218E+0001   -0.39291323E+0001    0.10110806E+0001     17006
  4150   -0.39236471E+0001   -0.39299540E+0001    0.97758080E+0000     17433
     1   -0.39239738E+0001   -0.39242254E+0001    0.11192428E+0001     12000
    50   -0.39224707E+0001   -0.39258646E+0001    0.10993322E+0001     12073
   100   -0.39214032E+0001   -0.39257189E+0001    0.11152183E+0001     12320
   150   -0.39208420E+0001   -0.39261323E+0001    0.10701747E+0001     12422
   200   -0.39207480E+0001   -0.39262074E+0001    0.10988947E+0001     12656
   250   -0.39209389E+0001   -0.39263498E+0001    0.10772992E+0001     12973
   300   -0.39217261E+0001   -0.39264604E+0001    0.10305722E+0001     13065
   350   -0.39222442E+0001   -0.39267807E+0001    0.10452388E+0001     13759
   400   -0.39224261E+0001   -0.39267489E+0001    0.10153374E+0001     13985
   450   -0.39224127E+0001   -0.39271043E+0001    0.10212276E+0001     14385
   500   -0.39227090E+0001   -0.39279687E+0001    0.98273602E+0000     14804
   550   -0.39233879E+0001   -0.39287489E+0001    0.10063970E+0001     15275
   600   -0.39239762E+0001   -0.39289544E+0001    0.10002826E+0001     15448
     1   -0.39239707E+0001   -0.39242122E+0001    0.11192428E+0001     12004
    50   -0.39223539E+0001   -0.39258656E+0001    0.11080355E+0001     12174
   100   -0.39211613E+0001   -0.39263096E+0001    0.10919758E+0001     12317
   150   -0.39207359E+0001   -0.39261186E+0001    0.11044478E+0001     12435
   200   -0.39205489E+0001   -0.39259922E+0001    0.10985410E+0001     12706
   250   -0.39205911E+0001   -0.39255896E+0001    0.11169414E+0001     12918
   300   -0.39206507E+0001   -0.39258116E+0001    0.10957769E+0001     13302
   350   -0.39208440E+0001   -0.39263513E+0001    0.10627510E+0001     13406
   400   -0.39210564E+0001   -0.39264948E+0001    0.10812231E+0001     14018
   450   -0.39215005E+0001   -0.39270431E+0001    0.10791541E+0001     14273
   500   -0.39217048E+0001   -0.39265816E+0001    0.10842008E+0001     14599
   550   -0.39217521E+0001   -0.39271458E+0001    0.10490033E+0001     14721
   600   -0.39218037E+0001   -0.39273004E+0001    0.10414255E+0001     14979
   650   -0.39222095E+0001   -0.39275924E+0001    0.10793680E+0001     15555
   700   -0.39223502E+0001   -0.39281226E+0001    0.10830309E+0001     15994
   750   -0.39220447E+0001   -0.39275607E+0001    0.10109786E+0001     16256
   800   -0.39219996E+0001   -0.39280761E+0001    0.98644026E+0000     16530
   850   -0.39227099E+0001   -0.39282864E+0001    0.99845953E+0000     17008
   900   -0.39233619E+0001   -0.39281151E+0001    0.10219276E+0001     17397
   950   -0.39233374E+0001   -0.39273867E+0001    0.10234592E+0001     17447
  1000   -0.39231609E+0001   -0.39279593E+0001    0.10374012E+0001     17966
  1050   -0.39229992E+0001   -0.39277249E+0001    0.10167440E+0001     18016
  1100   -0.39228877E+0001   -0.39279299E+0001    0.10154288E+0001     18384
  1150   -0.39229889E+0001   -0.39279575E+0001    0.10407361E+0001     18766
  1200   -0.39231918E+0001   -0.39279945E+0001    0.10467478E+0001     19399
  1250   -0.39233814E+0001   -0.39282489E+0001    0.10505560E+0001     20357
  1300   -0.39234185E+0001   -0.39291184E+0001    0.10228095E+0001     21246
  1350   -0.39234104E+0001   -0.39291556E+0001    0.99310024E+0000     21514
  1400   -0.39238483E+0001   -0.39292115E+0001    0.10097040E+0001     22265
     1   -0.39239687E+0001   -0.39242036E+0001    0.11192428E+0001     12000
    50   -0.39222889E+0001   -0.39258984E+0001    0.10841197E+0001     11999
   100   -0.39210030E+0001   -0.39256743E+0001    0.11209162E+0001     12215
   150   -0.39203394E+0001   -0.39257633E+0001    0.10887160E+0001     12555
   200   -0.39201512E+0001   -0.39254182E+0001    0.11190055E+0001     12802
   250   -0.39203232E+0001   -0.39258972E+0001    0.11000429E+0001     13227
   300   -0.39207498E+0001   -0.39259692E+0001    0.10947641E+0001     13509
   350   -0.39208655E+0001   -0.39261778E+0001    0.10811267E+0001     13586
   400   -0.39208330E+0001   -0.39263930E+0001    0.10620953E+0001     14070
   450   -0.39213206E+0001   -0.39260765E+0001    0.10597535E+0001     14555
   500   -0.39219334E+0001   -0.39259995E+0001    0.10962966E+0001     15206
   550   -0.39216789E+0001   -0.39262537E+0001    0.10716736E+0001     15631
   600   -0.39211595E+0001   -0.39261018E+0001    0.10903190E+0001     16073
   650   -0.39207804E+0001   -0.39256635E+0001    0.10654465E+0001     16576
   700   -0.39202865E+0001   -0.39261666E+0001    0.10667636E+0001     16785
   750   -0.39200250E+0001   -0.39255599E+0001    0.10835126E+0001     17335
   800   -0.39201221E+0001   -0.39252194E+0001    0.11011264E+0001     17862
   850   -0.39205617E+0001   -0.39256235E+0001    0.10815701E+0001     18436
   900   -0.39207420E+0001   -0.39266414E+0001    0.10875387E+0001     18897
   950   -0.39211449E+0001   -0.39263356E+0001    0.10786872E+0001     19186
  1000   -0.39213742E+0001   -0.39266175E+0001    0.10334524E+0001     19794
  1050   -0.39215035E+0001   -0.39262443E+0001    0.10549172E+0001     20540
  1100   -0.39216803E+0001   -0.39270240E+0001    0.10625355E+0001     20836
  1150   -0.39219169E+0001   -0.39271380E+0001    0.10608594E+0001     21192
  1200   -0.39223363E+0001   -0.39271705E+0001    0.10534988E+0001     21741
  1250   -0.39222781E+0001   -0.39274761E+0001    0.10915265E+0001     22407
  1300   -0.39218803E+0001   -0.39272075E+0001    0.10569431E+0001     23028
  1350   -0.39215253E+0001   -0.39260946E+0001    0.10593935E+0001     23870
  1400   -0.39210165E+0001   -0.39258833E+0001    0.10876788E+0001     24412
  1450   -0.39204215E+0001   -0.39261371E+0001    0.10605911E+0001     24864
  1500   -0.39198731E+0001   -0.39257590E+0001    0.10711391E+0001     25422
  1550   -0.39198268E+0001   -0.39261033E+0001    0.10650679E+0001     25698
  1600   -0.39202091E+0001   -0.39260796E+0001    0.10994639E+0001     26320
  1601   -0.39203028E+0001   -0.39203028E+0001    0.11456608E+0001     12000
  1650   -0.39223202E+0001   -0.39257490E+0001    0.10162148E+0001     11885
  1700   -0.39212033E+0001   -0.39256006E+0001    0.10700150E+0001     11917
  1750   -0.39205359E+0001   -0.39255413E+0001    0.10588509E+0001     12042
  1800   -0.39204324E+0001   -0.39255841E+0001    0.10811673E+0001     12269
  1850   -0.39205871E+0001   -0.39256023E+0001    0.10424502E+0001     12512
  1900   -0.39209260E+0001   -0.39258827E+0001    0.10569796E+0001     12616
  1950   -0.39211573E+0001   -0.39264780E+0001    0.10462482E+0001     12936
  2000   -0.39210555E+0001   -0.39259159E+0001    0.10730034E+0001     13172
  2050   -0.39207852E+0001   -0.39264267E+0001    0.10998042E+0001     13444
  2100   -0.39205592E+0001   -0.39266362E+0001    0.11209691E+0001     13795
  2150   -0.39206308E+0001   -0.39260430E+0001    0.10900253E+0001     14499
  2200   -0.39207347E+0001   -0.39260877E+0001    0.11047524E+0001     14820
  2250   -0.39207143E+0001   -0.39257209E+0001    0.11358185E+0001     15294
  2300   -0.39206760E+0001   -0.39260491E+0001    0.10983488E+0001     15651
  2350   -0.39205655E+0001   -0.39257255E+0001    0.10853265E+0001     15910
  2400   -0.39203403E+0001   -0.39250797E+0001    0.11022613E+0001     16021
  2450   -0.39200996E+0001   -0.39253513E+0001    0.10803089E+0001     16210
  2500   -0.39203741E+0001   -0.39250846E+0001    0.11106528E+0001     16341
  2550   -0.39206192E+0001   -0.39258555E+0001    0.10964178E+0001     16412
  2600   -0.39203880E+0001   -0.39255525E+0001    0.11032381E+0001     16739
  2650   -0.39206145E+0001   -0.39252611E+0001    0.11083424E+0001     17338
  2700   -0.39209333E+0001   -0.39258809E+0001    0.10645624E+0001     17550
  2750   -0.39210940E+0001   -0.39251089E+0001    0.10990544E+0001     17932
  2800   -0.39211898E+0001   -0.39252235E+0001    0.11046225E+0001     18571
  2850   -0.39208636E+0001   -0.39247221E+0001    0.11222702E+0001     19237
  2900   -0.39203621E+0001   -0.39252641E+0001    0.11223548E+0001     19600
  2950   -0.39198132E+0001   -0.39251176E+0001    0.11279046E+0001     20248
  3000   -0.39194165E+0001   -0.39245444E+0001    0.11395461E+0001     20391
  3050   -0.39194160E+0001   -0.39249904E+0001    0.11130672E+0001     20827
  3100   -0.39193003E+0001   -0.39255277E+0001    0.11221147E+0001     21218
  3150   -0.39190980E+0001   -0.39244602E+0001    0.11061848E+0001     21730
  3200   -0.39188595E+0001   -0.39246053E+0001    0.11462942E+0001     22150
  3201   -0.39189577E+0001   -0.39189577E+0001    0.11705845E+0001     12000
  3250   -0.39210890E+0001   -0.39250254E+0001    0.10402100E+0001     11953
  3300   -0.39200581E+0001   -0.39251390E+0001    0.10907543E+0001     11988
  3350   -0.39194263E+0001   -0.39252215E+0001    0.11021102E+0001     12142
  3400   -0.39192223E+0001   -0.39267968E+0001    0.10985073E+0001     12544
  3450   -0.39192463E+0001   -0.39264898E+0001    0.11179453E+0001     12858
  3500   -0.39195054E+0001   -0.39275683E+0001    0.10987887E+0001     13280
  3550   -0.39199839E+0001   -0.39269212E+0001    0.10580409E+0001     13641
  3600   -0.39210694E+0001   -0.39278078E+0001    0.10208292E+0001     14010
  3650   -0.39229197E+0001   -0.39281920E+0001    0.96234171E+0000     14202
  3700   -0.39239813E+0001   -0.39286360E+0001    0.98346035E+0000     14369
     1   -0.39239725E+0001   -0.39242204E+0001    0.11192428E+0001     12003
    50   -0.39224461E+0001   -0.39258995E+0001    0.10850114E+0001     12021
   100   -0.39214044E+0001   -0.39263231E+0001    0.10961116E+0001     12221
   150   -0.39210600E+0001   -0.39263990E+0001    0.11043311E+0001     12555
   200   -0.39213230E+0001   -0.39267877E+0001    0.11286879E+0001     12876
   250   -0.39212919E+0001   -0.39265679E+0001    0.11143002E+0001     13334
   300   -0.39212973E+0001   -0.39278726E+0001    0.10862854E+0001     13700
   350   -0.39219736E+0001   -0.39270162E+0001    0.10785470E+0001     14216
   400   -0.39228732E+0001   -0.39276959E+0001    0.10582686E+0001     14823
   450   -0.39230115E+0001   -0.39273894E+0001    0.10530510E+0001     14735
   500   -0.39231492E+0001   -0.39276413E+0001    0.10561338E+0001     15167
   550   -0.39234958E+0001   -0.39288433E+0001    0.10115538E+0001     15411
   600   -0.39238175E+0001   -0.39287120E+0001    0.10176415E+0001     15957
     1   -0.39239721E+0001   -0.39242112E+0001    0.11192428E+0001     11997
    50   -0.39223755E+0001   -0.39265054E+0001    0.10672168E+0001     12072
   100   -0.39212222E+0001   -0.39266935E+0001    0.10751613E+0001     11939
   150   -0.39206914E+0001   -0.39265541E+0001    0.10894179E+0001     12158
   200   -0.39210847E+0001   -0.39270725E+0001    0.11062111E+0001     12418
   250   -0.39217774E+0001   -0.39271926E+0001    0.10311043E+0001     12492
   300   -0.39221948E+0001   -0.39282885E+0001    0.10181402E+0001     12870
   350   -0.39232657E+0001   -0.39288965E+0001    0.97338290E+0000     13393
   400   -0.39241823E+0001   -0.39289339E+0001    0.97650392E+0000     13704
     1   -0.39239701E+0001   -0.39242172E+0001    0.11192428E+0001     11995
    50   -0.39222898E+0001   -0.39257848E+0001    0.10922804E+0001     12101
   100   -0.39210572E+0001   -0.39265032E+0001    0.10698568E+0001     12262
   150   -0.39205124E+0001   -0.39261750E+0001    0.11150344E+0001     12679
   200   -0.39207697E+0001   -0.39257589E+0001    0.11087791E+0001     12944
   250   -0.39208501E+0001   -0.39256709E+0001    0.11009817E+0001     13215
   300   -0.39204624E+0001   -0.39253242E+0001    0.11017286E+0001     13475
   350   -0.39200749E+0001   -0.39259936E+0001    0.11266420E+0001     13714
   400   -0.39199568E+0001   -0.39254519E+0001    0.11113117E+0001     13862
   450   -0.39201812E+0001   -0.39251365E+0001    0.10870498E+0001     14153
   500   -0.39200044E+0001   -0.39254950E+0001    0.11043495E+0001     14316
   550   -0.39202489E+0001   -0.39265527E+0001    0.10828758E+0001     14715
   600   -0.39208528E+0001   -0.39258411E+0001    0.10674611E+0001     15123
   650   -0.39210953E+0001   -0.39256143E+0001    0.10930650E+0001     15565
   700   -0.39210293E+0001   -0.39258205E+0001    0.10981604E+0001     15833
   750   -0.39208480E+0001   -0.39263163E+0001    0.10907220E+0001     16272
   800   -0.39206360E+0001   -0.39258701E+0001    0.11201536E+0001     16496
   850   -0.39202954E+0001   -0.39244307E+0001    0.11540375E+0001     17166
   900   -0.39197304E+0001   -0.39255939E+0001    0.11153069E+0001     17744
   950   -0.39192329E+0001   -0.39241100E+0001    0.11488971E+0001     18089
  1000   -0.39186249E+0001   -0.39241340E+0001    0.11524918E+0001     18395
  1050   -0.39179421E+0001   -0.39240919E+0001    0.11880922E+0001     18946
  1100   -0.39175490E+0001   -0.39236242E+0001    0.11141505E+0001     19330
  1150   -0.39184454E+0001   -0.39239268E+0001    0.11287685E+0001     19854
  1200   -0.39186602E+0001   -0.39243495E+0001    0.11094472E+0001     20236
  1250   -0.39183807E+0001   -0.39243559E+0001    0.11274995E+0001     20779
  1300   -0.39183067E+0001   -0.39244604E+0001    0.11277523E+0001     21344
  1350   -0.39183080E+0001   -0.39243956E+0001    0.11148263E+0001     21615
  1400   -0.39185833E+0001   -0.39240423E+0001    0.11496214E+0001     22411
  1450   -0.39189637E+0001   -0.39234306E+0001    0.11592891E+0001     23207
  1500   -0.39187916E+0001   -0.39237949E+0001    0.10987165E+0001     23341
  1550   -0.39185600E+0001   -0.39252330E+0001    0.10666076E+0001     23835
  1600   -0.39189807E+0001   -0.39257513E+0001    0.10798208E+0001     24641
  1601   -0.39190812E+0001   -0.39190812E+0001    0.11823878E+0001     12000
  1650   -0.39211961E+0001   -0.39243604E+0001    0.10737222E+0001     12031
  1700   -0.39200615E+0001   -0.39252662E+0001    0.10492563E+0001     12175
  1750   -0.39193494E+0001   -0.39246416E+0001    0.10903069E+0001     12470
  1800   -0.39190516E+0001   -0.39254393E+0001    0.11235658E+0001     12699
  1850   -0.39192055E+0001   -0.39245832E+0001    0.10920703E+0001     13035
  1900   -0.39194011E+0001   -0.39259671E+0001    0.11219868E+0001     13207
  1950   -0.39195054E+0001   -0.39243577E+0001    0.11135042E+0001     13754
  2000   -0.39192825E+0001   -0.39243062E+0001    0.11704196E+0001     13929
  2050   -0.39191472E+0001   -0.39236684E+0001    0.11792488E+0001     14220
  2100   -0.39188776E+0001   -0.39231458E+0001    0.11489474E+0001     14545
  2150   -0.39187844E+0001   -0.39237173E+0001    0.11611164E+0001     14926
  2200   -0.39186367E+0001   -0.39237962E+0001    0.11537825E+0001     15335
  2250   -0.39185917E+0001   -0.39240692E+0001    0.11415892E+0001     15841
  2300   -0.39185996E+0001   -0.39240440E+0001    0.11289280E+0001     16123
  2350   -0.39187103E+0001   -0.39237815E+0001    0.11426213E+0001     16502
  2400   -0.39189938E+0001   -0.39246591E+0001    0.11180166E+0001     17131
  2450   -0.39192057E+0001   -0.39252816E+0001    0.10723983E+0001     17635
  2500   -0.39200183E+0001   -0.39260405E+0001    0.10506147E+0001     17935
  2550   -0.39212543E+0001   -0.39264458E+0001    0.10341762E+0001     18534
  2600   -0.39216705E+0001   -0.39264539E+0001    0.10283059E+0001     18992
  2650   -0.39215863E+0001   -0.39270980E+0001    0.10538920E+0001     19203
  2700   -0.39218345E+0001   -0.39273696E+0001    0.10324710E+0001     19501
  2750   -0.39223145E+0001   -0.39271718E+0001    0.10186244E+0001     19811
  2800   -0.39228400E+0001   -0.39283993E+0001    0.94987288E+0000     20166
  2850   -0.39234925E+0001   -0.39289791E+0001    0.95274687E+0000     20486
     1   -0.39239685E+0001   -0.39242134E+0001    0.11192428E+0001     12003
    50   -0.39223239E+0001   -0.39257474E+0001    0.10955244E+0001     12136
   100   -0.39210962E+0001   -0.39259901E+0001    0.11442781E+0001     12494
   150   -0.39204444E+0001   -0.39265668E+0001    0.11208745E+0001     12547
   200   -0.39203314E+0001   -0.39263672E+0001    0.11269504E+0001     12660
   250   -0.39206548E+0001   -0.39263132E+0001    0.10985084E+0001     12972
   300   -0.39212151E+0001   -0.39267357E+0001    0.11177967E+0001     13447
   350   -0.39218372E+0001   -0.39265548E+0001    0.11134851E+0001     13859
   400   -0.39219679E+0001   -0.39259381E+0001    0.11141621E+0001     14122
   450   -0.39214272E+0001   -0.39257873E+0001    0.11511188E+0001     14681
   500   -0.39208325E+0001   -0.39258972E+0001    0.11298367E+0001     14972
   550   -0.39204171E+0001   -0.39263348E+0001    0.11203641E+0001     15272
   600   -0.39202415E+0001   -0.39256865E+0001    0.11372734E+0001     15729
   650   -0.39202003E+0001   -0.39258270E+0001    0.11603143E+0001     15982
   700   -0.39201330E+0001   -0.39248335E+0001    0.11342108E+0001     16266
   750   -0.39197384E+0001   -0.39248010E+0001    0.11208323E+0001     16713
   800   -0.39195808E+0001   -0.39250893E+0001    0.11206736E+0001     17203
   850   -0.39191724E+0001   -0.39243792E+0001    0.11565501E+0001     17493
   900   -0.39187356E+0001   -0.39240063E+0001    0.11727578E+0001     17898
   950   -0.39182720E+0001   -0.39246306E+0001    0.11661095E+0001     18095
  1000   -0.39179204E+0001   -0.39248818E+0001    0.11565106E+0001     18210
  1050   -0.39178088E+0001   -0.39248246E+0001    0.11435085E+0001     18585
  1100   -0.39186245E+0001   -0.39253538E+0001    0.11366314E+0001     19380
  1150   -0.39194262E+0001   -0.39249405E+0001    0.11132905E+0001     20312
  1200   -0.39196736E+0001   -0.39250647E+0001    0.10981904E+0001     20719
  1250   -0.39198768E+0001   -0.39254251E+0001    0.11173214E+0001     21751
  1300   -0.39198279E+0001   -0.39253429E+0001    0.11075392E+0001     22690
  1350   -0.39196439E+0001   -0.39255789E+0001    0.10962020E+0001     23214
  1400   -0.39196110E+0001   -0.39249001E+0001    0.10955922E+0001     23635
  1450   -0.39195985E+0001   -0.39263261E+0001    0.11224646E+0001     24202
  1500   -0.39196459E+0001   -0.39251542E+0001    0.11359442E+0001     24495
  1550   -0.39197958E+0001   -0.39265329E+0001    0.10249146E+0001     25421
  1600   -0.39205943E+0001   -0.39273048E+0001    0.10372724E+0001     26016
  1601   -0.39206886E+0001   -0.39206886E+0001    0.11490359E+0001     12000
  1650   -0.39227236E+0001   -0.39259965E+0001    0.10260925E+0001     11985
  1700   -0.39216920E+0001   -0.39260173E+0001    0.10577261E+0001     12082
  1750   -0.39211520E+0001   -0.39255795E+0001    0.10838990E+0001     12370
  1800   -0.39209324E+0001   -0.39253671E+0001    0.10693491E+0001     12620
  1850   -0.39208570E+0001   -0.39259961E+0001    0.10637453E+0001     13089
  1900   -0.39209456E+0001   -0.39264854E+0001    0.10796877E+0001     13142
  1950   -0.39213520E+0001   -0.39261319E+0001    0.10596426E+0001     13437
  2000   -0.39216232E+0001   -0.39269555E+0001    0.10757467E+0001     13770
  2050   -0.39214129E+0001   -0.39263611E+0001    0.11041916E+0001     14132
  2100   -0.39213138E+0001   -0.39265100E+0001    0.10619244E+0001     14465
  2150   -0.39212097E+0001   -0.39262942E+0001    0.10439775E+0001     14921
  2200   -0.39215190E+0001   -0.39272521E+0001    0.10267165E+0001     15488
  2250   -0.39224702E+0001   -0.39276199E+0001    0.10116114E+0001     15620
  2300   -0.39231413E+0001   -0.39283509E+0001    0.99392862E+0000     16034
  2350   -0.39232593E+0001   -0.39292634E+0001    0.10055455E+0001     16354
  2400   -0.39235048E+0001   -0.39293887E+0001    0.97332299E+0000     17334
     1   -0.39239723E+0001   -0.39242133E+0001    0.11192428E+0001     11995
    50   -0.39223674E+0001   -0.39259600E+0001    0.10943797E+0001     12032
   100   -0.39211303E+0001   -0.39259254E+0001    0.11051567E+0001     12282
   150   -0.39204711E+0001   -0.39258971E+0001    0.11009019E+0001     12451
   200   -0.39204337E+0001   -0.39259694E+0001    0.10810867E+0001     12694
   250   -0.39212403E+0001   -0.39267594E+0001    0.11048183E+0001     12852
   300   -0.39219989E+0001   -0.39277985E+0001    0.10551323E+0001     13086
   350   -0.39221785E+0001   -0.39288767E+0001    0.10935280E+0001     13218
   400   -0.39223620E+0001   -0.39280914E+0001    0.10879250E+0001     13889
   450   -0.39225701E+0001   -0.39275520E+0001    0.10943334E+0001     14113
   500   -0.39232009E+0001   -0.39275678E+0001    0.10600402E+0001     14522
   550   -0.39234149E+0001   -0.39282354E+0001    0.10627325E+0001     14905
   600   -0.39231331E+0001   -0.39280414E+0001    0.10807846E+0001     15342
   650   -0.39230176E+0001   -0.39282587E+0001    0.10598634E+0001     15639
   700   -0.39236096E+0001   -0.39294868E+0001    0.10133517E+0001     16325
   750   -0.39239400E+0001   -0.39289584E+0001    0.10185359E+0001     16887
     1   -0.39239687E+0001   -0.39242272E+0001    0.11192428E+0001     12003
    50   -0.39222895E+0001   -0.39259726E+0001    0.10973577E+0001     11869
   100   -0.39210149E+0001   -0.39254253E+0001    0.11394393E+0001     11882
   150   -0.39203080E+0001   -0.39253681E+0001    0.11344573E+0001     11955
   200   -0.39201512E+0001   -0.39248543E+0001    0.11371156E+0001     12410
   250   -0.39203072E+0001   -0.39250740E+0001    0.11615204E+0001     12756
   300   -0.39201891E+0001   -0.39251091E+0001    0.11608292E+0001     12778
   350   -0.39201644E+0001   -0.39257018E+0001    0.11582220E+0001     13228
   400   -0.39201001E+0001   -0.39259340E+0001    0.11557353E+0001     13447
   450   -0.39197397E+0001   -0.39263183E+0001    0.11295086E+0001     13710
   500   -0.39200146E+0001   -0.39266215E+0001    0.11231796E+0001     14379
   550   -0.39203166E+0001   -0.39271490E+0001    0.11037956E+0001     14817
   600   -0.39214910E+0001   -0.39272455E+0001    0.11269571E+0001     15006
   650   -0.39220607E+0001   -0.39273068E+0001    0.10974697E+0001     15345
   700   -0.39218532E+0001   -0.39271815E+0001    0.10869878E+0001     15874
   750   -0.39219030E+0001   -0.39281979E+0001    0.10967394E+0001     16203
   800   -0.39221207E+0001   -0.39276730E+0001    0.10620173E+0001     16676
   850   -0.39223592E+0001   -0.39275918E+0001    0.10766356E+0001     17239
   900   -0.39228307E+0001   -0.39274528E+0001    0.10625713E+0001     17738
   950   -0.39227423E+0001   -0.39273284E+0001    0.10907047E+0001     18259
  1000   -0.39226161E+0001   -0.39274495E+0001    0.10931917E+0001     18747
  1050   -0.39223447E+0001   -0.39269657E+0001    0.10819211E+0001     19096
  1100   -0.39221846E+0001   -0.39265123E+0001    0.10723407E+0001     19543
  1150   -0.39220314E+0001   -0.39262887E+0001    0.10792001E+0001     20199
  1200   -0.39218766E+0001   -0.39264367E+0001    0.10934084E+0001     20949
  1250   -0.39216578E+0001   -0.39266589E+0001    0.10693716E+0001     21559
  1300   -0.39213076E+0001   -0.39269963E+0001    0.11005043E+0001     21992
  1350   -0.39211031E+0001   -0.39263966E+0001    0.10910474E+0001     21985
  1400   -0.39216648E+0001   -0.39272389E+0001    0.10763229E+0001     22752
  1450   -0.39220266E+0001   -0.39266098E+0001    0.10800044E+0001     23597
  1500   -0.39218949E+0001   -0.39263979E+0001    0.10746267E+0001     24217
  1550   -0.39216970E+0001   -0.39266389E+0001    0.10260469E+0001     24957
  1600   -0.39216416E+0001   -0.39269792E+0001    0.10444922E+0001     25415
  1601   -0.39217308E+0001   -0.39217308E+0001    0.11130204E+0001     12000
  1650   -0.39236171E+0001   -0.39271458E+0001    0.98508039E+0000     12035
  1700   -0.39226113E+0001   -0.39267709E+0001    0.10321845E+0001     12193
  1750   -0.39220458E+0001   -0.39275497E+0001    0.10285562E+0001     12473
  1800   -0.39218488E+0001   -0.39274338E+0001    0.10426050E+0001     12933
  1850   -0.39217967E+0001   -0.39271455E+0001    0.10411047E+0001     13185
  1900   -0.39220646E+0001   -0.39275199E+0001    0.10186333E+0001     13635
  1950   -0.39224291E+0001   -0.39278449E+0001    0.10334957E+0001     13976
  2000   -0.39228783E+0001   -0.39279896E+0001    0.99775363E+0000     14171
  2050   -0.39229560E+0001   -0.39278942E+0001    0.10293438E+0001     14323
  2100   -0.39227751E+0001   -0.39277829E+0001    0.10238924E+0001     14959
  2150   -0.39227759E+0001   -0.39280102E+0001    0.10389767E+0001     15223
  2200   -0.39228507E+0001   -0.39273983E+0001    0.99628947E+0000     15769
  2250   -0.39230451E+0001   -0.39279285E+0001    0.99511064E+0000     16289
  2300   -0.39233636E+0001   -0.39279887E+0001    0.97468339E+0000     16786
  2350   -0.39235610E+0001   -0.39282651E+0001    0.10021353E+0001     17168
  2400   -0.39235701E+0001   -0.39287412E+0001    0.10345723E+0001     17539
  2450   -0.39236013E+0001   -0.39283387E+0001    0.10316025E+0001     17903
  2500   -0.39236553E+0001   -0.39289377E+0001    0.97565714E+0000     18529
  2550   -0.39238898E+0001   -0.39284084E+0001    0.99722675E+0000     18985
     1   -0.39239714E+0001   -0.39242142E+0001    0.11192428E+0001     12000
    50   -0.39223327E+0001   -0.39257088E+0001    0.11140482E+0001     12156
   100   -0.39211070E+0001   -0.39249627E+0001    0.11455053E+0001     12057
   150   -0.39203404E+0001   -0.39257681E+0001    0.11376173E+0001     12337
   200   -0.39197083E+0001   -0.39246310E+0001    0.11373639E+0001     12416
   250   -0.39192329E+0001   -0.39251305E+0001    0.11454740E+0001     12537
   300   -0.39192797E+0001   -0.39254028E+0001    0.11105485E+0001     12862
   350   -0.39194395E+0001   -0.39266613E+0001    0.11231274E+0001     13160
   400   -0.39199904E+0001   -0.39281224E+0001    0.11458705E+0001     13721
   450   -0.39205316E+0001   -0.39282848E+0001    0.11538148E+0001     14008
   500   -0.39204557E+0001   -0.39263119E+0001    0.11136279E+0001     14314
   550   -0.39200827E+0001   -0.39259139E+0001    0.10890431E+0001     14780
   600   -0.39207302E+0001   -0.39260579E+0001    0.11074901E+0001     15325
   650   -0.39212733E+0001   -0.39262606E+0001    0.11069310E+0001     15767
   700   -0.39209288E+0001   -0.39275182E+0001    0.10540667E+0001     16173
   750   -0.39207074E+0001   -0.39280365E+0001    0.10177925E+0001     16629
   800   -0.39214430E+0001   -0.39285446E+0001    0.10051820E+0001     17389
   850   -0.39238102E+0001   -0.39286298E+0001    0.10031915E+0001     17689
