83401     -0.74927019E+0001
83450     -0.74948901E+0001
83500     -0.74961291E+0001
83550     -0.74977496E+0001
83600     -0.74988375E+0001
83650     -0.74998701E+0001
83700     -0.75007555E+0001
83750     -0.75014416E+0001
83800     -0.75024705E+0001
83850     -0.75032166E+0001
83900     -0.75042222E+0001
83950     -0.75050328E+0001
84000     -0.75056750E+0001
84050     -0.75061518E+0001
84100     -0.75067385E+0001
84150     -0.75071938E+0001
84200     -0.75075303E+0001
84250     -0.75080584E+0001
84300     -0.75085245E+0001
84350     -0.75093332E+0001
84400     -0.75096332E+0001
84450     -0.75097049E+0001
84500     -0.75098411E+0001
84550     -0.75101053E+0001
84600     -0.75103527E+0001
84650     -0.75107499E+0001
84700     -0.75110881E+0001
84750     -0.75111295E+0001
84800     -0.75115685E+0001
84850     -0.75120061E+0001
84900     -0.75120686E+0001
84950     -0.75121702E+0001
85000     -0.75121969E+0001
85050     -0.75124501E+0001
85100     -0.75123756E+0001
85150     -0.75121574E+0001
85200     -0.75125970E+0001
85250     -0.75129085E+0001
85300     -0.75129281E+0001
85350     -0.75129873E+0001
85400     -0.75133149E+0001
85450     -0.75129366E+0001
85500     -0.75134538E+0001
85550     -0.75133754E+0001
85600     -0.75133261E+0001
85650     -0.75132693E+0001
85700     -0.75133487E+0001
85750     -0.75135392E+0001
85800     -0.75133700E+0001
85850     -0.75135939E+0001
85900     -0.75133099E+0001
85950     -0.75131512E+0001
86000     -0.75135276E+0001
86050     -0.75136417E+0001
86100     -0.75136931E+0001
86150     -0.75142559E+0001
86200     -0.75140513E+0001
86250     -0.75139162E+0001
86300     -0.75139762E+0001
86350     -0.75136748E+0001
86400     -0.75140295E+0001
86450     -0.75140789E+0001
86500     -0.75136330E+0001
86550     -0.75142106E+0001
86600     -0.75141365E+0001
86650     -0.75140739E+0001
86700     -0.75141390E+0001
86750     -0.75141391E+0001
86800     -0.75142512E+0001
86850     -0.75141469E+0001
86900     -0.75141975E+0001
86950     -0.75142864E+0001
87000     -0.75142188E+0001
87050     -0.75144430E+0001
87100     -0.75146260E+0001
87150     -0.75145761E+0001
87200     -0.75143512E+0001
87250     -0.75142348E+0001
87300     -0.75144099E+0001
87350     -0.75145244E+0001
87400     -0.75148114E+0001
87450     -0.75147438E+0001
87500     -0.75146442E+0001
87550     -0.75146735E+0001
87600     -0.75143643E+0001
87650     -0.75143929E+0001
87700     -0.75144008E+0001
87750     -0.75139836E+0001
87800     -0.75146103E+0001
87850     -0.75144827E+0001
87900     -0.75144019E+0001
87950     -0.75148024E+0001
88000     -0.75148725E+0001
88050     -0.75147553E+0001
88100     -0.75148557E+0001
88150     -0.75146507E+0001
88200     -0.75147126E+0001
88250     -0.75146576E+0001
88300     -0.75148366E+0001
88350     -0.75146095E+0001
88400     -0.75147490E+0001
88450     -0.75143775E+0001
88500     -0.75143770E+0001
88550     -0.75144717E+0001
88600     -0.75143710E+0001
88650     -0.75143713E+0001
88700     -0.75144916E+0001
88750     -0.75147512E+0001
88800     -0.75144412E+0001
88850     -0.75147382E+0001
88900     -0.75145988E+0001
88950     -0.75148135E+0001
89000     -0.75144401E+0001
89050     -0.75145765E+0001
89100     -0.75148081E+0001
89150     -0.75145808E+0001
89200     -0.75145615E+0001
89250     -0.75146434E+0001
89300     -0.75146065E+0001
89350     -0.75147884E+0001
89400     -0.75145745E+0001
89450     -0.75148712E+0001
89500     -0.75145238E+0001
89550     -0.75148382E+0001
89600     -0.75148897E+0001
89650     -0.75147106E+0001
89700     -0.75148594E+0001
89750     -0.75145622E+0001
89800     -0.75146255E+0001
89850     -0.75147470E+0001
89900     -0.75147027E+0001
89950     -0.75149916E+0001
90000     -0.75150326E+0001
90050     -0.75147436E+0001
90100     -0.75148350E+0001
90150     -0.75146646E+0001
90200     -0.75146717E+0001
90250     -0.75144560E+0001
90300     -0.75147277E+0001
90350     -0.75147324E+0001
90400     -0.75144796E+0001
90450     -0.75149011E+0001
90500     -0.75148628E+0001
90550     -0.75144806E+0001
90600     -0.75147583E+0001
90650     -0.75150100E+0001
90700     -0.75150436E+0001
90750     -0.75149733E+0001
90800     -0.75150591E+0001
90850     -0.75153063E+0001
90900     -0.75153268E+0001
90950     -0.75148473E+0001
91000     -0.75153032E+0001
91050     -0.75154487E+0001
91100     -0.75152208E+0001
91150     -0.75152907E+0001
91200     -0.75152339E+0001
91250     -0.75152586E+0001
91300     -0.75149701E+0001
91350     -0.75149805E+0001
91400     -0.75152352E+0001
91450     -0.75152097E+0001
91500     -0.75154660E+0001
91550     -0.75153008E+0001
91600     -0.75155696E+0001
91650     -0.75149752E+0001
91700     -0.75151798E+0001
91750     -0.75154153E+0001
91800     -0.75157218E+0001
91850     -0.75155343E+0001
91900     -0.75159048E+0001
91950     -0.75157561E+0001
92000     -0.75157968E+0001
92050     -0.75157418E+0001
92100     -0.75158128E+0001
92150     -0.75158956E+0001
92200     -0.75157738E+0001
92250     -0.75157151E+0001
92300     -0.75154735E+0001
92350     -0.75158761E+0001
92400     -0.75156241E+0001
92450     -0.75157829E+0001
92500     -0.75159709E+0001
92550     -0.75160408E+0001
92600     -0.75160174E+0001
92650     -0.75162754E+0001
92700     -0.75161609E+0001
92750     -0.75159664E+0001
92800     -0.75158928E+0001
92850     -0.75157174E+0001
92900     -0.75156977E+0001
92950     -0.75160946E+0001
93000     -0.75158601E+0001
93050     -0.75157633E+0001
93100     -0.75161783E+0001
93150     -0.75165225E+0001
93200     -0.75160799E+0001
93250     -0.75165453E+0001
93300     -0.75161709E+0001
93350     -0.75164157E+0001
93400     -0.75165150E+0001
93450     -0.75167520E+0001
93500     -0.75167541E+0001
93550     -0.75162981E+0001
93600     -0.75166672E+0001
93650     -0.75167188E+0001
93700     -0.75165169E+0001
93750     -0.75166874E+0001
93800     -0.75165738E+0001
93850     -0.75166638E+0001
93900     -0.75167811E+0001
93950     -0.75169333E+0001
94000     -0.75169053E+0001
94050     -0.75169564E+0001
94100     -0.75170041E+0001
94150     -0.75169146E+0001
94200     -0.75172080E+0001
94250     -0.75171671E+0001
94300     -0.75171894E+0001
94350     -0.75175763E+0001
94400     -0.75174595E+0001
94450     -0.75177555E+0001
94500     -0.75177397E+0001
94550     -0.75178472E+0001
94600     -0.75178809E+0001
94650     -0.75182385E+0001
94700     -0.75182724E+0001
94750     -0.75183901E+0001
94800     -0.75182275E+0001
94850     -0.75184184E+0001
94900     -0.75185373E+0001
94950     -0.75186722E+0001
95000     -0.75188260E+0001
95050     -0.75188206E+0001
95100     -0.75187369E+0001
95150     -0.75189180E+0001
95200     -0.75193839E+0001
95250     -0.75194860E+0001
95300     -0.75190997E+0001
95350     -0.75192730E+0001
95400     -0.75192712E+0001
95450     -0.75195001E+0001
95500     -0.75198465E+0001
95550     -0.75198344E+0001
95600     -0.75200860E+0001
95650     -0.75204222E+0001
95700     -0.75202620E+0001
95750     -0.75207304E+0001
95800     -0.75205643E+0001
95850     -0.75210357E+0001
95900     -0.75211392E+0001
95950     -0.75209549E+0001
96000     -0.75212358E+0001
96050     -0.75214040E+0001
96100     -0.75211614E+0001
96150     -0.75213287E+0001
96200     -0.75215820E+0001
96250     -0.75218123E+0001
96300     -0.75215005E+0001
96350     -0.75216658E+0001
96400     -0.75217484E+0001
96450     -0.75219929E+0001
96500     -0.75222793E+0001
96550     -0.75221740E+0001
96600     -0.75227621E+0001
96650     -0.75233047E+0001
96700     -0.75233007E+0001
96750     -0.75232353E+0001
96800     -0.75234545E+0001
96850     -0.75236372E+0001
96900     -0.75238002E+0001
96950     -0.75238849E+0001
97000     -0.75244641E+0001
97050     -0.75246406E+0001
97100     -0.75247774E+0001
97150     -0.75250548E+0001
97200     -0.75255088E+0001
97250     -0.75259724E+0001
97300     -0.75263297E+0001
97350     -0.75265457E+0001
97400     -0.75270399E+0001
97450     -0.75274772E+0001
97500     -0.75279472E+0001
97550     -0.75283964E+0001
97600     -0.75282972E+0001
97650     -0.75287945E+0001
97700     -0.75290926E+0001
97750     -0.75295804E+0001
97800     -0.75297231E+0001
97850     -0.75294455E+0001
97900     -0.75298348E+0001
97950     -0.75308030E+0001
98000     -0.75316067E+0001
98050     -0.75318508E+0001
98100     -0.75320928E+0001
98150     -0.75325016E+0001
98200     -0.75327616E+0001
98250     -0.75339681E+0001
98300     -0.75347405E+0001
98350     -0.75351513E+0001
98400     -0.75359180E+0001
98450     -0.75366259E+0001
98500     -0.75372828E+0001
98550     -0.75381499E+0001
98600     -0.75384703E+0001
98650     -0.75388678E+0001
98700     -0.75397250E+0001
98750     -0.75407604E+0001
98800     -0.75414807E+0001
98850     -0.75426409E+0001
98900     -0.75432289E+0001
98950     -0.75447386E+0001
99000     -0.75464084E+0001
99050     -0.75471276E+0001
99100     -0.75485172E+0001
99150     -0.75496591E+0001
99200     -0.75509231E+0001
99250     -0.75520214E+0001
99300     -0.75535933E+0001
99350     -0.75554804E+0001
99400     -0.75577595E+0001
99450     -0.75603444E+0001
99500     -0.75625559E+0001
99550     -0.75652258E+0001
99600     -0.75680329E+0001
99650     -0.75704554E+0001
99700     -0.75725787E+0001
99750     -0.75765783E+0001
99800     -0.75802591E+0001
99850     -0.75843498E+0001
99900     -0.75874909E+0001
99950     -0.75912682E+0001
100000     -0.75961098E+0001
100050     -0.75997212E+0001
100100     -0.76040203E+0001
100150     -0.76077149E+0001
100200     -0.76116409E+0001
100250     -0.76163170E+0001
100300     -0.76197317E+0001
100350     -0.76222466E+0001
100400     -0.76248235E+0001
100450     -0.76276061E+0001
100500     -0.76300786E+0001
100550     -0.76315714E+0001
100600     -0.76333288E+0001
100650     -0.76345211E+0001
100700     -0.76354060E+0001
100750     -0.76364561E+0001
100800     -0.76375528E+0001
100850     -0.76382816E+0001
100900     -0.76391290E+0001
100950     -0.76397712E+0001
101000     -0.76401284E+0001
101050     -0.76405467E+0001
101100     -0.76407653E+0001
101150     -0.76412599E+0001
101200     -0.76419129E+0001
101250     -0.76422088E+0001
101300     -0.76425517E+0001
101350     -0.76427339E+0001
101400     -0.76432297E+0001
101450     -0.76433900E+0001
101500     -0.76435584E+0001
101550     -0.76437990E+0001
101600     -0.76437527E+0001
101650     -0.76439128E+0001
101700     -0.76440588E+0001
101750     -0.76439604E+0001
101800     -0.76440174E+0001
101850     -0.76443516E+0001
101900     -0.76446718E+0001
101950     -0.76449849E+0001
102000     -0.76452604E+0001
102050     -0.76453203E+0001
102100     -0.76454216E+0001
102150     -0.76453435E+0001
102200     -0.76456084E+0001
102250     -0.76453686E+0001
102300     -0.76458026E+0001
102350     -0.76456929E+0001
102400     -0.76455498E+0001
102450     -0.76460698E+0001
102500     -0.76460484E+0001
102550     -0.76463381E+0001
102600     -0.76460301E+0001
102650     -0.76463913E+0001
102700     -0.76464337E+0001
102750     -0.76463110E+0001
102800     -0.76460503E+0001
102850     -0.76461827E+0001
102900     -0.76463633E+0001
102950     -0.76462402E+0001
103000     -0.76462769E+0001
103050     -0.76464249E+0001
103100     -0.76464877E+0001
103150     -0.76464669E+0001
103200     -0.76465696E+0001
103250     -0.76464205E+0001
103300     -0.76465080E+0001
103350     -0.76465144E+0001
103400     -0.76469589E+0001
103450     -0.76467364E+0001
103500     -0.76468976E+0001
103550     -0.76469028E+0001
103600     -0.76468481E+0001
103650     -0.76468008E+0001
103700     -0.76470135E+0001
103750     -0.76467728E+0001
103800     -0.76464699E+0001
103850     -0.76467680E+0001
103900     -0.76467550E+0001
103950     -0.76464430E+0001
104000     -0.76468622E+0001
104050     -0.76468182E+0001
104100     -0.76468777E+0001
104150     -0.76469783E+0001
104200     -0.76467917E+0001
104250     -0.76467438E+0001
104300     -0.76465872E+0001
104350     -0.76468416E+0001
104400     -0.76465259E+0001
104450     -0.76466492E+0001
104500     -0.76465213E+0001
104550     -0.76469814E+0001
104600     -0.76468646E+0001
104650     -0.76470555E+0001
104700     -0.76467079E+0001
104750     -0.76468059E+0001
104800     -0.76468906E+0001
104850     -0.76466987E+0001
104900     -0.76468778E+0001
104950     -0.76469118E+0001
105000     -0.76470234E+0001
105050     -0.76469134E+0001
105100     -0.76469730E+0001
105150     -0.76470426E+0001
105200     -0.76473269E+0001
105250     -0.76471747E+0001
105300     -0.76468101E+0001
105350     -0.76464989E+0001
105400     -0.76466812E+0001
105450     -0.76465133E+0001
105500     -0.76464270E+0001
105550     -0.76465758E+0001
105600     -0.76468190E+0001
105650     -0.76465769E+0001
105700     -0.76463939E+0001
105750     -0.76468872E+0001
105800     -0.76467602E+0001
105850     -0.76467152E+0001
105900     -0.76466832E+0001
105950     -0.76467167E+0001
106000     -0.76471232E+0001
106050     -0.76470585E+0001
106100     -0.76467804E+0001
106150     -0.76469080E+0001
106200     -0.76467148E+0001
106250     -0.76465387E+0001
106300     -0.76467626E+0001
106350     -0.76468193E+0001
106400     -0.76469222E+0001
106450     -0.76469186E+0001
106500     -0.76469385E+0001
106550     -0.76473245E+0001
106600     -0.76469408E+0001
106650     -0.76468381E+0001
106700     -0.76470360E+0001
106750     -0.76466568E+0001
106800     -0.76465451E+0001
106850     -0.76468667E+0001
106900     -0.76467643E+0001
106950     -0.76469774E+0001
107000     -0.76469479E+0001
107050     -0.76470564E+0001
107100     -0.76472132E+0001
107150     -0.76469016E+0001
107200     -0.76466962E+0001
107250     -0.76471251E+0001
107300     -0.76473368E+0001
107350     -0.76472547E+0001
107400     -0.76472316E+0001
107450     -0.76471249E+0001
107500     -0.76470921E+0001
107550     -0.76468055E+0001
107600     -0.76466759E+0001
107650     -0.76470254E+0001
107700     -0.76470500E+0001
107750     -0.76467542E+0001
107800     -0.76466576E+0001
107850     -0.76468170E+0001
107900     -0.76468541E+0001
107950     -0.76466374E+0001
108000     -0.76465803E+0001
108050     -0.76467165E+0001
108100     -0.76464661E+0001
108150     -0.76469976E+0001
108200     -0.76469628E+0001
108250     -0.76469484E+0001
108300     -0.76470584E+0001
108350     -0.76466872E+0001
108400     -0.76468508E+0001
108450     -0.76464988E+0001
108500     -0.76468028E+0001
108550     -0.76467570E+0001
108600     -0.76468349E+0001
108650     -0.76468316E+0001
108700     -0.76469330E+0001
108750     -0.76465508E+0001
108800     -0.76466358E+0001
108850     -0.76467431E+0001
108900     -0.76470209E+0001
108950     -0.76471921E+0001
109000     -0.76468608E+0001
109050     -0.76466897E+0001
109100     -0.76466847E+0001
109150     -0.76468943E+0001
109200     -0.76472190E+0001
109250     -0.76470316E+0001
109300     -0.76470272E+0001
109350     -0.76470222E+0001
109400     -0.76470254E+0001
109450     -0.76466553E+0001
109500     -0.76464827E+0001
109550     -0.76470856E+0001
109600     -0.76468707E+0001
109650     -0.76469296E+0001
109700     -0.76465194E+0001
109750     -0.76469989E+0001
109800     -0.76470154E+0001
109850     -0.76470658E+0001
109900     -0.76469637E+0001
109950     -0.76469470E+0001
110000     -0.76467635E+0001
110050     -0.76469214E+0001
110100     -0.76468802E+0001
110150     -0.76467429E+0001
110200     -0.76466995E+0001
110250     -0.76465141E+0001
110300     -0.76463655E+0001
110350     -0.76465558E+0001
110400     -0.76468505E+0001
110450     -0.76466364E+0001
110500     -0.76467083E+0001
110550     -0.76468750E+0001
110600     -0.76463887E+0001
110650     -0.76465993E+0001
110700     -0.76471064E+0001
110750     -0.76469239E+0001
110800     -0.76470014E+0001
110850     -0.76467168E+0001
110900     -0.76466886E+0001
110950     -0.76468597E+0001
111000     -0.76468441E+0001
111050     -0.76468389E+0001
111100     -0.76464228E+0001
111150     -0.76468581E+0001
111200     -0.76469027E+0001
111250     -0.76469883E+0001
111300     -0.76469207E+0001
111350     -0.76470080E+0001
111400     -0.76470701E+0001
111450     -0.76471385E+0001
111500     -0.76470120E+0001
111550     -0.76470482E+0001
111600     -0.76469228E+0001
111650     -0.76469886E+0001
111700     -0.76470884E+0001
111750     -0.76468858E+0001
111800     -0.76473063E+0001
111850     -0.76472497E+0001
111900     -0.76470945E+0001
111950     -0.76471494E+0001
112000     -0.76469317E+0001
112050     -0.76469209E+0001
112100     -0.76466875E+0001
112150     -0.76469592E+0001
112200     -0.76468473E+0001
112250     -0.76463365E+0001
112300     -0.76463823E+0001
112350     -0.76461900E+0001
112400     -0.76466503E+0001
112450     -0.76470175E+0001
112500     -0.76467765E+0001
112550     -0.76468689E+0001
112600     -0.76469566E+0001
112650     -0.76467138E+0001
112700     -0.76469025E+0001
112750     -0.76469668E+0001
112800     -0.76469288E+0001
112850     -0.76468910E+0001
112900     -0.76468930E+0001
112950     -0.76468891E+0001
113000     -0.76470874E+0001
113050     -0.76467137E+0001
113100     -0.76467800E+0001
113150     -0.76471793E+0001
113200     -0.76468825E+0001
113250     -0.76470978E+0001
113300     -0.76470246E+0001
113350     -0.76468982E+0001
113400     -0.76467567E+0001
113450     -0.76466796E+0001
113500     -0.76467241E+0001
113550     -0.76466314E+0001
113600     -0.76464784E+0001
113650     -0.76466116E+0001
113700     -0.76468207E+0001
113750     -0.76466119E+0001
113800     -0.76468860E+0001
113850     -0.76465712E+0001
113900     -0.76471341E+0001
113950     -0.76469854E+0001
114000     -0.76468038E+0001
114050     -0.76468891E+0001
114100     -0.76466828E+0001
114150     -0.76464004E+0001
114200     -0.76470363E+0001
114250     -0.76468465E+0001
114300     -0.76472710E+0001
114350     -0.76470504E+0001
114400     -0.76471561E+0001
114450     -0.76467431E+0001
114500     -0.76469729E+0001
114550     -0.76467724E+0001
114600     -0.76468624E+0001
114650     -0.76466592E+0001
114700     -0.76466639E+0001
114750     -0.76466000E+0001
114800     -0.76465219E+0001
114850     -0.76471054E+0001
114900     -0.76467322E+0001
114950     -0.76465851E+0001
115000     -0.76465706E+0001
115050     -0.76466964E+0001
115100     -0.76467683E+0001
115150     -0.76469084E+0001
115200     -0.76469330E+0001
115250     -0.76467989E+0001
115300     -0.76467122E+0001
115350     -0.76464614E+0001
115400     -0.76466821E+0001
115450     -0.76467965E+0001
115500     -0.76466008E+0001
115550     -0.76465021E+0001
115600     -0.76465685E+0001
115650     -0.76468319E+0001
115700     -0.76468339E+0001
115750     -0.76466909E+0001
115800     -0.76467788E+0001
115850     -0.76468940E+0001
115900     -0.76468226E+0001
115950     -0.76467344E+0001
116000     -0.76466890E+0001
116050     -0.76467339E+0001
116100     -0.76462982E+0001
116150     -0.76466222E+0001
116200     -0.76464900E+0001
116250     -0.76468498E+0001
116300     -0.76466703E+0001
116350     -0.76465460E+0001
116400     -0.76467122E+0001
116450     -0.76469648E+0001
116500     -0.76469915E+0001
116550     -0.76469955E+0001
116600     -0.76467628E+0001
116650     -0.76464969E+0001
116700     -0.76461628E+0001
116750     -0.76463462E+0001
116800     -0.76464204E+0001
116850     -0.76466452E+0001
116900     -0.76467521E+0001
116950     -0.76468670E+0001
117000     -0.76468711E+0001
117050     -0.76468108E+0001
117100     -0.76467585E+0001
117150     -0.76468732E+0001
117200     -0.76465355E+0001
117250     -0.76470018E+0001
117300     -0.76468017E+0001
117350     -0.76469849E+0001
117400     -0.76468992E+0001
117450     -0.76466208E+0001
117500     -0.76467533E+0001
117550     -0.76467084E+0001
117600     -0.76467799E+0001
117650     -0.76466035E+0001
117700     -0.76470563E+0001
117750     -0.76469365E+0001
117800     -0.76469291E+0001
117850     -0.76465261E+0001
117900     -0.76466416E+0001
117950     -0.76465331E+0001
118000     -0.76465263E+0001
118050     -0.76465399E+0001
118100     -0.76466898E+0001
118150     -0.76467456E+0001
118200     -0.76470513E+0001
118250     -0.76470639E+0001
118300     -0.76469565E+0001
118350     -0.76470304E+0001
118400     -0.76467681E+0001
118450     -0.76467656E+0001
118500     -0.76466499E+0001
118550     -0.76470493E+0001
118600     -0.76468924E+0001
118650     -0.76463680E+0001
118700     -0.76468576E+0001
118750     -0.76472277E+0001
118800     -0.76466089E+0001
118850     -0.76468089E+0001
118900     -0.76469238E+0001
118950     -0.76470924E+0001
119000     -0.76469499E+0001
119050     -0.76471485E+0001
119100     -0.76467740E+0001
119150     -0.76466880E+0001
119200     -0.76464449E+0001
119250     -0.76463633E+0001
119300     -0.76467927E+0001
119350     -0.76466462E+0001
119400     -0.76468797E+0001
119450     -0.76467747E+0001
119500     -0.76468587E+0001
119550     -0.76468870E+0001
119600     -0.76467323E+0001
119650     -0.76469711E+0001
119700     -0.76468826E+0001
119750     -0.76468499E+0001
119800     -0.76472161E+0001
119850     -0.76470086E+0001
119900     -0.76469878E+0001
119950     -0.76467399E+0001
120000     -0.76468582E+0001
120050     -0.76466115E+0001
120100     -0.76468413E+0001
120150     -0.76469178E+0001
120200     -0.76468887E+0001
120250     -0.76469697E+0001
120300     -0.76470063E+0001
120350     -0.76470639E+0001
120400     -0.76463034E+0001
120450     -0.76467116E+0001
120500     -0.76465950E+0001
120550     -0.76467590E+0001
120600     -0.76464909E+0001
120650     -0.76463452E+0001
120700     -0.76468457E+0001
120750     -0.76466413E+0001
120800     -0.76471495E+0001
120850     -0.76469138E+0001
120900     -0.76469761E+0001
120950     -0.76468769E+0001
121000     -0.76469258E+0001
121050     -0.76471038E+0001
121100     -0.76469799E+0001
121150     -0.76471182E+0001
121200     -0.76469799E+0001
121250     -0.76469570E+0001
121300     -0.76470175E+0001
121350     -0.76467651E+0001
121400     -0.76466157E+0001
121450     -0.76468237E+0001
121500     -0.76468374E+0001
121550     -0.76466455E+0001
121600     -0.76468349E+0001
121650     -0.76468523E+0001
121700     -0.76471851E+0001
121750     -0.76468304E+0001
121800     -0.76471983E+0001
121850     -0.76473125E+0001
121900     -0.76472661E+0001
121950     -0.76469555E+0001
122000     -0.76471982E+0001
122050     -0.76466872E+0001
122100     -0.76468096E+0001
122150     -0.76469132E+0001
122200     -0.76470123E+0001
122250     -0.76470583E+0001
122300     -0.76469436E+0001
122350     -0.76468086E+0001
122400     -0.76466882E+0001
122450     -0.76471308E+0001
122500     -0.76470001E+0001
122550     -0.76467544E+0001
122600     -0.76467722E+0001
122650     -0.76469154E+0001
122700     -0.76464752E+0001
122750     -0.76467049E+0001
122800     -0.76460604E+0001
122850     -0.76464860E+0001
122900     -0.76466319E+0001
122950     -0.76470731E+0001
123000     -0.76466681E+0001
123050     -0.76469865E+0001
123100     -0.76471194E+0001
123150     -0.76468407E+0001
123200     -0.76466946E+0001
123250     -0.76466834E+0001
123300     -0.76469722E+0001
123350     -0.76467764E+0001
123400     -0.76468880E+0001
123450     -0.76468170E+0001
123500     -0.76469946E+0001
123550     -0.76470191E+0001
123600     -0.76467801E+0001
123650     -0.76467134E+0001
123700     -0.76467754E+0001
123750     -0.76469298E+0001
123800     -0.76468570E+0001
123850     -0.76470782E+0001
123900     -0.76470742E+0001
123950     -0.76472267E+0001
124000     -0.76469669E+0001
124050     -0.76470422E+0001
124100     -0.76470673E+0001
124150     -0.76470670E+0001
124200     -0.76470731E+0001
124250     -0.76471752E+0001
124300     -0.76472087E+0001
124350     -0.76466281E+0001
124400     -0.76470752E+0001
124450     -0.76469455E+0001
124500     -0.76468538E+0001
124550     -0.76466495E+0001
124600     -0.76468596E+0001
124650     -0.76465157E+0001
124700     -0.76465954E+0001
124750     -0.76470547E+0001
124800     -0.76469226E+0001
124850     -0.76469776E+0001
124900     -0.76466874E+0001
124950     -0.76467465E+0001
125000     -0.76468759E+0001
125050     -0.76468789E+0001
125100     -0.76468908E+0001
125150     -0.76466715E+0001
125200     -0.76471138E+0001
125250     -0.76471061E+0001
125300     -0.76471269E+0001
125350     -0.76470512E+0001
125400     -0.76468034E+0001
125450     -0.76467750E+0001
125500     -0.76470629E+0001
125550     -0.76470271E+0001
125600     -0.76468085E+0001
125650     -0.76467288E+0001
125700     -0.76471123E+0001
125750     -0.76470803E+0001
125800     -0.76468402E+0001
125850     -0.76468188E+0001
125900     -0.76469876E+0001
125950     -0.76467911E+0001
126000     -0.76469547E+0001
126050     -0.76469185E+0001
126100     -0.76469413E+0001
126150     -0.76466921E+0001
126200     -0.76470813E+0001
126250     -0.76470763E+0001
126300     -0.76465815E+0001
126350     -0.76467521E+0001
126400     -0.76465865E+0001
126450     -0.76466170E+0001
126500     -0.76469636E+0001
126550     -0.76467442E+0001
126600     -0.76470204E+0001
126650     -0.76468121E+0001
126700     -0.76466948E+0001
126750     -0.76465635E+0001
126800     -0.76466290E+0001
126850     -0.76467933E+0001
126900     -0.76467372E+0001
126950     -0.76468085E+0001
127000     -0.76467987E+0001
127050     -0.76466154E+0001
127100     -0.76468019E+0001
127150     -0.76469393E+0001
127200     -0.76467006E+0001
127250     -0.76468995E+0001
127300     -0.76467657E+0001
127350     -0.76471911E+0001
127400     -0.76469310E+0001
127450     -0.76469350E+0001
127500     -0.76467904E+0001
127550     -0.76470611E+0001
127600     -0.76469198E+0001
127650     -0.76469534E+0001
127700     -0.76467013E+0001
127750     -0.76470218E+0001
127800     -0.76472128E+0001
127850     -0.76469844E+0001
127900     -0.76470092E+0001
127950     -0.76469676E+0001
128000     -0.76468297E+0001
128050     -0.76463967E+0001
128100     -0.76466096E+0001
128150     -0.76466580E+0001
128200     -0.76469278E+0001
128250     -0.76470393E+0001
128300     -0.76469498E+0001
128350     -0.76471011E+0001
128400     -0.76467849E+0001
128450     -0.76469990E+0001
128500     -0.76472413E+0001
128550     -0.76471271E+0001
128600     -0.76469436E+0001
128650     -0.76469414E+0001
128700     -0.76469515E+0001
128750     -0.76469432E+0001
128800     -0.76469464E+0001
128850     -0.76465206E+0001
128900     -0.76469267E+0001
128950     -0.76469991E+0001
129000     -0.76466993E+0001
129050     -0.76465127E+0001
129100     -0.76469670E+0001
129150     -0.76470055E+0001
129200     -0.76468505E+0001
129250     -0.76468595E+0001
129300     -0.76470884E+0001
129350     -0.76471705E+0001
129400     -0.76468578E+0001
129450     -0.76469708E+0001
129500     -0.76466040E+0001
129550     -0.76467479E+0001
129600     -0.76469861E+0001
129650     -0.76469738E+0001
129700     -0.76471177E+0001
129750     -0.76471063E+0001
129800     -0.76470029E+0001
129850     -0.76471674E+0001
129900     -0.76467114E+0001
129950     -0.76466352E+0001
130000     -0.76466727E+0001
130050     -0.76470573E+0001
130100     -0.76470420E+0001
130150     -0.76468506E+0001
130200     -0.76470385E+0001
130250     -0.76468140E+0001
130300     -0.76467751E+0001
130350     -0.76469269E+0001
130400     -0.76469388E+0001
130450     -0.76468070E+0001
130500     -0.76469050E+0001
130550     -0.76468776E+0001
130600     -0.76466426E+0001
130650     -0.76469147E+0001
130700     -0.76471052E+0001
130750     -0.76468987E+0001
130800     -0.76471163E+0001
130850     -0.76472507E+0001
130900     -0.76470655E+0001
130950     -0.76469048E+0001
131000     -0.76469569E+0001
131050     -0.76470450E+0001
131100     -0.76469303E+0001
131150     -0.76466897E+0001
131200     -0.76466545E+0001
131250     -0.76469547E+0001
131300     -0.76470260E+0001
131350     -0.76470234E+0001
131400     -0.76468850E+0001
131450     -0.76468489E+0001
131500     -0.76468716E+0001
131550     -0.76469401E+0001
131600     -0.76467384E+0001
131650     -0.76469023E+0001
131700     -0.76469726E+0001
131750     -0.76468033E+0001
131800     -0.76469513E+0001
131850     -0.76467659E+0001
131900     -0.76469612E+0001
131950     -0.76469064E+0001
132000     -0.76469515E+0001
132050     -0.76470703E+0001
132100     -0.76467847E+0001
132150     -0.76467357E+0001
132200     -0.76467987E+0001
132250     -0.76466465E+0001
132300     -0.76469969E+0001
132350     -0.76469136E+0001
132400     -0.76465861E+0001
132450     -0.76467172E+0001
132500     -0.76468123E+0001
132550     -0.76468383E+0001
132600     -0.76464993E+0001
132650     -0.76467840E+0001
132700     -0.76466876E+0001
132750     -0.76470525E+0001
132800     -0.76470976E+0001
132850     -0.76468245E+0001
132900     -0.76467212E+0001
132950     -0.76467568E+0001
133000     -0.76469497E+0001
133050     -0.76468230E+0001
133100     -0.76466821E+0001
133150     -0.76471686E+0001
133200     -0.76470903E+0001
133250     -0.76471767E+0001
133300     -0.76470666E+0001
133350     -0.76470790E+0001
133400     -0.76467993E+0001
133450     -0.76467941E+0001
133500     -0.76465060E+0001
133550     -0.76466064E+0001
133600     -0.76469087E+0001
133650     -0.76465950E+0001
133700     -0.76468797E+0001
133750     -0.76467084E+0001
133800     -0.76467162E+0001
133850     -0.76466689E+0001
133900     -0.76468335E+0001
133950     -0.76468306E+0001
134000     -0.76469269E+0001
134050     -0.76469120E+0001
134100     -0.76468131E+0001
134150     -0.76471559E+0001
134200     -0.76471492E+0001
134250     -0.76470953E+0001
134300     -0.76471009E+0001
134350     -0.76469827E+0001
134400     -0.76470781E+0001
134450     -0.76469719E+0001
134500     -0.76467691E+0001
134550     -0.76466639E+0001
134600     -0.76467990E+0001
134650     -0.76467774E+0001
134700     -0.76470586E+0001
134750     -0.76474618E+0001
134800     -0.76471797E+0001
134850     -0.76470972E+0001
134900     -0.76468928E+0001
134950     -0.76468045E+0001
135000     -0.76463240E+0001
135050     -0.76466363E+0001
135100     -0.76466659E+0001
135150     -0.76471357E+0001
135200     -0.76469355E+0001
135250     -0.76468153E+0001
135300     -0.76466638E+0001
135350     -0.76467524E+0001
135400     -0.76468570E+0001
135450     -0.76466425E+0001
135500     -0.76467406E+0001
135550     -0.76466320E+0001
135600     -0.76464594E+0001
135650     -0.76467651E+0001
135700     -0.76466982E+0001
135750     -0.76468777E+0001
135800     -0.76468284E+0001
135850     -0.76469282E+0001
135900     -0.76465310E+0001
135950     -0.76466175E+0001
136000     -0.76467340E+0001
136050     -0.76466277E+0001
136100     -0.76469240E+0001
136150     -0.76468772E+0001
136200     -0.76468772E+0001
136250     -0.76469368E+0001
136300     -0.76466884E+0001
136350     -0.76468901E+0001
136400     -0.76469329E+0001
136450     -0.76467584E+0001
136500     -0.76472266E+0001
136550     -0.76470001E+0001
136600     -0.76466227E+0001
136650     -0.76470437E+0001
136700     -0.76469208E+0001
136750     -0.76466971E+0001
136800     -0.76468728E+0001
136850     -0.76465666E+0001
136900     -0.76467772E+0001
136950     -0.76468287E+0001
137000     -0.76468430E+0001
137050     -0.76469082E+0001
137100     -0.76470990E+0001
137150     -0.76468059E+0001
137200     -0.76467442E+0001
137250     -0.76469171E+0001
137300     -0.76471777E+0001
137350     -0.76466994E+0001
137400     -0.76470326E+0001
137450     -0.76469459E+0001
137500     -0.76468692E+0001
137550     -0.76469157E+0001
137600     -0.76469305E+0001
137650     -0.76469824E+0001
137700     -0.76468534E+0001
137750     -0.76466447E+0001
137800     -0.76466828E+0001
137850     -0.76466344E+0001
137900     -0.76470647E+0001
137950     -0.76469827E+0001
138000     -0.76471290E+0001
138050     -0.76469607E+0001
138100     -0.76470568E+0001
138150     -0.76468052E+0001
138200     -0.76469902E+0001
138250     -0.76469348E+0001
138300     -0.76468897E+0001
138350     -0.76469791E+0001
138400     -0.76467213E+0001
138450     -0.76467272E+0001
138500     -0.76466555E+0001
138550     -0.76461748E+0001
138600     -0.76467205E+0001
138650     -0.76465594E+0001
138700     -0.76469375E+0001
138750     -0.76465871E+0001
138800     -0.76466169E+0001
138850     -0.76469100E+0001
138900     -0.76469082E+0001
138950     -0.76466279E+0001
139000     -0.76468216E+0001
139050     -0.76470204E+0001
139100     -0.76471343E+0001
139150     -0.76470555E+0001
139200     -0.76468355E+0001
139250     -0.76468808E+0001
139300     -0.76467423E+0001
139350     -0.76470047E+0001
139400     -0.76470420E+0001
139450     -0.76468009E+0001
139500     -0.76468773E+0001
139550     -0.76470219E+0001
139600     -0.76469576E+0001
139650     -0.76468179E+0001
139700     -0.76466799E+0001
139750     -0.76468253E+0001
139800     -0.76466376E+0001
139850     -0.76468380E+0001
139900     -0.76468198E+0001
139950     -0.76469844E+0001
140000     -0.76467473E+0001
140050     -0.76468232E+0001
140100     -0.76468172E+0001
140150     -0.76466055E+0001
140200     -0.76470635E+0001
140250     -0.76467646E+0001
140300     -0.76467067E+0001
140350     -0.76471992E+0001
140400     -0.76469664E+0001
140450     -0.76470218E+0001
140500     -0.76472990E+0001
140550     -0.76465993E+0001
140600     -0.76464777E+0001
140650     -0.76465754E+0001
140700     -0.76469346E+0001
140750     -0.76467819E+0001
140800     -0.76471036E+0001
140850     -0.76472140E+0001
140900     -0.76469521E+0001
140950     -0.76467929E+0001
141000     -0.76465435E+0001
141050     -0.76468413E+0001
141100     -0.76467615E+0001
141150     -0.76470929E+0001
141200     -0.76469728E+0001
141250     -0.76468177E+0001
141300     -0.76466299E+0001
141350     -0.76466858E+0001
141400     -0.76468287E+0001
141450     -0.76467457E+0001
141500     -0.76468939E+0001
141550     -0.76465668E+0001
141600     -0.76469670E+0001
141650     -0.76469536E+0001
141700     -0.76469651E+0001
141750     -0.76468011E+0001
141800     -0.76470044E+0001
141850     -0.76470478E+0001
141900     -0.76470540E+0001
141950     -0.76470368E+0001
142000     -0.76467022E+0001
142050     -0.76468353E+0001
142100     -0.76471720E+0001
142150     -0.76472093E+0001
142200     -0.76471893E+0001
142250     -0.76468484E+0001
142300     -0.76466592E+0001
142350     -0.76468777E+0001
142400     -0.76467791E+0001
142450     -0.76470509E+0001
142500     -0.76468730E+0001
142550     -0.76468978E+0001
142600     -0.76467727E+0001
142650     -0.76469559E+0001
142700     -0.76468524E+0001
142750     -0.76471907E+0001
142800     -0.76472609E+0001
142850     -0.76471910E+0001
142900     -0.76472004E+0001
142950     -0.76468382E+0001
143000     -0.76468833E+0001
143050     -0.76470001E+0001
143100     -0.76470794E+0001
143150     -0.76466409E+0001
143200     -0.76467784E+0001
143250     -0.76470607E+0001
143300     -0.76471347E+0001
143350     -0.76469195E+0001
143400     -0.76465409E+0001
143450     -0.76470756E+0001
143500     -0.76472307E+0001
143550     -0.76472066E+0001
143600     -0.76471359E+0001
143650     -0.76467635E+0001
143700     -0.76469720E+0001
143750     -0.76467112E+0001
143800     -0.76466973E+0001
143850     -0.76467076E+0001
143900     -0.76465140E+0001
143950     -0.76471144E+0001
144000     -0.76469056E+0001
144050     -0.76469120E+0001
144100     -0.76468776E+0001
144150     -0.76470129E+0001
144200     -0.76469856E+0001
144250     -0.76469865E+0001
144300     -0.76470428E+0001
144350     -0.76470898E+0001
144400     -0.76467301E+0001
144450     -0.76470483E+0001
144500     -0.76470989E+0001
144550     -0.76470581E+0001
144600     -0.76470652E+0001
144650     -0.76468771E+0001
144700     -0.76467924E+0001
144750     -0.76469378E+0001
144800     -0.76469378E+0001
144850     -0.76463641E+0001
144900     -0.76464142E+0001
144950     -0.76468842E+0001
145000     -0.76467410E+0001
145050     -0.76466155E+0001
145100     -0.76465653E+0001
145150     -0.76468101E+0001
145200     -0.76466398E+0001
145250     -0.76469992E+0001
145300     -0.76468056E+0001
145350     -0.76469022E+0001
145400     -0.76466005E+0001
145450     -0.76466032E+0001
145500     -0.76469174E+0001
145550     -0.76468476E+0001
145600     -0.76469220E+0001
145650     -0.76468196E+0001
145700     -0.76467505E+0001
145750     -0.76468965E+0001
145800     -0.76465197E+0001
145850     -0.76466178E+0001
145900     -0.76468745E+0001
145950     -0.76470355E+0001
146000     -0.76468659E+0001
146050     -0.76468918E+0001
146100     -0.76467911E+0001
146150     -0.76468816E+0001
146200     -0.76471638E+0001
146250     -0.76473624E+0001
146300     -0.76471419E+0001
146350     -0.76471319E+0001
146400     -0.76470195E+0001
146450     -0.76469342E+0001
146500     -0.76468058E+0001
146550     -0.76471197E+0001
146600     -0.76469832E+0001
146650     -0.76466718E+0001
146700     -0.76464607E+0001
146750     -0.76468251E+0001
146800     -0.76471660E+0001
146850     -0.76468730E+0001
146900     -0.76467331E+0001
146950     -0.76468939E+0001
147000     -0.76470356E+0001
147050     -0.76470285E+0001
147100     -0.76470163E+0001
147150     -0.76470091E+0001
147200     -0.76468470E+0001
147250     -0.76467036E+0001
147300     -0.76469766E+0001
147350     -0.76467358E+0001
147400     -0.76465012E+0001
147450     -0.76466607E+0001
147500     -0.76468037E+0001
147550     -0.76470426E+0001
147600     -0.76465927E+0001
147650     -0.76468441E+0001
147700     -0.76468256E+0001
147750     -0.76469204E+0001
147800     -0.76467610E+0001
147850     -0.76468488E+0001
147900     -0.76465172E+0001
147950     -0.76462429E+0001
148000     -0.76466221E+0001
148050     -0.76465249E+0001
148100     -0.76468732E+0001
148150     -0.76470216E+0001
148200     -0.76468090E+0001
148250     -0.76467098E+0001
148300     -0.76467552E+0001
148350     -0.76466968E+0001
148400     -0.76466686E+0001
148450     -0.76471172E+0001
148500     -0.76469581E+0001
148550     -0.76468279E+0001
148600     -0.76469906E+0001
148650     -0.76467747E+0001
148700     -0.76468973E+0001
148750     -0.76471474E+0001
148800     -0.76467305E+0001
148850     -0.76471629E+0001
148900     -0.76471982E+0001
148950     -0.76467181E+0001
149000     -0.76469506E+0001
149050     -0.76470178E+0001
149100     -0.76469830E+0001
149150     -0.76468300E+0001
149200     -0.76467814E+0001
149250     -0.76469253E+0001
149300     -0.76466276E+0001
149350     -0.76467733E+0001
149400     -0.76467802E+0001
149450     -0.76469906E+0001
149500     -0.76469370E+0001
149550     -0.76468724E+0001
149600     -0.76468378E+0001
149650     -0.76469205E+0001
149700     -0.76469316E+0001
149750     -0.76471794E+0001
149800     -0.76469872E+0001
149850     -0.76471549E+0001
149900     -0.76469732E+0001
149950     -0.76465431E+0001
150000     -0.76466417E+0001
150050     -0.76465798E+0001
150100     -0.76469184E+0001
150150     -0.76467927E+0001
150200     -0.76467539E+0001
150250     -0.76465901E+0001
150300     -0.76465143E+0001
150350     -0.76468615E+0001
150400     -0.76464980E+0001
150450     -0.76465594E+0001
150500     -0.76466600E+0001
150550     -0.76465195E+0001
150600     -0.76464010E+0001
150650     -0.76465964E+0001
150700     -0.76463836E+0001
150750     -0.76462843E+0001
150800     -0.76460457E+0001
150850     -0.76463930E+0001
150900     -0.76462903E+0001
150950     -0.76465362E+0001
151000     -0.76466897E+0001
151050     -0.76466542E+0001
151100     -0.76468157E+0001
151150     -0.76468978E+0001
151200     -0.76471140E+0001
151250     -0.76466972E+0001
151300     -0.76469498E+0001
151350     -0.76468747E+0001
151400     -0.76467245E+0001
151450     -0.76468896E+0001
151500     -0.76466771E+0001
151550     -0.76470004E+0001
151600     -0.76467735E+0001
151650     -0.76470429E+0001
151700     -0.76468950E+0001
151750     -0.76469148E+0001
151800     -0.76470598E+0001
151850     -0.76470951E+0001
151900     -0.76468916E+0001
151950     -0.76468798E+0001
152000     -0.76467789E+0001
152050     -0.76469043E+0001
152100     -0.76469468E+0001
152150     -0.76469483E+0001
152200     -0.76471931E+0001
152250     -0.76471770E+0001
152300     -0.76470516E+0001
152350     -0.76469957E+0001
152400     -0.76466781E+0001
152450     -0.76472009E+0001
152500     -0.76470824E+0001
152550     -0.76470081E+0001
152600     -0.76469419E+0001
152650     -0.76465215E+0001
152700     -0.76469638E+0001
152750     -0.76471204E+0001
152800     -0.76468508E+0001
152850     -0.76471555E+0001
152900     -0.76470356E+0001
152950     -0.76468678E+0001
153000     -0.76471666E+0001
153050     -0.76466818E+0001
153100     -0.76464557E+0001
153150     -0.76470057E+0001
153200     -0.76467588E+0001
153250     -0.76469900E+0001
153300     -0.76468771E+0001
153350     -0.76467163E+0001
153400     -0.76467905E+0001
153450     -0.76470488E+0001
153500     -0.76468667E+0001
153550     -0.76470666E+0001
153600     -0.76467222E+0001
153650     -0.76471425E+0001
153700     -0.76468461E+0001
153750     -0.76470406E+0001
153800     -0.76469782E+0001
153850     -0.76465833E+0001
153900     -0.76469000E+0001
153950     -0.76470681E+0001
154000     -0.76469449E+0001
154050     -0.76468280E+0001
154100     -0.76469704E+0001
154150     -0.76464435E+0001
154200     -0.76465040E+0001
154250     -0.76466382E+0001
154300     -0.76467579E+0001
154350     -0.76466007E+0001
154400     -0.76465202E+0001
154450     -0.76469854E+0001
154500     -0.76470371E+0001
154550     -0.76469149E+0001
154600     -0.76468102E+0001
154650     -0.76467265E+0001
154700     -0.76466421E+0001
154750     -0.76466213E+0001
154800     -0.76465845E+0001
154850     -0.76467093E+0001
154900     -0.76469356E+0001
154950     -0.76468159E+0001
155000     -0.76466380E+0001
155050     -0.76469397E+0001
155100     -0.76470614E+0001
155150     -0.76468979E+0001
155200     -0.76468129E+0001
155250     -0.76469775E+0001
155300     -0.76466206E+0001
155350     -0.76467207E+0001
155400     -0.76468780E+0001
155450     -0.76466462E+0001
155500     -0.76468795E+0001
155550     -0.76468744E+0001
155600     -0.76468427E+0001
155650     -0.76467895E+0001
155700     -0.76470600E+0001
155750     -0.76465986E+0001
155800     -0.76471402E+0001
155850     -0.76470603E+0001
155900     -0.76470457E+0001
155950     -0.76465981E+0001
156000     -0.76467834E+0001
156050     -0.76469465E+0001
156100     -0.76469476E+0001
156150     -0.76471334E+0001
156200     -0.76469682E+0001
156250     -0.76469496E+0001
156300     -0.76468273E+0001
156350     -0.76466647E+0001
156400     -0.76469382E+0001
156450     -0.76468175E+0001
156500     -0.76464589E+0001
156550     -0.76469447E+0001
156600     -0.76469195E+0001
156650     -0.76469635E+0001
156700     -0.76469868E+0001
156750     -0.76467908E+0001
156800     -0.76469446E+0001
156850     -0.76466558E+0001
156900     -0.76469197E+0001
156950     -0.76468018E+0001
157000     -0.76470207E+0001
157050     -0.76470304E+0001
157100     -0.76469810E+0001
157150     -0.76469142E+0001
157200     -0.76469234E+0001
157250     -0.76469297E+0001
157300     -0.76467384E+0001
157350     -0.76468271E+0001
157400     -0.76468544E+0001
157450     -0.76467676E+0001
157500     -0.76466422E+0001
157550     -0.76466018E+0001
157600     -0.76465739E+0001
157650     -0.76464275E+0001
157700     -0.76465146E+0001
157750     -0.76465965E+0001
157800     -0.76466730E+0001
157850     -0.76465052E+0001
157900     -0.76469154E+0001
157950     -0.76471201E+0001
158000     -0.76468712E+0001
158050     -0.76465788E+0001
158100     -0.76467377E+0001
158150     -0.76471201E+0001
158200     -0.76471368E+0001
158250     -0.76464343E+0001
158300     -0.76468043E+0001
158350     -0.76469409E+0001
158400     -0.76468079E+0001
158450     -0.76467929E+0001
158500     -0.76467218E+0001
158550     -0.76467488E+0001
158600     -0.76468582E+0001
158650     -0.76468197E+0001
158700     -0.76469357E+0001
158750     -0.76466062E+0001
158800     -0.76470675E+0001
158850     -0.76468309E+0001
158900     -0.76465877E+0001
158950     -0.76466843E+0001
159000     -0.76467496E+0001
159050     -0.76468338E+0001
159100     -0.76467236E+0001
159150     -0.76470047E+0001
159200     -0.76469561E+0001
159250     -0.76471230E+0001
159300     -0.76469063E+0001
159350     -0.76470836E+0001
159400     -0.76466793E+0001
159450     -0.76465513E+0001
159500     -0.76466166E+0001
159550     -0.76466087E+0001
159600     -0.76463453E+0001
159650     -0.76464972E+0001
159700     -0.76464340E+0001
159750     -0.76466457E+0001
159800     -0.76469280E+0001
159850     -0.76468115E+0001
159900     -0.76467030E+0001
159950     -0.76469566E+0001
160000     -0.76465364E+0001
160050     -0.76467405E+0001
160100     -0.76466405E+0001
160150     -0.76466789E+0001
160200     -0.76467931E+0001
160250     -0.76468995E+0001
160300     -0.76468921E+0001
160350     -0.76468550E+0001
160400     -0.76469597E+0001
160450     -0.76469695E+0001
160500     -0.76468735E+0001
160550     -0.76470064E+0001
160600     -0.76466352E+0001
160650     -0.76466850E+0001
160700     -0.76464736E+0001
160750     -0.76468785E+0001
160800     -0.76470503E+0001
160850     -0.76472006E+0001
160900     -0.76467538E+0001
160950     -0.76466306E+0001
161000     -0.76467602E+0001
161050     -0.76468386E+0001
161100     -0.76468793E+0001
161150     -0.76470689E+0001
161200     -0.76470831E+0001
161250     -0.76470525E+0001
161300     -0.76469980E+0001
161350     -0.76470121E+0001
161400     -0.76470331E+0001
161450     -0.76467763E+0001
161500     -0.76469110E+0001
161550     -0.76468912E+0001
161600     -0.76469457E+0001
161650     -0.76466678E+0001
161700     -0.76463988E+0001
161750     -0.76469299E+0001
161800     -0.76468515E+0001
161850     -0.76467460E+0001
161900     -0.76467988E+0001
161950     -0.76470150E+0001
162000     -0.76469257E+0001
162050     -0.76468583E+0001
162100     -0.76467407E+0001
162150     -0.76463805E+0001
162200     -0.76466737E+0001
162250     -0.76465930E+0001
162300     -0.76467818E+0001
162350     -0.76469602E+0001
162400     -0.76468580E+0001
162450     -0.76469784E+0001
162500     -0.76468924E+0001
162550     -0.76468467E+0001
162600     -0.76469609E+0001
162650     -0.76468761E+0001
162700     -0.76465991E+0001
162750     -0.76468170E+0001
162800     -0.76469956E+0001
162850     -0.76466185E+0001
162900     -0.76466786E+0001
162950     -0.76469260E+0001
163000     -0.76467268E+0001
163050     -0.76466891E+0001
163100     -0.76469693E+0001
163150     -0.76468542E+0001
163200     -0.76467328E+0001
163250     -0.76467614E+0001
163300     -0.76466846E+0001
163350     -0.76467301E+0001
163400     -0.76469750E+0001
163450     -0.76468052E+0001
163500     -0.76467796E+0001
163550     -0.76471663E+0001
163600     -0.76471397E+0001
163650     -0.76468902E+0001
163700     -0.76468518E+0001
163750     -0.76466760E+0001
163800     -0.76472319E+0001
163850     -0.76469940E+0001
163900     -0.76469251E+0001
163950     -0.76470539E+0001
164000     -0.76470398E+0001
164050     -0.76467128E+0001
164100     -0.76468981E+0001
164150     -0.76468186E+0001
164200     -0.76470461E+0001
164250     -0.76467220E+0001
164300     -0.76463314E+0001
164350     -0.76464611E+0001
164400     -0.76464556E+0001
164450     -0.76466740E+0001
164500     -0.76466765E+0001
164550     -0.76466812E+0001
164600     -0.76467866E+0001
164650     -0.76465929E+0001
164700     -0.76467466E+0001
164750     -0.76468804E+0001
164800     -0.76468303E+0001
164850     -0.76467126E+0001
164900     -0.76470001E+0001
164950     -0.76470990E+0001
165000     -0.76470534E+0001
165050     -0.76470955E+0001
165100     -0.76471241E+0001
165150     -0.76469617E+0001
165200     -0.76468503E+0001
165250     -0.76467807E+0001
165300     -0.76466692E+0001
165350     -0.76471566E+0001
165400     -0.76472407E+0001
165450     -0.76472879E+0001
165500     -0.76470432E+0001
165550     -0.76469547E+0001
165600     -0.76467572E+0001
165650     -0.76468899E+0001
165700     -0.76470067E+0001
165750     -0.76468880E+0001
165800     -0.76468297E+0001
165850     -0.76467454E+0001
165900     -0.76464000E+0001
165950     -0.76466159E+0001
166000     -0.76468209E+0001
166050     -0.76464766E+0001
166100     -0.76467693E+0001
166150     -0.76467096E+0001
166200     -0.76467171E+0001
166250     -0.76464800E+0001
166300     -0.76467309E+0001
166350     -0.76469493E+0001
166400     -0.76466376E+0001
166450     -0.76466033E+0001
166500     -0.76468511E+0001
166550     -0.76468875E+0001
166600     -0.76468137E+0001
166650     -0.76470450E+0001
166700     -0.76469308E+0001
166750     -0.76471011E+0001
166800     -0.76473229E+0001
166850     -0.76471922E+0001
166900     -0.76468949E+0001
166950     -0.76469602E+0001
167000     -0.76469601E+0001
167050     -0.76469990E+0001
167100     -0.76467813E+0001
167150     -0.76466483E+0001
167200     -0.76468335E+0001
167250     -0.76468753E+0001
167300     -0.76469648E+0001
167350     -0.76466856E+0001
167400     -0.76465090E+0001
167450     -0.76470534E+0001
167500     -0.76466796E+0001
167550     -0.76473349E+0001
167600     -0.76469518E+0001
167650     -0.76471181E+0001
167700     -0.76470757E+0001
167750     -0.76469506E+0001
167800     -0.76469145E+0001
167850     -0.76471080E+0001
167900     -0.76466024E+0001
167950     -0.76468896E+0001
168000     -0.76468191E+0001
168050     -0.76469247E+0001
168100     -0.76466258E+0001
168150     -0.76470182E+0001
168200     -0.76471188E+0001
168250     -0.76467946E+0001
168300     -0.76466393E+0001
168350     -0.76464612E+0001
168400     -0.76467469E+0001
168450     -0.76471302E+0001
168500     -0.76468197E+0001
168550     -0.76470443E+0001
168600     -0.76469916E+0001
168650     -0.76471466E+0001
168700     -0.76470322E+0001
168750     -0.76468188E+0001
168800     -0.76468330E+0001
168850     -0.76467832E+0001
168900     -0.76469534E+0001
168950     -0.76468830E+0001
169000     -0.76466556E+0001
169050     -0.76465983E+0001
169100     -0.76467155E+0001
169150     -0.76468074E+0001
169200     -0.76468826E+0001
169250     -0.76467841E+0001
169300     -0.76468061E+0001
169350     -0.76470208E+0001
169400     -0.76470760E+0001
169450     -0.76469295E+0001
169500     -0.76471520E+0001
169550     -0.76469905E+0001
169600     -0.76469141E+0001
169650     -0.76470679E+0001
169700     -0.76473468E+0001
169750     -0.76471758E+0001
169800     -0.76470432E+0001
169850     -0.76466445E+0001
169900     -0.76469232E+0001
169950     -0.76471316E+0001
170000     -0.76469495E+0001
170050     -0.76469556E+0001
170100     -0.76467648E+0001
170150     -0.76466622E+0001
170200     -0.76463666E+0001
170250     -0.76464340E+0001
170300     -0.76466814E+0001
170350     -0.76468851E+0001
170400     -0.76467040E+0001
170450     -0.76469513E+0001
170500     -0.76466248E+0001
170550     -0.76467870E+0001
170600     -0.76466810E+0001
170650     -0.76465330E+0001
170700     -0.76469734E+0001
170750     -0.76467590E+0001
170800     -0.76471815E+0001
170850     -0.76468896E+0001
170900     -0.76468910E+0001
170950     -0.76467537E+0001
171000     -0.76467694E+0001
171050     -0.76470500E+0001
171100     -0.76469960E+0001
171150     -0.76468694E+0001
171200     -0.76470095E+0001
171250     -0.76464730E+0001
171300     -0.76470170E+0001
171350     -0.76467101E+0001
171400     -0.76469535E+0001
171450     -0.76468964E+0001
171500     -0.76470011E+0001
171550     -0.76473520E+0001
171600     -0.76470930E+0001
171650     -0.76467821E+0001
171700     -0.76468042E+0001
171750     -0.76468042E+0001
171800     -0.76469218E+0001
171850     -0.76469475E+0001
171900     -0.76468166E+0001
171950     -0.76466994E+0001
172000     -0.76464869E+0001
172050     -0.76468763E+0001
172100     -0.76468486E+0001
172150     -0.76469494E+0001
172200     -0.76466901E+0001
172250     -0.76467183E+0001
172300     -0.76465875E+0001
172350     -0.76468552E+0001
172400     -0.76468042E+0001
172450     -0.76466022E+0001
172500     -0.76465228E+0001
172550     -0.76463728E+0001
172600     -0.76463081E+0001
172650     -0.76464736E+0001
172700     -0.76465358E+0001
172750     -0.76464096E+0001
172800     -0.76469768E+0001
172850     -0.76465434E+0001
172900     -0.76469739E+0001
172950     -0.76470556E+0001
173000     -0.76469701E+0001
173050     -0.76472724E+0001
173100     -0.76471306E+0001
173150     -0.76471081E+0001
173200     -0.76468622E+0001
173250     -0.76469595E+0001
173300     -0.76470770E+0001
173350     -0.76469044E+0001
173400     -0.76469825E+0001
173450     -0.76469609E+0001
173500     -0.76469423E+0001
173550     -0.76472200E+0001
173600     -0.76470704E+0001
173650     -0.76468116E+0001
173700     -0.76469338E+0001
173750     -0.76469797E+0001
173800     -0.76470559E+0001
173850     -0.76471338E+0001
173900     -0.76470107E+0001
173950     -0.76469850E+0001
174000     -0.76468293E+0001
174050     -0.76468785E+0001
174100     -0.76470583E+0001
174150     -0.76469074E+0001
174200     -0.76468247E+0001
174250     -0.76469924E+0001
174300     -0.76470092E+0001
174350     -0.76470164E+0001
174400     -0.76467717E+0001
174450     -0.76470572E+0001
174500     -0.76468094E+0001
174550     -0.76469110E+0001
174600     -0.76467931E+0001
174650     -0.76469790E+0001
174700     -0.76466918E+0001
174750     -0.76468519E+0001
174800     -0.76469009E+0001
174850     -0.76469873E+0001
174900     -0.76467931E+0001
174950     -0.76467526E+0001
175000     -0.76469501E+0001
175050     -0.76467171E+0001
175100     -0.76467234E+0001
175150     -0.76466277E+0001
175200     -0.76465045E+0001
175250     -0.76468133E+0001
175300     -0.76467141E+0001
175350     -0.76469893E+0001
175400     -0.76468987E+0001
175450     -0.76467354E+0001
175500     -0.76467248E+0001
175550     -0.76468163E+0001
175600     -0.76468150E+0001
175650     -0.76467195E+0001
175700     -0.76465855E+0001
175750     -0.76465310E+0001
175800     -0.76466202E+0001
175850     -0.76468918E+0001
175900     -0.76465246E+0001
175950     -0.76469025E+0001
176000     -0.76468779E+0001
176050     -0.76467732E+0001
176100     -0.76467281E+0001
176150     -0.76468002E+0001
176200     -0.76467621E+0001
176250     -0.76469250E+0001
176300     -0.76468418E+0001
176350     -0.76468571E+0001
176400     -0.76466202E+0001
176450     -0.76466629E+0001
176500     -0.76468046E+0001
176550     -0.76470836E+0001
176600     -0.76469357E+0001
176650     -0.76467516E+0001
176700     -0.76465342E+0001
176750     -0.76465586E+0001
176800     -0.76468829E+0001
176850     -0.76469236E+0001
176900     -0.76465810E+0001
176950     -0.76469136E+0001
177000     -0.76467053E+0001
177050     -0.76467690E+0001
177100     -0.76469269E+0001
177150     -0.76468719E+0001
177200     -0.76468143E+0001
177250     -0.76465539E+0001
177300     -0.76469192E+0001
177350     -0.76471624E+0001
177400     -0.76468694E+0001
177450     -0.76468647E+0001
177500     -0.76469049E+0001
177550     -0.76466852E+0001
177600     -0.76466494E+0001
177650     -0.76468180E+0001
177700     -0.76469073E+0001
177750     -0.76467609E+0001
177800     -0.76470012E+0001
177850     -0.76471225E+0001
177900     -0.76469936E+0001
177950     -0.76470290E+0001
178000     -0.76468959E+0001
178050     -0.76469097E+0001
178100     -0.76468948E+0001
178150     -0.76468850E+0001
178200     -0.76470837E+0001
178250     -0.76466786E+0001
178300     -0.76470906E+0001
178350     -0.76469055E+0001
178400     -0.76469221E+0001
178450     -0.76467271E+0001
178500     -0.76466200E+0001
178550     -0.76467466E+0001
178600     -0.76470029E+0001
178650     -0.76466835E+0001
178700     -0.76471171E+0001
178750     -0.76469611E+0001
178800     -0.76466334E+0001
178850     -0.76464480E+0001
178900     -0.76466911E+0001
178950     -0.76470502E+0001
179000     -0.76470635E+0001
179050     -0.76472843E+0001
179100     -0.76470993E+0001
179150     -0.76468481E+0001
179200     -0.76469498E+0001
179250     -0.76470531E+0001
179300     -0.76471309E+0001
179350     -0.76471536E+0001
179400     -0.76470645E+0001
