     1   -0.39239875E+0001   -0.39246545E+0001    0.21072387E+0001     12003
    50   -0.39251805E+0001   -0.39308360E+0001    0.14755155E+0001     12953
   100   -0.39297827E+0001   -0.39333840E+0001    0.11569215E+0001     14369
   150   -0.39324010E+0001   -0.39360743E+0001    0.90405907E+0000     15129
   200   -0.39345842E+0001   -0.39374271E+0001    0.65616067E+0000     15681
   250   -0.39360378E+0001   -0.39381231E+0001    0.55692075E+0000     15791
   300   -0.39369385E+0001   -0.39386538E+0001    0.48507241E+0000     15981
   350   -0.39374238E+0001   -0.39392303E+0001    0.47550927E+0000     16179
   400   -0.39377872E+0001   -0.39391644E+0001    0.37112262E+0000     16357
     1   -0.39239733E+0001   -0.39246875E+0001    0.21072387E+0001     12012
    50   -0.39246098E+0001   -0.39298615E+0001    0.15460775E+0001     12434
   100   -0.39285107E+0001   -0.39328518E+0001    0.11969415E+0001     13592
   150   -0.39315845E+0001   -0.39353784E+0001    0.92381679E+0000     14367
   200   -0.39337004E+0001   -0.39364444E+0001    0.72033140E+0000     15032
   250   -0.39351866E+0001   -0.39376766E+0001    0.59338085E+0000     15442
   300   -0.39359805E+0001   -0.39385033E+0001    0.54114727E+0000     15616
   350   -0.39366005E+0001   -0.39388866E+0001    0.52253455E+0000     15931
   400   -0.39371070E+0001   -0.39389728E+0001    0.45395902E+0000     16259
     1   -0.39239656E+0001   -0.39249069E+0001    0.21072387E+0001     12006
    50   -0.39241023E+0001   -0.39297830E+0001    0.16056804E+0001     12357
   100   -0.39277827E+0001   -0.39323032E+0001    0.12819679E+0001     13520
   150   -0.39308029E+0001   -0.39347753E+0001    0.99755829E+0000     14469
   200   -0.39326394E+0001   -0.39360629E+0001    0.80312574E+0000     15117
   250   -0.39341284E+0001   -0.39371646E+0001    0.65939050E+0000     15575
   300   -0.39352675E+0001   -0.39379890E+0001    0.58490138E+0000     15995
   350   -0.39362655E+0001   -0.39382263E+0001    0.54735595E+0000     16247
   400   -0.39368738E+0001   -0.39385015E+0001    0.52237607E+0000     16454
     1   -0.39239489E+0001   -0.39247479E+0001    0.21072387E+0001     11995
    50   -0.39240840E+0001   -0.39297639E+0001    0.15512378E+0001     12385
   100   -0.39280235E+0001   -0.39323520E+0001    0.11790611E+0001     13576
   150   -0.39305555E+0001   -0.39344571E+0001    0.97930586E+0000     14248
   200   -0.39326439E+0001   -0.39360122E+0001    0.85145934E+0000     15120
   250   -0.39340948E+0001   -0.39372020E+0001    0.69684241E+0000     15543
   300   -0.39351965E+0001   -0.39380484E+0001    0.60617473E+0000     15892
   350   -0.39360501E+0001   -0.39380876E+0001    0.55909145E+0000     16405
   400   -0.39367623E+0001   -0.39388227E+0001    0.43695476E+0000     16659
     1   -0.39239448E+0001   -0.39246568E+0001    0.21072387E+0001     11991
    50   -0.39234541E+0001   -0.39302203E+0001    0.15125535E+0001     12290
   100   -0.39278610E+0001   -0.39335579E+0001    0.12811413E+0001     13479
   150   -0.39310541E+0001   -0.39352778E+0001    0.10638031E+0001     14369
   200   -0.39326090E+0001   -0.39364639E+0001    0.79911196E+0000     14919
   250   -0.39340214E+0001   -0.39372755E+0001    0.69208699E+0000     15322
   300   -0.39347774E+0001   -0.39374914E+0001    0.68472893E+0000     15749
   350   -0.39354784E+0001   -0.39379537E+0001    0.61493531E+0000     16233
   400   -0.39362574E+0001   -0.39382851E+0001    0.52552405E+0000     16721
     1   -0.39239341E+0001   -0.39247956E+0001    0.21072387E+0001     12005
    50   -0.39224559E+0001   -0.39286783E+0001    0.17124122E+0001     12381
   100   -0.39258828E+0001   -0.39313147E+0001    0.13906313E+0001     14061
   150   -0.39296457E+0001   -0.39335849E+0001    0.10858610E+0001     14751
   200   -0.39313413E+0001   -0.39351907E+0001    0.98262782E+0000     15204
   250   -0.39313175E+0001   -0.39354518E+0001    0.86358785E+0000     15404
   300   -0.39319542E+0001   -0.39360631E+0001    0.79334985E+0000     16080
   350   -0.39336687E+0001   -0.39366802E+0001    0.71079469E+0000     16581
   400   -0.39347768E+0001   -0.39367482E+0001    0.61716998E+0000     17163
     1   -0.39239287E+0001   -0.39246493E+0001    0.21072387E+0001     11999
    50   -0.39224212E+0001   -0.39283781E+0001    0.17128213E+0001     12586
   100   -0.39252381E+0001   -0.39312934E+0001    0.14312532E+0001     13602
   150   -0.39291115E+0001   -0.39329873E+0001    0.11719134E+0001     14440
   200   -0.39310982E+0001   -0.39352370E+0001    0.90015187E+0000     15086
   250   -0.39329833E+0001   -0.39360339E+0001    0.81986250E+0000     15693
   300   -0.39338800E+0001   -0.39367558E+0001    0.66933715E+0000     16347
   350   -0.39347669E+0001   -0.39374835E+0001    0.59325578E+0000     16719
   400   -0.39356937E+0001   -0.39378049E+0001    0.57720833E+0000     17387
     1   -0.39239297E+0001   -0.39248747E+0001    0.21072387E+0001     11989
    50   -0.39219800E+0001   -0.39276682E+0001    0.17331860E+0001     12297
   100   -0.39248116E+0001   -0.39299049E+0001    0.15018792E+0001     13238
   150   -0.39271508E+0001   -0.39315873E+0001    0.11817999E+0001     14376
   200   -0.39295026E+0001   -0.39342135E+0001    0.99386752E+0000     15718
   250   -0.39317386E+0001   -0.39354268E+0001    0.81592212E+0000     16021
   300   -0.39335173E+0001   -0.39363972E+0001    0.72324944E+0000     16789
   350   -0.39343304E+0001   -0.39369304E+0001    0.68546804E+0000     17637
   400   -0.39345471E+0001   -0.39371910E+0001    0.66225256E+0000     17668
     1   -0.39239196E+0001   -0.39247201E+0001    0.21072387E+0001     11993
    50   -0.39220245E+0001   -0.39283179E+0001    0.16262512E+0001     12749
   100   -0.39249586E+0001   -0.39299022E+0001    0.14478463E+0001     14160
   150   -0.39268141E+0001   -0.39323261E+0001    0.12855545E+0001     15171
   200   -0.39291566E+0001   -0.39336007E+0001    0.11045872E+0001     16158
   250   -0.39309550E+0001   -0.39344964E+0001    0.97220443E+0000     16782
   300   -0.39322878E+0001   -0.39350028E+0001    0.85683060E+0000     17291
   350   -0.39332224E+0001   -0.39358455E+0001    0.80369619E+0000     17870
   400   -0.39334775E+0001   -0.39359922E+0001    0.81604317E+0000     18172
     1   -0.39239184E+0001   -0.39247373E+0001    0.21072387E+0001     11998
    50   -0.39213210E+0001   -0.39280091E+0001    0.17305670E+0001     13003
   100   -0.39244124E+0001   -0.39300249E+0001    0.15415809E+0001     14524
   150   -0.39262601E+0001   -0.39307150E+0001    0.13827954E+0001     15239
   200   -0.39280574E+0001   -0.39328201E+0001    0.11758636E+0001     15796
   250   -0.39295229E+0001   -0.39335582E+0001    0.95201356E+0000     16507
   300   -0.39304774E+0001   -0.39344184E+0001    0.91106592E+0000     16948
   350   -0.39310319E+0001   -0.39343204E+0001    0.86276696E+0000     17693
   400   -0.39314713E+0001   -0.39350908E+0001    0.80489970E+0000     18534
     1   -0.39239096E+0001   -0.39249114E+0001    0.21072387E+0001     11998
    50   -0.39217021E+0001   -0.39283057E+0001    0.16721229E+0001     12485
   100   -0.39244963E+0001   -0.39295867E+0001    0.15501428E+0001     13940
   150   -0.39262228E+0001   -0.39308408E+0001    0.13023857E+0001     14875
   200   -0.39275539E+0001   -0.39319965E+0001    0.11842293E+0001     15573
   250   -0.39287418E+0001   -0.39329738E+0001    0.10594050E+0001     16259
   300   -0.39296026E+0001   -0.39331520E+0001    0.90252349E+0000     16757
   350   -0.39301202E+0001   -0.39331866E+0001    0.96315590E+0000     17203
   400   -0.39301605E+0001   -0.39336948E+0001    0.89522566E+0000     17831
     1   -0.39239103E+0001   -0.39247958E+0001    0.21072387E+0001     11996
    50   -0.39208561E+0001   -0.39270519E+0001    0.17778637E+0001     12664
   100   -0.39225670E+0001   -0.39279099E+0001    0.16822327E+0001     13758
   150   -0.39234915E+0001   -0.39285641E+0001    0.14971382E+0001     14779
   200   -0.39250472E+0001   -0.39299651E+0001    0.13003463E+0001     16046
   250   -0.39262684E+0001   -0.39313530E+0001    0.12273660E+0001     17086
   300   -0.39275100E+0001   -0.39323756E+0001    0.11327865E+0001     17870
   350   -0.39286614E+0001   -0.39334996E+0001    0.10360119E+0001     18406
   400   -0.39295473E+0001   -0.39338982E+0001    0.98582978E+0000     19209
     1   -0.39239060E+0001   -0.39246809E+0001    0.21072387E+0001     12013
    50   -0.39206831E+0001   -0.39270324E+0001    0.17688770E+0001     12531
   100   -0.39227974E+0001   -0.39282287E+0001    0.16180123E+0001     13577
   150   -0.39242307E+0001   -0.39299881E+0001    0.14186148E+0001     14666
   200   -0.39254397E+0001   -0.39310933E+0001    0.12924524E+0001     15395
   250   -0.39262391E+0001   -0.39318358E+0001    0.12066241E+0001     15723
   300   -0.39283861E+0001   -0.39323197E+0001    0.11342754E+0001     16586
   350   -0.39295008E+0001   -0.39330161E+0001    0.10120662E+0001     17035
   400   -0.39302301E+0001   -0.39341419E+0001    0.92795615E+0000     17633
     1   -0.39238956E+0001   -0.39247180E+0001    0.21072387E+0001     12003
    50   -0.39205137E+0001   -0.39265888E+0001    0.18493810E+0001     12592
   100   -0.39220368E+0001   -0.39273641E+0001    0.17148686E+0001     13716
   150   -0.39232644E+0001   -0.39295323E+0001    0.15436000E+0001     14724
   200   -0.39247303E+0001   -0.39305412E+0001    0.13548235E+0001     15884
   250   -0.39266135E+0001   -0.39313783E+0001    0.12009667E+0001     16964
   300   -0.39284324E+0001   -0.39324865E+0001    0.99247562E+0000     18005
   350   -0.39291608E+0001   -0.39330622E+0001    0.99261623E+0000     18927
   400   -0.39292944E+0001   -0.39327701E+0001    0.92870885E+0000     19539
     1   -0.39238971E+0001   -0.39247238E+0001    0.21072387E+0001     12005
    50   -0.39203462E+0001   -0.39267652E+0001    0.18317647E+0001     12593
   100   -0.39220943E+0001   -0.39278824E+0001    0.16447381E+0001     13673
   150   -0.39236229E+0001   -0.39293317E+0001    0.14854501E+0001     14876
   200   -0.39247052E+0001   -0.39300064E+0001    0.13642282E+0001     16066
   250   -0.39259914E+0001   -0.39318270E+0001    0.12897385E+0001     16827
   300   -0.39256022E+0001   -0.39307919E+0001    0.12810458E+0001     17190
   350   -0.39259001E+0001   -0.39312459E+0001    0.11633863E+0001     17865
   400   -0.39264210E+0001   -0.39317380E+0001    0.10916263E+0001     18408
     1   -0.39238958E+0001   -0.39247214E+0001    0.21072387E+0001     12001
    50   -0.39201358E+0001   -0.39267935E+0001    0.18191138E+0001     12381
   100   -0.39213534E+0001   -0.39267139E+0001    0.17574236E+0001     13485
   150   -0.39215969E+0001   -0.39273194E+0001    0.16462703E+0001     14585
   200   -0.39222868E+0001   -0.39283370E+0001    0.15077667E+0001     16025
   250   -0.39226026E+0001   -0.39283947E+0001    0.14190785E+0001     17242
   300   -0.39237570E+0001   -0.39293464E+0001    0.12821134E+0001     18003
   350   -0.39251802E+0001   -0.39302835E+0001    0.11585184E+0001     19155
   400   -0.39262932E+0001   -0.39311727E+0001    0.10991014E+0001     20047
     1   -0.39238910E+0001   -0.39246401E+0001    0.21072387E+0001     11997
    50   -0.39196762E+0001   -0.39259368E+0001    0.18696222E+0001     12570
   100   -0.39198289E+0001   -0.39261291E+0001    0.18816435E+0001     13332
   150   -0.39193293E+0001   -0.39248403E+0001    0.17554682E+0001     14166
   200   -0.39195240E+0001   -0.39251304E+0001    0.16899158E+0001     15498
   250   -0.39190698E+0001   -0.39247805E+0001    0.16386681E+0001     16716
   300   -0.39177123E+0001   -0.39236901E+0001    0.15686638E+0001     17566
   350   -0.39154944E+0001   -0.39239480E+0001    0.15221763E+0001     18353
   400   -0.39144029E+0001   -0.39224255E+0001    0.15114956E+0001     19108
   450   -0.39135107E+0001   -0.39212934E+0001    0.15566241E+0001     19893
   500   -0.39123399E+0001   -0.39205147E+0001    0.15536453E+0001     20892
   550   -0.39111505E+0001   -0.39191734E+0001    0.15712620E+0001     21518
   600   -0.39097015E+0001   -0.39158208E+0001    0.16051731E+0001     22463
   650   -0.39069411E+0001   -0.39146078E+0001    0.15842443E+0001     23312
   700   -0.39037140E+0001   -0.39124145E+0001    0.16181490E+0001     24390
   750   -0.39009984E+0001   -0.39112891E+0001    0.15747654E+0001     25247
   800   -0.38997883E+0001   -0.39107356E+0001    0.15581722E+0001     26067
   850   -0.38997652E+0001   -0.39097583E+0001    0.15666879E+0001     26913
   900   -0.38996399E+0001   -0.39085354E+0001    0.15817181E+0001     28017
   950   -0.38988619E+0001   -0.39062942E+0001    0.15824750E+0001     28508
  1000   -0.38971938E+0001   -0.39058871E+0001    0.15817424E+0001     29344
  1050   -0.38959734E+0001   -0.39046404E+0001    0.15751767E+0001     30117
  1100   -0.38932158E+0001   -0.39024621E+0001    0.16073628E+0001     31511
  1150   -0.38896033E+0001   -0.38994750E+0001    0.16136691E+0001     33161
  1200   -0.38856011E+0001   -0.38967383E+0001    0.16413026E+0001     34194
  1250   -0.38816244E+0001   -0.38923698E+0001    0.16559170E+0001     35437
  1300   -0.38777412E+0001   -0.38910229E+0001    0.16656297E+0001     36169
  1350   -0.38736389E+0001   -0.38883887E+0001    0.16569523E+0001     36833
  1400   -0.38693225E+0001   -0.38869482E+0001    0.16658216E+0001     37376
  1450   -0.38646672E+0001   -0.38833307E+0001    0.16602234E+0001     38417
  1500   -0.38600862E+0001   -0.38814135E+0001    0.16697778E+0001     39440
  1550   -0.38556107E+0001   -0.38785470E+0001    0.16588320E+0001     40473
  1600   -0.38506867E+0001   -0.38743446E+0001    0.16482509E+0001     41517
  1601   -0.38508830E+0001   -0.38508830E+0001    0.16455973E+0001     12000
  1650   -0.38546974E+0001   -0.38617757E+0001    0.16392584E+0001     12078
  1700   -0.38502582E+0001   -0.38571131E+0001    0.16515766E+0001     12295
  1750   -0.38456917E+0001   -0.38550025E+0001    0.16480344E+0001     12406
  1800   -0.38411482E+0001   -0.38511325E+0001    0.16490345E+0001     12597
  1850   -0.38366467E+0001   -0.38468576E+0001    0.16241213E+0001     12870
  1900   -0.38323819E+0001   -0.38418947E+0001    0.16081673E+0001     12959
  1950   -0.38278646E+0001   -0.38388152E+0001    0.15970276E+0001     13130
  2000   -0.38225996E+0001   -0.38365428E+0001    0.15699117E+0001     13661
  2050   -0.38172162E+0001   -0.38332303E+0001    0.15720954E+0001     14180
  2100   -0.38121829E+0001   -0.38269745E+0001    0.15276393E+0001     14962
  2150   -0.38080701E+0001   -0.38219479E+0001    0.15045334E+0001     15198
  2200   -0.38035970E+0001   -0.38177387E+0001    0.14711737E+0001     15813
  2250   -0.37986935E+0001   -0.38150874E+0001    0.14629691E+0001     16327
  2300   -0.37940649E+0001   -0.38084695E+0001    0.14288246E+0001     16562
  2350   -0.37899480E+0001   -0.38061758E+0001    0.14094063E+0001     16940
  2400   -0.37861352E+0001   -0.38023541E+0001    0.13798098E+0001     17061
  2450   -0.37827188E+0001   -0.37979733E+0001    0.13827585E+0001     17404
  2500   -0.37794936E+0001   -0.37939532E+0001    0.13355246E+0001     17852
  2550   -0.37759539E+0001   -0.37911250E+0001    0.13418464E+0001     18228
  2600   -0.37726124E+0001   -0.37875221E+0001    0.13089065E+0001     18574
  2650   -0.37692843E+0001   -0.37796372E+0001    0.12773254E+0001     19061
  2700   -0.37656779E+0001   -0.37754693E+0001    0.12270780E+0001     19423
  2750   -0.37618260E+0001   -0.37747134E+0001    0.12076482E+0001     19859
  2800   -0.37577843E+0001   -0.37710894E+0001    0.11964377E+0001     20215
  2850   -0.37542119E+0001   -0.37698157E+0001    0.11708730E+0001     20816
  2900   -0.37508131E+0001   -0.37679205E+0001    0.11659236E+0001     21165
  2950   -0.37476362E+0001   -0.37603366E+0001    0.11023911E+0001     21517
  3000   -0.37450314E+0001   -0.37572876E+0001    0.11323241E+0001     22357
  3050   -0.37423519E+0001   -0.37555570E+0001    0.10781533E+0001     22805
  3100   -0.37394561E+0001   -0.37521707E+0001    0.10540974E+0001     23258
  3150   -0.37365713E+0001   -0.37485886E+0001    0.10425510E+0001     23539
  3200   -0.37334814E+0001   -0.37444678E+0001    0.10297962E+0001     24139
  3201   -0.37335551E+0001   -0.37335551E+0001    0.10080463E+0001     12000
  3250   -0.37350284E+0001   -0.37386031E+0001    0.99650555E+0000     12081
  3300   -0.37333917E+0001   -0.37380677E+0001    0.10091685E+0001     12295
  3350   -0.37317501E+0001   -0.37362610E+0001    0.99125029E+0000     12541
  3400   -0.37301775E+0001   -0.37348160E+0001    0.10115063E+0001     12755
  3450   -0.37284555E+0001   -0.37332954E+0001    0.99175336E+0000     13237
  3500   -0.37266657E+0001   -0.37321043E+0001    0.97110147E+0000     13490
  3550   -0.37250659E+0001   -0.37317901E+0001    0.98667330E+0000     13859
  3600   -0.37236648E+0001   -0.37296032E+0001    0.93085793E+0000     14028
  3650   -0.37224039E+0001   -0.37280625E+0001    0.91643951E+0000     14307
  3700   -0.37209649E+0001   -0.37279551E+0001    0.91756753E+0000     14620
  3750   -0.37194603E+0001   -0.37258988E+0001    0.91597245E+0000     14860
  3800   -0.37181711E+0001   -0.37247382E+0001    0.89768478E+0000     15228
  3850   -0.37168739E+0001   -0.37239222E+0001    0.86162386E+0000     15434
  3900   -0.37159686E+0001   -0.37224948E+0001    0.86906154E+0000     15757
  3950   -0.37154083E+0001   -0.37219602E+0001    0.83381749E+0000     16253
  4000   -0.37145875E+0001   -0.37216258E+0001    0.82093926E+0000     16400
  4050   -0.37136251E+0001   -0.37204864E+0001    0.81659330E+0000     16699
  4100   -0.37126391E+0001   -0.37195713E+0001    0.77888380E+0000     17249
  4150   -0.37118055E+0001   -0.37183906E+0001    0.77702159E+0000     17731
  4200   -0.37110028E+0001   -0.37171598E+0001    0.78923146E+0000     17994
  4250   -0.37100604E+0001   -0.37168397E+0001    0.78139110E+0000     18348
  4300   -0.37090203E+0001   -0.37167092E+0001    0.73177732E+0000     18594
  4350   -0.37078675E+0001   -0.37162929E+0001    0.74465549E+0000     18776
  4400   -0.37066845E+0001   -0.37155073E+0001    0.69568991E+0000     19229
  4450   -0.37055189E+0001   -0.37137700E+0001    0.64756996E+0000     19466
  4500   -0.37042807E+0001   -0.37142096E+0001    0.63903921E+0000     20145
  4550   -0.37031839E+0001   -0.37114528E+0001    0.66097258E+0000     20705
  4600   -0.37022518E+0001   -0.37093787E+0001    0.61340268E+0000     21086
  4650   -0.37014335E+0001   -0.37083544E+0001    0.65553101E+0000     21575
  4700   -0.37007514E+0001   -0.37085565E+0001    0.64746092E+0000     22075
  4750   -0.37002437E+0001   -0.37068636E+0001    0.64068155E+0000     22479
  4800   -0.36996914E+0001   -0.37062688E+0001    0.61245600E+0000     22621
  4801   -0.36997136E+0001   -0.36997136E+0001    0.56079651E+0000     12000
  4850   -0.37001857E+0001   -0.37020223E+0001    0.55800010E+0000     12013
  4900   -0.36997224E+0001   -0.37017620E+0001    0.59795845E+0000     12121
  4950   -0.36992418E+0001   -0.37021216E+0001    0.60196457E+0000     12298
  5000   -0.36987655E+0001   -0.37016761E+0001    0.59534676E+0000     12424
  5050   -0.36983001E+0001   -0.37011520E+0001    0.57925722E+0000     12745
  5100   -0.36978695E+0001   -0.37006862E+0001    0.58366155E+0000     12827
  5150   -0.36974693E+0001   -0.37004690E+0001    0.58030866E+0000     12978
  5200   -0.36970143E+0001   -0.37004825E+0001    0.56218308E+0000     13206
  5250   -0.36965184E+0001   -0.36997971E+0001    0.54127019E+0000     13198
  5300   -0.36959960E+0001   -0.36986131E+0001    0.55774643E+0000     13717
  5350   -0.36954430E+0001   -0.36987896E+0001    0.55170288E+0000     13854
  5400   -0.36948915E+0001   -0.36983372E+0001    0.53602195E+0000     14214
  5450   -0.36944547E+0001   -0.36973763E+0001    0.54731973E+0000     14360
  5500   -0.36940040E+0001   -0.36970790E+0001    0.51500321E+0000     14525
  5550   -0.36935225E+0001   -0.36972651E+0001    0.48839138E+0000     14524
  5600   -0.36931748E+0001   -0.36967703E+0001    0.46545114E+0000     14781
  5650   -0.36928697E+0001   -0.36966724E+0001    0.46671779E+0000     15201
  5700   -0.36926458E+0001   -0.36953785E+0001    0.49172028E+0000     15354
  5750   -0.36924909E+0001   -0.36950985E+0001    0.49672414E+0000     15847
  5800   -0.36922659E+0001   -0.36948217E+0001    0.48229696E+0000     16058
  5850   -0.36920446E+0001   -0.36948892E+0001    0.44529156E+0000     16106
  5900   -0.36918069E+0001   -0.36944056E+0001    0.47145152E+0000     16366
  5950   -0.36916504E+0001   -0.36940398E+0001    0.46565496E+0000     16531
  6000   -0.36914454E+0001   -0.36938728E+0001    0.37278699E+0000     16558
  6050   -0.36913003E+0001   -0.36937295E+0001    0.37221514E+0000     16958
  6100   -0.36911838E+0001   -0.36933529E+0001    0.40863641E+0000     17220
  6150   -0.36910073E+0001   -0.36926941E+0001    0.42213142E+0000     17454
  6200   -0.36908811E+0001   -0.36924881E+0001    0.43822139E+0000     18240
  6250   -0.36907967E+0001   -0.36922095E+0001    0.43222995E+0000     18422
  6300   -0.36906796E+0001   -0.36924400E+0001    0.41431396E+0000     18875
  6350   -0.36905550E+0001   -0.36924365E+0001    0.43483305E+0000     19278
  6400   -0.36904549E+0001   -0.36918576E+0001    0.45133801E+0000     19745
  6401   -0.36904611E+0001   -0.36904611E+0001    0.30836536E+0000     12000
  6450   -0.36906061E+0001   -0.36914446E+0001    0.31952115E+0000     11985
  6500   -0.36904968E+0001   -0.36917470E+0001    0.37427952E+0000     11995
  6550   -0.36903935E+0001   -0.36915073E+0001    0.36251855E+0000     12118
  6600   -0.36902645E+0001   -0.36915284E+0001    0.34327359E+0000     12272
  6650   -0.36901355E+0001   -0.36915192E+0001    0.37694814E+0000     12815
  6700   -0.36900012E+0001   -0.36915759E+0001    0.36155529E+0000     12799
  6750   -0.36898764E+0001   -0.36915199E+0001    0.39730574E+0000     13131
  6800   -0.36897947E+0001   -0.36916744E+0001    0.36853697E+0000     13406
  6850   -0.36896855E+0001   -0.36917099E+0001    0.36751611E+0000     13595
  6900   -0.36895432E+0001   -0.36914842E+0001    0.36324808E+0000     13799
  6950   -0.36893400E+0001   -0.36913651E+0001    0.38643483E+0000     14283
  7000   -0.36891570E+0001   -0.36913023E+0001    0.40786831E+0000     14560
  7050   -0.36889924E+0001   -0.36905677E+0001    0.30990958E+0000     14971
  7100   -0.36888159E+0001   -0.36905537E+0001    0.32833132E+0000     15172
  7150   -0.36886779E+0001   -0.36899486E+0001    0.39318319E+0000     15630
  7200   -0.36885965E+0001   -0.36899952E+0001    0.37696976E+0000     16377
  7250   -0.36885095E+0001   -0.36899396E+0001    0.34722927E+0000     16915
  7300   -0.36884529E+0001   -0.36901724E+0001    0.26833168E+0000     17521
  7350   -0.36884236E+0001   -0.36901529E+0001    0.32706669E+0000     17689
  7400   -0.36883653E+0001   -0.36900699E+0001    0.29686165E+0000     18234
  7450   -0.36883026E+0001   -0.36897355E+0001    0.31706381E+0000     18435
  7500   -0.36882671E+0001   -0.36897828E+0001    0.34272291E+0000     18765
  7550   -0.36882319E+0001   -0.36898867E+0001    0.33706343E+0000     19365
  7600   -0.36881523E+0001   -0.36900221E+0001    0.36056048E+0000     19484
  7650   -0.36880791E+0001   -0.36898665E+0001    0.31791331E+0000     19705
  7700   -0.36880349E+0001   -0.36899172E+0001    0.32630319E+0000     19818
  7750   -0.36879979E+0001   -0.36901692E+0001    0.35590659E+0000     20353
  7800   -0.36879541E+0001   -0.36900313E+0001    0.35037528E+0000     20863
  7850   -0.36879465E+0001   -0.36899452E+0001    0.29345699E+0000     21608
  7900   -0.36879286E+0001   -0.36899598E+0001    0.30924657E+0000     21652
  7950   -0.36878967E+0001   -0.36900050E+0001    0.33428758E+0000     22024
  8000   -0.36878598E+0001   -0.36900583E+0001    0.33192869E+0000     22205
  8001   -0.36878612E+0001   -0.36878612E+0001    0.16475239E+0000     12000
  8050   -0.36879034E+0001   -0.36881454E+0001    0.19810437E+0000     12047
  8100   -0.36878810E+0001   -0.36883310E+0001    0.27237144E+0000     12177
  8150   -0.36878551E+0001   -0.36883507E+0001    0.27567028E+0000     12500
  8200   -0.36878316E+0001   -0.36883881E+0001    0.30899466E+0000     12861
  8250   -0.36878116E+0001   -0.36884661E+0001    0.33619607E+0000     13155
  8300   -0.36877887E+0001   -0.36883798E+0001    0.31056487E+0000     13520
  8350   -0.36877511E+0001   -0.36884071E+0001    0.35388195E+0000     13816
  8400   -0.36877073E+0001   -0.36882794E+0001    0.32811274E+0000     14153
  8450   -0.36876492E+0001   -0.36882395E+0001    0.36740691E+0000     14309
  8500   -0.36875921E+0001   -0.36881619E+0001    0.30081584E+0000     14500
  8550   -0.36875396E+0001   -0.36884167E+0001    0.31993793E+0000     14762
  8600   -0.36874870E+0001   -0.36880562E+0001    0.33841921E+0000     15279
  8650   -0.36874543E+0001   -0.36880063E+0001    0.35140526E+0000     15576
  8700   -0.36874333E+0001   -0.36880104E+0001    0.31322764E+0000     16084
  8750   -0.36874076E+0001   -0.36884867E+0001    0.34369832E+0000     16499
  8800   -0.36873972E+0001   -0.36886349E+0001    0.34383125E+0000     17007
  8850   -0.36873977E+0001   -0.36887988E+0001    0.27345923E+0000     17197
  8900   -0.36874002E+0001   -0.36888336E+0001    0.34161447E+0000     17416
  8950   -0.36874303E+0001   -0.36887127E+0001    0.27473597E+0000     17535
  9000   -0.36874608E+0001   -0.36884773E+0001    0.32440798E+0000     17803
  9050   -0.36874811E+0001   -0.36882137E+0001    0.33703116E+0000     18218
  9100   -0.36874781E+0001   -0.36883183E+0001    0.32390368E+0000     18437
  9150   -0.36874662E+0001   -0.36882708E+0001    0.36954001E+0000     18368
  9200   -0.36874563E+0001   -0.36882109E+0001    0.35257299E+0000     18573
  9250   -0.36874472E+0001   -0.36884993E+0001    0.31063437E+0000     18958
  9300   -0.36874354E+0001   -0.36882949E+0001    0.26155871E+0000     19257
  9350   -0.36873859E+0001   -0.36881213E+0001    0.33903195E+0000     19208
  9400   -0.36873262E+0001   -0.36881700E+0001    0.25514394E+0000     19516
  9450   -0.36872811E+0001   -0.36880402E+0001    0.32142857E+0000     20216
  9500   -0.36872408E+0001   -0.36879682E+0001    0.21270843E+0000     20690
  9550   -0.36872092E+0001   -0.36878561E+0001    0.27493580E+0000     21074
  9600   -0.36871747E+0001   -0.36876242E+0001    0.29583479E+0000     21477
  9601   -0.36871753E+0001   -0.36871753E+0001    0.10628665E+0000     12000
  9650   -0.36871923E+0001   -0.36872970E+0001    0.17951933E+0000     11982
  9700   -0.36871816E+0001   -0.36873568E+0001    0.25745937E+0000     12070
  9750   -0.36871750E+0001   -0.36874061E+0001    0.22055213E+0000     12219
  9800   -0.36871623E+0001   -0.36875678E+0001    0.28951846E+0000     12240
  9850   -0.36871444E+0001   -0.36875495E+0001    0.29982857E+0000     12278
  9900   -0.36871348E+0001   -0.36875063E+0001    0.32638453E+0000     12501
  9950   -0.36871377E+0001   -0.36874794E+0001    0.33375238E+0000     12677
 10000   -0.36871439E+0001   -0.36876087E+0001    0.30813451E+0000     12803
 10050   -0.36871604E+0001   -0.36876287E+0001    0.30315261E+0000     12756
 10100   -0.36871735E+0001   -0.36878063E+0001    0.29679508E+0000     12926
 10150   -0.36871784E+0001   -0.36878592E+0001    0.34268685E+0000     13132
 10200   -0.36871816E+0001   -0.36879174E+0001    0.31660879E+0000     13082
 10250   -0.36871644E+0001   -0.36879314E+0001    0.31411226E+0000     13235
 10300   -0.36871374E+0001   -0.36882479E+0001    0.29698952E+0000     13512
 10350   -0.36871240E+0001   -0.36878672E+0001    0.33414095E+0000     13534
 10400   -0.36871283E+0001   -0.36880663E+0001    0.32329559E+0000     13590
 10450   -0.36871245E+0001   -0.36878539E+0001    0.25744440E+0000     13843
 10500   -0.36871033E+0001   -0.36874877E+0001    0.34800688E+0000     14024
 10550   -0.36870825E+0001   -0.36877478E+0001    0.34776398E+0000     14060
 10600   -0.36870602E+0001   -0.36877264E+0001    0.31923304E+0000     14308
 10650   -0.36870450E+0001   -0.36874891E+0001    0.32716918E+0000     14632
 10700   -0.36870341E+0001   -0.36874707E+0001    0.28602435E+0000     15009
 10750   -0.36870336E+0001   -0.36874510E+0001    0.30391578E+0000     15043
 10800   -0.36870355E+0001   -0.36875908E+0001    0.31644514E+0000     15435
 10850   -0.36870363E+0001   -0.36874641E+0001    0.28230706E+0000     15670
 10900   -0.36870364E+0001   -0.36874589E+0001    0.29974496E+0000     15910
 10950   -0.36870445E+0001   -0.36876089E+0001    0.31798881E+0000     15981
 11000   -0.36870498E+0001   -0.36875388E+0001    0.25536734E+0000     16014
 11050   -0.36870332E+0001   -0.36874102E+0001    0.29966233E+0000     16216
 11100   -0.36870136E+0001   -0.36874317E+0001    0.33962525E+0000     16663
 11150   -0.36870037E+0001   -0.36873674E+0001    0.30777795E+0000     17038
 11200   -0.36869972E+0001   -0.36876330E+0001    0.26899652E+0000     17071
 11201   -0.36869975E+0001   -0.36869975E+0001    0.79072806E-0001     12000
 11250   -0.36870064E+0001   -0.36870400E+0001    0.16428571E+0000     11971
 11300   -0.36870050E+0001   -0.36870752E+0001    0.23538773E+0000     12115
 11350   -0.36870010E+0001   -0.36870931E+0001    0.25709414E+0000     12078
 11400   -0.36870006E+0001   -0.36871153E+0001    0.27383489E+0000     12448
 11450   -0.36869996E+0001   -0.36871168E+0001    0.29170982E+0000     12732
 11500   -0.36869950E+0001   -0.36871023E+0001    0.28879057E+0000     12925
 11550   -0.36869923E+0001   -0.36872858E+0001    0.28713402E+0000     13124
 11600   -0.36869965E+0001   -0.36872267E+0001    0.30204513E+0000     13744
 11650   -0.36869982E+0001   -0.36875032E+0001    0.25324686E+0000     13953
 11700   -0.36869989E+0001   -0.36871937E+0001    0.28198615E+0000     14017
 11750   -0.36869973E+0001   -0.36872528E+0001    0.27099617E+0000     14352
 11800   -0.36869950E+0001   -0.36873128E+0001    0.30462224E+0000     14719
 11850   -0.36869784E+0001   -0.36873802E+0001    0.30516128E+0000     14897
 11900   -0.36869686E+0001   -0.36870962E+0001    0.31409936E+0000     15118
 11950   -0.36869578E+0001   -0.36872537E+0001    0.28866224E+0000     15624
 12000   -0.36869453E+0001   -0.36873420E+0001    0.26366198E+0000     15681
 12050   -0.36869388E+0001   -0.36873273E+0001    0.27002887E+0000     16079
 12100   -0.36869314E+0001   -0.36872724E+0001    0.30810432E+0000     16116
 12150   -0.36869322E+0001   -0.36872726E+0001    0.32627831E+0000     16655
 12200   -0.36869342E+0001   -0.36872661E+0001    0.29194248E+0000     17115
 12250   -0.36869268E+0001   -0.36875044E+0001    0.30973348E+0000     17270
 12300   -0.36869297E+0001   -0.36873098E+0001    0.29068587E+0000     17580
 12350   -0.36869218E+0001   -0.36873410E+0001    0.30571584E+0000     17763
 12400   -0.36869250E+0001   -0.36873975E+0001    0.30187742E+0000     18052
 12450   -0.36869338E+0001   -0.36874328E+0001    0.34015821E+0000     18649
 12500   -0.36869255E+0001   -0.36872445E+0001    0.34885636E+0000     19178
 12550   -0.36869226E+0001   -0.36873561E+0001    0.31023477E+0000     19415
 12600   -0.36869165E+0001   -0.36872626E+0001    0.36836045E+0000     20167
 12650   -0.36869077E+0001   -0.36874444E+0001    0.35605809E+0000     20446
 12700   -0.36869079E+0001   -0.36871729E+0001    0.30640128E+0000     20835
 12750   -0.36869008E+0001   -0.36871757E+0001    0.26382417E+0000     21630
 12800   -0.36868864E+0001   -0.36870955E+0001    0.29175941E+0000     22051
 12801   -0.36868869E+0001   -0.36868869E+0001    0.69718603E-0001     12000
 12850   -0.36868963E+0001   -0.36869141E+0001    0.14069189E+0000     12037
 12900   -0.36868947E+0001   -0.36869258E+0001    0.21277037E+0000     12175
 12950   -0.36868955E+0001   -0.36869312E+0001    0.21941720E+0000     12468
 13000   -0.36868946E+0001   -0.36869337E+0001    0.26146034E+0000     12473
 13050   -0.36868938E+0001   -0.36869708E+0001    0.28180263E+0000     12395
 13100   -0.36868943E+0001   -0.36869862E+0001    0.25182676E+0000     12514
 13150   -0.36868979E+0001   -0.36868954E+0001    0.21989649E+0000     12662
 13200   -0.36868999E+0001   -0.36869059E+0001    0.32284041E+0000     13068
 13250   -0.36868984E+0001   -0.36869319E+0001    0.27930130E+0000     13092
 13300   -0.36868971E+0001   -0.36869984E+0001    0.26201374E+0000     13268
 13350   -0.36868983E+0001   -0.36870646E+0001    0.24724477E+0000     13602
 13400   -0.36868997E+0001   -0.36870627E+0001    0.32404709E+0000     13911
 13450   -0.36869007E+0001   -0.36870389E+0001    0.30441664E+0000     14232
 13500   -0.36868987E+0001   -0.36871099E+0001    0.26231525E+0000     14481
 13550   -0.36868973E+0001   -0.36871831E+0001    0.26225530E+0000     14559
 13600   -0.36868988E+0001   -0.36871200E+0001    0.29548479E+0000     14648
 13650   -0.36868986E+0001   -0.36871384E+0001    0.28639977E+0000     14770
 13700   -0.36868962E+0001   -0.36870534E+0001    0.28241165E+0000     14885
 13750   -0.36868936E+0001   -0.36869701E+0001    0.31732940E+0000     15008
 13800   -0.36868935E+0001   -0.36869373E+0001    0.25130991E+0000     15254
 13850   -0.36868917E+0001   -0.36869135E+0001    0.25969616E+0000     15646
 13900   -0.36868879E+0001   -0.36869545E+0001    0.29336648E+0000     15720
 13950   -0.36868817E+0001   -0.36870993E+0001    0.27432510E+0000     15926
 14000   -0.36868774E+0001   -0.36873070E+0001    0.25005323E+0000     16516
 14050   -0.36868716E+0001   -0.36871595E+0001    0.29909402E+0000     16558
 14100   -0.36868700E+0001   -0.36873510E+0001    0.26647957E+0000     16943
 14150   -0.36868637E+0001   -0.36874637E+0001    0.28455940E+0000     17106
 14200   -0.36868651E+0001   -0.36871671E+0001    0.28113747E+0000     17518
 14250   -0.36868699E+0001   -0.36869069E+0001    0.21904213E+0000     18205
 14300   -0.36868709E+0001   -0.36872281E+0001    0.30037112E+0000     18456
 14350   -0.36868748E+0001   -0.36876200E+0001    0.31019665E+0000     18556
 14400   -0.36868747E+0001   -0.36878011E+0001    0.28718165E+0000     18697
 14450   -0.36868740E+0001   -0.36871934E+0001    0.25375858E+0000     19222
 14500   -0.36868665E+0001   -0.36877608E+0001    0.30837765E+0000     19675
 14550   -0.36868633E+0001   -0.36872228E+0001    0.24384041E+0000     20338
 14600   -0.36868612E+0001   -0.36872181E+0001    0.29728955E+0000     20458
 14650   -0.36868595E+0001   -0.36870817E+0001    0.28970890E+0000     21120
 14700   -0.36868586E+0001   -0.36871313E+0001    0.23905175E+0000     21223
 14750   -0.36868587E+0001   -0.36869786E+0001    0.29617926E+0000     21356
 14800   -0.36868636E+0001   -0.36868850E+0001    0.26779144E+0000     21668
 14850   -0.36868641E+0001   -0.36868712E+0001    0.21045809E+0000     21904
 14900   -0.36868653E+0001   -0.36869080E+0001    0.27791816E+0000     22391
 14950   -0.36868636E+0001   -0.36868545E+0001    0.29455920E+0000     22311
 15000   -0.36868614E+0001   -0.36868275E+0001    0.25645262E+0000     22649
 15050   -0.36868629E+0001   -0.36869924E+0001    0.27330240E+0000     22994
 15100   -0.36868660E+0001   -0.36868768E+0001    0.28419773E+0000     23416
 15150   -0.36868679E+0001   -0.36868380E+0001    0.27999467E+0000     23862
 15200   -0.36868647E+0001   -0.36868704E+0001    0.28141898E+0000     23912
 15250   -0.36868568E+0001   -0.36868484E+0001    0.28255084E+0000     24207
 15300   -0.36868575E+0001   -0.36868208E+0001    0.28419055E+0000     24970
 15350   -0.36868641E+0001   -0.36869613E+0001    0.24394711E+0000     25274
 15400   -0.36868664E+0001   -0.36869118E+0001    0.23409980E+0000     25680
 15450   -0.36868686E+0001   -0.36870794E+0001    0.29993848E+0000     26031
 15500   -0.36868643E+0001   -0.36867859E+0001    0.26531922E+0000     25960
 15550   -0.36868606E+0001   -0.36869142E+0001    0.27404606E+0000     27133
 15600   -0.36868614E+0001   -0.36867545E+0001    0.28234395E+0000     27451
 15650   -0.36868643E+0001   -0.36868510E+0001    0.30179528E+0000     27966
 15700   -0.36868657E+0001   -0.36869412E+0001    0.25851454E+0000     28157
 15750   -0.36868666E+0001   -0.36868826E+0001    0.29155656E+0000     28393
 15800   -0.36868679E+0001   -0.36872924E+0001    0.23759768E+0000     28977
 15850   -0.36868712E+0001   -0.36872089E+0001    0.24008857E+0000     29492
 15900   -0.36868725E+0001   -0.36874745E+0001    0.30294650E+0000     29900
 15950   -0.36868721E+0001   -0.36868162E+0001    0.25752439E+0000     30376
 16000   -0.36868714E+0001   -0.36872142E+0001    0.28682080E+0000     30740
 16001   -0.36868327E+0001   -0.36868327E+0001    0.42310146E-0001         1
 16050   -0.36865425E+0001   -0.36865425E+0001    0.34661090E+0000         1
 16100   -0.36863081E+0001   -0.36863081E+0001    0.43692130E+0000         1
 16150   -0.36861337E+0001   -0.36861337E+0001    0.46303603E+0000         1
 16200   -0.36864477E+0001   -0.36864477E+0001    0.40449789E+0000         1
 16250   -0.36858211E+0001   -0.36858211E+0001    0.56019869E+0000         1
 16300   -0.36860550E+0001   -0.36860550E+0001    0.42792368E+0000         1
 16350   -0.36859553E+0001   -0.36859553E+0001    0.57560000E+0000         1
 16400   -0.36863772E+0001   -0.36863772E+0001    0.33819154E+0000         1
 16450   -0.36863482E+0001   -0.36863482E+0001    0.36889753E+0000         1
 16500   -0.36857344E+0001   -0.36857344E+0001    0.58670799E+0000         1
 16550   -0.36860312E+0001   -0.36860312E+0001    0.50796695E+0000         1
 16600   -0.36863609E+0001   -0.36863609E+0001    0.41120300E+0000         1
 16650   -0.36862194E+0001   -0.36862194E+0001    0.41897917E+0000         1
 16700   -0.36863613E+0001   -0.36863613E+0001    0.28001447E+0000         1
 16750   -0.36861050E+0001   -0.36861050E+0001    0.39404989E+0000         1
 16800   -0.36856744E+0001   -0.36856744E+0001    0.53778702E+0000         1
 16850   -0.36861380E+0001   -0.36861380E+0001    0.44070927E+0000         1
 16900   -0.36859488E+0001   -0.36859488E+0001    0.40660641E+0000         1
 16950   -0.36863204E+0001   -0.36863204E+0001    0.35112298E+0000         1
 17000   -0.36859613E+0001   -0.36859613E+0001    0.56205569E+0000         1
 17050   -0.36860494E+0001   -0.36860494E+0001    0.42251291E+0000         1
 17100   -0.36854297E+0001   -0.36854297E+0001    0.69843544E+0000         1
 17150   -0.36859246E+0001   -0.36859246E+0001    0.50212784E+0000         1
 17200   -0.36851214E+0001   -0.36851214E+0001    0.75189895E+0000         1
 17250   -0.36860474E+0001   -0.36860474E+0001    0.49826384E+0000         1
 17300   -0.36857264E+0001   -0.36857264E+0001    0.49903029E+0000         1
 17350   -0.36854706E+0001   -0.36854706E+0001    0.60403209E+0000         1
 17400   -0.36862255E+0001   -0.36862255E+0001    0.44960242E+0000         1
 17450   -0.36864943E+0001   -0.36864943E+0001    0.36844646E+0000         1
 17500   -0.36867197E+0001   -0.36867197E+0001    0.26366833E+0000         1
 17550   -0.36863077E+0001   -0.36863077E+0001    0.42918288E+0000         1
 17600   -0.36860198E+0001   -0.36860198E+0001    0.57398418E+0000         1
 17650   -0.36861674E+0001   -0.36861674E+0001    0.34735289E+0000         1
 17700   -0.36851206E+0001   -0.36851206E+0001    0.57991931E+0000         1
 17750   -0.36851380E+0001   -0.36851380E+0001    0.51393068E+0000         1
 17800   -0.36854369E+0001   -0.36854369E+0001    0.51008111E+0000         1
 17850   -0.36851149E+0001   -0.36851149E+0001    0.61787151E+0000         1
 17900   -0.36856564E+0001   -0.36856564E+0001    0.42376452E+0000         1
 17950   -0.36854604E+0001   -0.36854604E+0001    0.52464009E+0000         1
 18000   -0.36854053E+0001   -0.36854053E+0001    0.64262960E+0000         1
 18050   -0.36853769E+0001   -0.36853769E+0001    0.58194691E+0000         1
 18100   -0.36847406E+0001   -0.36847406E+0001    0.76254275E+0000         1
 18150   -0.36844121E+0001   -0.36844121E+0001    0.85107149E+0000         1
 18200   -0.36854369E+0001   -0.36854369E+0001    0.54237270E+0000         1
 18250   -0.36855025E+0001   -0.36855025E+0001    0.61257032E+0000         1
 18300   -0.36853023E+0001   -0.36853023E+0001    0.60008032E+0000         1
 18350   -0.36858577E+0001   -0.36858577E+0001    0.49392595E+0000         1
 18400   -0.36854772E+0001   -0.36854772E+0001    0.60981275E+0000         1
 18450   -0.36854831E+0001   -0.36854831E+0001    0.59016231E+0000         1
 18500   -0.36860772E+0001   -0.36860772E+0001    0.47415648E+0000         1
 18550   -0.36861983E+0001   -0.36861983E+0001    0.44115017E+0000         1
 18600   -0.36859722E+0001   -0.36859722E+0001    0.58861510E+0000         1
 18650   -0.36862791E+0001   -0.36862791E+0001    0.48580573E+0000         1
 18700   -0.36865252E+0001   -0.36865252E+0001    0.37526502E+0000         1
 18750   -0.36866333E+0001   -0.36866333E+0001    0.37718082E+0000         1
 18800   -0.36861238E+0001   -0.36861238E+0001    0.43590836E+0000         1
 18850   -0.36856272E+0001   -0.36856272E+0001    0.66083392E+0000         1
 18900   -0.36862646E+0001   -0.36862646E+0001    0.57054750E+0000         1
 18950   -0.36863179E+0001   -0.36863179E+0001    0.59120531E+0000         1
 19000   -0.36864957E+0001   -0.36864957E+0001    0.59508588E+0000         1
 19050   -0.36870208E+0001   -0.36870208E+0001    0.51626271E+0000         1
 19100   -0.36873877E+0001   -0.36873877E+0001    0.44271437E+0000         1
 19150   -0.36867874E+0001   -0.36867874E+0001    0.57168736E+0000         1
 19200   -0.36864030E+0001   -0.36864030E+0001    0.67107693E+0000         1
 19250   -0.36868322E+0001   -0.36868322E+0001    0.63642147E+0000         1
 19300   -0.36868830E+0001   -0.36868830E+0001    0.58768860E+0000         1
 19350   -0.36867676E+0001   -0.36867676E+0001    0.71263204E+0000         1
 19400   -0.36867185E+0001   -0.36867185E+0001    0.68744493E+0000         1
 19450   -0.36871809E+0001   -0.36871809E+0001    0.70783145E+0000         1
 19500   -0.36876871E+0001   -0.36876871E+0001    0.53211039E+0000         1
 19550   -0.36868597E+0001   -0.36868597E+0001    0.71561241E+0000         1
 19600   -0.36878859E+0001   -0.36878859E+0001    0.53728267E+0000         1
 19650   -0.36881568E+0001   -0.36881568E+0001    0.57881910E+0000         1
 19700   -0.36883555E+0001   -0.36883555E+0001    0.52387598E+0000         1
 19750   -0.36883604E+0001   -0.36883604E+0001    0.58278967E+0000         1
 19800   -0.36880773E+0001   -0.36880773E+0001    0.68537421E+0000         1
 19850   -0.36883026E+0001   -0.36883026E+0001    0.60252202E+0000         1
 19900   -0.36892860E+0001   -0.36892860E+0001    0.76918645E+0000         1
 19950   -0.36898202E+0001   -0.36898202E+0001    0.61454129E+0000         1
 20000   -0.36902235E+0001   -0.36902235E+0001    0.53958866E+0000         1
 20050   -0.36904799E+0001   -0.36904799E+0001    0.59529776E+0000         1
 20100   -0.36902769E+0001   -0.36902769E+0001    0.58474276E+0000         1
 20150   -0.36910974E+0001   -0.36910974E+0001    0.49803604E+0000         1
 20200   -0.36908560E+0001   -0.36908560E+0001    0.50899064E+0000         1
 20250   -0.36910532E+0001   -0.36910532E+0001    0.48713409E+0000         1
 20300   -0.36911956E+0001   -0.36911956E+0001    0.64495207E+0000         1
 20350   -0.36918199E+0001   -0.36918199E+0001    0.53253610E+0000         1
 20400   -0.36925386E+0001   -0.36925386E+0001    0.63538876E+0000         1
 20450   -0.36927123E+0001   -0.36927123E+0001    0.68153040E+0000         1
 20500   -0.36932507E+0001   -0.36932507E+0001    0.77140324E+0000         1
 20550   -0.36942605E+0001   -0.36942605E+0001    0.73040430E+0000         1
 20600   -0.36960841E+0001   -0.36960841E+0001    0.71721335E+0000         1
 20650   -0.36974716E+0001   -0.36974716E+0001    0.62101874E+0000         1
 20700   -0.36979389E+0001   -0.36979389E+0001    0.70770379E+0000         1
 20750   -0.36995530E+0001   -0.36995530E+0001    0.73213078E+0000         1
 20800   -0.37010268E+0001   -0.37010268E+0001    0.75114220E+0000         1
 20850   -0.37002835E+0001   -0.37002835E+0001    0.84737829E+0000         1
 20900   -0.37019868E+0001   -0.37019868E+0001    0.79458305E+0000         1
 20950   -0.37035797E+0001   -0.37035797E+0001    0.87988284E+0000         1
 21000   -0.37053727E+0001   -0.37053727E+0001    0.91993521E+0000         1
 21050   -0.37075353E+0001   -0.37075353E+0001    0.83191537E+0000         1
 21100   -0.37092230E+0001   -0.37092230E+0001    0.94849439E+0000         1
 21150   -0.37124380E+0001   -0.37124380E+0001    0.95818691E+0000         1
 21200   -0.37152004E+0001   -0.37152004E+0001    0.96758268E+0000         1
 21250   -0.37193694E+0001   -0.37193694E+0001    0.10011598E+0001         1
 21300   -0.37219705E+0001   -0.37219705E+0001    0.10852491E+0001         1
 21350   -0.37255737E+0001   -0.37255737E+0001    0.10205024E+0001         1
 21400   -0.37295840E+0001   -0.37295840E+0001    0.99286650E+0000         1
 21450   -0.37330240E+0001   -0.37330240E+0001    0.10735648E+0001         1
 21500   -0.37372627E+0001   -0.37372627E+0001    0.10795448E+0001         1
 21550   -0.37399902E+0001   -0.37399902E+0001    0.11139393E+0001         1
 21600   -0.37443493E+0001   -0.37443493E+0001    0.11826411E+0001         1
 21650   -0.37497919E+0001   -0.37497919E+0001    0.11653233E+0001         1
 21700   -0.37550993E+0001   -0.37550993E+0001    0.11964405E+0001         1
 21750   -0.37589833E+0001   -0.37589833E+0001    0.12603384E+0001         1
 21800   -0.37643790E+0001   -0.37643790E+0001    0.11728255E+0001         1
 21850   -0.37692059E+0001   -0.37692059E+0001    0.11622789E+0001         1
 21900   -0.37739173E+0001   -0.37739173E+0001    0.11804452E+0001         1
 21950   -0.37785516E+0001   -0.37785516E+0001    0.11184183E+0001         1
 22000   -0.37843462E+0001   -0.37843462E+0001    0.10266000E+0001         1
 22050   -0.37859568E+0001   -0.37859568E+0001    0.10443957E+0001         1
 22100   -0.37890968E+0001   -0.37890968E+0001    0.10114773E+0001         1
 22150   -0.37912155E+0001   -0.37912155E+0001    0.98295216E+0000         1
 22200   -0.37934578E+0001   -0.37934578E+0001    0.93920462E+0000         1
 22250   -0.37965320E+0001   -0.37965320E+0001    0.77009035E+0000         1
 22300   -0.37978405E+0001   -0.37978405E+0001    0.85600179E+0000         1
 22350   -0.37997508E+0001   -0.37997508E+0001    0.62766187E+0000         1
 22400   -0.38003664E+0001   -0.38003664E+0001    0.60558262E+0000         1
 22450   -0.38010059E+0001   -0.38010059E+0001    0.53904172E+0000         1
 22500   -0.38014339E+0001   -0.38014339E+0001    0.60174539E+0000         1
 22550   -0.38014695E+0001   -0.38014695E+0001    0.65767031E+0000         1
 22600   -0.38023958E+0001   -0.38023958E+0001    0.49855189E+0000         1
 22650   -0.38022023E+0001   -0.38022023E+0001    0.58478839E+0000         1
 22700   -0.38024643E+0001   -0.38024643E+0001    0.54918608E+0000         1
 22750   -0.38027492E+0001   -0.38027492E+0001    0.40474781E+0000         1
 22800   -0.38024668E+0001   -0.38024668E+0001    0.58998779E+0000         1
 22850   -0.38029022E+0001   -0.38029022E+0001    0.36441424E+0000         1
 22900   -0.38028520E+0001   -0.38028520E+0001    0.43879392E+0000         1
 22950   -0.38024922E+0001   -0.38024922E+0001    0.56016998E+0000         1
 23000   -0.38025025E+0001   -0.38025025E+0001    0.58463855E+0000         1
 23050   -0.38027884E+0001   -0.38027884E+0001    0.54386127E+0000         1
 23100   -0.38030643E+0001   -0.38030643E+0001    0.35369929E+0000         1
 23150   -0.38023073E+0001   -0.38023073E+0001    0.62692937E+0000         1
 23200   -0.38024878E+0001   -0.38024878E+0001    0.59308313E+0000         1
 23250   -0.38017193E+0001   -0.38017193E+0001    0.81340808E+0000         1
 23300   -0.38021782E+0001   -0.38021782E+0001    0.72730755E+0000         1
 23350   -0.38033472E+0001   -0.38033472E+0001    0.37606386E+0000         1
 23400   -0.38031329E+0001   -0.38031329E+0001    0.46625192E+0000         1
 23450   -0.38028128E+0001   -0.38028128E+0001    0.52796967E+0000         1
 23500   -0.38025404E+0001   -0.38025404E+0001    0.54981209E+0000         1
 23550   -0.38024955E+0001   -0.38024955E+0001    0.57976286E+0000         1
 23600   -0.38020757E+0001   -0.38020757E+0001    0.65804899E+0000         1
 23650   -0.38031915E+0001   -0.38031915E+0001    0.40799497E+0000         1
 23700   -0.38030953E+0001   -0.38030953E+0001    0.46199038E+0000         1
 23750   -0.38030818E+0001   -0.38030818E+0001    0.48167487E+0000         1
 23800   -0.38029524E+0001   -0.38029524E+0001    0.46855829E+0000         1
 23850   -0.38029575E+0001   -0.38029575E+0001    0.47860271E+0000         1
 23900   -0.38032578E+0001   -0.38032578E+0001    0.36598846E+0000         1
 23950   -0.38030257E+0001   -0.38030257E+0001    0.47987672E+0000         1
 24000   -0.38026803E+0001   -0.38026803E+0001    0.53990519E+0000         1
 24050   -0.38032169E+0001   -0.38032169E+0001    0.35017581E+0000         1
 24100   -0.38033692E+0001   -0.38033692E+0001    0.30225452E+0000         1
 24150   -0.38025633E+0001   -0.38025633E+0001    0.51533857E+0000         1
 24200   -0.38027171E+0001   -0.38027171E+0001    0.53095867E+0000         1
 24250   -0.38028850E+0001   -0.38028850E+0001    0.42398193E+0000         1
 24300   -0.38028835E+0001   -0.38028835E+0001    0.48279345E+0000         1
 24350   -0.38024842E+0001   -0.38024842E+0001    0.58007384E+0000         1
 24400   -0.38022495E+0001   -0.38022495E+0001    0.66140146E+0000         1
 24450   -0.38022433E+0001   -0.38022433E+0001    0.61959269E+0000         1
 24500   -0.38028785E+0001   -0.38028785E+0001    0.50452166E+0000         1
 24550   -0.38026858E+0001   -0.38026858E+0001    0.57611160E+0000         1
 24600   -0.38027478E+0001   -0.38027478E+0001    0.60180453E+0000         1
 24650   -0.38033461E+0001   -0.38033461E+0001    0.39189264E+0000         1
 24700   -0.38032752E+0001   -0.38032752E+0001    0.37050771E+0000         1
 24750   -0.38031817E+0001   -0.38031817E+0001    0.35609031E+0000         1
 24800   -0.38031988E+0001   -0.38031988E+0001    0.42560853E+0000         1
 24850   -0.38027788E+0001   -0.38027788E+0001    0.51615122E+0000         1
 24900   -0.38026908E+0001   -0.38026908E+0001    0.55525217E+0000         1
 24950   -0.38028590E+0001   -0.38028590E+0001    0.51207888E+0000         1
 25000   -0.38031936E+0001   -0.38031936E+0001    0.45005304E+0000         1
 25050   -0.38033708E+0001   -0.38033708E+0001    0.35883130E+0000         1
 25100   -0.38026160E+0001   -0.38026160E+0001    0.56285055E+0000         1
 25150   -0.38030010E+0001   -0.38030010E+0001    0.55185139E+0000         1
 25200   -0.38028503E+0001   -0.38028503E+0001    0.51472996E+0000         1
 25250   -0.38026869E+0001   -0.38026869E+0001    0.51222097E+0000         1
 25300   -0.38026548E+0001   -0.38026548E+0001    0.50750075E+0000         1
 25350   -0.38030831E+0001   -0.38030831E+0001    0.44533865E+0000         1
 25400   -0.38029799E+0001   -0.38029799E+0001    0.43608960E+0000         1
 25450   -0.38027769E+0001   -0.38027769E+0001    0.59003144E+0000         1
 25500   -0.38016713E+0001   -0.38016713E+0001    0.74671523E+0000         1
 25550   -0.38031928E+0001   -0.38031928E+0001    0.42425017E+0000         1
 25600   -0.38029765E+0001   -0.38029765E+0001    0.50098161E+0000         1
 25650   -0.38029918E+0001   -0.38029918E+0001    0.45955362E+0000         1
 25700   -0.38031878E+0001   -0.38031878E+0001    0.38318432E+0000         1
 25750   -0.38030845E+0001   -0.38030845E+0001    0.33379257E+0000         1
 25800   -0.38027521E+0001   -0.38027521E+0001    0.41869994E+0000         1
 25850   -0.38026589E+0001   -0.38026589E+0001    0.51362185E+0000         1
 25900   -0.38021443E+0001   -0.38021443E+0001    0.75343700E+0000         1
 25950   -0.38022319E+0001   -0.38022319E+0001    0.64141029E+0000         1
 26000   -0.38028637E+0001   -0.38028637E+0001    0.56965683E+0000         1
 26050   -0.38026827E+0001   -0.38026827E+0001    0.51460464E+0000         1
 26100   -0.38026444E+0001   -0.38026444E+0001    0.43821405E+0000         1
 26150   -0.38024160E+0001   -0.38024160E+0001    0.63975870E+0000         1
 26200   -0.38021836E+0001   -0.38021836E+0001    0.73424279E+0000         1
 26250   -0.38028305E+0001   -0.38028305E+0001    0.54780946E+0000         1
 26300   -0.38031699E+0001   -0.38031699E+0001    0.46552647E+0000         1
 26350   -0.38030014E+0001   -0.38030014E+0001    0.53949052E+0000         1
 26400   -0.38032603E+0001   -0.38032603E+0001    0.47623429E+0000         1
 26450   -0.38031692E+0001   -0.38031692E+0001    0.35179018E+0000         1
 26500   -0.38031028E+0001   -0.38031028E+0001    0.40888033E+0000         1
 26550   -0.38032206E+0001   -0.38032206E+0001    0.46584276E+0000         1
 26600   -0.38026935E+0001   -0.38026935E+0001    0.50089907E+0000         1
 26650   -0.38026323E+0001   -0.38026323E+0001    0.62156706E+0000         1
 26700   -0.38028384E+0001   -0.38028384E+0001    0.52908325E+0000         1
 26750   -0.38033693E+0001   -0.38033693E+0001    0.26205806E+0000         1
 26800   -0.38027084E+0001   -0.38027084E+0001    0.48565360E+0000         1
 26850   -0.38028164E+0001   -0.38028164E+0001    0.53661292E+0000         1
 26900   -0.38025171E+0001   -0.38025171E+0001    0.60352079E+0000         1
 26950   -0.38024336E+0001   -0.38024336E+0001    0.58490136E+0000         1
 27000   -0.38026935E+0001   -0.38026935E+0001    0.46175509E+0000         1
 27050   -0.38030210E+0001   -0.38030210E+0001    0.37605831E+0000         1
 27100   -0.38027040E+0001   -0.38027040E+0001    0.61470680E+0000         1
 27150   -0.38030989E+0001   -0.38030989E+0001    0.45546763E+0000         1
 27200   -0.38029370E+0001   -0.38029370E+0001    0.54122605E+0000         1
 27250   -0.38023383E+0001   -0.38023383E+0001    0.60293170E+0000         1
 27300   -0.38022326E+0001   -0.38022326E+0001    0.61014861E+0000         1
 27350   -0.38025293E+0001   -0.38025293E+0001    0.61178932E+0000         1
 27400   -0.38029526E+0001   -0.38029526E+0001    0.47632728E+0000         1
 27450   -0.38030548E+0001   -0.38030548E+0001    0.54092654E+0000         1
 27500   -0.38032358E+0001   -0.38032358E+0001    0.36496046E+0000         1
 27550   -0.38027466E+0001   -0.38027466E+0001    0.55668458E+0000         1
 27600   -0.38027410E+0001   -0.38027410E+0001    0.59168247E+0000         1
 27650   -0.38025058E+0001   -0.38025058E+0001    0.70425748E+0000         1
 27700   -0.38026557E+0001   -0.38026557E+0001    0.59099513E+0000         1
 27750   -0.38032157E+0001   -0.38032157E+0001    0.39994732E+0000         1
 27800   -0.38034431E+0001   -0.38034431E+0001    0.40152170E+0000         1
 27850   -0.38030544E+0001   -0.38030544E+0001    0.45591200E+0000         1
 27900   -0.38025989E+0001   -0.38025989E+0001    0.59295407E+0000         1
 27950   -0.38020858E+0001   -0.38020858E+0001    0.78923334E+0000         1
 28000   -0.38023258E+0001   -0.38023258E+0001    0.62661690E+0000         1
 28050   -0.38024199E+0001   -0.38024199E+0001    0.61748576E+0000         1
 28100   -0.38031647E+0001   -0.38031647E+0001    0.42539560E+0000         1
 28150   -0.38029025E+0001   -0.38029025E+0001    0.41946053E+0000         1
 28200   -0.38017804E+0001   -0.38017804E+0001    0.80516433E+0000         1
 28250   -0.38031641E+0001   -0.38031641E+0001    0.39605825E+0000         1
 28300   -0.38019815E+0001   -0.38019815E+0001    0.66056458E+0000         1
 28350   -0.38028030E+0001   -0.38028030E+0001    0.52926670E+0000         1
 28400   -0.38029621E+0001   -0.38029621E+0001    0.49029059E+0000         1
 28450   -0.38023531E+0001   -0.38023531E+0001    0.62888783E+0000         1
 28500   -0.38029432E+0001   -0.38029432E+0001    0.56763481E+0000         1
 28550   -0.38032140E+0001   -0.38032140E+0001    0.48208624E+0000         1
 28600   -0.38029132E+0001   -0.38029132E+0001    0.47030917E+0000         1
 28650   -0.38025088E+0001   -0.38025088E+0001    0.64900949E+0000         1
 28700   -0.38026222E+0001   -0.38026222E+0001    0.61266064E+0000         1
 28750   -0.38027870E+0001   -0.38027870E+0001    0.58919888E+0000         1
 28800   -0.38031106E+0001   -0.38031106E+0001    0.45480673E+0000         1
 28850   -0.38033285E+0001   -0.38033285E+0001    0.39329320E+0000         1
 28900   -0.38031066E+0001   -0.38031066E+0001    0.54675983E+0000         1
 28950   -0.38036108E+0001   -0.38036108E+0001    0.26726863E+0000         1
 29000   -0.38032715E+0001   -0.38032715E+0001    0.43336980E+0000         1
 29050   -0.38030761E+0001   -0.38030761E+0001    0.49681257E+0000         1
 29100   -0.38031742E+0001   -0.38031742E+0001    0.43277904E+0000         1
 29150   -0.38032889E+0001   -0.38032889E+0001    0.44207124E+0000         1
 29200   -0.38035190E+0001   -0.38035190E+0001    0.31141222E+0000         1
 29250   -0.38035083E+0001   -0.38035083E+0001    0.33583179E+0000         1
 29300   -0.38034079E+0001   -0.38034079E+0001    0.37974113E+0000         1
 29350   -0.38033818E+0001   -0.38033818E+0001    0.45261646E+0000         1
 29400   -0.38031775E+0001   -0.38031775E+0001    0.51328816E+0000         1
 29450   -0.38024836E+0001   -0.38024836E+0001    0.64699497E+0000         1
 29500   -0.38029765E+0001   -0.38029765E+0001    0.49074009E+0000         1
 29550   -0.38027954E+0001   -0.38027954E+0001    0.59931464E+0000         1
 29600   -0.38028848E+0001   -0.38028848E+0001    0.47159428E+0000         1
 29650   -0.38022534E+0001   -0.38022534E+0001    0.67821002E+0000         1
 29700   -0.38028463E+0001   -0.38028463E+0001    0.55138949E+0000         1
 29750   -0.38029897E+0001   -0.38029897E+0001    0.48791824E+0000         1
 29800   -0.38028070E+0001   -0.38028070E+0001    0.44424992E+0000         1
 29850   -0.38024475E+0001   -0.38024475E+0001    0.53339268E+0000         1
 29900   -0.38030189E+0001   -0.38030189E+0001    0.47027989E+0000         1
 29950   -0.38033689E+0001   -0.38033689E+0001    0.38797780E+0000         1
 30000   -0.38029799E+0001   -0.38029799E+0001    0.56427642E+0000         1
 30050   -0.38032741E+0001   -0.38032741E+0001    0.49743407E+0000         1
 30100   -0.38032287E+0001   -0.38032287E+0001    0.37788797E+0000         1
 30150   -0.38030945E+0001   -0.38030945E+0001    0.52100999E+0000         1
 30200   -0.38031577E+0001   -0.38031577E+0001    0.46607257E+0000         1
 30250   -0.38026943E+0001   -0.38026943E+0001    0.57821620E+0000         1
 30300   -0.38029062E+0001   -0.38029062E+0001    0.57384556E+0000         1
 30350   -0.38028115E+0001   -0.38028115E+0001    0.49701773E+0000         1
 30400   -0.38030094E+0001   -0.38030094E+0001    0.53899462E+0000         1
 30450   -0.38023310E+0001   -0.38023310E+0001    0.74510081E+0000         1
 30500   -0.38024164E+0001   -0.38024164E+0001    0.71094110E+0000         1
 30550   -0.38027685E+0001   -0.38027685E+0001    0.56522755E+0000         1
 30600   -0.38028292E+0001   -0.38028292E+0001    0.54395419E+0000         1
 30650   -0.38028110E+0001   -0.38028110E+0001    0.52805270E+0000         1
 30700   -0.38026781E+0001   -0.38026781E+0001    0.56633298E+0000         1
 30750   -0.38027281E+0001   -0.38027281E+0001    0.52248066E+0000         1
 30800   -0.38024713E+0001   -0.38024713E+0001    0.58658107E+0000         1
 30850   -0.38032053E+0001   -0.38032053E+0001    0.36707427E+0000         1
 30900   -0.38031640E+0001   -0.38031640E+0001    0.36939183E+0000         1
 30950   -0.38027306E+0001   -0.38027306E+0001    0.54751009E+0000         1
 31000   -0.38026753E+0001   -0.38026753E+0001    0.68392680E+0000         1
 31050   -0.38025186E+0001   -0.38025186E+0001    0.60936145E+0000         1
 31100   -0.38029985E+0001   -0.38029985E+0001    0.53309802E+0000         1
 31150   -0.38033043E+0001   -0.38033043E+0001    0.39691184E+0000         1
 31200   -0.38032533E+0001   -0.38032533E+0001    0.45749452E+0000         1
 31250   -0.38031841E+0001   -0.38031841E+0001    0.44848006E+0000         1
 31300   -0.38027600E+0001   -0.38027600E+0001    0.57160232E+0000         1
 31350   -0.38032719E+0001   -0.38032719E+0001    0.52724709E+0000         1
 31400   -0.38022254E+0001   -0.38022254E+0001    0.70500440E+0000         1
 31450   -0.38034539E+0001   -0.38034539E+0001    0.38649230E+0000         1
 31500   -0.38034194E+0001   -0.38034194E+0001    0.40032941E+0000         1
 31550   -0.38029027E+0001   -0.38029027E+0001    0.41682656E+0000         1
 31600   -0.38024068E+0001   -0.38024068E+0001    0.63921144E+0000         1
 31650   -0.38020153E+0001   -0.38020153E+0001    0.68004061E+0000         1
 31700   -0.38020408E+0001   -0.38020408E+0001    0.64798142E+0000         1
 31750   -0.38023433E+0001   -0.38023433E+0001    0.57843082E+0000         1
 31800   -0.38027048E+0001   -0.38027048E+0001    0.46163151E+0000         1
 31850   -0.38018412E+0001   -0.38018412E+0001    0.66039871E+0000         1
 31900   -0.38027496E+0001   -0.38027496E+0001    0.47047122E+0000         1
 31950   -0.38031754E+0001   -0.38031754E+0001    0.28319784E+0000         1
 32000   -0.38025694E+0001   -0.38025694E+0001    0.54944974E+0000         1
 32050   -0.38027131E+0001   -0.38027131E+0001    0.53497506E+0000         1
 32100   -0.38031061E+0001   -0.38031061E+0001    0.47526444E+0000         1
 32150   -0.38027898E+0001   -0.38027898E+0001    0.52256269E+0000         1
 32200   -0.38029434E+0001   -0.38029434E+0001    0.56748168E+0000         1
 32250   -0.38024478E+0001   -0.38024478E+0001    0.65229877E+0000         1
 32300   -0.38031776E+0001   -0.38031776E+0001    0.49587028E+0000         1
 32350   -0.38025150E+0001   -0.38025150E+0001    0.61879564E+0000         1
 32400   -0.38027201E+0001   -0.38027201E+0001    0.57338420E+0000         1
 32450   -0.38031204E+0001   -0.38031204E+0001    0.45009957E+0000         1
 32500   -0.38030442E+0001   -0.38030442E+0001    0.47666094E+0000         1
 32550   -0.38026054E+0001   -0.38026054E+0001    0.66001309E+0000         1
 32600   -0.38029839E+0001   -0.38029839E+0001    0.50650706E+0000         1
 32650   -0.38031361E+0001   -0.38031361E+0001    0.44921487E+0000         1
 32700   -0.38029180E+0001   -0.38029180E+0001    0.54662563E+0000         1
 32750   -0.38030580E+0001   -0.38030580E+0001    0.47361802E+0000         1
 32800   -0.38033147E+0001   -0.38033147E+0001    0.38089262E+0000         1
 32850   -0.38032512E+0001   -0.38032512E+0001    0.39701489E+0000         1
 32900   -0.38033647E+0001   -0.38033647E+0001    0.40455101E+0000         1
 32950   -0.38034868E+0001   -0.38034868E+0001    0.32144711E+0000         1
 33000   -0.38033553E+0001   -0.38033553E+0001    0.41126081E+0000         1
 33050   -0.38030694E+0001   -0.38030694E+0001    0.59440410E+0000         1
 33100   -0.38030827E+0001   -0.38030827E+0001    0.47090277E+0000         1
 33150   -0.38031803E+0001   -0.38031803E+0001    0.49649200E+0000         1
 33200   -0.38032890E+0001   -0.38032890E+0001    0.42457012E+0000         1
 33250   -0.38032788E+0001   -0.38032788E+0001    0.42146481E+0000         1
 33300   -0.38028632E+0001   -0.38028632E+0001    0.50676629E+0000         1
 33350   -0.38028895E+0001   -0.38028895E+0001    0.59397020E+0000         1
 33400   -0.38024068E+0001   -0.38024068E+0001    0.62662552E+0000         1
 33450   -0.38027586E+0001   -0.38027586E+0001    0.56486721E+0000         1
 33500   -0.38030661E+0001   -0.38030661E+0001    0.51196490E+0000         1
 33550   -0.38029511E+0001   -0.38029511E+0001    0.55500539E+0000         1
 33600   -0.38028220E+0001   -0.38028220E+0001    0.50144297E+0000         1
 33650   -0.38024517E+0001   -0.38024517E+0001    0.53898607E+0000         1
 33700   -0.38024328E+0001   -0.38024328E+0001    0.69094787E+0000         1
 33750   -0.38029816E+0001   -0.38029816E+0001    0.45647776E+0000         1
 33800   -0.38030746E+0001   -0.38030746E+0001    0.36775367E+0000         1
 33850   -0.38031050E+0001   -0.38031050E+0001    0.35862611E+0000         1
 33900   -0.38029147E+0001   -0.38029147E+0001    0.57720974E+0000         1
 33950   -0.38030865E+0001   -0.38030865E+0001    0.46929010E+0000         1
 34000   -0.38028622E+0001   -0.38028622E+0001    0.50435448E+0000         1
 34050   -0.38030602E+0001   -0.38030602E+0001    0.51787742E+0000         1
 34100   -0.38028855E+0001   -0.38028855E+0001    0.47244237E+0000         1
 34150   -0.38031746E+0001   -0.38031746E+0001    0.42371475E+0000         1
 34200   -0.38028389E+0001   -0.38028389E+0001    0.51568185E+0000         1
 34250   -0.38028090E+0001   -0.38028090E+0001    0.52704707E+0000         1
 34300   -0.38030058E+0001   -0.38030058E+0001    0.45312744E+0000         1
 34350   -0.38029664E+0001   -0.38029664E+0001    0.44970587E+0000         1
 34400   -0.38023525E+0001   -0.38023525E+0001    0.64337003E+0000         1
 34450   -0.38021785E+0001   -0.38021785E+0001    0.63382331E+0000         1
 34500   -0.38025914E+0001   -0.38025914E+0001    0.53729661E+0000         1
 34550   -0.38030958E+0001   -0.38030958E+0001    0.38889555E+0000         1
 34600   -0.38030551E+0001   -0.38030551E+0001    0.48031309E+0000         1
 34650   -0.38028273E+0001   -0.38028273E+0001    0.53436706E+0000         1
 34700   -0.38028094E+0001   -0.38028094E+0001    0.48826104E+0000         1
 34750   -0.38025890E+0001   -0.38025890E+0001    0.54399362E+0000         1
 34800   -0.38033391E+0001   -0.38033391E+0001    0.33823058E+0000         1
 34850   -0.38029402E+0001   -0.38029402E+0001    0.60614765E+0000         1
 34900   -0.38027845E+0001   -0.38027845E+0001    0.59910633E+0000         1
 34950   -0.38031282E+0001   -0.38031282E+0001    0.47942131E+0000         1
 35000   -0.38029172E+0001   -0.38029172E+0001    0.53151987E+0000         1
 35050   -0.38027042E+0001   -0.38027042E+0001    0.49764712E+0000         1
 35100   -0.38031016E+0001   -0.38031016E+0001    0.56831105E+0000         1
 35150   -0.38028095E+0001   -0.38028095E+0001    0.51377798E+0000         1
 35200   -0.38035075E+0001   -0.38035075E+0001    0.27651841E+0000         1
 35250   -0.38033430E+0001   -0.38033430E+0001    0.35001904E+0000         1
 35300   -0.38028141E+0001   -0.38028141E+0001    0.51934739E+0000         1
 35350   -0.38026791E+0001   -0.38026791E+0001    0.65203739E+0000         1
 35400   -0.38030506E+0001   -0.38030506E+0001    0.45177288E+0000         1
 35450   -0.38024374E+0001   -0.38024374E+0001    0.59391094E+0000         1
 35500   -0.38030535E+0001   -0.38030535E+0001    0.43644697E+0000         1
 35550   -0.38027414E+0001   -0.38027414E+0001    0.50071544E+0000         1
 35600   -0.38028988E+0001   -0.38028988E+0001    0.44197068E+0000         1
 35650   -0.38020831E+0001   -0.38020831E+0001    0.58849495E+0000         1
 35700   -0.38025072E+0001   -0.38025072E+0001    0.53021627E+0000         1
 35750   -0.38020490E+0001   -0.38020490E+0001    0.65246852E+0000         1
 35800   -0.38032196E+0001   -0.38032196E+0001    0.35290172E+0000         1
 35850   -0.38028333E+0001   -0.38028333E+0001    0.51070793E+0000         1
 35900   -0.38028988E+0001   -0.38028988E+0001    0.43000331E+0000         1
 35950   -0.38024223E+0001   -0.38024223E+0001    0.55604675E+0000         1
 36000   -0.38026968E+0001   -0.38026968E+0001    0.49656644E+0000         1
 36050   -0.38028787E+0001   -0.38028787E+0001    0.44988895E+0000         1
 36100   -0.38030382E+0001   -0.38030382E+0001    0.51024159E+0000         1
 36150   -0.38033982E+0001   -0.38033982E+0001    0.35810965E+0000         1
 36200   -0.38021458E+0001   -0.38021458E+0001    0.59664217E+0000         1
 36250   -0.38026982E+0001   -0.38026982E+0001    0.46696712E+0000         1
 36300   -0.38023499E+0001   -0.38023499E+0001    0.58689797E+0000         1
 36350   -0.38024083E+0001   -0.38024083E+0001    0.57490294E+0000         1
 36400   -0.38018313E+0001   -0.38018313E+0001    0.75753522E+0000         1
 36450   -0.38030168E+0001   -0.38030168E+0001    0.45878347E+0000         1
 36500   -0.38031536E+0001   -0.38031536E+0001    0.43920816E+0000         1
 36550   -0.38030777E+0001   -0.38030777E+0001    0.55059982E+0000         1
 36600   -0.38033443E+0001   -0.38033443E+0001    0.41037248E+0000         1
 36650   -0.38030597E+0001   -0.38030597E+0001    0.57047732E+0000         1
 36700   -0.38028734E+0001   -0.38028734E+0001    0.53342091E+0000         1
 36750   -0.38024154E+0001   -0.38024154E+0001    0.60722339E+0000         1
 36800   -0.38024313E+0001   -0.38024313E+0001    0.63338999E+0000         1
 36850   -0.38032964E+0001   -0.38032964E+0001    0.40537914E+0000         1
 36900   -0.38028507E+0001   -0.38028507E+0001    0.60500953E+0000         1
 36950   -0.38032121E+0001   -0.38032121E+0001    0.47009255E+0000         1
 37000   -0.38034854E+0001   -0.38034854E+0001    0.24589568E+0000         1
 37050   -0.38029875E+0001   -0.38029875E+0001    0.43517758E+0000         1
 37100   -0.38023504E+0001   -0.38023504E+0001    0.72696987E+0000         1
 37150   -0.38029588E+0001   -0.38029588E+0001    0.51425759E+0000         1
 37200   -0.38030563E+0001   -0.38030563E+0001    0.46713530E+0000         1
 37250   -0.38032272E+0001   -0.38032272E+0001    0.47314329E+0000         1
 37300   -0.38030669E+0001   -0.38030669E+0001    0.49430772E+0000         1
 37350   -0.38027907E+0001   -0.38027907E+0001    0.54187529E+0000         1
 37400   -0.38027149E+0001   -0.38027149E+0001    0.58900679E+0000         1
 37450   -0.38029313E+0001   -0.38029313E+0001    0.57511771E+0000         1
 37500   -0.38032015E+0001   -0.38032015E+0001    0.42664997E+0000         1
 37550   -0.38029864E+0001   -0.38029864E+0001    0.51785704E+0000         1
 37600   -0.38033392E+0001   -0.38033392E+0001    0.38811800E+0000         1
 37650   -0.38030799E+0001   -0.38030799E+0001    0.51021346E+0000         1
 37700   -0.38032139E+0001   -0.38032139E+0001    0.45146617E+0000         1
 37750   -0.38030135E+0001   -0.38030135E+0001    0.49928956E+0000         1
 37800   -0.38021510E+0001   -0.38021510E+0001    0.77405040E+0000         1
 37850   -0.38025278E+0001   -0.38025278E+0001    0.48440469E+0000         1
 37900   -0.38022370E+0001   -0.38022370E+0001    0.57443325E+0000         1
 37950   -0.38019122E+0001   -0.38019122E+0001    0.57786903E+0000         1
 38000   -0.38022654E+0001   -0.38022654E+0001    0.59144823E+0000         1
 38050   -0.38021141E+0001   -0.38021141E+0001    0.67362223E+0000         1
 38100   -0.38025378E+0001   -0.38025378E+0001    0.53553931E+0000         1
 38150   -0.38028179E+0001   -0.38028179E+0001    0.51262845E+0000         1
 38200   -0.38026275E+0001   -0.38026275E+0001    0.58432661E+0000         1
 38250   -0.38028597E+0001   -0.38028597E+0001    0.43745403E+0000         1
 38300   -0.38027699E+0001   -0.38027699E+0001    0.42270660E+0000         1
 38350   -0.38026264E+0001   -0.38026264E+0001    0.43357457E+0000         1
 38400   -0.38020950E+0001   -0.38020950E+0001    0.59458394E+0000         1
 38450   -0.38026587E+0001   -0.38026587E+0001    0.48456728E+0000         1
 38500   -0.38030304E+0001   -0.38030304E+0001    0.41962430E+0000         1
 38550   -0.38032066E+0001   -0.38032066E+0001    0.39756492E+0000         1
 38600   -0.38033074E+0001   -0.38033074E+0001    0.34212179E+0000         1
 38650   -0.38030172E+0001   -0.38030172E+0001    0.42703015E+0000         1
 38700   -0.38028677E+0001   -0.38028677E+0001    0.43519586E+0000         1
 38750   -0.38026349E+0001   -0.38026349E+0001    0.57995015E+0000         1
 38800   -0.38030561E+0001   -0.38030561E+0001    0.46794825E+0000         1
 38850   -0.38024951E+0001   -0.38024951E+0001    0.60433447E+0000         1
 38900   -0.38025973E+0001   -0.38025973E+0001    0.59446278E+0000         1
 38950   -0.38027781E+0001   -0.38027781E+0001    0.46366461E+0000         1
 39000   -0.38029679E+0001   -0.38029679E+0001    0.43331326E+0000         1
 39050   -0.38024671E+0001   -0.38024671E+0001    0.50149005E+0000         1
 39100   -0.38029894E+0001   -0.38029894E+0001    0.40017990E+0000         1
 39150   -0.38020615E+0001   -0.38020615E+0001    0.65007688E+0000         1
 39200   -0.38029839E+0001   -0.38029839E+0001    0.49186009E+0000         1
 39250   -0.38026724E+0001   -0.38026724E+0001    0.55223947E+0000         1
 39300   -0.38028509E+0001   -0.38028509E+0001    0.52547789E+0000         1
 39350   -0.38023552E+0001   -0.38023552E+0001    0.60296572E+0000         1
 39400   -0.38029029E+0001   -0.38029029E+0001    0.50634421E+0000         1
 39450   -0.38030989E+0001   -0.38030989E+0001    0.44829107E+0000         1
 39500   -0.38028570E+0001   -0.38028570E+0001    0.50102695E+0000         1
 39550   -0.38027616E+0001   -0.38027616E+0001    0.54639704E+0000         1
 39600   -0.38029585E+0001   -0.38029585E+0001    0.46432382E+0000         1
 39650   -0.38032165E+0001   -0.38032165E+0001    0.32259411E+0000         1
 39700   -0.38029959E+0001   -0.38029959E+0001    0.42489679E+0000         1
 39750   -0.38029912E+0001   -0.38029912E+0001    0.51859729E+0000         1
 39800   -0.38030949E+0001   -0.38030949E+0001    0.45556401E+0000         1
 39850   -0.38024066E+0001   -0.38024066E+0001    0.63354496E+0000         1
 39900   -0.38032681E+0001   -0.38032681E+0001    0.44642699E+0000         1
 39950   -0.38031313E+0001   -0.38031313E+0001    0.42993261E+0000         1
 40000   -0.38031969E+0001   -0.38031969E+0001    0.39749592E+0000         1
 40050   -0.38027560E+0001   -0.38027560E+0001    0.58921265E+0000         1
 40100   -0.38031780E+0001   -0.38031780E+0001    0.47239638E+0000         1
 40150   -0.38033575E+0001   -0.38033575E+0001    0.36847085E+0000         1
 40200   -0.38028969E+0001   -0.38028969E+0001    0.46633100E+0000         1
 40250   -0.38028979E+0001   -0.38028979E+0001    0.47024896E+0000         1
 40300   -0.38030347E+0001   -0.38030347E+0001    0.39714366E+0000         1
 40350   -0.38028408E+0001   -0.38028408E+0001    0.43111934E+0000         1
 40400   -0.38033332E+0001   -0.38033332E+0001    0.45870466E+0000         1
 40450   -0.38029093E+0001   -0.38029093E+0001    0.53091150E+0000         1
 40500   -0.38025939E+0001   -0.38025939E+0001    0.57879410E+0000         1
 40550   -0.38029672E+0001   -0.38029672E+0001    0.40677590E+0000         1
 40600   -0.38028792E+0001   -0.38028792E+0001    0.40923370E+0000         1
 40650   -0.38027977E+0001   -0.38027977E+0001    0.46553528E+0000         1
 40700   -0.38024993E+0001   -0.38024993E+0001    0.56829866E+0000         1
 40750   -0.38022800E+0001   -0.38022800E+0001    0.49526038E+0000         1
 40800   -0.38026871E+0001   -0.38026871E+0001    0.42490561E+0000         1
 40850   -0.38022991E+0001   -0.38022991E+0001    0.52946879E+0000         1
 40900   -0.38028435E+0001   -0.38028435E+0001    0.49021218E+0000         1
 40950   -0.38025425E+0001   -0.38025425E+0001    0.40103442E+0000         1
 41000   -0.38024797E+0001   -0.38024797E+0001    0.55842967E+0000         1
 41050   -0.38023576E+0001   -0.38023576E+0001    0.61131053E+0000         1
 41100   -0.38025121E+0001   -0.38025121E+0001    0.54764007E+0000         1
 41150   -0.38027279E+0001   -0.38027279E+0001    0.50139671E+0000         1
 41200   -0.38024101E+0001   -0.38024101E+0001    0.48152861E+0000         1
 41250   -0.38024153E+0001   -0.38024153E+0001    0.56400732E+0000         1
 41300   -0.38024979E+0001   -0.38024979E+0001    0.50312017E+0000         1
 41350   -0.38027223E+0001   -0.38027223E+0001    0.45307487E+0000         1
 41400   -0.38026780E+0001   -0.38026780E+0001    0.47484073E+0000         1
 41450   -0.38028033E+0001   -0.38028033E+0001    0.53001124E+0000         1
 41500   -0.38033311E+0001   -0.38033311E+0001    0.34187054E+0000         1
 41550   -0.38029387E+0001   -0.38029387E+0001    0.48896169E+0000         1
 41600   -0.38030246E+0001   -0.38030246E+0001    0.53621492E+0000         1
 41650   -0.38031389E+0001   -0.38031389E+0001    0.54011866E+0000         1
 41700   -0.38028215E+0001   -0.38028215E+0001    0.62471057E+0000         1
 41750   -0.38022873E+0001   -0.38022873E+0001    0.57340020E+0000         1
 41800   -0.38026283E+0001   -0.38026283E+0001    0.54799847E+0000         1
 41850   -0.38024396E+0001   -0.38024396E+0001    0.61026054E+0000         1
 41900   -0.38025054E+0001   -0.38025054E+0001    0.56757484E+0000         1
 41950   -0.38027046E+0001   -0.38027046E+0001    0.50272494E+0000         1
 42000   -0.38034110E+0001   -0.38034110E+0001    0.34376183E+0000         1
 42050   -0.38030333E+0001   -0.38030333E+0001    0.49141411E+0000         1
 42100   -0.38028482E+0001   -0.38028482E+0001    0.50415748E+0000         1
 42150   -0.38030068E+0001   -0.38030068E+0001    0.51403643E+0000         1
 42200   -0.38028476E+0001   -0.38028476E+0001    0.52807483E+0000         1
 42250   -0.38027774E+0001   -0.38027774E+0001    0.52853104E+0000         1
 42300   -0.38029991E+0001   -0.38029991E+0001    0.42642730E+0000         1
 42350   -0.38028163E+0001   -0.38028163E+0001    0.46751700E+0000         1
 42400   -0.38021197E+0001   -0.38021197E+0001    0.56255836E+0000         1
 42450   -0.38021486E+0001   -0.38021486E+0001    0.65490350E+0000         1
 42500   -0.38023470E+0001   -0.38023470E+0001    0.63178467E+0000         1
 42550   -0.38024194E+0001   -0.38024194E+0001    0.63020861E+0000         1
 42600   -0.38021676E+0001   -0.38021676E+0001    0.58287230E+0000         1
 42650   -0.38020856E+0001   -0.38020856E+0001    0.60869195E+0000         1
 42700   -0.38025318E+0001   -0.38025318E+0001    0.60002664E+0000         1
 42750   -0.38023548E+0001   -0.38023548E+0001    0.53489189E+0000         1
 42800   -0.38024932E+0001   -0.38024932E+0001    0.48333694E+0000         1
 42850   -0.38020629E+0001   -0.38020629E+0001    0.56804125E+0000         1
 42900   -0.38024281E+0001   -0.38024281E+0001    0.52544265E+0000         1
 42950   -0.38018543E+0001   -0.38018543E+0001    0.64420504E+0000         1
 43000   -0.38026788E+0001   -0.38026788E+0001    0.56179447E+0000         1
 43050   -0.38027656E+0001   -0.38027656E+0001    0.42794783E+0000         1
 43100   -0.38028551E+0001   -0.38028551E+0001    0.42131101E+0000         1
 43150   -0.38030323E+0001   -0.38030323E+0001    0.37626051E+0000         1
 43200   -0.38034349E+0001   -0.38034349E+0001    0.27981701E+0000         1
 43250   -0.38027883E+0001   -0.38027883E+0001    0.50059400E+0000         1
 43300   -0.38031236E+0001   -0.38031236E+0001    0.41540568E+0000         1
 43350   -0.38030349E+0001   -0.38030349E+0001    0.42560396E+0000         1
 43400   -0.38033102E+0001   -0.38033102E+0001    0.47184389E+0000         1
 43450   -0.38034158E+0001   -0.38034158E+0001    0.38110187E+0000         1
 43500   -0.38033210E+0001   -0.38033210E+0001    0.43216510E+0000         1
 43550   -0.38029205E+0001   -0.38029205E+0001    0.55344833E+0000         1
 43600   -0.38032991E+0001   -0.38032991E+0001    0.47075340E+0000         1
 43650   -0.38033652E+0001   -0.38033652E+0001    0.34247678E+0000         1
 43700   -0.38034154E+0001   -0.38034154E+0001    0.38006455E+0000         1
 43750   -0.38029188E+0001   -0.38029188E+0001    0.56110513E+0000         1
 43800   -0.38030222E+0001   -0.38030222E+0001    0.45348370E+0000         1
 43850   -0.38028815E+0001   -0.38028815E+0001    0.47224739E+0000         1
 43900   -0.38034938E+0001   -0.38034938E+0001    0.26199674E+0000         1
 43950   -0.38032170E+0001   -0.38032170E+0001    0.42436415E+0000         1
 44000   -0.38029095E+0001   -0.38029095E+0001    0.39294145E+0000         1
 44050   -0.38026650E+0001   -0.38026650E+0001    0.50428585E+0000         1
 44100   -0.38025248E+0001   -0.38025248E+0001    0.63307463E+0000         1
 44150   -0.38026121E+0001   -0.38026121E+0001    0.57478249E+0000         1
 44200   -0.38028454E+0001   -0.38028454E+0001    0.48735473E+0000         1
 44250   -0.38026393E+0001   -0.38026393E+0001    0.52494587E+0000         1
 44300   -0.38031448E+0001   -0.38031448E+0001    0.46405411E+0000         1
 44350   -0.38030614E+0001   -0.38030614E+0001    0.43745149E+0000         1
 44400   -0.38030086E+0001   -0.38030086E+0001    0.39337573E+0000         1
 44450   -0.38021612E+0001   -0.38021612E+0001    0.59442665E+0000         1
 44500   -0.38019835E+0001   -0.38019835E+0001    0.61504873E+0000         1
 44550   -0.38016849E+0001   -0.38016849E+0001    0.59217435E+0000         1
 44600   -0.38016536E+0001   -0.38016536E+0001    0.76068126E+0000         1
 44650   -0.38021913E+0001   -0.38021913E+0001    0.60634476E+0000         1
 44700   -0.38018617E+0001   -0.38018617E+0001    0.61239602E+0000         1
 44750   -0.38024279E+0001   -0.38024279E+0001    0.45462178E+0000         1
 44800   -0.38025592E+0001   -0.38025592E+0001    0.47744362E+0000         1
 44850   -0.38021269E+0001   -0.38021269E+0001    0.66724222E+0000         1
 44900   -0.38029551E+0001   -0.38029551E+0001    0.44168323E+0000         1
 44950   -0.38031023E+0001   -0.38031023E+0001    0.38940833E+0000         1
 45000   -0.38031618E+0001   -0.38031618E+0001    0.42981962E+0000         1
 45050   -0.38029725E+0001   -0.38029725E+0001    0.44030178E+0000         1
 45100   -0.38027443E+0001   -0.38027443E+0001    0.58443923E+0000         1
 45150   -0.38028285E+0001   -0.38028285E+0001    0.51437816E+0000         1
 45200   -0.38026563E+0001   -0.38026563E+0001    0.59293461E+0000         1
 45250   -0.38031186E+0001   -0.38031186E+0001    0.45163125E+0000         1
 45300   -0.38030865E+0001   -0.38030865E+0001    0.51000332E+0000         1
 45350   -0.38030876E+0001   -0.38030876E+0001    0.42500250E+0000         1
 45400   -0.38030761E+0001   -0.38030761E+0001    0.40137466E+0000         1
 45450   -0.38033521E+0001   -0.38033521E+0001    0.30592812E+0000         1
 45500   -0.38028874E+0001   -0.38028874E+0001    0.54454571E+0000         1
 45550   -0.38022214E+0001   -0.38022214E+0001    0.66022059E+0000         1
 45600   -0.38028060E+0001   -0.38028060E+0001    0.42372660E+0000         1
 45650   -0.38024324E+0001   -0.38024324E+0001    0.51246960E+0000         1
 45700   -0.38019236E+0001   -0.38019236E+0001    0.59643283E+0000         1
 45750   -0.38022895E+0001   -0.38022895E+0001    0.50531865E+0000         1
 45800   -0.38018781E+0001   -0.38018781E+0001    0.61341414E+0000         1
 45850   -0.38031070E+0001   -0.38031070E+0001    0.36408617E+0000         1
 45900   -0.38033885E+0001   -0.38033885E+0001    0.35652354E+0000         1
 45950   -0.38030719E+0001   -0.38030719E+0001    0.51259317E+0000         1
 46000   -0.38033422E+0001   -0.38033422E+0001    0.36610277E+0000         1
 46050   -0.38031067E+0001   -0.38031067E+0001    0.46005697E+0000         1
 46100   -0.38024413E+0001   -0.38024413E+0001    0.72062556E+0000         1
 46150   -0.38024853E+0001   -0.38024853E+0001    0.65062262E+0000         1
 46200   -0.38028286E+0001   -0.38028286E+0001    0.54754305E+0000         1
 46250   -0.38029736E+0001   -0.38029736E+0001    0.43549374E+0000         1
 46300   -0.38029330E+0001   -0.38029330E+0001    0.54617347E+0000         1
 46350   -0.38028941E+0001   -0.38028941E+0001    0.48897399E+0000         1
 46400   -0.38029464E+0001   -0.38029464E+0001    0.48356268E+0000         1
 46450   -0.38029772E+0001   -0.38029772E+0001    0.41494702E+0000         1
 46500   -0.38030421E+0001   -0.38030421E+0001    0.41356756E+0000         1
 46550   -0.38026547E+0001   -0.38026547E+0001    0.60531199E+0000         1
 46600   -0.38025685E+0001   -0.38025685E+0001    0.72382223E+0000         1
 46650   -0.38025824E+0001   -0.38025824E+0001    0.60370811E+0000         1
 46700   -0.38025128E+0001   -0.38025128E+0001    0.62653066E+0000         1
 46750   -0.38023416E+0001   -0.38023416E+0001    0.68648057E+0000         1
 46800   -0.38030379E+0001   -0.38030379E+0001    0.44629343E+0000         1
 46850   -0.38032023E+0001   -0.38032023E+0001    0.35179233E+0000         1
 46900   -0.38027459E+0001   -0.38027459E+0001    0.44864694E+0000         1
 46950   -0.38027135E+0001   -0.38027135E+0001    0.46622159E+0000         1
 47000   -0.38018644E+0001   -0.38018644E+0001    0.67927700E+0000         1
 47050   -0.38024302E+0001   -0.38024302E+0001    0.59261742E+0000         1
 47100   -0.38027991E+0001   -0.38027991E+0001    0.42572369E+0000         1
 47150   -0.38029975E+0001   -0.38029975E+0001    0.40093682E+0000         1
 47200   -0.38025749E+0001   -0.38025749E+0001    0.55938303E+0000         1
 47250   -0.38023669E+0001   -0.38023669E+0001    0.58076423E+0000         1
 47300   -0.38025889E+0001   -0.38025889E+0001    0.62918868E+0000         1
 47350   -0.38031007E+0001   -0.38031007E+0001    0.51009923E+0000         1
 47400   -0.38029179E+0001   -0.38029179E+0001    0.45820464E+0000         1
 47450   -0.38034934E+0001   -0.38034934E+0001    0.28705529E+0000         1
 47500   -0.38032297E+0001   -0.38032297E+0001    0.43602149E+0000         1
 47550   -0.38030866E+0001   -0.38030866E+0001    0.48378217E+0000         1
 47600   -0.38030887E+0001   -0.38030887E+0001    0.53606757E+0000         1
 47650   -0.38029891E+0001   -0.38029891E+0001    0.51330300E+0000         1
 47700   -0.38028806E+0001   -0.38028806E+0001    0.53677299E+0000         1
 47750   -0.38030021E+0001   -0.38030021E+0001    0.53617472E+0000         1
 47800   -0.38030343E+0001   -0.38030343E+0001    0.41461451E+0000         1
 47850   -0.38030602E+0001   -0.38030602E+0001    0.44633540E+0000         1
 47900   -0.38027050E+0001   -0.38027050E+0001    0.57925456E+0000         1
 47950   -0.38031136E+0001   -0.38031136E+0001    0.47297593E+0000         1
 48000   -0.38029417E+0001   -0.38029417E+0001    0.50558234E+0000         1
