     1   -0.39240020E+0001   -0.39245383E+0001    0.18449878E+0001     11986
    50   -0.39245301E+0001   -0.39288949E+0001    0.13610232E+0001     12282
   100   -0.39271004E+0001   -0.39312973E+0001    0.12004171E+0001     12840
   150   -0.39288494E+0001   -0.39331226E+0001    0.10642036E+0001     13214
   200   -0.39305030E+0001   -0.39344370E+0001    0.96065231E+0000     13706
   250   -0.39319422E+0001   -0.39358046E+0001    0.83718484E+0000     14156
   300   -0.39334656E+0001   -0.39372342E+0001    0.60616207E+0000     14324
   350   -0.39349211E+0001   -0.39376868E+0001    0.63264223E+0000     14646
   400   -0.39360540E+0001   -0.39385043E+0001    0.50456982E+0000     14829
     1   -0.39239857E+0001   -0.39245516E+0001    0.18449878E+0001     11991
    50   -0.39243537E+0001   -0.39303076E+0001    0.12634558E+0001     12560
   100   -0.39288269E+0001   -0.39335829E+0001    0.96337514E+0000     13105
   150   -0.39313616E+0001   -0.39358405E+0001    0.77304763E+0000     13392
   200   -0.39327605E+0001   -0.39361695E+0001    0.76516519E+0000     13649
   250   -0.39339460E+0001   -0.39370849E+0001    0.69481469E+0000     14244
   300   -0.39350927E+0001   -0.39376091E+0001    0.63244920E+0000     14342
   350   -0.39359602E+0001   -0.39380454E+0001    0.54206406E+0000     14743
   400   -0.39365873E+0001   -0.39384075E+0001    0.52060980E+0000     15081
     1   -0.39239814E+0001   -0.39245251E+0001    0.18449878E+0001     11995
    50   -0.39238513E+0001   -0.39288324E+0001    0.13612431E+0001     12331
   100   -0.39264446E+0001   -0.39314952E+0001    0.12117257E+0001     13008
   150   -0.39279688E+0001   -0.39328816E+0001    0.10379952E+0001     13811
   200   -0.39297954E+0001   -0.39338106E+0001    0.88104462E+0000     14196
   250   -0.39311382E+0001   -0.39348356E+0001    0.86936819E+0000     14447
   300   -0.39323098E+0001   -0.39356787E+0001    0.80148814E+0000     15141
   350   -0.39331735E+0001   -0.39364586E+0001    0.81188529E+0000     15396
   400   -0.39342021E+0001   -0.39375483E+0001    0.68065758E+0000     15803
     1   -0.39239723E+0001   -0.39245591E+0001    0.18449878E+0001     12013
    50   -0.39235337E+0001   -0.39288972E+0001    0.14452210E+0001     12562
   100   -0.39256854E+0001   -0.39316667E+0001    0.12569958E+0001     13257
   150   -0.39278544E+0001   -0.39326586E+0001    0.11189111E+0001     13861
   200   -0.39291956E+0001   -0.39336127E+0001    0.96208497E+0000     14110
   250   -0.39301733E+0001   -0.39351488E+0001    0.88498912E+0000     14422
   300   -0.39320363E+0001   -0.39365061E+0001    0.72430107E+0000     14857
   350   -0.39337086E+0001   -0.39371842E+0001    0.64335376E+0000     15247
   400   -0.39350272E+0001   -0.39380693E+0001    0.59338390E+0000     15930
     1   -0.39239667E+0001   -0.39245784E+0001    0.18449878E+0001     12001
    50   -0.39231535E+0001   -0.39285415E+0001    0.14092028E+0001     12252
   100   -0.39250519E+0001   -0.39307334E+0001    0.12658577E+0001     13011
   150   -0.39270370E+0001   -0.39315708E+0001    0.11132163E+0001     13583
   200   -0.39282463E+0001   -0.39330768E+0001    0.99355989E+0000     14191
   250   -0.39294711E+0001   -0.39337624E+0001    0.93707484E+0000     14688
   300   -0.39304197E+0001   -0.39343984E+0001    0.91391103E+0000     15031
   350   -0.39315084E+0001   -0.39359006E+0001    0.76669267E+0000     15322
   400   -0.39334073E+0001   -0.39366660E+0001    0.66960556E+0000     15758
     1   -0.39239594E+0001   -0.39245469E+0001    0.18449878E+0001     11987
    50   -0.39227018E+0001   -0.39279206E+0001    0.15049139E+0001     12549
   100   -0.39240427E+0001   -0.39297762E+0001    0.13079240E+0001     13575
   150   -0.39257173E+0001   -0.39309849E+0001    0.12100645E+0001     14116
   200   -0.39271564E+0001   -0.39323183E+0001    0.10749139E+0001     14690
   250   -0.39290971E+0001   -0.39336329E+0001    0.99115755E+0000     15120
   300   -0.39306258E+0001   -0.39349173E+0001    0.93516017E+0000     15490
   350   -0.39317807E+0001   -0.39351662E+0001    0.82520885E+0000     16262
   400   -0.39329234E+0001   -0.39362879E+0001    0.76284154E+0000     16707
     1   -0.39239577E+0001   -0.39246131E+0001    0.18449878E+0001     12002
    50   -0.39230306E+0001   -0.39285888E+0001    0.13150825E+0001     12715
   100   -0.39256100E+0001   -0.39312646E+0001    0.11524455E+0001     13612
   150   -0.39268643E+0001   -0.39321935E+0001    0.10967599E+0001     14210
   200   -0.39282332E+0001   -0.39330658E+0001    0.98981879E+0000     14493
   250   -0.39295856E+0001   -0.39336987E+0001    0.96656928E+0000     15381
   300   -0.39306924E+0001   -0.39350644E+0001    0.91502442E+0000     15933
   350   -0.39315264E+0001   -0.39365138E+0001    0.76401383E+0000     16561
   400   -0.39325771E+0001   -0.39364232E+0001    0.79544981E+0000     16932
     1   -0.39239505E+0001   -0.39246283E+0001    0.18449878E+0001     12001
    50   -0.39221902E+0001   -0.39274198E+0001    0.14520255E+0001     12443
   100   -0.39232396E+0001   -0.39281016E+0001    0.13671714E+0001     13334
   150   -0.39239400E+0001   -0.39290136E+0001    0.12677363E+0001     13788
   200   -0.39246238E+0001   -0.39296212E+0001    0.11725938E+0001     14146
   250   -0.39249600E+0001   -0.39299024E+0001    0.11039206E+0001     14878
   300   -0.39254146E+0001   -0.39302415E+0001    0.11206119E+0001     15415
   350   -0.39251683E+0001   -0.39296783E+0001    0.10872451E+0001     15436
   400   -0.39253816E+0001   -0.39299562E+0001    0.10852105E+0001     15500
     1   -0.39239484E+0001   -0.39245378E+0001    0.18449878E+0001     11996
    50   -0.39220644E+0001   -0.39278377E+0001    0.14843781E+0001     12535
   100   -0.39235637E+0001   -0.39291662E+0001    0.13513204E+0001     13696
   150   -0.39240754E+0001   -0.39304120E+0001    0.12294653E+0001     14641
   200   -0.39258578E+0001   -0.39322316E+0001    0.10469033E+0001     15281
   250   -0.39282013E+0001   -0.39332572E+0001    0.10291996E+0001     15859
   300   -0.39298526E+0001   -0.39338318E+0001    0.93990960E+0000     16220
   350   -0.39305011E+0001   -0.39348679E+0001    0.92599983E+0000     16580
   400   -0.39312256E+0001   -0.39360028E+0001    0.76234775E+0000     17020
     1   -0.39239426E+0001   -0.39246039E+0001    0.18449878E+0001     12000
    50   -0.39218667E+0001   -0.39274771E+0001    0.14764157E+0001     12230
   100   -0.39233400E+0001   -0.39290400E+0001    0.13075015E+0001     13246
   150   -0.39251412E+0001   -0.39303174E+0001    0.12173008E+0001     13844
   200   -0.39263966E+0001   -0.39317215E+0001    0.11583937E+0001     14288
   250   -0.39274198E+0001   -0.39324719E+0001    0.10277513E+0001     14660
   300   -0.39284983E+0001   -0.39330422E+0001    0.10485835E+0001     15015
   350   -0.39289753E+0001   -0.39339879E+0001    0.99031567E+0000     15390
   400   -0.39296837E+0001   -0.39344857E+0001    0.10015858E+0001     15988
     1   -0.39239398E+0001   -0.39248198E+0001    0.18449878E+0001     11996
    50   -0.39216446E+0001   -0.39271200E+0001    0.15163531E+0001     12392
   100   -0.39228097E+0001   -0.39277563E+0001    0.13260972E+0001     13105
   150   -0.39235016E+0001   -0.39286624E+0001    0.12252357E+0001     13904
   200   -0.39247983E+0001   -0.39285454E+0001    0.12196645E+0001     14478
   250   -0.39242120E+0001   -0.39291468E+0001    0.12076393E+0001     14793
   300   -0.39237688E+0001   -0.39286652E+0001    0.12226644E+0001     15317
   350   -0.39233017E+0001   -0.39293550E+0001    0.12028401E+0001     15755
   400   -0.39230247E+0001   -0.39293777E+0001    0.12094973E+0001     15943
   450   -0.39234695E+0001   -0.39291479E+0001    0.11864301E+0001     16514
     1   -0.39239351E+0001   -0.39245783E+0001    0.18449878E+0001     11995
    50   -0.39215488E+0001   -0.39281738E+0001    0.14288897E+0001     12318
   100   -0.39235274E+0001   -0.39293159E+0001    0.12520262E+0001     13000
   150   -0.39245006E+0001   -0.39292610E+0001    0.12579852E+0001     13701
   200   -0.39239882E+0001   -0.39290051E+0001    0.12511010E+0001     14386
   250   -0.39232346E+0001   -0.39285251E+0001    0.12397758E+0001     15105
   300   -0.39229423E+0001   -0.39281729E+0001    0.12500176E+0001     15518
   350   -0.39225917E+0001   -0.39285736E+0001    0.12892364E+0001     15879
   400   -0.39218562E+0001   -0.39278148E+0001    0.12245851E+0001     16280
   450   -0.39214523E+0001   -0.39280888E+0001    0.12695471E+0001     16791
   500   -0.39217775E+0001   -0.39281674E+0001    0.12097700E+0001     17045
   550   -0.39219942E+0001   -0.39278848E+0001    0.12138545E+0001     17692
   600   -0.39218397E+0001   -0.39280607E+0001    0.12382897E+0001     18184
   650   -0.39220253E+0001   -0.39276596E+0001    0.12516718E+0001     18932
   700   -0.39222503E+0001   -0.39283207E+0001    0.11915537E+0001     19522
   750   -0.39234388E+0001   -0.39286366E+0001    0.11441964E+0001     20244
     1   -0.39239337E+0001   -0.39245713E+0001    0.18449878E+0001     11997
    50   -0.39213699E+0001   -0.39274669E+0001    0.14791216E+0001     12410
   100   -0.39217839E+0001   -0.39267419E+0001    0.14605129E+0001     13523
   150   -0.39215557E+0001   -0.39267245E+0001    0.13076149E+0001     14440
   200   -0.39214766E+0001   -0.39261613E+0001    0.13255479E+0001     15154
   250   -0.39212731E+0001   -0.39269998E+0001    0.12581086E+0001     15636
   300   -0.39215421E+0001   -0.39284491E+0001    0.11846994E+0001     16179
   350   -0.39225278E+0001   -0.39298691E+0001    0.10876021E+0001     16592
   400   -0.39249281E+0001   -0.39301227E+0001    0.10404762E+0001     17564
     1   -0.39239304E+0001   -0.39245978E+0001    0.18449878E+0001     12011
    50   -0.39211642E+0001   -0.39269122E+0001    0.15258781E+0001     12546
   100   -0.39218794E+0001   -0.39273018E+0001    0.14192496E+0001     13418
   150   -0.39219673E+0001   -0.39277679E+0001    0.13314859E+0001     14224
   200   -0.39209994E+0001   -0.39275046E+0001    0.13096262E+0001     14578
   250   -0.39202993E+0001   -0.39287219E+0001    0.12582935E+0001     14944
   300   -0.39204477E+0001   -0.39294734E+0001    0.11938049E+0001     15117
   350   -0.39242589E+0001   -0.39299086E+0001    0.11127623E+0001     15805
   400   -0.39254567E+0001   -0.39297681E+0001    0.10976178E+0001     16298
     1   -0.39239275E+0001   -0.39245438E+0001    0.18449878E+0001     12003
    50   -0.39209978E+0001   -0.39267516E+0001    0.14921150E+0001     12597
   100   -0.39217181E+0001   -0.39282070E+0001    0.13564815E+0001     13454
   150   -0.39222654E+0001   -0.39280539E+0001    0.13403003E+0001     14152
   200   -0.39224910E+0001   -0.39294592E+0001    0.12016221E+0001     14331
   250   -0.39236020E+0001   -0.39295491E+0001    0.11712455E+0001     15062
   300   -0.39245803E+0001   -0.39298944E+0001    0.11919315E+0001     15466
   350   -0.39243657E+0001   -0.39299661E+0001    0.11417352E+0001     16094
   400   -0.39240590E+0001   -0.39302486E+0001    0.11692160E+0001     16316
   450   -0.39237781E+0001   -0.39295506E+0001    0.11545937E+0001     17042
   500   -0.39238881E+0001   -0.39300228E+0001    0.11807735E+0001     17420
     1   -0.39239238E+0001   -0.39245802E+0001    0.18449878E+0001     12005
    50   -0.39206451E+0001   -0.39264718E+0001    0.16224663E+0001     12188
   100   -0.39207903E+0001   -0.39265969E+0001    0.15059899E+0001     13239
   150   -0.39208092E+0001   -0.39264011E+0001    0.14435340E+0001     14003
   200   -0.39204138E+0001   -0.39260155E+0001    0.14628191E+0001     14630
   250   -0.39200149E+0001   -0.39256864E+0001    0.13865839E+0001     15183
   300   -0.39206338E+0001   -0.39265779E+0001    0.13499665E+0001     15844
   350   -0.39202946E+0001   -0.39268203E+0001    0.12984179E+0001     16070
   400   -0.39197548E+0001   -0.39264702E+0001    0.13381511E+0001     17013
   450   -0.39189286E+0001   -0.39249646E+0001    0.13199149E+0001     17613
   500   -0.39184164E+0001   -0.39238972E+0001    0.13401102E+0001     18164
   550   -0.39180136E+0001   -0.39236694E+0001    0.13643559E+0001     18651
   600   -0.39169762E+0001   -0.39226728E+0001    0.13614471E+0001     19344
   650   -0.39162214E+0001   -0.39229173E+0001    0.13514020E+0001     19688
   700   -0.39157529E+0001   -0.39221676E+0001    0.14027976E+0001     20231
   750   -0.39142801E+0001   -0.39213624E+0001    0.14364099E+0001     20941
   800   -0.39123694E+0001   -0.39192809E+0001    0.14819885E+0001     21443
   850   -0.39102012E+0001   -0.39187446E+0001    0.14663594E+0001     21960
   900   -0.39084538E+0001   -0.39189689E+0001    0.14556635E+0001     22606
   950   -0.39091700E+0001   -0.39176905E+0001    0.14806737E+0001     23020
  1000   -0.39083487E+0001   -0.39161495E+0001    0.14856435E+0001     23651
  1050   -0.39060289E+0001   -0.39141229E+0001    0.15009397E+0001     24503
  1100   -0.39038352E+0001   -0.39120924E+0001    0.15124233E+0001     25227
  1150   -0.39023012E+0001   -0.39116702E+0001    0.15115806E+0001     25954
  1200   -0.39015667E+0001   -0.39118720E+0001    0.15076708E+0001     26695
  1250   -0.39019058E+0001   -0.39101646E+0001    0.15501728E+0001     27428
  1300   -0.39009389E+0001   -0.39095397E+0001    0.15761961E+0001     28355
  1350   -0.38990806E+0001   -0.39083692E+0001    0.16209417E+0001     28793
  1400   -0.38969777E+0001   -0.39068271E+0001    0.16239929E+0001     29117
  1450   -0.38945310E+0001   -0.39035592E+0001    0.16507060E+0001     29880
  1500   -0.38918950E+0001   -0.39016684E+0001    0.17024885E+0001     30546
  1550   -0.38888464E+0001   -0.39003237E+0001    0.17357826E+0001     31382
  1600   -0.38855321E+0001   -0.38989679E+0001    0.17648214E+0001     32460
  1601   -0.38857606E+0001   -0.38857606E+0001    0.17916546E+0001     12000
  1650   -0.38903966E+0001   -0.38964004E+0001    0.17098906E+0001     12095
  1700   -0.38861486E+0001   -0.38941435E+0001    0.17371070E+0001     12144
  1750   -0.38821684E+0001   -0.38914351E+0001    0.17995751E+0001     12226
  1800   -0.38782670E+0001   -0.38892060E+0001    0.18287314E+0001     12395
  1850   -0.38742589E+0001   -0.38857525E+0001    0.18312498E+0001     12721
  1900   -0.38704103E+0001   -0.38829112E+0001    0.18693701E+0001     13102
  1950   -0.38672153E+0001   -0.38807949E+0001    0.18901917E+0001     13637
  2000   -0.38643267E+0001   -0.38777143E+0001    0.18905349E+0001     13759
  2050   -0.38607241E+0001   -0.38726161E+0001    0.19155710E+0001     14074
  2100   -0.38567666E+0001   -0.38705422E+0001    0.19384472E+0001     14452
  2150   -0.38521614E+0001   -0.38669359E+0001    0.19734556E+0001     14788
  2200   -0.38471119E+0001   -0.38610484E+0001    0.19746099E+0001     15238
  2250   -0.38417579E+0001   -0.38581858E+0001    0.19795967E+0001     15529
  2300   -0.38360305E+0001   -0.38545585E+0001    0.19869595E+0001     15963
  2350   -0.38292231E+0001   -0.38477164E+0001    0.19797478E+0001     16149
  2400   -0.38214037E+0001   -0.38412721E+0001    0.19657185E+0001     16653
  2450   -0.38133273E+0001   -0.38344302E+0001    0.19427843E+0001     17295
  2500   -0.38053982E+0001   -0.38280470E+0001    0.19323369E+0001     17472
  2550   -0.37977597E+0001   -0.38231192E+0001    0.19045120E+0001     17442
  2600   -0.37907669E+0001   -0.38151955E+0001    0.18975949E+0001     17856
  2650   -0.37842961E+0001   -0.38068334E+0001    0.18755800E+0001     18125
  2700   -0.37779391E+0001   -0.37971178E+0001    0.18338223E+0001     18621
  2750   -0.37714436E+0001   -0.37887467E+0001    0.17971971E+0001     19086
  2800   -0.37648032E+0001   -0.37794739E+0001    0.17684706E+0001     19510
  2850   -0.37578371E+0001   -0.37738493E+0001    0.17351672E+0001     19896
  2900   -0.37510824E+0001   -0.37668100E+0001    0.17193173E+0001     19951
  2950   -0.37443538E+0001   -0.37607807E+0001    0.16807465E+0001     20497
  3000   -0.37380863E+0001   -0.37541006E+0001    0.16633761E+0001     20696
  3050   -0.37322253E+0001   -0.37481066E+0001    0.16355013E+0001     20894
  3100   -0.37263971E+0001   -0.37423872E+0001    0.16132104E+0001     21333
  3150   -0.37208327E+0001   -0.37374677E+0001    0.15757713E+0001     21719
  3200   -0.37153664E+0001   -0.37326835E+0001    0.15487257E+0001     22191
  3201   -0.37155354E+0001   -0.37155354E+0001    0.15430376E+0001     12000
  3250   -0.37190075E+0001   -0.37244612E+0001    0.15556855E+0001     12041
  3300   -0.37151262E+0001   -0.37224193E+0001    0.15424837E+0001     12164
  3350   -0.37112295E+0001   -0.37209622E+0001    0.15225843E+0001     12286
  3400   -0.37073423E+0001   -0.37171277E+0001    0.14762880E+0001     12498
  3450   -0.37034106E+0001   -0.37138886E+0001    0.14862102E+0001     12833
  3500   -0.36993459E+0001   -0.37099033E+0001    0.14377101E+0001     12925
  3550   -0.36954178E+0001   -0.37060983E+0001    0.14203634E+0001     13033
  3600   -0.36915816E+0001   -0.37034893E+0001    0.14153010E+0001     13344
  3650   -0.36878530E+0001   -0.37002117E+0001    0.13909114E+0001     13653
  3700   -0.36840320E+0001   -0.36990941E+0001    0.13738758E+0001     13958
  3750   -0.36805350E+0001   -0.36957267E+0001    0.13083216E+0001     14075
  3800   -0.36769268E+0001   -0.36919071E+0001    0.12869620E+0001     14212
  3850   -0.36733189E+0001   -0.36899099E+0001    0.12685264E+0001     14732
  3900   -0.36697182E+0001   -0.36845460E+0001    0.12468667E+0001     14765
  3950   -0.36663462E+0001   -0.36777086E+0001    0.12403268E+0001     15241
  4000   -0.36631420E+0001   -0.36732644E+0001    0.12256366E+0001     15715
  4050   -0.36601293E+0001   -0.36714937E+0001    0.12201711E+0001     15951
  4100   -0.36574143E+0001   -0.36691932E+0001    0.12078779E+0001     15973
  4150   -0.36549663E+0001   -0.36638560E+0001    0.11912919E+0001     16351
  4200   -0.36526368E+0001   -0.36605792E+0001    0.11662114E+0001     16708
  4250   -0.36503090E+0001   -0.36581742E+0001    0.11569858E+0001     16963
  4300   -0.36483334E+0001   -0.36573501E+0001    0.11526915E+0001     17406
  4350   -0.36466068E+0001   -0.36555956E+0001    0.11289997E+0001     17990
  4400   -0.36451984E+0001   -0.36547600E+0001    0.11377657E+0001     18231
  4450   -0.36437764E+0001   -0.36530594E+0001    0.11155436E+0001     18735
  4500   -0.36422577E+0001   -0.36531613E+0001    0.10960720E+0001     19152
  4550   -0.36404684E+0001   -0.36515111E+0001    0.10736298E+0001     19621
  4600   -0.36385018E+0001   -0.36492686E+0001    0.10468388E+0001     19972
  4650   -0.36362086E+0001   -0.36480520E+0001    0.10628262E+0001     20048
  4700   -0.36341655E+0001   -0.36451884E+0001    0.10335567E+0001     20349
  4750   -0.36323324E+0001   -0.36447913E+0001    0.10243524E+0001     20837
  4800   -0.36307281E+0001   -0.36438432E+0001    0.10290038E+0001     21435
  4801   -0.36308001E+0001   -0.36308001E+0001    0.99487029E+0000     12000
  4850   -0.36322912E+0001   -0.36355329E+0001    0.99832097E+0000     12036
  4900   -0.36308370E+0001   -0.36361124E+0001    0.10100949E+0001     11923
  4950   -0.36294190E+0001   -0.36343682E+0001    0.10168972E+0001     12122
  5000   -0.36279457E+0001   -0.36331458E+0001    0.10007972E+0001     12249
  5050   -0.36264826E+0001   -0.36319471E+0001    0.10180293E+0001     12513
  5100   -0.36251637E+0001   -0.36316459E+0001    0.99561843E+0000     12618
  5150   -0.36237928E+0001   -0.36294405E+0001    0.98432171E+0000     12891
  5200   -0.36224251E+0001   -0.36284667E+0001    0.98443479E+0000     13310
  5250   -0.36210864E+0001   -0.36280279E+0001    0.96117277E+0000     13441
  5300   -0.36197745E+0001   -0.36264473E+0001    0.96131415E+0000     13864
  5350   -0.36186157E+0001   -0.36256956E+0001    0.94670580E+0000     14004
  5400   -0.36175533E+0001   -0.36242814E+0001    0.95497960E+0000     14169
  5450   -0.36165142E+0001   -0.36238573E+0001    0.94584128E+0000     14217
  5500   -0.36155840E+0001   -0.36223725E+0001    0.94420656E+0000     14527
  5550   -0.36148505E+0001   -0.36217002E+0001    0.91472760E+0000     14649
  5600   -0.36140468E+0001   -0.36219852E+0001    0.90922229E+0000     14854
  5650   -0.36131018E+0001   -0.36202204E+0001    0.91103830E+0000     15215
  5700   -0.36120494E+0001   -0.36190255E+0001    0.87147134E+0000     15299
  5750   -0.36110164E+0001   -0.36186674E+0001    0.86430927E+0000     15750
  5800   -0.36098008E+0001   -0.36170216E+0001    0.87269776E+0000     16198
  5850   -0.36086038E+0001   -0.36149770E+0001    0.85627978E+0000     16504
  5900   -0.36075452E+0001   -0.36133967E+0001    0.86857341E+0000     17066
  5950   -0.36065657E+0001   -0.36125925E+0001    0.85348170E+0000     17380
  6000   -0.36058465E+0001   -0.36107913E+0001    0.83927160E+0000     17574
  6050   -0.36051857E+0001   -0.36111647E+0001    0.84699061E+0000     17762
  6100   -0.36044806E+0001   -0.36103260E+0001    0.83438767E+0000     18255
  6150   -0.36037950E+0001   -0.36095896E+0001    0.84219059E+0000     18352
  6200   -0.36032064E+0001   -0.36089475E+0001    0.81852972E+0000     18820
  6250   -0.36025919E+0001   -0.36098702E+0001    0.79734480E+0000     19087
  6300   -0.36019980E+0001   -0.36093442E+0001    0.77038139E+0000     19572
  6350   -0.36015547E+0001   -0.36083822E+0001    0.80891041E+0000     20106
  6400   -0.36011834E+0001   -0.36073859E+0001    0.82635501E+0000     20365
  6401   -0.36012273E+0001   -0.36012273E+0001    0.78533099E+0000     12000
  6450   -0.36021919E+0001   -0.36047287E+0001    0.77325505E+0000     12017
  6500   -0.36014256E+0001   -0.36049887E+0001    0.79025446E+0000     12019
  6550   -0.36007025E+0001   -0.36052041E+0001    0.81198422E+0000     12028
  6600   -0.36000127E+0001   -0.36045631E+0001    0.80077778E+0000     12306
  6650   -0.35993210E+0001   -0.36042466E+0001    0.82505737E+0000     12582
  6700   -0.35987298E+0001   -0.36042940E+0001    0.79691803E+0000     12656
  6750   -0.35981295E+0001   -0.36043619E+0001    0.80049314E+0000     12764
  6800   -0.35974889E+0001   -0.36035825E+0001    0.79693035E+0000     12931
  6850   -0.35968971E+0001   -0.36041866E+0001    0.81976613E+0000     13258
  6900   -0.35962989E+0001   -0.36041922E+0001    0.81212037E+0000     13485
  6950   -0.35959608E+0001   -0.36043792E+0001    0.78021514E+0000     13622
  7000   -0.35957722E+0001   -0.36037562E+0001    0.78480375E+0000     13604
  7050   -0.35953641E+0001   -0.36033989E+0001    0.77797727E+0000     13971
  7100   -0.35947756E+0001   -0.36036011E+0001    0.77277433E+0000     14261
  7150   -0.35941672E+0001   -0.36029447E+0001    0.77468145E+0000     14525
  7200   -0.35936138E+0001   -0.36009465E+0001    0.72622540E+0000     14742
  7250   -0.35932298E+0001   -0.35997535E+0001    0.75027267E+0000     14901
  7300   -0.35929780E+0001   -0.35983139E+0001    0.73844500E+0000     14868
  7350   -0.35926580E+0001   -0.35973313E+0001    0.73513924E+0000     15108
  7400   -0.35923617E+0001   -0.35972178E+0001    0.75733934E+0000     15386
  7450   -0.35919437E+0001   -0.35972431E+0001    0.74122699E+0000     15528
  7500   -0.35914296E+0001   -0.35969834E+0001    0.75468473E+0000     15833
  7550   -0.35908836E+0001   -0.35962634E+0001    0.72990295E+0000     16312
  7600   -0.35903717E+0001   -0.35952824E+0001    0.73062756E+0000     16543
  7650   -0.35898499E+0001   -0.35952126E+0001    0.73811597E+0000     17181
  7700   -0.35893976E+0001   -0.35946190E+0001    0.75855334E+0000     17469
  7750   -0.35890031E+0001   -0.35949866E+0001    0.74524318E+0000     17715
  7800   -0.35885928E+0001   -0.35948523E+0001    0.72997110E+0000     18010
  7850   -0.35883094E+0001   -0.35945614E+0001    0.72659404E+0000     18420
  7900   -0.35882071E+0001   -0.35945573E+0001    0.74241665E+0000     18538
  7950   -0.35881020E+0001   -0.35944434E+0001    0.72858246E+0000     19032
  8000   -0.35880209E+0001   -0.35945492E+0001    0.71917774E+0000     19598
  8001   -0.35880551E+0001   -0.35880551E+0001    0.69008466E+0000     12000
  8050   -0.35888132E+0001   -0.35908885E+0001    0.68056072E+0000     12049
  8100   -0.35883359E+0001   -0.35909794E+0001    0.70018793E+0000     12233
  8150   -0.35878793E+0001   -0.35909723E+0001    0.70752551E+0000     12275
  8200   -0.35875404E+0001   -0.35912964E+0001    0.69694393E+0000     12487
  8250   -0.35872317E+0001   -0.35918086E+0001    0.71359371E+0000     12620
  8300   -0.35870087E+0001   -0.35918350E+0001    0.69760086E+0000     12911
  8350   -0.35870673E+0001   -0.35917249E+0001    0.68929114E+0000     12994
  8400   -0.35875468E+0001   -0.35921144E+0001    0.67499684E+0000     13298
  8450   -0.35878924E+0001   -0.35917898E+0001    0.66602995E+0000     13539
  8500   -0.35879481E+0001   -0.35916625E+0001    0.69543361E+0000     13920
  8550   -0.35877975E+0001   -0.35916349E+0001    0.66123830E+0000     14177
  8600   -0.35876377E+0001   -0.35921847E+0001    0.69177949E+0000     14418
  8650   -0.35876111E+0001   -0.35918880E+0001    0.68046880E+0000     14729
  8700   -0.35875837E+0001   -0.35929080E+0001    0.67120962E+0000     14623
  8750   -0.35875082E+0001   -0.35927935E+0001    0.66522736E+0000     14921
  8800   -0.35874969E+0001   -0.35933363E+0001    0.69158559E+0000     15201
  8850   -0.35875494E+0001   -0.35925837E+0001    0.67293692E+0000     15238
  8900   -0.35875800E+0001   -0.35919841E+0001    0.68812429E+0000     15519
  8950   -0.35875241E+0001   -0.35918174E+0001    0.67406036E+0000     15674
  9000   -0.35874850E+0001   -0.35921547E+0001    0.66635933E+0000     15909
  9050   -0.35874149E+0001   -0.35920609E+0001    0.64379941E+0000     16247
  9100   -0.35872967E+0001   -0.35922960E+0001    0.64667905E+0000     16697
  9150   -0.35873237E+0001   -0.35920474E+0001    0.66287232E+0000     16895
  9200   -0.35873138E+0001   -0.35922448E+0001    0.64983087E+0000     17335
  9250   -0.35872173E+0001   -0.35925325E+0001    0.62226491E+0000     17553
  9300   -0.35871398E+0001   -0.35924720E+0001    0.59960147E+0000     17764
  9350   -0.35871740E+0001   -0.35930202E+0001    0.60059303E+0000     18035
  9400   -0.35872519E+0001   -0.35928719E+0001    0.61341869E+0000     18280
  9450   -0.35872058E+0001   -0.35929075E+0001    0.59490507E+0000     18632
  9500   -0.35872054E+0001   -0.35932271E+0001    0.59680992E+0000     18992
  9550   -0.35873387E+0001   -0.35930422E+0001    0.61581428E+0000     19261
  9600   -0.35875496E+0001   -0.35934836E+0001    0.58780035E+0000     19475
  9601   -0.35875698E+0001   -0.35875698E+0001    0.54482318E+0000     12000
  9650   -0.35880546E+0001   -0.35895722E+0001    0.54167067E+0000     11950
  9700   -0.35877940E+0001   -0.35898973E+0001    0.57879237E+0000     11873
  9750   -0.35875578E+0001   -0.35897614E+0001    0.57926440E+0000     11958
  9800   -0.35873177E+0001   -0.35899083E+0001    0.56936682E+0000     12415
  9850   -0.35871039E+0001   -0.35900561E+0001    0.57861793E+0000     12647
  9900   -0.35869057E+0001   -0.35902963E+0001    0.57510039E+0000     12765
  9950   -0.35867425E+0001   -0.35904693E+0001    0.57145221E+0000     12931
 10000   -0.35865956E+0001   -0.35903002E+0001    0.60392068E+0000     12907
 10050   -0.35864444E+0001   -0.35901728E+0001    0.59697922E+0000     13085
 10100   -0.35863604E+0001   -0.35901387E+0001    0.58603461E+0000     12970
 10150   -0.35862404E+0001   -0.35902759E+0001    0.58622129E+0000     13275
 10200   -0.35861887E+0001   -0.35906251E+0001    0.50704981E+0000     13567
 10250   -0.35862259E+0001   -0.35909483E+0001    0.53837790E+0000     13715
 10300   -0.35862906E+0001   -0.35906473E+0001    0.56567699E+0000     13967
 10350   -0.35863260E+0001   -0.35905591E+0001    0.59301370E+0000     14068
 10400   -0.35864102E+0001   -0.35902031E+0001    0.55105125E+0000     14438
 10450   -0.35864899E+0001   -0.35905046E+0001    0.58359858E+0000     14546
 10500   -0.35865709E+0001   -0.35901747E+0001    0.54671212E+0000     14569
 10550   -0.35865417E+0001   -0.35901780E+0001    0.55544051E+0000     14963
 10600   -0.35865084E+0001   -0.35908098E+0001    0.56646976E+0000     15400
 10650   -0.35865069E+0001   -0.35911929E+0001    0.53317483E+0000     15654
 10700   -0.35866161E+0001   -0.35915215E+0001    0.53909845E+0000     15766
 10750   -0.35865296E+0001   -0.35912010E+0001    0.52106065E+0000     15772
 10800   -0.35864451E+0001   -0.35914291E+0001    0.50743108E+0000     16094
 10850   -0.35864345E+0001   -0.35918045E+0001    0.49772238E+0000     16242
 10900   -0.35864915E+0001   -0.35920357E+0001    0.53105073E+0000     16656
 10950   -0.35866160E+0001   -0.35918679E+0001    0.47019103E+0000     17102
 11000   -0.35869453E+0001   -0.35923080E+0001    0.49599450E+0000     17556
 11050   -0.35872768E+0001   -0.35914081E+0001    0.48919597E+0000     17764
 11100   -0.35875150E+0001   -0.35919134E+0001    0.49387888E+0000     18000
 11150   -0.35877251E+0001   -0.35911067E+0001    0.49293383E+0000     18180
 11200   -0.35878017E+0001   -0.35914920E+0001    0.48124942E+0000     18432
 11201   -0.35878141E+0001   -0.35878141E+0001    0.43584360E+0000     12000
 11250   -0.35881411E+0001   -0.35892973E+0001    0.43662654E+0000     11913
 11300   -0.35879880E+0001   -0.35896832E+0001    0.46804988E+0000     12031
 11350   -0.35878518E+0001   -0.35896714E+0001    0.50409732E+0000     12274
 11400   -0.35877427E+0001   -0.35897568E+0001    0.47156909E+0000     12402
 11450   -0.35876350E+0001   -0.35899907E+0001    0.46661703E+0000     12402
 11500   -0.35875862E+0001   -0.35906848E+0001    0.47370793E+0000     12756
 11550   -0.35875907E+0001   -0.35903023E+0001    0.50107684E+0000     13216
 11600   -0.35875731E+0001   -0.35906696E+0001    0.48592757E+0000     13347
 11650   -0.35875258E+0001   -0.35906519E+0001    0.49129866E+0000     13508
 11700   -0.35874882E+0001   -0.35911231E+0001    0.47148644E+0000     13543
 11750   -0.35875341E+0001   -0.35909355E+0001    0.48606336E+0000     13833
 11800   -0.35876632E+0001   -0.35914456E+0001    0.46054414E+0000     13981
 11850   -0.35877502E+0001   -0.35911411E+0001    0.41538081E+0000     14481
 11900   -0.35878305E+0001   -0.35910823E+0001    0.38399116E+0000     14824
 11950   -0.35879175E+0001   -0.35911024E+0001    0.42631592E+0000     14936
 12000   -0.35880128E+0001   -0.35910043E+0001    0.42761921E+0000     15092
 12050   -0.35880865E+0001   -0.35907094E+0001    0.42916297E+0000     15388
 12100   -0.35880930E+0001   -0.35909087E+0001    0.44367691E+0000     15559
 12150   -0.35880809E+0001   -0.35903920E+0001    0.41312205E+0000     15696
 12200   -0.35879894E+0001   -0.35902119E+0001    0.39963841E+0000     15925
 12250   -0.35878890E+0001   -0.35900168E+0001    0.43525313E+0000     16136
 12300   -0.35877889E+0001   -0.35900218E+0001    0.45113254E+0000     16333
 12350   -0.35877025E+0001   -0.35901028E+0001    0.40724378E+0000     16429
 12400   -0.35876682E+0001   -0.35904739E+0001    0.45393608E+0000     16714
 12450   -0.35876574E+0001   -0.35907014E+0001    0.40993427E+0000     16803
 12500   -0.35876583E+0001   -0.35905111E+0001    0.41275468E+0000     17251
 12550   -0.35876594E+0001   -0.35905357E+0001    0.37799607E+0000     17474
 12600   -0.35876462E+0001   -0.35905914E+0001    0.42989671E+0000     17692
 12650   -0.35876352E+0001   -0.35906973E+0001    0.39831499E+0000     17785
 12700   -0.35876290E+0001   -0.35904860E+0001    0.39694499E+0000     18103
 12750   -0.35877349E+0001   -0.35907012E+0001    0.41388915E+0000     18192
 12800   -0.35878413E+0001   -0.35908046E+0001    0.39145587E+0000     18541
 12801   -0.35878482E+0001   -0.35878482E+0001    0.31622832E+0000     12000
 12850   -0.35880243E+0001   -0.35888070E+0001    0.33701848E+0000     11998
 12900   -0.35879518E+0001   -0.35890041E+0001    0.37237201E+0000     11860
 12950   -0.35878883E+0001   -0.35890350E+0001    0.35638297E+0000     12098
 13000   -0.35878336E+0001   -0.35890950E+0001    0.39997797E+0000     12369
 13050   -0.35877807E+0001   -0.35894032E+0001    0.36625636E+0000     12893
 13100   -0.35877624E+0001   -0.35893569E+0001    0.38236670E+0000     13113
 13150   -0.35877328E+0001   -0.35892172E+0001    0.41705671E+0000     13244
 13200   -0.35877005E+0001   -0.35897415E+0001    0.41112381E+0000     13399
 13250   -0.35876196E+0001   -0.35899221E+0001    0.40476798E+0000     13540
 13300   -0.35875812E+0001   -0.35895332E+0001    0.38786631E+0000     13492
 13350   -0.35876144E+0001   -0.35905157E+0001    0.37364920E+0000     13850
 13400   -0.35876809E+0001   -0.35902430E+0001    0.40063675E+0000     14106
 13450   -0.35876973E+0001   -0.35901510E+0001    0.39783118E+0000     14173
 13500   -0.35877352E+0001   -0.35901247E+0001    0.41779435E+0000     14491
 13550   -0.35877204E+0001   -0.35902386E+0001    0.38153737E+0000     14885
 13600   -0.35877394E+0001   -0.35903092E+0001    0.38962361E+0000     15002
 13650   -0.35877259E+0001   -0.35904560E+0001    0.40437952E+0000     15473
 13700   -0.35876671E+0001   -0.35901222E+0001    0.37483523E+0000     15615
 13750   -0.35875739E+0001   -0.35902651E+0001    0.36141227E+0000     16140
 13800   -0.35874451E+0001   -0.35903955E+0001    0.33293795E+0000     16431
 13850   -0.35873489E+0001   -0.35900796E+0001    0.31831072E+0000     16585
 13900   -0.35872872E+0001   -0.35899999E+0001    0.38346439E+0000     17092
 13950   -0.35872126E+0001   -0.35902143E+0001    0.36419666E+0000     17525
 14000   -0.35871230E+0001   -0.35899460E+0001    0.31921744E+0000     17895
 14050   -0.35870852E+0001   -0.35897154E+0001    0.38722037E+0000     18065
 14100   -0.35871020E+0001   -0.35893039E+0001    0.34495985E+0000     18118
 14150   -0.35871445E+0001   -0.35895050E+0001    0.33115001E+0000     18668
 14200   -0.35871481E+0001   -0.35897296E+0001    0.35807594E+0000     18916
 14250   -0.35871398E+0001   -0.35894749E+0001    0.32935944E+0000     19163
 14300   -0.35871434E+0001   -0.35894873E+0001    0.37050802E+0000     19433
 14350   -0.35871138E+0001   -0.35895635E+0001    0.34137533E+0000     19920
 14400   -0.35870977E+0001   -0.35894130E+0001    0.29083698E+0000     20096
 14450   -0.35871452E+0001   -0.35896079E+0001    0.32566230E+0000     20326
 14500   -0.35871724E+0001   -0.35891906E+0001    0.35988380E+0000     20448
 14550   -0.35871986E+0001   -0.35893132E+0001    0.30035204E+0000     21108
 14600   -0.35872197E+0001   -0.35889303E+0001    0.30916154E+0000     21418
 14650   -0.35872224E+0001   -0.35890094E+0001    0.30917241E+0000     21596
 14700   -0.35872399E+0001   -0.35894284E+0001    0.29501777E+0000     21850
 14750   -0.35872760E+0001   -0.35892328E+0001    0.30536513E+0000     22546
 14800   -0.35873057E+0001   -0.35896328E+0001    0.30069313E+0000     22855
 14850   -0.35873127E+0001   -0.35896199E+0001    0.33657676E+0000     23511
 14900   -0.35872854E+0001   -0.35893727E+0001    0.28607825E+0000     24118
 14950   -0.35872260E+0001   -0.35890978E+0001    0.29556328E+0000     24516
 15000   -0.35872209E+0001   -0.35891264E+0001    0.35087092E+0000     25052
 15050   -0.35872064E+0001   -0.35890201E+0001    0.29642568E+0000     25564
 15100   -0.35871893E+0001   -0.35890953E+0001    0.29893087E+0000     25964
 15150   -0.35871773E+0001   -0.35891840E+0001    0.29381811E+0000     26140
 15200   -0.35871352E+0001   -0.35888563E+0001    0.33523856E+0000     26424
 15250   -0.35871028E+0001   -0.35891953E+0001    0.26738225E+0000     27036
 15300   -0.35870774E+0001   -0.35891441E+0001    0.31232100E+0000     27370
 15350   -0.35870888E+0001   -0.35893275E+0001    0.27810248E+0000     27867
 15400   -0.35871022E+0001   -0.35891527E+0001    0.32591095E+0000     28693
 15450   -0.35871036E+0001   -0.35891774E+0001    0.23180645E+0000     29176
 15500   -0.35871239E+0001   -0.35889352E+0001    0.28651817E+0000     29515
 15550   -0.35871535E+0001   -0.35892391E+0001    0.22800119E+0000     29957
 15600   -0.35871801E+0001   -0.35891066E+0001    0.29976250E+0000     30275
 15650   -0.35871886E+0001   -0.35892059E+0001    0.26021154E+0000     30801
 15700   -0.35871971E+0001   -0.35892371E+0001    0.29780303E+0000     31427
 15750   -0.35871919E+0001   -0.35892396E+0001    0.29707425E+0000     32216
 15800   -0.35872156E+0001   -0.35890889E+0001    0.31445259E+0000     32788
 15850   -0.35872335E+0001   -0.35892363E+0001    0.28166049E+0000     33188
 15900   -0.35872384E+0001   -0.35890794E+0001    0.27852473E+0000     33317
 15950   -0.35872381E+0001   -0.35889844E+0001    0.27468414E+0000     33988
 16000   -0.35872333E+0001   -0.35888331E+0001    0.22499096E+0000     34586
 16001   -0.35871942E+0001   -0.35871942E+0001    0.12454481E+0000         1
 16050   -0.35871026E+0001   -0.35871026E+0001    0.33110959E+0000         1
 16100   -0.35865519E+0001   -0.35865519E+0001    0.51921591E+0000         1
 16150   -0.35865143E+0001   -0.35865143E+0001    0.53717403E+0000         1
 16200   -0.35865635E+0001   -0.35865635E+0001    0.40977311E+0000         1
 16250   -0.35867609E+0001   -0.35867609E+0001    0.44103166E+0000         1
 16300   -0.35865462E+0001   -0.35865462E+0001    0.51839840E+0000         1
 16350   -0.35864743E+0001   -0.35864743E+0001    0.58932540E+0000         1
 16400   -0.35863494E+0001   -0.35863494E+0001    0.61620279E+0000         1
 16450   -0.35859733E+0001   -0.35859733E+0001    0.61207958E+0000         1
 16500   -0.35867339E+0001   -0.35867339E+0001    0.49565484E+0000         1
 16550   -0.35870998E+0001   -0.35870998E+0001    0.44474982E+0000         1
 16600   -0.35867696E+0001   -0.35867696E+0001    0.49732789E+0000         1
 16650   -0.35866926E+0001   -0.35866926E+0001    0.42796414E+0000         1
 16700   -0.35864463E+0001   -0.35864463E+0001    0.42879855E+0000         1
 16750   -0.35862650E+0001   -0.35862650E+0001    0.50544343E+0000         1
 16800   -0.35865759E+0001   -0.35865759E+0001    0.40623569E+0000         1
 16850   -0.35867439E+0001   -0.35867439E+0001    0.47832791E+0000         1
 16900   -0.35863771E+0001   -0.35863771E+0001    0.54336410E+0000         1
 16950   -0.35871033E+0001   -0.35871033E+0001    0.37975263E+0000         1
 17000   -0.35869983E+0001   -0.35869983E+0001    0.48743272E+0000         1
 17050   -0.35878316E+0001   -0.35878316E+0001    0.34617133E+0000         1
 17100   -0.35871247E+0001   -0.35871247E+0001    0.56908224E+0000         1
 17150   -0.35863040E+0001   -0.35863040E+0001    0.76118908E+0000         1
 17200   -0.35868089E+0001   -0.35868089E+0001    0.71600135E+0000         1
 17250   -0.35871084E+0001   -0.35871084E+0001    0.62386469E+0000         1
 17300   -0.35876395E+0001   -0.35876395E+0001    0.52843570E+0000         1
 17350   -0.35872135E+0001   -0.35872135E+0001    0.59367825E+0000         1
 17400   -0.35878874E+0001   -0.35878874E+0001    0.56006966E+0000         1
 17450   -0.35881146E+0001   -0.35881146E+0001    0.42437035E+0000         1
 17500   -0.35877140E+0001   -0.35877140E+0001    0.58407840E+0000         1
 17550   -0.35873088E+0001   -0.35873088E+0001    0.61764244E+0000         1
 17600   -0.35873584E+0001   -0.35873584E+0001    0.60123539E+0000         1
 17650   -0.35875927E+0001   -0.35875927E+0001    0.39036977E+0000         1
 17700   -0.35875224E+0001   -0.35875224E+0001    0.54271181E+0000         1
 17750   -0.35873738E+0001   -0.35873738E+0001    0.58191614E+0000         1
 17800   -0.35876968E+0001   -0.35876968E+0001    0.49609977E+0000         1
 17850   -0.35871327E+0001   -0.35871327E+0001    0.65927987E+0000         1
 17900   -0.35872367E+0001   -0.35872367E+0001    0.65628749E+0000         1
 17950   -0.35880828E+0001   -0.35880828E+0001    0.49376651E+0000         1
 18000   -0.35879130E+0001   -0.35879130E+0001    0.54502598E+0000         1
 18050   -0.35886421E+0001   -0.35886421E+0001    0.46668000E+0000         1
 18100   -0.35887553E+0001   -0.35887553E+0001    0.40771938E+0000         1
 18150   -0.35885744E+0001   -0.35885744E+0001    0.39952431E+0000         1
 18200   -0.35883257E+0001   -0.35883257E+0001    0.57473459E+0000         1
 18250   -0.35883791E+0001   -0.35883791E+0001    0.57865919E+0000         1
 18300   -0.35880662E+0001   -0.35880662E+0001    0.85404559E+0000         1
 18350   -0.35891081E+0001   -0.35891081E+0001    0.56863926E+0000         1
 18400   -0.35895735E+0001   -0.35895735E+0001    0.49738578E+0000         1
 18450   -0.35894425E+0001   -0.35894425E+0001    0.59111137E+0000         1
 18500   -0.35898760E+0001   -0.35898760E+0001    0.54805720E+0000         1
 18550   -0.35896359E+0001   -0.35896359E+0001    0.48039006E+0000         1
 18600   -0.35893240E+0001   -0.35893240E+0001    0.56828891E+0000         1
 18650   -0.35893147E+0001   -0.35893147E+0001    0.66154960E+0000         1
 18700   -0.35898248E+0001   -0.35898248E+0001    0.63912958E+0000         1
 18750   -0.35893966E+0001   -0.35893966E+0001    0.65598435E+0000         1
 18800   -0.35906586E+0001   -0.35906586E+0001    0.55468610E+0000         1
 18850   -0.35903189E+0001   -0.35903189E+0001    0.69754521E+0000         1
 18900   -0.35909719E+0001   -0.35909719E+0001    0.53430069E+0000         1
 18950   -0.35916180E+0001   -0.35916180E+0001    0.52707632E+0000         1
 19000   -0.35918403E+0001   -0.35918403E+0001    0.44564299E+0000         1
 19050   -0.35921016E+0001   -0.35921016E+0001    0.43199127E+0000         1
 19100   -0.35915976E+0001   -0.35915976E+0001    0.59120764E+0000         1
 19150   -0.35923961E+0001   -0.35923961E+0001    0.56546610E+0000         1
 19200   -0.35923858E+0001   -0.35923858E+0001    0.70342093E+0000         1
 19250   -0.35930239E+0001   -0.35930239E+0001    0.51791324E+0000         1
 19300   -0.35929817E+0001   -0.35929817E+0001    0.56655038E+0000         1
 19350   -0.35931358E+0001   -0.35931358E+0001    0.46538042E+0000         1
 19400   -0.35933334E+0001   -0.35933334E+0001    0.54086245E+0000         1
 19450   -0.35933915E+0001   -0.35933915E+0001    0.58488690E+0000         1
 19500   -0.35935866E+0001   -0.35935866E+0001    0.46896275E+0000         1
 19550   -0.35928967E+0001   -0.35928967E+0001    0.77265018E+0000         1
 19600   -0.35931317E+0001   -0.35931317E+0001    0.67474731E+0000         1
 19650   -0.35929019E+0001   -0.35929019E+0001    0.80869911E+0000         1
 19700   -0.35944631E+0001   -0.35944631E+0001    0.49244894E+0000         1
 19750   -0.35947658E+0001   -0.35947658E+0001    0.52261837E+0000         1
 19800   -0.35945447E+0001   -0.35945447E+0001    0.51759765E+0000         1
 19850   -0.35952938E+0001   -0.35952938E+0001    0.43339724E+0000         1
 19900   -0.35958914E+0001   -0.35958914E+0001    0.52617315E+0000         1
 19950   -0.35958069E+0001   -0.35958069E+0001    0.52778564E+0000         1
 20000   -0.35971208E+0001   -0.35971208E+0001    0.54103273E+0000         1
 20050   -0.35980832E+0001   -0.35980832E+0001    0.45359598E+0000         1
 20100   -0.35977367E+0001   -0.35977367E+0001    0.70447447E+0000         1
 20150   -0.35982425E+0001   -0.35982425E+0001    0.76590153E+0000         1
 20200   -0.35990167E+0001   -0.35990167E+0001    0.69125961E+0000         1
 20250   -0.35994183E+0001   -0.35994183E+0001    0.75808068E+0000         1
 20300   -0.36007112E+0001   -0.36007112E+0001    0.57431914E+0000         1
 20350   -0.36015458E+0001   -0.36015458E+0001    0.66615717E+0000         1
 20400   -0.36024991E+0001   -0.36024991E+0001    0.77794303E+0000         1
 20450   -0.36017043E+0001   -0.36017043E+0001    0.86254332E+0000         1
 20500   -0.36031035E+0001   -0.36031035E+0001    0.62925424E+0000         1
 20550   -0.36030183E+0001   -0.36030183E+0001    0.64188868E+0000         1
 20600   -0.36051104E+0001   -0.36051104E+0001    0.67491695E+0000         1
 20650   -0.36053777E+0001   -0.36053777E+0001    0.70800203E+0000         1
 20700   -0.36060394E+0001   -0.36060394E+0001    0.75867750E+0000         1
 20750   -0.36067321E+0001   -0.36067321E+0001    0.77885811E+0000         1
 20800   -0.36070638E+0001   -0.36070638E+0001    0.66329049E+0000         1
 20850   -0.36071303E+0001   -0.36071303E+0001    0.66586968E+0000         1
 20900   -0.36081364E+0001   -0.36081364E+0001    0.74563185E+0000         1
 20950   -0.36090341E+0001   -0.36090341E+0001    0.78926460E+0000         1
 21000   -0.36106083E+0001   -0.36106083E+0001    0.97914786E+0000         1
 21050   -0.36117199E+0001   -0.36117199E+0001    0.95866878E+0000         1
 21100   -0.36144686E+0001   -0.36144686E+0001    0.88673941E+0000         1
 21150   -0.36163016E+0001   -0.36163016E+0001    0.84154475E+0000         1
 21200   -0.36162605E+0001   -0.36162605E+0001    0.93785115E+0000         1
 21250   -0.36178074E+0001   -0.36178074E+0001    0.84203212E+0000         1
 21300   -0.36203077E+0001   -0.36203077E+0001    0.76543551E+0000         1
 21350   -0.36214976E+0001   -0.36214976E+0001    0.88304726E+0000         1
 21400   -0.36227629E+0001   -0.36227629E+0001    0.84520812E+0000         1
 21450   -0.36247585E+0001   -0.36247585E+0001    0.97029930E+0000         1
 21500   -0.36271241E+0001   -0.36271241E+0001    0.87228517E+0000         1
 21550   -0.36292928E+0001   -0.36292928E+0001    0.88093611E+0000         1
 21600   -0.36312597E+0001   -0.36312597E+0001    0.91373069E+0000         1
 21650   -0.36349619E+0001   -0.36349619E+0001    0.90395442E+0000         1
 21700   -0.36387719E+0001   -0.36387719E+0001    0.98853899E+0000         1
 21750   -0.36425212E+0001   -0.36425212E+0001    0.10251192E+0001         1
 21800   -0.36457449E+0001   -0.36457449E+0001    0.10289952E+0001         1
 21850   -0.36481193E+0001   -0.36481193E+0001    0.11200716E+0001         1
 21900   -0.36507156E+0001   -0.36507156E+0001    0.10901931E+0001         1
 21950   -0.36517375E+0001   -0.36517375E+0001    0.11600609E+0001         1
 22000   -0.36553996E+0001   -0.36553996E+0001    0.11791108E+0001         1
 22050   -0.36599775E+0001   -0.36599775E+0001    0.11324880E+0001         1
 22100   -0.36656295E+0001   -0.36656295E+0001    0.12155107E+0001         1
 22150   -0.36701422E+0001   -0.36701422E+0001    0.13727419E+0001         1
 22200   -0.36739523E+0001   -0.36739523E+0001    0.12670041E+0001         1
 22250   -0.36801659E+0001   -0.36801659E+0001    0.12277492E+0001         1
 22300   -0.36849410E+0001   -0.36849410E+0001    0.13256713E+0001         1
 22350   -0.36919117E+0001   -0.36919117E+0001    0.13786085E+0001         1
 22400   -0.36974697E+0001   -0.36974697E+0001    0.14509460E+0001         1
 22450   -0.37010158E+0001   -0.37010158E+0001    0.15796208E+0001         1
 22500   -0.37077871E+0001   -0.37077871E+0001    0.15190734E+0001         1
 22550   -0.37157249E+0001   -0.37157249E+0001    0.15179340E+0001         1
 22600   -0.37244595E+0001   -0.37244595E+0001    0.15089900E+0001         1
 22650   -0.37319130E+0001   -0.37319130E+0001    0.15402665E+0001         1
 22700   -0.37382283E+0001   -0.37382283E+0001    0.15972037E+0001         1
 22750   -0.37472192E+0001   -0.37472192E+0001    0.16206923E+0001         1
 22800   -0.37583169E+0001   -0.37583169E+0001    0.16333816E+0001         1
 22850   -0.37653847E+0001   -0.37653847E+0001    0.16767178E+0001         1
 22900   -0.37740796E+0001   -0.37740796E+0001    0.17747229E+0001         1
 22950   -0.37848784E+0001   -0.37848784E+0001    0.17259470E+0001         1
 23000   -0.37948661E+0001   -0.37948661E+0001    0.17648168E+0001         1
 23050   -0.38052243E+0001   -0.38052243E+0001    0.17211553E+0001         1
 23100   -0.38149881E+0001   -0.38149881E+0001    0.17084396E+0001         1
 23150   -0.38217838E+0001   -0.38217838E+0001    0.17238995E+0001         1
 23200   -0.38305683E+0001   -0.38305683E+0001    0.17023547E+0001         1
 23250   -0.38370366E+0001   -0.38370366E+0001    0.16880571E+0001         1
 23300   -0.38469852E+0001   -0.38469852E+0001    0.17154136E+0001         1
 23350   -0.38561485E+0001   -0.38561485E+0001    0.17858018E+0001         1
 23400   -0.38667407E+0001   -0.38667407E+0001    0.16840475E+0001         1
 23450   -0.38747924E+0001   -0.38747924E+0001    0.17254061E+0001         1
 23500   -0.38817975E+0001   -0.38817975E+0001    0.16345671E+0001         1
 23550   -0.38891455E+0001   -0.38891455E+0001    0.15741334E+0001         1
 23600   -0.38952965E+0001   -0.38952965E+0001    0.15580078E+0001         1
 23650   -0.39004421E+0001   -0.39004421E+0001    0.15120275E+0001         1
 23700   -0.39056331E+0001   -0.39056331E+0001    0.14750559E+0001         1
 23750   -0.39147523E+0001   -0.39147523E+0001    0.13374058E+0001         1
 23800   -0.39208892E+0001   -0.39208892E+0001    0.12446731E+0001         1
 23850   -0.39216865E+0001   -0.39216865E+0001    0.12140056E+0001         1
 23900   -0.39258555E+0001   -0.39258555E+0001    0.11770017E+0001         1
 23950   -0.39287406E+0001   -0.39287406E+0001    0.11635293E+0001         1
 24000   -0.39317390E+0001   -0.39317390E+0001    0.10522832E+0001         1
 24050   -0.39348906E+0001   -0.39348906E+0001    0.72868066E+0000         1
 24100   -0.39365450E+0001   -0.39365450E+0001    0.63240334E+0000         1
 24150   -0.39371659E+0001   -0.39371659E+0001    0.54730472E+0000         1
 24200   -0.39369807E+0001   -0.39369807E+0001    0.63889923E+0000         1
 24250   -0.39376182E+0001   -0.39376182E+0001    0.70035874E+0000         1
 24300   -0.39385010E+0001   -0.39385010E+0001    0.52840714E+0000         1
 24350   -0.39379027E+0001   -0.39379027E+0001    0.67772976E+0000         1
 24400   -0.39381039E+0001   -0.39381039E+0001    0.71580986E+0000         1
 24450   -0.39385879E+0001   -0.39385879E+0001    0.56065966E+0000         1
 24500   -0.39381529E+0001   -0.39381529E+0001    0.58079171E+0000         1
 24550   -0.39385449E+0001   -0.39385449E+0001    0.56054480E+0000         1
 24600   -0.39385604E+0001   -0.39385604E+0001    0.56811045E+0000         1
 24650   -0.39385854E+0001   -0.39385854E+0001    0.55680759E+0000         1
 24700   -0.39384860E+0001   -0.39384860E+0001    0.55115483E+0000         1
 24750   -0.39384607E+0001   -0.39384607E+0001    0.56675500E+0000         1
 24800   -0.39386207E+0001   -0.39386207E+0001    0.53687723E+0000         1
 24850   -0.39384152E+0001   -0.39384152E+0001    0.67201447E+0000         1
 24900   -0.39388961E+0001   -0.39388961E+0001    0.52582835E+0000         1
 24950   -0.39387119E+0001   -0.39387119E+0001    0.50197209E+0000         1
 25000   -0.39385775E+0001   -0.39385775E+0001    0.57312665E+0000         1
 25050   -0.39390676E+0001   -0.39390676E+0001    0.44205637E+0000         1
 25100   -0.39395137E+0001   -0.39395137E+0001    0.39260056E+0000         1
 25150   -0.39387443E+0001   -0.39387443E+0001    0.56180719E+0000         1
 25200   -0.39386550E+0001   -0.39386550E+0001    0.58702216E+0000         1
 25250   -0.39382866E+0001   -0.39382866E+0001    0.61378404E+0000         1
 25300   -0.39381508E+0001   -0.39381508E+0001    0.71654616E+0000         1
 25350   -0.39388448E+0001   -0.39388448E+0001    0.48701169E+0000         1
 25400   -0.39386925E+0001   -0.39386925E+0001    0.57265003E+0000         1
 25450   -0.39380526E+0001   -0.39380526E+0001    0.66398110E+0000         1
 25500   -0.39379792E+0001   -0.39379792E+0001    0.71214879E+0000         1
 25550   -0.39384012E+0001   -0.39384012E+0001    0.53083186E+0000         1
 25600   -0.39386546E+0001   -0.39386546E+0001    0.51500409E+0000         1
 25650   -0.39383161E+0001   -0.39383161E+0001    0.51870198E+0000         1
 25700   -0.39383577E+0001   -0.39383577E+0001    0.59033635E+0000         1
 25750   -0.39392015E+0001   -0.39392015E+0001    0.43002232E+0000         1
 25800   -0.39391115E+0001   -0.39391115E+0001    0.47027407E+0000         1
 25850   -0.39388948E+0001   -0.39388948E+0001    0.59118676E+0000         1
 25900   -0.39388933E+0001   -0.39388933E+0001    0.45059781E+0000         1
 25950   -0.39385343E+0001   -0.39385343E+0001    0.51910223E+0000         1
 26000   -0.39391107E+0001   -0.39391107E+0001    0.41638902E+0000         1
 26050   -0.39388698E+0001   -0.39388698E+0001    0.50498076E+0000         1
 26100   -0.39388050E+0001   -0.39388050E+0001    0.57871511E+0000         1
 26150   -0.39389968E+0001   -0.39389968E+0001    0.50866255E+0000         1
 26200   -0.39394312E+0001   -0.39394312E+0001    0.42609174E+0000         1
 26250   -0.39391323E+0001   -0.39391323E+0001    0.48616406E+0000         1
 26300   -0.39389048E+0001   -0.39389048E+0001    0.55068870E+0000         1
 26350   -0.39394916E+0001   -0.39394916E+0001    0.39787561E+0000         1
 26400   -0.39392529E+0001   -0.39392529E+0001    0.47212010E+0000         1
 26450   -0.39388372E+0001   -0.39388372E+0001    0.62090987E+0000         1
 26500   -0.39394052E+0001   -0.39394052E+0001    0.40351185E+0000         1
 26550   -0.39389045E+0001   -0.39389045E+0001    0.54502848E+0000         1
 26600   -0.39385440E+0001   -0.39385440E+0001    0.71857663E+0000         1
 26650   -0.39390616E+0001   -0.39390616E+0001    0.46284607E+0000         1
 26700   -0.39390739E+0001   -0.39390739E+0001    0.45111242E+0000         1
 26750   -0.39388186E+0001   -0.39388186E+0001    0.67889082E+0000         1
 26800   -0.39381104E+0001   -0.39381104E+0001    0.73829134E+0000         1
 26850   -0.39383534E+0001   -0.39383534E+0001    0.66081540E+0000         1
 26900   -0.39393788E+0001   -0.39393788E+0001    0.40345142E+0000         1
 26950   -0.39394479E+0001   -0.39394479E+0001    0.35885555E+0000         1
 27000   -0.39394421E+0001   -0.39394421E+0001    0.42717600E+0000         1
 27050   -0.39392320E+0001   -0.39392320E+0001    0.51528688E+0000         1
 27100   -0.39393788E+0001   -0.39393788E+0001    0.47275415E+0000         1
 27150   -0.39393558E+0001   -0.39393558E+0001    0.41399694E+0000         1
 27200   -0.39389776E+0001   -0.39389776E+0001    0.48500076E+0000         1
 27250   -0.39395483E+0001   -0.39395483E+0001    0.36777856E+0000         1
 27300   -0.39391708E+0001   -0.39391708E+0001    0.42549816E+0000         1
 27350   -0.39395915E+0001   -0.39395915E+0001    0.36038748E+0000         1
 27400   -0.39395454E+0001   -0.39395454E+0001    0.38189584E+0000         1
 27450   -0.39392733E+0001   -0.39392733E+0001    0.44459943E+0000         1
 27500   -0.39395472E+0001   -0.39395472E+0001    0.32673555E+0000         1
 27550   -0.39390906E+0001   -0.39390906E+0001    0.57476994E+0000         1
 27600   -0.39394708E+0001   -0.39394708E+0001    0.32854043E+0000         1
 27650   -0.39389587E+0001   -0.39389587E+0001    0.64050747E+0000         1
 27700   -0.39389759E+0001   -0.39389759E+0001    0.50397235E+0000         1
 27750   -0.39387767E+0001   -0.39387767E+0001    0.52794447E+0000         1
 27800   -0.39392602E+0001   -0.39392602E+0001    0.46472072E+0000         1
 27850   -0.39393789E+0001   -0.39393789E+0001    0.42964054E+0000         1
 27900   -0.39393750E+0001   -0.39393750E+0001    0.42172957E+0000         1
 27950   -0.39390175E+0001   -0.39390175E+0001    0.61434845E+0000         1
 28000   -0.39390999E+0001   -0.39390999E+0001    0.53742791E+0000         1
 28050   -0.39390865E+0001   -0.39390865E+0001    0.50092864E+0000         1
 28100   -0.39386906E+0001   -0.39386906E+0001    0.61988383E+0000         1
 28150   -0.39392138E+0001   -0.39392138E+0001    0.41683893E+0000         1
 28200   -0.39388029E+0001   -0.39388029E+0001    0.51559875E+0000         1
 28250   -0.39386551E+0001   -0.39386551E+0001    0.55344628E+0000         1
 28300   -0.39386623E+0001   -0.39386623E+0001    0.59818487E+0000         1
 28350   -0.39388441E+0001   -0.39388441E+0001    0.60303470E+0000         1
 28400   -0.39393705E+0001   -0.39393705E+0001    0.38785416E+0000         1
 28450   -0.39391144E+0001   -0.39391144E+0001    0.44856270E+0000         1
 28500   -0.39386160E+0001   -0.39386160E+0001    0.58338040E+0000         1
 28550   -0.39387397E+0001   -0.39387397E+0001    0.52700770E+0000         1
 28600   -0.39392621E+0001   -0.39392621E+0001    0.43559323E+0000         1
 28650   -0.39398025E+0001   -0.39398025E+0001    0.27549654E+0000         1
 28700   -0.39394123E+0001   -0.39394123E+0001    0.41559364E+0000         1
 28750   -0.39389883E+0001   -0.39389883E+0001    0.56670191E+0000         1
 28800   -0.39385906E+0001   -0.39385906E+0001    0.65697856E+0000         1
 28850   -0.39388476E+0001   -0.39388476E+0001    0.57468341E+0000         1
 28900   -0.39395087E+0001   -0.39395087E+0001    0.45363444E+0000         1
 28950   -0.39394762E+0001   -0.39394762E+0001    0.38231217E+0000         1
 29000   -0.39389408E+0001   -0.39389408E+0001    0.55489552E+0000         1
 29050   -0.39384456E+0001   -0.39384456E+0001    0.84866959E+0000         1
 29100   -0.39385067E+0001   -0.39385067E+0001    0.64747263E+0000         1
 29150   -0.39384749E+0001   -0.39384749E+0001    0.62719656E+0000         1
 29200   -0.39384919E+0001   -0.39384919E+0001    0.67799109E+0000         1
 29250   -0.39388383E+0001   -0.39388383E+0001    0.61722436E+0000         1
 29300   -0.39391552E+0001   -0.39391552E+0001    0.53077298E+0000         1
 29350   -0.39391905E+0001   -0.39391905E+0001    0.49958222E+0000         1
 29400   -0.39393347E+0001   -0.39393347E+0001    0.45783837E+0000         1
 29450   -0.39389852E+0001   -0.39389852E+0001    0.51241801E+0000         1
 29500   -0.39386343E+0001   -0.39386343E+0001    0.61322458E+0000         1
 29550   -0.39379192E+0001   -0.39379192E+0001    0.77152067E+0000         1
 29600   -0.39390032E+0001   -0.39390032E+0001    0.51002784E+0000         1
 29650   -0.39393241E+0001   -0.39393241E+0001    0.38783421E+0000         1
 29700   -0.39388901E+0001   -0.39388901E+0001    0.53391684E+0000         1
 29750   -0.39391697E+0001   -0.39391697E+0001    0.52470834E+0000         1
 29800   -0.39388811E+0001   -0.39388811E+0001    0.65346016E+0000         1
 29850   -0.39391751E+0001   -0.39391751E+0001    0.45481651E+0000         1
 29900   -0.39393964E+0001   -0.39393964E+0001    0.40636972E+0000         1
 29950   -0.39386303E+0001   -0.39386303E+0001    0.58705985E+0000         1
 30000   -0.39389280E+0001   -0.39389280E+0001    0.59944414E+0000         1
 30050   -0.39384487E+0001   -0.39384487E+0001    0.78092858E+0000         1
 30100   -0.39391707E+0001   -0.39391707E+0001    0.49229339E+0000         1
 30150   -0.39390280E+0001   -0.39390280E+0001    0.52000859E+0000         1
 30200   -0.39395568E+0001   -0.39395568E+0001    0.41053171E+0000         1
 30250   -0.39385916E+0001   -0.39385916E+0001    0.73530937E+0000         1
 30300   -0.39389714E+0001   -0.39389714E+0001    0.52012512E+0000         1
 30350   -0.39395008E+0001   -0.39395008E+0001    0.40817277E+0000         1
 30400   -0.39393453E+0001   -0.39393453E+0001    0.42033383E+0000         1
 30450   -0.39392836E+0001   -0.39392836E+0001    0.40692292E+0000         1
 30500   -0.39387214E+0001   -0.39387214E+0001    0.50667942E+0000         1
 30550   -0.39388190E+0001   -0.39388190E+0001    0.56075820E+0000         1
 30600   -0.39387757E+0001   -0.39387757E+0001    0.54238218E+0000         1
 30650   -0.39393067E+0001   -0.39393067E+0001    0.42676494E+0000         1
 30700   -0.39386191E+0001   -0.39386191E+0001    0.58967970E+0000         1
 30750   -0.39385720E+0001   -0.39385720E+0001    0.63342653E+0000         1
 30800   -0.39390113E+0001   -0.39390113E+0001    0.53629597E+0000         1
 30850   -0.39386140E+0001   -0.39386140E+0001    0.62215819E+0000         1
 30900   -0.39386027E+0001   -0.39386027E+0001    0.59458885E+0000         1
 30950   -0.39374662E+0001   -0.39374662E+0001    0.69118593E+0000         1
 31000   -0.39378724E+0001   -0.39378724E+0001    0.60514163E+0000         1
 31050   -0.39376739E+0001   -0.39376739E+0001    0.67448413E+0000         1
 31100   -0.39375547E+0001   -0.39375547E+0001    0.76667038E+0000         1
 31150   -0.39379615E+0001   -0.39379615E+0001    0.71455069E+0000         1
 31200   -0.39381313E+0001   -0.39381313E+0001    0.61229106E+0000         1
 31250   -0.39391192E+0001   -0.39391192E+0001    0.39602768E+0000         1
 31300   -0.39394402E+0001   -0.39394402E+0001    0.38338750E+0000         1
 31350   -0.39389229E+0001   -0.39389229E+0001    0.47287969E+0000         1
 31400   -0.39390577E+0001   -0.39390577E+0001    0.45203020E+0000         1
 31450   -0.39383401E+0001   -0.39383401E+0001    0.66738403E+0000         1
 31500   -0.39388031E+0001   -0.39388031E+0001    0.50216155E+0000         1
 31550   -0.39388863E+0001   -0.39388863E+0001    0.49136485E+0000         1
 31600   -0.39388044E+0001   -0.39388044E+0001    0.53280926E+0000         1
 31650   -0.39388154E+0001   -0.39388154E+0001    0.49712416E+0000         1
 31700   -0.39390790E+0001   -0.39390790E+0001    0.46875071E+0000         1
 31750   -0.39383899E+0001   -0.39383899E+0001    0.78423440E+0000         1
 31800   -0.39388592E+0001   -0.39388592E+0001    0.63269128E+0000         1
 31850   -0.39392735E+0001   -0.39392735E+0001    0.50356815E+0000         1
 31900   -0.39389685E+0001   -0.39389685E+0001    0.59364368E+0000         1
 31950   -0.39389186E+0001   -0.39389186E+0001    0.54670377E+0000         1
 32000   -0.39389683E+0001   -0.39389683E+0001    0.69850278E+0000         1
 32050   -0.39385545E+0001   -0.39385545E+0001    0.77618915E+0000         1
 32100   -0.39388744E+0001   -0.39388744E+0001    0.63073359E+0000         1
 32150   -0.39390098E+0001   -0.39390098E+0001    0.57547779E+0000         1
 32200   -0.39389703E+0001   -0.39389703E+0001    0.51218322E+0000         1
 32250   -0.39388494E+0001   -0.39388494E+0001    0.49830839E+0000         1
 32300   -0.39390319E+0001   -0.39390319E+0001    0.47134341E+0000         1
 32350   -0.39391810E+0001   -0.39391810E+0001    0.52760999E+0000         1
 32400   -0.39388862E+0001   -0.39388862E+0001    0.64939332E+0000         1
 32450   -0.39386918E+0001   -0.39386918E+0001    0.67670421E+0000         1
 32500   -0.39386979E+0001   -0.39386979E+0001    0.63387696E+0000         1
 32550   -0.39391546E+0001   -0.39391546E+0001    0.45006982E+0000         1
 32600   -0.39389807E+0001   -0.39389807E+0001    0.44323765E+0000         1
 32650   -0.39392452E+0001   -0.39392452E+0001    0.49039220E+0000         1
 32700   -0.39388857E+0001   -0.39388857E+0001    0.62172926E+0000         1
 32750   -0.39390745E+0001   -0.39390745E+0001    0.55553007E+0000         1
 32800   -0.39394403E+0001   -0.39394403E+0001    0.37729224E+0000         1
 32850   -0.39392481E+0001   -0.39392481E+0001    0.59976536E+0000         1
 32900   -0.39395985E+0001   -0.39395985E+0001    0.36440188E+0000         1
 32950   -0.39392830E+0001   -0.39392830E+0001    0.45428901E+0000         1
 33000   -0.39389508E+0001   -0.39389508E+0001    0.58381188E+0000         1
 33050   -0.39389619E+0001   -0.39389619E+0001    0.57904723E+0000         1
 33100   -0.39391848E+0001   -0.39391848E+0001    0.55012237E+0000         1
 33150   -0.39389105E+0001   -0.39389105E+0001    0.64339049E+0000         1
 33200   -0.39393028E+0001   -0.39393028E+0001    0.44326958E+0000         1
 33250   -0.39392684E+0001   -0.39392684E+0001    0.44592349E+0000         1
 33300   -0.39390945E+0001   -0.39390945E+0001    0.49386942E+0000         1
 33350   -0.39384668E+0001   -0.39384668E+0001    0.67796589E+0000         1
 33400   -0.39394690E+0001   -0.39394690E+0001    0.34228168E+0000         1
 33450   -0.39391715E+0001   -0.39391715E+0001    0.49109353E+0000         1
 33500   -0.39391249E+0001   -0.39391249E+0001    0.59230137E+0000         1
 33550   -0.39395323E+0001   -0.39395323E+0001    0.28167597E+0000         1
 33600   -0.39387475E+0001   -0.39387475E+0001    0.64914623E+0000         1
 33650   -0.39386499E+0001   -0.39386499E+0001    0.48599460E+0000         1
 33700   -0.39387313E+0001   -0.39387313E+0001    0.46185060E+0000         1
 33750   -0.39387993E+0001   -0.39387993E+0001    0.55202149E+0000         1
 33800   -0.39391535E+0001   -0.39391535E+0001    0.52734904E+0000         1
 33850   -0.39392644E+0001   -0.39392644E+0001    0.47888320E+0000         1
 33900   -0.39385453E+0001   -0.39385453E+0001    0.78303993E+0000         1
 33950   -0.39389534E+0001   -0.39389534E+0001    0.53386215E+0000         1
 34000   -0.39390382E+0001   -0.39390382E+0001    0.51547134E+0000         1
 34050   -0.39393017E+0001   -0.39393017E+0001    0.47112163E+0000         1
 34100   -0.39389923E+0001   -0.39389923E+0001    0.56601288E+0000         1
 34150   -0.39389595E+0001   -0.39389595E+0001    0.46287142E+0000         1
 34200   -0.39395528E+0001   -0.39395528E+0001    0.36405012E+0000         1
 34250   -0.39384676E+0001   -0.39384676E+0001    0.73282875E+0000         1
 34300   -0.39393615E+0001   -0.39393615E+0001    0.43882022E+0000         1
 34350   -0.39395701E+0001   -0.39395701E+0001    0.44341481E+0000         1
 34400   -0.39397829E+0001   -0.39397829E+0001    0.26042625E+0000         1
 34450   -0.39396513E+0001   -0.39396513E+0001    0.34823531E+0000         1
 34500   -0.39395924E+0001   -0.39395924E+0001    0.33701756E+0000         1
 34550   -0.39394747E+0001   -0.39394747E+0001    0.45691377E+0000         1
 34600   -0.39392441E+0001   -0.39392441E+0001    0.40741595E+0000         1
 34650   -0.39389652E+0001   -0.39389652E+0001    0.62015328E+0000         1
 34700   -0.39389102E+0001   -0.39389102E+0001    0.54758666E+0000         1
 34750   -0.39396363E+0001   -0.39396363E+0001    0.37426076E+0000         1
 34800   -0.39394976E+0001   -0.39394976E+0001    0.41606442E+0000         1
 34850   -0.39393864E+0001   -0.39393864E+0001    0.46181811E+0000         1
 34900   -0.39395727E+0001   -0.39395727E+0001    0.32930217E+0000         1
 34950   -0.39390254E+0001   -0.39390254E+0001    0.47615334E+0000         1
 35000   -0.39395534E+0001   -0.39395534E+0001    0.38742803E+0000         1
 35050   -0.39391493E+0001   -0.39391493E+0001    0.58946507E+0000         1
 35100   -0.39393479E+0001   -0.39393479E+0001    0.41996972E+0000         1
 35150   -0.39390974E+0001   -0.39390974E+0001    0.54215374E+0000         1
 35200   -0.39392306E+0001   -0.39392306E+0001    0.46507042E+0000         1
 35250   -0.39396918E+0001   -0.39396918E+0001    0.37230107E+0000         1
 35300   -0.39392362E+0001   -0.39392362E+0001    0.57003490E+0000         1
 35350   -0.39395833E+0001   -0.39395833E+0001    0.29737123E+0000         1
 35400   -0.39395604E+0001   -0.39395604E+0001    0.35942187E+0000         1
 35450   -0.39390623E+0001   -0.39390623E+0001    0.57230991E+0000         1
 35500   -0.39389870E+0001   -0.39389870E+0001    0.55343082E+0000         1
 35550   -0.39394188E+0001   -0.39394188E+0001    0.40185560E+0000         1
 35600   -0.39386989E+0001   -0.39386989E+0001    0.56710564E+0000         1
 35650   -0.39387369E+0001   -0.39387369E+0001    0.58290102E+0000         1
 35700   -0.39395172E+0001   -0.39395172E+0001    0.41599063E+0000         1
 35750   -0.39393305E+0001   -0.39393305E+0001    0.41434217E+0000         1
 35800   -0.39392301E+0001   -0.39392301E+0001    0.45487053E+0000         1
 35850   -0.39390228E+0001   -0.39390228E+0001    0.53928760E+0000         1
 35900   -0.39385232E+0001   -0.39385232E+0001    0.60819338E+0000         1
 35950   -0.39381934E+0001   -0.39381934E+0001    0.67780050E+0000         1
 36000   -0.39383132E+0001   -0.39383132E+0001    0.56558683E+0000         1
 36050   -0.39390321E+0001   -0.39390321E+0001    0.45696170E+0000         1
 36100   -0.39383728E+0001   -0.39383728E+0001    0.67028955E+0000         1
 36150   -0.39386900E+0001   -0.39386900E+0001    0.68735417E+0000         1
 36200   -0.39391379E+0001   -0.39391379E+0001    0.47928502E+0000         1
 36250   -0.39391975E+0001   -0.39391975E+0001    0.56209808E+0000         1
 36300   -0.39394703E+0001   -0.39394703E+0001    0.43934349E+0000         1
 36350   -0.39395892E+0001   -0.39395892E+0001    0.38859020E+0000         1
 36400   -0.39395365E+0001   -0.39395365E+0001    0.36587153E+0000         1
 36450   -0.39395957E+0001   -0.39395957E+0001    0.37192010E+0000         1
 36500   -0.39394906E+0001   -0.39394906E+0001    0.33002366E+0000         1
 36550   -0.39395780E+0001   -0.39395780E+0001    0.33240838E+0000         1
 36600   -0.39394668E+0001   -0.39394668E+0001    0.41164625E+0000         1
 36650   -0.39394171E+0001   -0.39394171E+0001    0.43754506E+0000         1
 36700   -0.39397091E+0001   -0.39397091E+0001    0.33348148E+0000         1
 36750   -0.39394689E+0001   -0.39394689E+0001    0.38215777E+0000         1
 36800   -0.39393411E+0001   -0.39393411E+0001    0.41280403E+0000         1
 36850   -0.39389460E+0001   -0.39389460E+0001    0.46303109E+0000         1
 36900   -0.39395684E+0001   -0.39395684E+0001    0.30253618E+0000         1
 36950   -0.39391082E+0001   -0.39391082E+0001    0.45208338E+0000         1
 37000   -0.39393675E+0001   -0.39393675E+0001    0.39315721E+0000         1
 37050   -0.39391987E+0001   -0.39391987E+0001    0.39820273E+0000         1
 37100   -0.39395091E+0001   -0.39395091E+0001    0.27350789E+0000         1
 37150   -0.39387335E+0001   -0.39387335E+0001    0.51170074E+0000         1
 37200   -0.39394331E+0001   -0.39394331E+0001    0.40473287E+0000         1
 37250   -0.39392940E+0001   -0.39392940E+0001    0.49922609E+0000         1
 37300   -0.39394374E+0001   -0.39394374E+0001    0.33464064E+0000         1
 37350   -0.39393998E+0001   -0.39393998E+0001    0.42730486E+0000         1
 37400   -0.39389441E+0001   -0.39389441E+0001    0.60346292E+0000         1
 37450   -0.39388880E+0001   -0.39388880E+0001    0.56454085E+0000         1
 37500   -0.39391982E+0001   -0.39391982E+0001    0.48175722E+0000         1
 37550   -0.39385089E+0001   -0.39385089E+0001    0.69868013E+0000         1
 37600   -0.39392639E+0001   -0.39392639E+0001    0.48137215E+0000         1
 37650   -0.39388497E+0001   -0.39388497E+0001    0.63175773E+0000         1
 37700   -0.39380900E+0001   -0.39380900E+0001    0.89615759E+0000         1
 37750   -0.39385179E+0001   -0.39385179E+0001    0.63737774E+0000         1
 37800   -0.39392595E+0001   -0.39392595E+0001    0.46171329E+0000         1
 37850   -0.39397181E+0001   -0.39397181E+0001    0.32445883E+0000         1
 37900   -0.39393592E+0001   -0.39393592E+0001    0.45008923E+0000         1
 37950   -0.39391670E+0001   -0.39391670E+0001    0.52925398E+0000         1
 38000   -0.39392776E+0001   -0.39392776E+0001    0.45570212E+0000         1
 38050   -0.39392456E+0001   -0.39392456E+0001    0.49780000E+0000         1
 38100   -0.39390676E+0001   -0.39390676E+0001    0.46555709E+0000         1
 38150   -0.39388806E+0001   -0.39388806E+0001    0.61414589E+0000         1
 38200   -0.39388947E+0001   -0.39388947E+0001    0.52962653E+0000         1
 38250   -0.39387973E+0001   -0.39387973E+0001    0.53206398E+0000         1
 38300   -0.39389496E+0001   -0.39389496E+0001    0.42293333E+0000         1
 38350   -0.39388709E+0001   -0.39388709E+0001    0.50687444E+0000         1
 38400   -0.39390944E+0001   -0.39390944E+0001    0.41213894E+0000         1
 38450   -0.39387225E+0001   -0.39387225E+0001    0.54767355E+0000         1
 38500   -0.39390144E+0001   -0.39390144E+0001    0.50621444E+0000         1
 38550   -0.39386591E+0001   -0.39386591E+0001    0.57559846E+0000         1
 38600   -0.39392796E+0001   -0.39392796E+0001    0.51685997E+0000         1
 38650   -0.39393691E+0001   -0.39393691E+0001    0.40751913E+0000         1
 38700   -0.39388750E+0001   -0.39388750E+0001    0.52458131E+0000         1
 38750   -0.39389868E+0001   -0.39389868E+0001    0.49802740E+0000         1
 38800   -0.39390045E+0001   -0.39390045E+0001    0.57263959E+0000         1
 38850   -0.39383501E+0001   -0.39383501E+0001    0.59371480E+0000         1
 38900   -0.39388761E+0001   -0.39388761E+0001    0.52058371E+0000         1
 38950   -0.39387676E+0001   -0.39387676E+0001    0.53605495E+0000         1
 39000   -0.39380196E+0001   -0.39380196E+0001    0.72894659E+0000         1
 39050   -0.39382057E+0001   -0.39382057E+0001    0.66034296E+0000         1
 39100   -0.39388574E+0001   -0.39388574E+0001    0.49546597E+0000         1
 39150   -0.39391436E+0001   -0.39391436E+0001    0.45608506E+0000         1
 39200   -0.39393028E+0001   -0.39393028E+0001    0.49039293E+0000         1
 39250   -0.39391058E+0001   -0.39391058E+0001    0.46235144E+0000         1
 39300   -0.39386803E+0001   -0.39386803E+0001    0.58993253E+0000         1
 39350   -0.39388952E+0001   -0.39388952E+0001    0.49904422E+0000         1
 39400   -0.39389493E+0001   -0.39389493E+0001    0.42266008E+0000         1
 39450   -0.39391790E+0001   -0.39391790E+0001    0.50882448E+0000         1
 39500   -0.39388696E+0001   -0.39388696E+0001    0.60431300E+0000         1
 39550   -0.39391603E+0001   -0.39391603E+0001    0.62903348E+0000         1
 39600   -0.39394800E+0001   -0.39394800E+0001    0.32588280E+0000         1
 39650   -0.39385792E+0001   -0.39385792E+0001    0.68570006E+0000         1
 39700   -0.39394785E+0001   -0.39394785E+0001    0.41559633E+0000         1
 39750   -0.39390880E+0001   -0.39390880E+0001    0.59305794E+0000         1
 39800   -0.39391428E+0001   -0.39391428E+0001    0.52279687E+0000         1
 39850   -0.39394354E+0001   -0.39394354E+0001    0.42092737E+0000         1
 39900   -0.39394880E+0001   -0.39394880E+0001    0.43413615E+0000         1
 39950   -0.39394808E+0001   -0.39394808E+0001    0.44202449E+0000         1
 40000   -0.39393241E+0001   -0.39393241E+0001    0.51039941E+0000         1
 40050   -0.39393581E+0001   -0.39393581E+0001    0.54720946E+0000         1
 40100   -0.39390928E+0001   -0.39390928E+0001    0.57347856E+0000         1
 40150   -0.39392275E+0001   -0.39392275E+0001    0.39005262E+0000         1
 40200   -0.39383958E+0001   -0.39383958E+0001    0.57692039E+0000         1
 40250   -0.39387192E+0001   -0.39387192E+0001    0.55651305E+0000         1
 40300   -0.39390711E+0001   -0.39390711E+0001    0.43169045E+0000         1
 40350   -0.39382182E+0001   -0.39382182E+0001    0.69538932E+0000         1
 40400   -0.39383122E+0001   -0.39383122E+0001    0.62804156E+0000         1
 40450   -0.39384703E+0001   -0.39384703E+0001    0.65913826E+0000         1
 40500   -0.39388635E+0001   -0.39388635E+0001    0.51670263E+0000         1
 40550   -0.39381431E+0001   -0.39381431E+0001    0.70030764E+0000         1
 40600   -0.39390004E+0001   -0.39390004E+0001    0.53374563E+0000         1
 40650   -0.39387005E+0001   -0.39387005E+0001    0.61667447E+0000         1
 40700   -0.39390595E+0001   -0.39390595E+0001    0.52586522E+0000         1
 40750   -0.39393988E+0001   -0.39393988E+0001    0.38997869E+0000         1
 40800   -0.39389505E+0001   -0.39389505E+0001    0.48949133E+0000         1
 40850   -0.39389575E+0001   -0.39389575E+0001    0.45159432E+0000         1
 40900   -0.39391881E+0001   -0.39391881E+0001    0.44311991E+0000         1
 40950   -0.39391620E+0001   -0.39391620E+0001    0.50018557E+0000         1
 41000   -0.39395877E+0001   -0.39395877E+0001    0.37267094E+0000         1
 41050   -0.39392777E+0001   -0.39392777E+0001    0.50297917E+0000         1
 41100   -0.39393144E+0001   -0.39393144E+0001    0.44237826E+0000         1
 41150   -0.39383218E+0001   -0.39383218E+0001    0.80215057E+0000         1
 41200   -0.39389856E+0001   -0.39389856E+0001    0.51225716E+0000         1
 41250   -0.39390674E+0001   -0.39390674E+0001    0.48001554E+0000         1
 41300   -0.39392059E+0001   -0.39392059E+0001    0.46843155E+0000         1
 41350   -0.39389059E+0001   -0.39389059E+0001    0.53147785E+0000         1
 41400   -0.39392451E+0001   -0.39392451E+0001    0.45088671E+0000         1
 41450   -0.39392797E+0001   -0.39392797E+0001    0.44908531E+0000         1
 41500   -0.39389885E+0001   -0.39389885E+0001    0.44889061E+0000         1
 41550   -0.39387663E+0001   -0.39387663E+0001    0.47536372E+0000         1
 41600   -0.39379372E+0001   -0.39379372E+0001    0.72043942E+0000         1
 41650   -0.39389235E+0001   -0.39389235E+0001    0.44844157E+0000         1
 41700   -0.39384168E+0001   -0.39384168E+0001    0.56112938E+0000         1
 41750   -0.39388213E+0001   -0.39388213E+0001    0.53740675E+0000         1
 41800   -0.39389728E+0001   -0.39389728E+0001    0.43445991E+0000         1
 41850   -0.39388592E+0001   -0.39388592E+0001    0.56246811E+0000         1
 41900   -0.39389994E+0001   -0.39389994E+0001    0.45192788E+0000         1
 41950   -0.39390765E+0001   -0.39390765E+0001    0.47591311E+0000         1
 42000   -0.39390310E+0001   -0.39390310E+0001    0.50259407E+0000         1
 42050   -0.39390046E+0001   -0.39390046E+0001    0.60598107E+0000         1
 42100   -0.39393062E+0001   -0.39393062E+0001    0.44394863E+0000         1
 42150   -0.39394901E+0001   -0.39394901E+0001    0.33792969E+0000         1
 42200   -0.39390892E+0001   -0.39390892E+0001    0.56671446E+0000         1
 42250   -0.39394655E+0001   -0.39394655E+0001    0.38169306E+0000         1
 42300   -0.39395501E+0001   -0.39395501E+0001    0.43573500E+0000         1
 42350   -0.39389198E+0001   -0.39389198E+0001    0.62821831E+0000         1
 42400   -0.39386975E+0001   -0.39386975E+0001    0.53989262E+0000         1
 42450   -0.39379902E+0001   -0.39379902E+0001    0.70609344E+0000         1
 42500   -0.39384993E+0001   -0.39384993E+0001    0.68346530E+0000         1
 42550   -0.39389520E+0001   -0.39389520E+0001    0.53036944E+0000         1
 42600   -0.39389693E+0001   -0.39389693E+0001    0.66487914E+0000         1
 42650   -0.39393004E+0001   -0.39393004E+0001    0.52671177E+0000         1
 42700   -0.39389296E+0001   -0.39389296E+0001    0.63120437E+0000         1
 42750   -0.39382708E+0001   -0.39382708E+0001    0.73019119E+0000         1
 42800   -0.39389940E+0001   -0.39389940E+0001    0.46578645E+0000         1
 42850   -0.39387733E+0001   -0.39387733E+0001    0.59485659E+0000         1
 42900   -0.39384934E+0001   -0.39384934E+0001    0.68346754E+0000         1
 42950   -0.39383168E+0001   -0.39383168E+0001    0.73371246E+0000         1
 43000   -0.39392996E+0001   -0.39392996E+0001    0.46496368E+0000         1
 43050   -0.39391696E+0001   -0.39391696E+0001    0.46253139E+0000         1
 43100   -0.39390935E+0001   -0.39390935E+0001    0.46926617E+0000         1
 43150   -0.39393913E+0001   -0.39393913E+0001    0.37641951E+0000         1
 43200   -0.39392840E+0001   -0.39392840E+0001    0.48518603E+0000         1
 43250   -0.39395217E+0001   -0.39395217E+0001    0.41059342E+0000         1
 43300   -0.39393801E+0001   -0.39393801E+0001    0.50078876E+0000         1
 43350   -0.39396033E+0001   -0.39396033E+0001    0.35655465E+0000         1
 43400   -0.39395322E+0001   -0.39395322E+0001    0.34518735E+0000         1
 43450   -0.39392655E+0001   -0.39392655E+0001    0.48982909E+0000         1
 43500   -0.39390279E+0001   -0.39390279E+0001    0.57719737E+0000         1
 43550   -0.39392350E+0001   -0.39392350E+0001    0.44649630E+0000         1
 43600   -0.39389027E+0001   -0.39389027E+0001    0.49778159E+0000         1
 43650   -0.39391193E+0001   -0.39391193E+0001    0.49706020E+0000         1
 43700   -0.39384702E+0001   -0.39384702E+0001    0.68242499E+0000         1
 43750   -0.39388852E+0001   -0.39388852E+0001    0.60823274E+0000         1
 43800   -0.39393219E+0001   -0.39393219E+0001    0.47208740E+0000         1
 43850   -0.39392780E+0001   -0.39392780E+0001    0.48919102E+0000         1
 43900   -0.39391224E+0001   -0.39391224E+0001    0.48826013E+0000         1
 43950   -0.39389700E+0001   -0.39389700E+0001    0.42792644E+0000         1
 44000   -0.39387569E+0001   -0.39387569E+0001    0.55487190E+0000         1
 44050   -0.39391720E+0001   -0.39391720E+0001    0.49287314E+0000         1
 44100   -0.39391058E+0001   -0.39391058E+0001    0.51167868E+0000         1
 44150   -0.39385644E+0001   -0.39385644E+0001    0.59672136E+0000         1
 44200   -0.39386687E+0001   -0.39386687E+0001    0.52871259E+0000         1
 44250   -0.39385605E+0001   -0.39385605E+0001    0.54472512E+0000         1
 44300   -0.39394613E+0001   -0.39394613E+0001    0.34923176E+0000         1
 44350   -0.39390783E+0001   -0.39390783E+0001    0.56838759E+0000         1
 44400   -0.39391595E+0001   -0.39391595E+0001    0.56126314E+0000         1
 44450   -0.39390722E+0001   -0.39390722E+0001    0.59847659E+0000         1
 44500   -0.39396189E+0001   -0.39396189E+0001    0.37337884E+0000         1
 44550   -0.39391731E+0001   -0.39391731E+0001    0.48670201E+0000         1
 44600   -0.39390904E+0001   -0.39390904E+0001    0.49895976E+0000         1
 44650   -0.39393650E+0001   -0.39393650E+0001    0.45079202E+0000         1
 44700   -0.39397662E+0001   -0.39397662E+0001    0.22881913E+0000         1
 44750   -0.39393582E+0001   -0.39393582E+0001    0.45824328E+0000         1
 44800   -0.39386582E+0001   -0.39386582E+0001    0.71926625E+0000         1
 44850   -0.39394296E+0001   -0.39394296E+0001    0.43977944E+0000         1
 44900   -0.39388876E+0001   -0.39388876E+0001    0.56150843E+0000         1
 44950   -0.39386563E+0001   -0.39386563E+0001    0.57845091E+0000         1
 45000   -0.39391897E+0001   -0.39391897E+0001    0.42991648E+0000         1
 45050   -0.39391454E+0001   -0.39391454E+0001    0.57429964E+0000         1
 45100   -0.39389434E+0001   -0.39389434E+0001    0.64599010E+0000         1
 45150   -0.39394942E+0001   -0.39394942E+0001    0.43414249E+0000         1
 45200   -0.39386921E+0001   -0.39386921E+0001    0.67068058E+0000         1
 45250   -0.39389360E+0001   -0.39389360E+0001    0.54205907E+0000         1
 45300   -0.39394445E+0001   -0.39394445E+0001    0.41238743E+0000         1
 45350   -0.39394316E+0001   -0.39394316E+0001    0.50587219E+0000         1
 45400   -0.39394832E+0001   -0.39394832E+0001    0.46695298E+0000         1
 45450   -0.39394385E+0001   -0.39394385E+0001    0.43991818E+0000         1
 45500   -0.39393175E+0001   -0.39393175E+0001    0.53747969E+0000         1
 45550   -0.39391028E+0001   -0.39391028E+0001    0.59213524E+0000         1
 45600   -0.39394273E+0001   -0.39394273E+0001    0.45980116E+0000         1
 45650   -0.39395257E+0001   -0.39395257E+0001    0.36295990E+0000         1
 45700   -0.39391435E+0001   -0.39391435E+0001    0.54650541E+0000         1
 45750   -0.39391657E+0001   -0.39391657E+0001    0.52583909E+0000         1
 45800   -0.39396430E+0001   -0.39396430E+0001    0.33816481E+0000         1
 45850   -0.39394760E+0001   -0.39394760E+0001    0.41445768E+0000         1
 45900   -0.39393239E+0001   -0.39393239E+0001    0.53340315E+0000         1
 45950   -0.39393003E+0001   -0.39393003E+0001    0.47430753E+0000         1
 46000   -0.39396673E+0001   -0.39396673E+0001    0.33463735E+0000         1
 46050   -0.39395857E+0001   -0.39395857E+0001    0.27967768E+0000         1
 46100   -0.39385793E+0001   -0.39385793E+0001    0.71997199E+0000         1
 46150   -0.39380756E+0001   -0.39380756E+0001    0.74787964E+0000         1
 46200   -0.39386490E+0001   -0.39386490E+0001    0.55558331E+0000         1
 46250   -0.39394385E+0001   -0.39394385E+0001    0.38678689E+0000         1
 46300   -0.39392483E+0001   -0.39392483E+0001    0.51849164E+0000         1
 46350   -0.39390904E+0001   -0.39390904E+0001    0.55970482E+0000         1
 46400   -0.39393262E+0001   -0.39393262E+0001    0.47283795E+0000         1
 46450   -0.39394394E+0001   -0.39394394E+0001    0.40389511E+0000         1
 46500   -0.39390039E+0001   -0.39390039E+0001    0.55401887E+0000         1
 46550   -0.39386700E+0001   -0.39386700E+0001    0.57271521E+0000         1
 46600   -0.39387319E+0001   -0.39387319E+0001    0.49050461E+0000         1
 46650   -0.39391768E+0001   -0.39391768E+0001    0.41987623E+0000         1
 46700   -0.39386446E+0001   -0.39386446E+0001    0.50732689E+0000         1
 46750   -0.39393523E+0001   -0.39393523E+0001    0.40463503E+0000         1
 46800   -0.39388059E+0001   -0.39388059E+0001    0.60198639E+0000         1
 46850   -0.39393388E+0001   -0.39393388E+0001    0.35270119E+0000         1
 46900   -0.39392445E+0001   -0.39392445E+0001    0.37530689E+0000         1
 46950   -0.39389558E+0001   -0.39389558E+0001    0.48337024E+0000         1
 47000   -0.39388161E+0001   -0.39388161E+0001    0.57513282E+0000         1
 47050   -0.39387400E+0001   -0.39387400E+0001    0.53858345E+0000         1
 47100   -0.39386526E+0001   -0.39386526E+0001    0.54014861E+0000         1
 47150   -0.39391462E+0001   -0.39391462E+0001    0.42039087E+0000         1
 47200   -0.39390538E+0001   -0.39390538E+0001    0.48160949E+0000         1
 47250   -0.39392027E+0001   -0.39392027E+0001    0.47134381E+0000         1
 47300   -0.39388497E+0001   -0.39388497E+0001    0.51314120E+0000         1
 47350   -0.39378588E+0001   -0.39378588E+0001    0.80555511E+0000         1
 47400   -0.39388564E+0001   -0.39388564E+0001    0.53021408E+0000         1
 47450   -0.39386788E+0001   -0.39386788E+0001    0.55494427E+0000         1
 47500   -0.39382650E+0001   -0.39382650E+0001    0.55154258E+0000         1
 47550   -0.39387719E+0001   -0.39387719E+0001    0.57234688E+0000         1
 47600   -0.39382565E+0001   -0.39382565E+0001    0.59991390E+0000         1
 47650   -0.39387636E+0001   -0.39387636E+0001    0.45526494E+0000         1
 47700   -0.39389645E+0001   -0.39389645E+0001    0.52986907E+0000         1
 47750   -0.39386413E+0001   -0.39386413E+0001    0.59944712E+0000         1
 47800   -0.39393324E+0001   -0.39393324E+0001    0.39431892E+0000         1
 47850   -0.39393412E+0001   -0.39393412E+0001    0.40190166E+0000         1
 47900   -0.39392193E+0001   -0.39392193E+0001    0.55136714E+0000         1
 47950   -0.39392775E+0001   -0.39392775E+0001    0.49137944E+0000         1
 48000   -0.39395294E+0001   -0.39395294E+0001    0.36605469E+0000         1
