     1   -0.39239538E+0001   -0.39245066E+0001    0.18642641E+0001     11997
    50   -0.39243999E+0001   -0.39299431E+0001    0.13791799E+0001     12543
   100   -0.39281720E+0001   -0.39329879E+0001    0.11481190E+0001     13043
   150   -0.39307272E+0001   -0.39346257E+0001    0.97621311E+0000     13767
   200   -0.39325727E+0001   -0.39362891E+0001    0.87407591E+0000     14126
   250   -0.39341844E+0001   -0.39373230E+0001    0.75869151E+0000     14720
   300   -0.39353937E+0001   -0.39382467E+0001    0.65459060E+0000     14948
   350   -0.39363947E+0001   -0.39389652E+0001    0.54874411E+0000     15278
   400   -0.39374266E+0001   -0.39391427E+0001    0.42201642E+0000     15274
     1   -0.39239463E+0001   -0.39244810E+0001    0.18642641E+0001     12009
    50   -0.39238306E+0001   -0.39290241E+0001    0.14494352E+0001     12462
   100   -0.39267853E+0001   -0.39310897E+0001    0.12389901E+0001     13275
   150   -0.39291468E+0001   -0.39338736E+0001    0.10790069E+0001     14106
   200   -0.39310642E+0001   -0.39351557E+0001    0.95515453E+0000     14584
   250   -0.39331750E+0001   -0.39360752E+0001    0.80653108E+0000     15035
   300   -0.39347851E+0001   -0.39377678E+0001    0.74033974E+0000     15749
   350   -0.39359164E+0001   -0.39381678E+0001    0.61898032E+0000     16063
   400   -0.39367577E+0001   -0.39384131E+0001    0.53947238E+0000     16346
     1   -0.39239410E+0001   -0.39246156E+0001    0.18642641E+0001     12005
    50   -0.39234537E+0001   -0.39295041E+0001    0.14316719E+0001     12520
   100   -0.39269716E+0001   -0.39320620E+0001    0.12457570E+0001     13493
   150   -0.39292612E+0001   -0.39340828E+0001    0.10969897E+0001     13923
   200   -0.39307673E+0001   -0.39353471E+0001    0.97009816E+0000     14310
   250   -0.39325253E+0001   -0.39364234E+0001    0.87569003E+0000     15122
   300   -0.39337727E+0001   -0.39368567E+0001    0.79178980E+0000     15587
   350   -0.39350240E+0001   -0.39379429E+0001    0.68722525E+0000     16335
   400   -0.39360397E+0001   -0.39380571E+0001    0.64847308E+0000     16634
     1   -0.39239357E+0001   -0.39245262E+0001    0.18642641E+0001     12007
    50   -0.39231525E+0001   -0.39282837E+0001    0.15002136E+0001     12162
   100   -0.39255025E+0001   -0.39311820E+0001    0.13025493E+0001     13066
   150   -0.39275287E+0001   -0.39326257E+0001    0.11474932E+0001     14080
   200   -0.39295466E+0001   -0.39343767E+0001    0.10226209E+0001     14678
   250   -0.39313886E+0001   -0.39355650E+0001    0.84541067E+0000     15056
   300   -0.39335960E+0001   -0.39365586E+0001    0.76785480E+0000     15401
   350   -0.39347865E+0001   -0.39376155E+0001    0.70290172E+0000     15910
   400   -0.39356828E+0001   -0.39385355E+0001    0.61494098E+0000     16178
     1   -0.39239266E+0001   -0.39244864E+0001    0.18642641E+0001     12008
    50   -0.39226822E+0001   -0.39280395E+0001    0.15010486E+0001     12359
   100   -0.39255043E+0001   -0.39316012E+0001    0.11606695E+0001     13112
   150   -0.39295899E+0001   -0.39336610E+0001    0.10125123E+0001     14059
   200   -0.39309856E+0001   -0.39353132E+0001    0.90057874E+0000     14720
   250   -0.39331012E+0001   -0.39366261E+0001    0.79962841E+0000     15247
   300   -0.39343290E+0001   -0.39368857E+0001    0.76685406E+0000     15388
   350   -0.39351384E+0001   -0.39377679E+0001    0.70996739E+0000     15951
   400   -0.39358590E+0001   -0.39380691E+0001    0.65559212E+0000     16507
     1   -0.39239168E+0001   -0.39245117E+0001    0.18642641E+0001     11994
    50   -0.39222863E+0001   -0.39278261E+0001    0.15496549E+0001     12092
   100   -0.39242924E+0001   -0.39290258E+0001    0.13850508E+0001     12759
   150   -0.39260974E+0001   -0.39314629E+0001    0.12503624E+0001     13602
   200   -0.39275578E+0001   -0.39318423E+0001    0.11857192E+0001     14131
   250   -0.39287227E+0001   -0.39326778E+0001    0.10532392E+0001     14530
   300   -0.39301840E+0001   -0.39339658E+0001    0.98812237E+0000     15060
   350   -0.39314278E+0001   -0.39348186E+0001    0.93359753E+0000     15453
   400   -0.39323494E+0001   -0.39360992E+0001    0.80139366E+0000     15655
     1   -0.39239121E+0001   -0.39245724E+0001    0.18642641E+0001     11998
    50   -0.39220826E+0001   -0.39277585E+0001    0.14967599E+0001     12490
   100   -0.39238090E+0001   -0.39287120E+0001    0.13687923E+0001     13045
   150   -0.39257494E+0001   -0.39298571E+0001    0.12907801E+0001     13690
   200   -0.39266877E+0001   -0.39309690E+0001    0.12459370E+0001     13921
   250   -0.39274183E+0001   -0.39326660E+0001    0.10821377E+0001     14275
   300   -0.39299863E+0001   -0.39335283E+0001    0.99501707E+0000     14952
   350   -0.39308192E+0001   -0.39341427E+0001    0.98393434E+0000     15628
   400   -0.39310004E+0001   -0.39344858E+0001    0.92512168E+0000     16041
     1   -0.39239117E+0001   -0.39245336E+0001    0.18642641E+0001     11999
    50   -0.39217245E+0001   -0.39278091E+0001    0.15520549E+0001     12470
   100   -0.39237628E+0001   -0.39297410E+0001    0.13804899E+0001     12796
   150   -0.39257043E+0001   -0.39308879E+0001    0.13260012E+0001     13359
   200   -0.39270311E+0001   -0.39310217E+0001    0.12383320E+0001     13916
   250   -0.39277483E+0001   -0.39316304E+0001    0.11893805E+0001     14349
   300   -0.39287057E+0001   -0.39329312E+0001    0.11238867E+0001     14976
   350   -0.39300296E+0001   -0.39340933E+0001    0.97395200E+0000     15368
   400   -0.39317826E+0001   -0.39355735E+0001    0.86447414E+0000     16259
     1   -0.39239021E+0001   -0.39244997E+0001    0.18642641E+0001     12002
    50   -0.39217862E+0001   -0.39274693E+0001    0.15353956E+0001     12307
   100   -0.39234947E+0001   -0.39299010E+0001    0.13647970E+0001     13446
   150   -0.39252301E+0001   -0.39297139E+0001    0.12747165E+0001     14186
   200   -0.39266168E+0001   -0.39312811E+0001    0.12063592E+0001     14940
   250   -0.39279519E+0001   -0.39319730E+0001    0.11690698E+0001     15370
   300   -0.39287799E+0001   -0.39324778E+0001    0.11615616E+0001     15814
   350   -0.39291865E+0001   -0.39328661E+0001    0.11474189E+0001     16131
   400   -0.39296608E+0001   -0.39332233E+0001    0.10348499E+0001     16760
     1   -0.39239002E+0001   -0.39245755E+0001    0.18642641E+0001     11999
    50   -0.39215187E+0001   -0.39275755E+0001    0.15463916E+0001     12327
   100   -0.39238766E+0001   -0.39291385E+0001    0.13294165E+0001     13801
   150   -0.39249951E+0001   -0.39300328E+0001    0.12885519E+0001     14612
   200   -0.39262009E+0001   -0.39314529E+0001    0.11663607E+0001     14936
   250   -0.39274112E+0001   -0.39320638E+0001    0.11724307E+0001     15589
   300   -0.39285002E+0001   -0.39335149E+0001    0.10563051E+0001     16130
   350   -0.39297191E+0001   -0.39340252E+0001    0.10038611E+0001     16703
   400   -0.39310585E+0001   -0.39350021E+0001    0.91042538E+0000     17209
     1   -0.39238992E+0001   -0.39245208E+0001    0.18642641E+0001     12003
    50   -0.39211573E+0001   -0.39269809E+0001    0.15908773E+0001     12177
   100   -0.39222933E+0001   -0.39278714E+0001    0.14712063E+0001     12950
   150   -0.39235693E+0001   -0.39296645E+0001    0.13743346E+0001     13809
   200   -0.39256976E+0001   -0.39322499E+0001    0.11217150E+0001     14680
   250   -0.39290427E+0001   -0.39329187E+0001    0.10857197E+0001     15537
   300   -0.39294273E+0001   -0.39332863E+0001    0.98360840E+0000     15876
   350   -0.39299095E+0001   -0.39339978E+0001    0.10022770E+0001     16641
   400   -0.39307621E+0001   -0.39349887E+0001    0.95539973E+0000     17515
     1   -0.39238969E+0001   -0.39245756E+0001    0.18642641E+0001     12001
    50   -0.39208403E+0001   -0.39270760E+0001    0.15508879E+0001     12567
   100   -0.39228127E+0001   -0.39286603E+0001    0.13892342E+0001     13343
   150   -0.39236280E+0001   -0.39300574E+0001    0.13461374E+0001     14016
   200   -0.39254603E+0001   -0.39303060E+0001    0.12641773E+0001     14718
   250   -0.39260598E+0001   -0.39308492E+0001    0.12534641E+0001     15289
   300   -0.39269018E+0001   -0.39323999E+0001    0.11272241E+0001     16290
   350   -0.39277242E+0001   -0.39321699E+0001    0.11948719E+0001     17064
   400   -0.39282343E+0001   -0.39327885E+0001    0.11673036E+0001     17518
     1   -0.39238939E+0001   -0.39245525E+0001    0.18642641E+0001     12001
    50   -0.39206339E+0001   -0.39265836E+0001    0.16000161E+0001     12260
   100   -0.39216613E+0001   -0.39273823E+0001    0.15048475E+0001     12832
   150   -0.39220663E+0001   -0.39276130E+0001    0.14339166E+0001     13623
   200   -0.39222762E+0001   -0.39275675E+0001    0.13926698E+0001     13982
   250   -0.39229166E+0001   -0.39282816E+0001    0.13295692E+0001     14279
   300   -0.39227334E+0001   -0.39280694E+0001    0.13884472E+0001     14641
   350   -0.39231372E+0001   -0.39285438E+0001    0.13285719E+0001     15286
   400   -0.39239769E+0001   -0.39289118E+0001    0.13330476E+0001     16193
     1   -0.39238917E+0001   -0.39245572E+0001    0.18642641E+0001     12008
    50   -0.39204416E+0001   -0.39266778E+0001    0.16015741E+0001     12472
   100   -0.39214942E+0001   -0.39272071E+0001    0.15284257E+0001     13165
   150   -0.39213487E+0001   -0.39280088E+0001    0.14007059E+0001     13702
   200   -0.39225521E+0001   -0.39294665E+0001    0.12475798E+0001     14714
   250   -0.39247853E+0001   -0.39299353E+0001    0.12596082E+0001     15394
   300   -0.39254790E+0001   -0.39300973E+0001    0.12437338E+0001     15968
   350   -0.39256877E+0001   -0.39306814E+0001    0.11894365E+0001     16382
   400   -0.39264783E+0001   -0.39317117E+0001    0.11560115E+0001     17017
     1   -0.39238871E+0001   -0.39245708E+0001    0.18642641E+0001     11990
    50   -0.39203395E+0001   -0.39265790E+0001    0.15905229E+0001     12269
   100   -0.39216690E+0001   -0.39269605E+0001    0.14683641E+0001     12716
   150   -0.39220864E+0001   -0.39282913E+0001    0.13783507E+0001     13617
   200   -0.39229560E+0001   -0.39298728E+0001    0.13046559E+0001     14099
   250   -0.39244184E+0001   -0.39306654E+0001    0.12600046E+0001     14495
   300   -0.39248092E+0001   -0.39304364E+0001    0.12498858E+0001     14788
   350   -0.39254258E+0001   -0.39305408E+0001    0.12412328E+0001     15260
   400   -0.39258657E+0001   -0.39300012E+0001    0.12450698E+0001     15895
     1   -0.39238845E+0001   -0.39245164E+0001    0.18642641E+0001     12010
    50   -0.39203313E+0001   -0.39271406E+0001    0.15226311E+0001     12314
   100   -0.39218270E+0001   -0.39270372E+0001    0.14985270E+0001     12959
   150   -0.39215318E+0001   -0.39270012E+0001    0.14785614E+0001     13714
   200   -0.39219131E+0001   -0.39274366E+0001    0.14202047E+0001     14566
   250   -0.39218246E+0001   -0.39272349E+0001    0.14382989E+0001     15294
   300   -0.39213586E+0001   -0.39275413E+0001    0.14157163E+0001     16190
   350   -0.39213425E+0001   -0.39265664E+0001    0.13992761E+0001     16844
   400   -0.39222927E+0001   -0.39270587E+0001    0.13206107E+0001     17715
   450   -0.39228096E+0001   -0.39270398E+0001    0.13406720E+0001     18752
   500   -0.39226023E+0001   -0.39280889E+0001    0.12896955E+0001     19712
   550   -0.39226037E+0001   -0.39269667E+0001    0.12995501E+0001     20516
   600   -0.39219364E+0001   -0.39279573E+0001    0.13121839E+0001     21430
   650   -0.39217001E+0001   -0.39282936E+0001    0.12531194E+0001     22238
   700   -0.39219803E+0001   -0.39284045E+0001    0.12991980E+0001     22986
   750   -0.39223210E+0001   -0.39296296E+0001    0.12837865E+0001     23854
   800   -0.39221290E+0001   -0.39287743E+0001    0.12737902E+0001     24837
   850   -0.39218086E+0001   -0.39284701E+0001    0.12589172E+0001     25510
   900   -0.39220870E+0001   -0.39292903E+0001    0.11636150E+0001     26478
   950   -0.39237085E+0001   -0.39294147E+0001    0.11486677E+0001     27633
     1   -0.39238833E+0001   -0.39245249E+0001    0.18642641E+0001     11998
    50   -0.39199809E+0001   -0.39265435E+0001    0.15635267E+0001     12387
   100   -0.39217473E+0001   -0.39272242E+0001    0.15002837E+0001     13176
   150   -0.39213242E+0001   -0.39287679E+0001    0.13888429E+0001     13844
   200   -0.39231035E+0001   -0.39290239E+0001    0.13667561E+0001     14477
   250   -0.39236189E+0001   -0.39301540E+0001    0.12736944E+0001     15154
   300   -0.39255572E+0001   -0.39305952E+0001    0.12190566E+0001     15617
   350   -0.39260167E+0001   -0.39320574E+0001    0.11619600E+0001     16326
   400   -0.39271034E+0001   -0.39325184E+0001    0.11578159E+0001     16779
     1   -0.39238843E+0001   -0.39245043E+0001    0.18642641E+0001     11998
    50   -0.39200148E+0001   -0.39264159E+0001    0.15837898E+0001     12281
   100   -0.39213131E+0001   -0.39274994E+0001    0.15333877E+0001     13157
   150   -0.39222338E+0001   -0.39274405E+0001    0.14652447E+0001     13783
   200   -0.39215478E+0001   -0.39284577E+0001    0.14390851E+0001     14446
   250   -0.39210868E+0001   -0.39281659E+0001    0.14119353E+0001     14972
   300   -0.39219236E+0001   -0.39270486E+0001    0.14358163E+0001     15550
   350   -0.39214914E+0001   -0.39270632E+0001    0.14254384E+0001     16094
   400   -0.39221583E+0001   -0.39271589E+0001    0.14345007E+0001     16785
   450   -0.39220972E+0001   -0.39276502E+0001    0.13821265E+0001     17742
   500   -0.39218818E+0001   -0.39268207E+0001    0.14131782E+0001     18656
   550   -0.39218783E+0001   -0.39262748E+0001    0.14333465E+0001     19167
   600   -0.39210441E+0001   -0.39267567E+0001    0.14497823E+0001     19850
   650   -0.39204691E+0001   -0.39260737E+0001    0.14742967E+0001     20888
   700   -0.39198234E+0001   -0.39255214E+0001    0.14701881E+0001     21481
   750   -0.39190845E+0001   -0.39252411E+0001    0.14080954E+0001     22171
   800   -0.39194524E+0001   -0.39261274E+0001    0.14052268E+0001     23386
   850   -0.39197429E+0001   -0.39256690E+0001    0.14215059E+0001     24269
   900   -0.39189721E+0001   -0.39252841E+0001    0.14100420E+0001     25271
   950   -0.39186442E+0001   -0.39258101E+0001    0.14036683E+0001     26202
  1000   -0.39189678E+0001   -0.39250087E+0001    0.14503449E+0001     26847
  1050   -0.39177986E+0001   -0.39246259E+0001    0.13835163E+0001     27403
  1100   -0.39169852E+0001   -0.39238567E+0001    0.13090323E+0001     28225
  1150   -0.39175628E+0001   -0.39242066E+0001    0.13666605E+0001     29297
  1200   -0.39168240E+0001   -0.39248967E+0001    0.13553073E+0001     30331
  1250   -0.39158317E+0001   -0.39254117E+0001    0.13531903E+0001     31063
  1300   -0.39154276E+0001   -0.39256842E+0001    0.13549612E+0001     31985
  1350   -0.39156948E+0001   -0.39245640E+0001    0.13900413E+0001     33544
  1400   -0.39163576E+0001   -0.39241562E+0001    0.13717786E+0001     34706
  1450   -0.39166902E+0001   -0.39248462E+0001    0.13188786E+0001     36087
  1500   -0.39172554E+0001   -0.39243679E+0001    0.13684635E+0001     37149
  1550   -0.39173960E+0001   -0.39245321E+0001    0.13589481E+0001     38205
  1600   -0.39170274E+0001   -0.39240763E+0001    0.13844378E+0001     38951
  1601   -0.39171924E+0001   -0.39171924E+0001    0.15145100E+0001     12000
  1650   -0.39204893E+0001   -0.39247730E+0001    0.12979992E+0001     12108
  1700   -0.39184658E+0001   -0.39235180E+0001    0.13343728E+0001     12149
  1750   -0.39171383E+0001   -0.39235248E+0001    0.13469015E+0001     12157
  1800   -0.39170665E+0001   -0.39228558E+0001    0.13740218E+0001     12575
  1850   -0.39162456E+0001   -0.39237877E+0001    0.13218816E+0001     13207
  1900   -0.39164140E+0001   -0.39257265E+0001    0.13232074E+0001     13790
  1950   -0.39177371E+0001   -0.39267000E+0001    0.13068393E+0001     14157
  2000   -0.39167797E+0001   -0.39252498E+0001    0.13373049E+0001     14424
  2050   -0.39159660E+0001   -0.39231613E+0001    0.13933516E+0001     15024
  2100   -0.39149326E+0001   -0.39206331E+0001    0.14274088E+0001     15696
  2150   -0.39133172E+0001   -0.39197324E+0001    0.14548612E+0001     16377
  2200   -0.39115104E+0001   -0.39178921E+0001    0.14672294E+0001     16686
  2250   -0.39099305E+0001   -0.39178539E+0001    0.14936908E+0001     17002
  2300   -0.39084166E+0001   -0.39149143E+0001    0.15292459E+0001     17375
  2350   -0.39063638E+0001   -0.39135630E+0001    0.15349166E+0001     17980
  2400   -0.39041491E+0001   -0.39133739E+0001    0.15644833E+0001     18474
  2450   -0.39024069E+0001   -0.39119547E+0001    0.15955712E+0001     18905
  2500   -0.39011492E+0001   -0.39107540E+0001    0.15915038E+0001     19443
  2550   -0.38998004E+0001   -0.39090522E+0001    0.16512585E+0001     19701
  2600   -0.38981628E+0001   -0.39083646E+0001    0.16548795E+0001     20522
  2650   -0.38961504E+0001   -0.39057792E+0001    0.16602920E+0001     20961
  2700   -0.38934804E+0001   -0.39026209E+0001    0.17272736E+0001     21090
  2750   -0.38903050E+0001   -0.39002023E+0001    0.17556810E+0001     21715
  2800   -0.38867036E+0001   -0.38971378E+0001    0.17670233E+0001     22082
  2850   -0.38829958E+0001   -0.38935759E+0001    0.17976748E+0001     22706
  2900   -0.38794066E+0001   -0.38915805E+0001    0.18221692E+0001     23218
  2950   -0.38758480E+0001   -0.38919224E+0001    0.18375862E+0001     23146
  3000   -0.38722751E+0001   -0.38860535E+0001    0.18446732E+0001     23968
  3050   -0.38680377E+0001   -0.38795374E+0001    0.18678335E+0001     24398
  3100   -0.38635443E+0001   -0.38752098E+0001    0.18699173E+0001     24797
  3150   -0.38587855E+0001   -0.38712498E+0001    0.18937460E+0001     25540
  3200   -0.38538728E+0001   -0.38683626E+0001    0.18907967E+0001     26293
  3201   -0.38541274E+0001   -0.38541274E+0001    0.18938803E+0001     12000
  3250   -0.38593475E+0001   -0.38663377E+0001    0.18761505E+0001     12036
  3300   -0.38540888E+0001   -0.38627428E+0001    0.18893763E+0001     12134
  3350   -0.38489358E+0001   -0.38606664E+0001    0.18933823E+0001     12337
  3400   -0.38440442E+0001   -0.38560818E+0001    0.19130580E+0001     12618
  3450   -0.38392218E+0001   -0.38534099E+0001    0.19197850E+0001     12817
  3500   -0.38344713E+0001   -0.38501810E+0001    0.19203777E+0001     12793
  3550   -0.38296572E+0001   -0.38451568E+0001    0.19213994E+0001     13150
  3600   -0.38243077E+0001   -0.38417741E+0001    0.19414813E+0001     13571
  3650   -0.38186351E+0001   -0.38347211E+0001    0.19319383E+0001     13800
  3700   -0.38129893E+0001   -0.38297381E+0001    0.19392346E+0001     14092
  3750   -0.38079914E+0001   -0.38262132E+0001    0.19274890E+0001     14659
  3800   -0.38029016E+0001   -0.38213386E+0001    0.19256415E+0001     14939
  3850   -0.37982796E+0001   -0.38167078E+0001    0.19275026E+0001     15415
  3900   -0.37934337E+0001   -0.38136329E+0001    0.19371389E+0001     15570
  3950   -0.37879305E+0001   -0.38102414E+0001    0.19404407E+0001     15859
  4000   -0.37821532E+0001   -0.38030586E+0001    0.19440777E+0001     16185
  4050   -0.37765683E+0001   -0.37982721E+0001    0.19453867E+0001     16374
  4100   -0.37709171E+0001   -0.37929555E+0001    0.19574645E+0001     16529
  4150   -0.37655695E+0001   -0.37844218E+0001    0.19512859E+0001     16838
  4200   -0.37602794E+0001   -0.37779340E+0001    0.19496583E+0001     17369
  4250   -0.37552958E+0001   -0.37736258E+0001    0.19587430E+0001     18051
  4300   -0.37505168E+0001   -0.37682244E+0001    0.19585758E+0001     18416
  4350   -0.37456397E+0001   -0.37644644E+0001    0.19644202E+0001     18729
  4400   -0.37406426E+0001   -0.37569890E+0001    0.19609210E+0001     19063
  4450   -0.37360395E+0001   -0.37537501E+0001    0.19694500E+0001     19441
  4500   -0.37313617E+0001   -0.37488897E+0001    0.19653921E+0001     19859
  4550   -0.37264366E+0001   -0.37452634E+0001    0.19562069E+0001     20146
  4600   -0.37213270E+0001   -0.37398742E+0001    0.19591966E+0001     20336
  4650   -0.37157405E+0001   -0.37366227E+0001    0.19559658E+0001     20691
  4700   -0.37095322E+0001   -0.37316189E+0001    0.19480815E+0001     21040
  4750   -0.37025838E+0001   -0.37273377E+0001    0.19383538E+0001     21418
  4800   -0.36954827E+0001   -0.37203863E+0001    0.19246722E+0001     22039
  4801   -0.36957522E+0001   -0.36957522E+0001    0.19458112E+0001     12000
  4850   -0.37014381E+0001   -0.37085723E+0001    0.19323797E+0001     11946
  4900   -0.36961121E+0001   -0.37059581E+0001    0.19449370E+0001     12128
  4950   -0.36909723E+0001   -0.37028655E+0001    0.19424645E+0001     12146
  5000   -0.36858734E+0001   -0.37000703E+0001    0.19432785E+0001     12352
  5050   -0.36808983E+0001   -0.36980456E+0001    0.19310458E+0001     12481
  5100   -0.36761138E+0001   -0.36924943E+0001    0.19269343E+0001     12568
  5150   -0.36714811E+0001   -0.36854985E+0001    0.19297417E+0001     12716
  5200   -0.36662976E+0001   -0.36840467E+0001    0.19144537E+0001     12936
  5250   -0.36612562E+0001   -0.36792912E+0001    0.19207708E+0001     13093
  5300   -0.36566718E+0001   -0.36726639E+0001    0.19235929E+0001     13449
  5350   -0.36521015E+0001   -0.36696607E+0001    0.19167077E+0001     13764
  5400   -0.36481257E+0001   -0.36638816E+0001    0.18943551E+0001     13765
  5450   -0.36442529E+0001   -0.36606578E+0001    0.19054726E+0001     14212
  5500   -0.36400927E+0001   -0.36569937E+0001    0.18909501E+0001     14339
  5550   -0.36361129E+0001   -0.36544309E+0001    0.18965460E+0001     14779
  5600   -0.36328549E+0001   -0.36525095E+0001    0.18884777E+0001     15210
  5650   -0.36301446E+0001   -0.36497881E+0001    0.18796160E+0001     15311
  5700   -0.36274916E+0001   -0.36436954E+0001    0.18799446E+0001     15731
  5750   -0.36246412E+0001   -0.36435910E+0001    0.18722529E+0001     16182
  5800   -0.36219735E+0001   -0.36366657E+0001    0.18891187E+0001     16395
  5850   -0.36189152E+0001   -0.36343875E+0001    0.18841265E+0001     16893
  5900   -0.36151872E+0001   -0.36290251E+0001    0.18802101E+0001     17271
  5950   -0.36113885E+0001   -0.36258552E+0001    0.18614749E+0001     17469
  6000   -0.36079310E+0001   -0.36242847E+0001    0.18565039E+0001     17965
  6050   -0.36052482E+0001   -0.36197919E+0001    0.18638680E+0001     18413
  6100   -0.36028280E+0001   -0.36170304E+0001    0.18712306E+0001     18723
  6150   -0.35993012E+0001   -0.36138146E+0001    0.18699668E+0001     19019
  6200   -0.35953748E+0001   -0.36101164E+0001    0.18531103E+0001     19316
  6250   -0.35912258E+0001   -0.36054056E+0001    0.18584109E+0001     19791
  6300   -0.35872088E+0001   -0.36042786E+0001    0.18292716E+0001     19949
  6350   -0.35834774E+0001   -0.35992956E+0001    0.18269281E+0001     20465
  6400   -0.35802198E+0001   -0.35941130E+0001    0.18147450E+0001     21022
  6401   -0.35804659E+0001   -0.35804659E+0001    0.18554179E+0001     12000
  6450   -0.35857904E+0001   -0.35923206E+0001    0.18212231E+0001     12015
  6500   -0.35816411E+0001   -0.35905601E+0001    0.18247008E+0001     12148
  6550   -0.35777431E+0001   -0.35884865E+0001    0.18380870E+0001     12094
  6600   -0.35741872E+0001   -0.35887191E+0001    0.18353593E+0001     12491
  6650   -0.35710574E+0001   -0.35886300E+0001    0.18330539E+0001     13071
  6700   -0.35684679E+0001   -0.35850840E+0001    0.18267982E+0001     13234
  6750   -0.35660513E+0001   -0.35821828E+0001    0.18109032E+0001     13519
  6800   -0.35638564E+0001   -0.35791964E+0001    0.18045646E+0001     13849
  6850   -0.35623087E+0001   -0.35762951E+0001    0.17923470E+0001     14144
  6900   -0.35609899E+0001   -0.35731741E+0001    0.17928956E+0001     14196
  6950   -0.35589535E+0001   -0.35713807E+0001    0.17854980E+0001     14555
  7000   -0.35562996E+0001   -0.35679873E+0001    0.17744301E+0001     14777
  7050   -0.35534634E+0001   -0.35658962E+0001    0.17890126E+0001     14876
  7100   -0.35500013E+0001   -0.35630310E+0001    0.17729344E+0001     15208
  7150   -0.35460473E+0001   -0.35619422E+0001    0.17608462E+0001     15797
  7200   -0.35426506E+0001   -0.35591112E+0001    0.17519127E+0001     16081
  7250   -0.35392534E+0001   -0.35556621E+0001    0.17230887E+0001     16565
  7300   -0.35359893E+0001   -0.35516139E+0001    0.17312608E+0001     16913
  7350   -0.35331652E+0001   -0.35477991E+0001    0.17265602E+0001     17332
  7400   -0.35305786E+0001   -0.35448328E+0001    0.17147629E+0001     17514
  7450   -0.35275845E+0001   -0.35430377E+0001    0.17141897E+0001     17798
  7500   -0.35241868E+0001   -0.35394696E+0001    0.17127574E+0001     18152
  7550   -0.35210247E+0001   -0.35364947E+0001    0.16809857E+0001     18502
  7600   -0.35181937E+0001   -0.35340184E+0001    0.16947024E+0001     18965
  7650   -0.35155291E+0001   -0.35325868E+0001    0.16570069E+0001     19477
  7700   -0.35133452E+0001   -0.35278336E+0001    0.16265842E+0001     19668
  7750   -0.35116179E+0001   -0.35246234E+0001    0.16263150E+0001     19988
  7800   -0.35094327E+0001   -0.35213343E+0001    0.16075550E+0001     20414
  7850   -0.35065290E+0001   -0.35182768E+0001    0.15685207E+0001     21055
  7900   -0.35039925E+0001   -0.35138314E+0001    0.15647442E+0001     21545
  7950   -0.35018003E+0001   -0.35117073E+0001    0.15452665E+0001     22118
  8000   -0.34994600E+0001   -0.35105675E+0001    0.15345071E+0001     22336
  8001   -0.34996383E+0001   -0.34996383E+0001    0.15792645E+0001     12000
  8050   -0.35036113E+0001   -0.35090020E+0001    0.15416538E+0001     12043
  8100   -0.35008708E+0001   -0.35090038E+0001    0.15328655E+0001     12112
  8150   -0.34982778E+0001   -0.35066095E+0001    0.15347978E+0001     12519
  8200   -0.34958501E+0001   -0.35048513E+0001    0.15070184E+0001     12776
  8250   -0.34935569E+0001   -0.35038359E+0001    0.15056253E+0001     13090
  8300   -0.34911049E+0001   -0.35028493E+0001    0.14598966E+0001     13376
  8350   -0.34888253E+0001   -0.35006651E+0001    0.14698570E+0001     13738
  8400   -0.34864982E+0001   -0.34988896E+0001    0.14395402E+0001     14111
  8450   -0.34842871E+0001   -0.34968487E+0001    0.14294974E+0001     14131
  8500   -0.34821367E+0001   -0.34959508E+0001    0.14255382E+0001     14549
  8550   -0.34803248E+0001   -0.34898668E+0001    0.14160080E+0001     14822
  8600   -0.34787296E+0001   -0.34891677E+0001    0.13727894E+0001     15112
  8650   -0.34769711E+0001   -0.34857567E+0001    0.13796173E+0001     15345
  8700   -0.34751007E+0001   -0.34847907E+0001    0.13836425E+0001     15808
  8750   -0.34731972E+0001   -0.34832650E+0001    0.13730197E+0001     16064
  8800   -0.34714471E+0001   -0.34827249E+0001    0.13394259E+0001     16374
  8850   -0.34695627E+0001   -0.34809405E+0001    0.13332478E+0001     16617
  8900   -0.34677216E+0001   -0.34801430E+0001    0.13106938E+0001     17082
  8950   -0.34660055E+0001   -0.34784732E+0001    0.13118180E+0001     17396
  9000   -0.34644038E+0001   -0.34774647E+0001    0.13061193E+0001     17982
  9050   -0.34628479E+0001   -0.34765197E+0001    0.12839948E+0001     18018
  9100   -0.34614737E+0001   -0.34738014E+0001    0.12644058E+0001     18296
  9150   -0.34601332E+0001   -0.34714922E+0001    0.12587539E+0001     18785
  9200   -0.34590734E+0001   -0.34706777E+0001    0.12536348E+0001     19133
  9250   -0.34579799E+0001   -0.34706741E+0001    0.12275807E+0001     19778
  9300   -0.34566708E+0001   -0.34711367E+0001    0.12071872E+0001     19967
  9350   -0.34551183E+0001   -0.34693005E+0001    0.12086480E+0001     20350
  9400   -0.34539841E+0001   -0.34684475E+0001    0.11730599E+0001     20634
  9450   -0.34534648E+0001   -0.34665395E+0001    0.11219742E+0001     21041
  9500   -0.34535557E+0001   -0.34673261E+0001    0.11418836E+0001     21412
  9550   -0.34545560E+0001   -0.34685169E+0001    0.10962953E+0001     21871
  9600   -0.34559500E+0001   -0.34685483E+0001    0.10888041E+0001     22104
  9601   -0.34560396E+0001   -0.34560396E+0001    0.11143390E+0001     12000
  9650   -0.34580709E+0001   -0.34614794E+0001    0.10738682E+0001     11920
  9700   -0.34569054E+0001   -0.34618221E+0001    0.10890227E+0001     12163
  9750   -0.34558971E+0001   -0.34625864E+0001    0.10458531E+0001     12348
  9800   -0.34550425E+0001   -0.34614014E+0001    0.10416052E+0001     12432
  9850   -0.34542968E+0001   -0.34615245E+0001    0.10351292E+0001     12706
  9900   -0.34537239E+0001   -0.34614237E+0001    0.98731308E+0000     12955
  9950   -0.34533040E+0001   -0.34608988E+0001    0.97742228E+0000     13262
 10000   -0.34529920E+0001   -0.34608823E+0001    0.94904200E+0000     13234
 10050   -0.34526100E+0001   -0.34604688E+0001    0.95778524E+0000     13507
 10100   -0.34522799E+0001   -0.34612294E+0001    0.91316985E+0000     13751
 10150   -0.34517717E+0001   -0.34609385E+0001    0.92016265E+0000     14140
 10200   -0.34510921E+0001   -0.34594253E+0001    0.89785392E+0000     14365
 10250   -0.34504362E+0001   -0.34581319E+0001    0.88347363E+0000     14624
 10300   -0.34496189E+0001   -0.34575618E+0001    0.86346958E+0000     14798
 10350   -0.34486971E+0001   -0.34571467E+0001    0.83168543E+0000     14989
 10400   -0.34475586E+0001   -0.34577471E+0001    0.82087642E+0000     15081
 10450   -0.34462525E+0001   -0.34567632E+0001    0.84980156E+0000     15332
 10500   -0.34451423E+0001   -0.34557458E+0001    0.83852648E+0000     15557
 10550   -0.34440437E+0001   -0.34551636E+0001    0.82785342E+0000     15879
 10600   -0.34429598E+0001   -0.34547376E+0001    0.81562452E+0000     16182
 10650   -0.34419754E+0001   -0.34538663E+0001    0.79031229E+0000     16394
 10700   -0.34409331E+0001   -0.34525841E+0001    0.79270057E+0000     16529
 10750   -0.34400037E+0001   -0.34507687E+0001    0.79491605E+0000     16709
 10800   -0.34391796E+0001   -0.34491792E+0001    0.77159769E+0000     17120
 10850   -0.34383091E+0001   -0.34463957E+0001    0.77997102E+0000     17504
 10900   -0.34374679E+0001   -0.34464057E+0001    0.74584919E+0000     17818
 10950   -0.34365562E+0001   -0.34446468E+0001    0.76672543E+0000     18193
 11000   -0.34357004E+0001   -0.34429001E+0001    0.75133524E+0000     18616
 11050   -0.34348899E+0001   -0.34429723E+0001    0.74680513E+0000     18907
 11100   -0.34340101E+0001   -0.34420254E+0001    0.72408690E+0000     19110
 11150   -0.34331356E+0001   -0.34417669E+0001    0.71175937E+0000     19576
 11200   -0.34322817E+0001   -0.34411250E+0001    0.70543371E+0000     20090
 11201   -0.34323142E+0001   -0.34323142E+0001    0.68587015E+0000     12000
 11250   -0.34331165E+0001   -0.34354552E+0001    0.69740743E+0000     11987
 11300   -0.34326237E+0001   -0.34358041E+0001    0.69879546E+0000     12140
 11350   -0.34321406E+0001   -0.34354891E+0001    0.71185651E+0000     12267
 11400   -0.34316283E+0001   -0.34353474E+0001    0.73162981E+0000     12221
 11450   -0.34310856E+0001   -0.34357312E+0001    0.71952766E+0000     12363
 11500   -0.34306120E+0001   -0.34356157E+0001    0.69962945E+0000     12443
 11550   -0.34301361E+0001   -0.34354364E+0001    0.71018639E+0000     12420
 11600   -0.34297389E+0001   -0.34351337E+0001    0.69718042E+0000     12581
 11650   -0.34292961E+0001   -0.34354555E+0001    0.70627673E+0000     12551
 11700   -0.34288441E+0001   -0.34351565E+0001    0.67585690E+0000     12776
 11750   -0.34281861E+0001   -0.34350257E+0001    0.69236719E+0000     13094
 11800   -0.34275498E+0001   -0.34336489E+0001    0.69018493E+0000     13207
 11850   -0.34269126E+0001   -0.34334178E+0001    0.68014899E+0000     13718
 11900   -0.34262946E+0001   -0.34336350E+0001    0.66669138E+0000     13808
 11950   -0.34257509E+0001   -0.34329490E+0001    0.65658134E+0000     13962
 12000   -0.34252007E+0001   -0.34318756E+0001    0.65381541E+0000     13825
 12050   -0.34246345E+0001   -0.34320033E+0001    0.65844662E+0000     13997
 12100   -0.34241656E+0001   -0.34319848E+0001    0.62096993E+0000     14241
 12150   -0.34236398E+0001   -0.34312269E+0001    0.63916843E+0000     14311
 12200   -0.34230195E+0001   -0.34293918E+0001    0.60414625E+0000     14802
 12250   -0.34223626E+0001   -0.34281547E+0001    0.64385125E+0000     15135
 12300   -0.34217876E+0001   -0.34276675E+0001    0.62563522E+0000     15416
 12350   -0.34213042E+0001   -0.34274801E+0001    0.62418667E+0000     15548
 12400   -0.34207712E+0001   -0.34268466E+0001    0.60375516E+0000     15762
 12450   -0.34202348E+0001   -0.34266407E+0001    0.60949821E+0000     16032
 12500   -0.34197624E+0001   -0.34264326E+0001    0.60278876E+0000     16386
 12550   -0.34192731E+0001   -0.34257469E+0001    0.56978514E+0000     16456
 12600   -0.34188188E+0001   -0.34253019E+0001    0.60140258E+0000     16793
 12650   -0.34182913E+0001   -0.34258114E+0001    0.60180775E+0000     16943
 12700   -0.34177472E+0001   -0.34245120E+0001    0.57539267E+0000     17291
 12750   -0.34172999E+0001   -0.34231003E+0001    0.58639838E+0000     17396
 12800   -0.34167900E+0001   -0.34222077E+0001    0.53785199E+0000     17490
 12801   -0.34168099E+0001   -0.34168099E+0001    0.52670993E+0000     12000
 12850   -0.34172904E+0001   -0.34189910E+0001    0.54462642E+0000     11980
 12900   -0.34170428E+0001   -0.34192296E+0001    0.56339093E+0000     12107
 12950   -0.34167743E+0001   -0.34193176E+0001    0.58562387E+0000     12180
 13000   -0.34165019E+0001   -0.34193605E+0001    0.58098488E+0000     12363
 13050   -0.34162408E+0001   -0.34198104E+0001    0.57187389E+0000     12626
 13100   -0.34159615E+0001   -0.34197879E+0001    0.55918201E+0000     12722
 13150   -0.34156393E+0001   -0.34200154E+0001    0.57824627E+0000     13003
 13200   -0.34152984E+0001   -0.34197824E+0001    0.58680386E+0000     13329
 13250   -0.34150426E+0001   -0.34197722E+0001    0.53661879E+0000     13619
 13300   -0.34147948E+0001   -0.34196314E+0001    0.57505464E+0000     13589
 13350   -0.34145630E+0001   -0.34188871E+0001    0.57569519E+0000     13912
 13400   -0.34143270E+0001   -0.34193211E+0001    0.56155093E+0000     14091
 13450   -0.34140353E+0001   -0.34186307E+0001    0.54485223E+0000     14291
 13500   -0.34138007E+0001   -0.34189690E+0001    0.56795951E+0000     14312
 13550   -0.34135878E+0001   -0.34185556E+0001    0.54688533E+0000     14474
 13600   -0.34133631E+0001   -0.34181130E+0001    0.56774139E+0000     14404
 13650   -0.34131179E+0001   -0.34179631E+0001    0.56440302E+0000     14618
 13700   -0.34128656E+0001   -0.34178009E+0001    0.52464007E+0000     15053
 13750   -0.34126168E+0001   -0.34174269E+0001    0.56415852E+0000     15300
 13800   -0.34122656E+0001   -0.34177767E+0001    0.52895544E+0000     15595
 13850   -0.34119064E+0001   -0.34171301E+0001    0.52290704E+0000     15707
 13900   -0.34114262E+0001   -0.34166782E+0001    0.51351268E+0000     15976
 13950   -0.34109503E+0001   -0.34169463E+0001    0.50737328E+0000     16364
 14000   -0.34104158E+0001   -0.34164982E+0001    0.50295819E+0000     16391
 14050   -0.34098079E+0001   -0.34161131E+0001    0.48171419E+0000     16766
 14100   -0.34092134E+0001   -0.34153680E+0001    0.49609958E+0000     16870
 14150   -0.34086109E+0001   -0.34146747E+0001    0.50152139E+0000     17145
 14200   -0.34080196E+0001   -0.34143409E+0001    0.47960985E+0000     17693
 14250   -0.34074796E+0001   -0.34147959E+0001    0.46307729E+0000     17710
 14300   -0.34070483E+0001   -0.34143300E+0001    0.46646018E+0000     18144
 14350   -0.34067086E+0001   -0.34134881E+0001    0.47182035E+0000     18363
 14400   -0.34063014E+0001   -0.34131867E+0001    0.44306524E+0000     18351
 14450   -0.34058322E+0001   -0.34124692E+0001    0.47961034E+0000     18412
 14500   -0.34053544E+0001   -0.34122048E+0001    0.43716353E+0000     18632
 14550   -0.34049448E+0001   -0.34123436E+0001    0.43489770E+0000     18986
 14600   -0.34046242E+0001   -0.34119364E+0001    0.47183934E+0000     19197
 14650   -0.34042277E+0001   -0.34120254E+0001    0.46844970E+0000     19574
 14700   -0.34037969E+0001   -0.34127170E+0001    0.45492973E+0000     19973
 14750   -0.34034503E+0001   -0.34112321E+0001    0.47994010E+0000     20072
 14800   -0.34031493E+0001   -0.34114825E+0001    0.44259631E+0000     20730
 14850   -0.34028846E+0001   -0.34097696E+0001    0.43410710E+0000     21068
 14900   -0.34026873E+0001   -0.34095839E+0001    0.44638791E+0000     21569
 14950   -0.34025527E+0001   -0.34089061E+0001    0.47091093E+0000     21828
 15000   -0.34023905E+0001   -0.34087996E+0001    0.44775490E+0000     22235
 15050   -0.34021904E+0001   -0.34082804E+0001    0.43360023E+0000     22377
 15100   -0.34019475E+0001   -0.34080367E+0001    0.42903198E+0000     22646
 15150   -0.34016653E+0001   -0.34077902E+0001    0.44256902E+0000     23199
 15200   -0.34014644E+0001   -0.34078685E+0001    0.41388208E+0000     23546
 15250   -0.34012598E+0001   -0.34079665E+0001    0.40910343E+0000     23877
 15300   -0.34009972E+0001   -0.34084144E+0001    0.43402991E+0000     24187
 15350   -0.34008014E+0001   -0.34081862E+0001    0.37992226E+0000     24424
 15400   -0.34006761E+0001   -0.34083144E+0001    0.41563465E+0000     24865
 15450   -0.34005296E+0001   -0.34067986E+0001    0.41280424E+0000     25560
 15500   -0.34003429E+0001   -0.34056339E+0001    0.40244517E+0000     25949
 15550   -0.34001015E+0001   -0.34054466E+0001    0.42242097E+0000     26432
 15600   -0.33998638E+0001   -0.34047258E+0001    0.40348437E+0000     26886
 15650   -0.33996727E+0001   -0.34045767E+0001    0.35985817E+0000     27477
 15700   -0.33994812E+0001   -0.34042864E+0001    0.36095565E+0000     28234
 15750   -0.33992759E+0001   -0.34041236E+0001    0.40399821E+0000     28696
 15800   -0.33990700E+0001   -0.34044625E+0001    0.38668916E+0000     28902
 15850   -0.33988107E+0001   -0.34044224E+0001    0.38438472E+0000     29318
 15900   -0.33985466E+0001   -0.34043678E+0001    0.37676625E+0000     29657
 15950   -0.33983013E+0001   -0.34043166E+0001    0.32531244E+0000     30088
 16000   -0.33980314E+0001   -0.34036201E+0001    0.34432807E+0000     30598
 16001   -0.33980935E+0001   -0.33980935E+0001    0.30108173E+0000         1
 16050   -0.33980900E+0001   -0.33980900E+0001    0.45119626E+0000         1
 16100   -0.33986476E+0001   -0.33986476E+0001    0.49769148E+0000         1
 16150   -0.33988191E+0001   -0.33988191E+0001    0.54024730E+0000         1
 16200   -0.33998092E+0001   -0.33998092E+0001    0.57137153E+0000         1
 16250   -0.34000529E+0001   -0.34000529E+0001    0.55099011E+0000         1
 16300   -0.34011458E+0001   -0.34011458E+0001    0.59028659E+0000         1
 16350   -0.34018471E+0001   -0.34018471E+0001    0.48353752E+0000         1
 16400   -0.34023547E+0001   -0.34023547E+0001    0.56624074E+0000         1
 16450   -0.34031421E+0001   -0.34031421E+0001    0.57517713E+0000         1
 16500   -0.34037125E+0001   -0.34037125E+0001    0.54121144E+0000         1
 16550   -0.34038706E+0001   -0.34038706E+0001    0.53602386E+0000         1
 16600   -0.34041680E+0001   -0.34041680E+0001    0.63267059E+0000         1
 16650   -0.34033562E+0001   -0.34033562E+0001    0.92275944E+0000         1
 16700   -0.34054249E+0001   -0.34054249E+0001    0.54926931E+0000         1
 16750   -0.34057066E+0001   -0.34057066E+0001    0.55236902E+0000         1
 16800   -0.34066144E+0001   -0.34066144E+0001    0.60846421E+0000         1
 16850   -0.34069771E+0001   -0.34069771E+0001    0.74032271E+0000         1
 16900   -0.34064248E+0001   -0.34064248E+0001    0.72362820E+0000         1
 16950   -0.34067698E+0001   -0.34067698E+0001    0.63708414E+0000         1
 17000   -0.34068526E+0001   -0.34068526E+0001    0.56088180E+0000         1
 17050   -0.34071743E+0001   -0.34071743E+0001    0.63425021E+0000         1
 17100   -0.34075645E+0001   -0.34075645E+0001    0.65065376E+0000         1
 17150   -0.34076292E+0001   -0.34076292E+0001    0.64149871E+0000         1
 17200   -0.34083300E+0001   -0.34083300E+0001    0.72801972E+0000         1
 17250   -0.34088884E+0001   -0.34088884E+0001    0.77869760E+0000         1
 17300   -0.34110836E+0001   -0.34110836E+0001    0.58998167E+0000         1
 17350   -0.34111666E+0001   -0.34111666E+0001    0.62430206E+0000         1
 17400   -0.34128722E+0001   -0.34128722E+0001    0.61341344E+0000         1
 17450   -0.34133437E+0001   -0.34133437E+0001    0.65659909E+0000         1
 17500   -0.34156493E+0001   -0.34156493E+0001    0.70577687E+0000         1
 17550   -0.34166281E+0001   -0.34166281E+0001    0.64315066E+0000         1
 17600   -0.34167301E+0001   -0.34167301E+0001    0.87702392E+0000         1
 17650   -0.34166502E+0001   -0.34166502E+0001    0.81842294E+0000         1
 17700   -0.34192716E+0001   -0.34192716E+0001    0.76130072E+0000         1
 17750   -0.34207117E+0001   -0.34207117E+0001    0.71966439E+0000         1
 17800   -0.34214158E+0001   -0.34214158E+0001    0.65453116E+0000         1
 17850   -0.34220193E+0001   -0.34220193E+0001    0.78453069E+0000         1
 17900   -0.34232196E+0001   -0.34232196E+0001    0.76959311E+0000         1
 17950   -0.34248515E+0001   -0.34248515E+0001    0.76599952E+0000         1
 18000   -0.34254255E+0001   -0.34254255E+0001    0.70899898E+0000         1
 18050   -0.34258126E+0001   -0.34258126E+0001    0.82187187E+0000         1
 18100   -0.34269284E+0001   -0.34269284E+0001    0.81604316E+0000         1
 18150   -0.34281921E+0001   -0.34281921E+0001    0.84378097E+0000         1
 18200   -0.34300755E+0001   -0.34300755E+0001    0.80134284E+0000         1
 18250   -0.34312611E+0001   -0.34312611E+0001    0.77579699E+0000         1
 18300   -0.34313144E+0001   -0.34313144E+0001    0.75714239E+0000         1
 18350   -0.34327436E+0001   -0.34327436E+0001    0.87453651E+0000         1
 18400   -0.34338299E+0001   -0.34338299E+0001    0.82910289E+0000         1
 18450   -0.34356751E+0001   -0.34356751E+0001    0.77872794E+0000         1
 18500   -0.34379378E+0001   -0.34379378E+0001    0.82127194E+0000         1
 18550   -0.34391045E+0001   -0.34391045E+0001    0.87332588E+0000         1
 18600   -0.34404723E+0001   -0.34404723E+0001    0.90378848E+0000         1
 18650   -0.34406306E+0001   -0.34406306E+0001    0.98919660E+0000         1
 18700   -0.34419848E+0001   -0.34419848E+0001    0.10573259E+0001         1
 18750   -0.34450520E+0001   -0.34450520E+0001    0.88142471E+0000         1
 18800   -0.34472522E+0001   -0.34472522E+0001    0.10501240E+0001         1
 18850   -0.34496074E+0001   -0.34496074E+0001    0.10466194E+0001         1
 18900   -0.34531150E+0001   -0.34531150E+0001    0.95484457E+0000         1
 18950   -0.34552956E+0001   -0.34552956E+0001    0.93863923E+0000         1
 19000   -0.34573265E+0001   -0.34573265E+0001    0.10298069E+0001         1
 19050   -0.34600294E+0001   -0.34600294E+0001    0.10486585E+0001         1
 19100   -0.34615568E+0001   -0.34615568E+0001    0.10606025E+0001         1
 19150   -0.34648541E+0001   -0.34648541E+0001    0.10183458E+0001         1
 19200   -0.34683699E+0001   -0.34683699E+0001    0.10036658E+0001         1
 19250   -0.34712485E+0001   -0.34712485E+0001    0.10318387E+0001         1
 19300   -0.34750934E+0001   -0.34750934E+0001    0.11065604E+0001         1
 19350   -0.34797553E+0001   -0.34797553E+0001    0.11070782E+0001         1
 19400   -0.34838412E+0001   -0.34838412E+0001    0.11779064E+0001         1
 19450   -0.34869291E+0001   -0.34869291E+0001    0.11268826E+0001         1
 19500   -0.34901616E+0001   -0.34901616E+0001    0.11733630E+0001         1
 19550   -0.34926461E+0001   -0.34926461E+0001    0.12992078E+0001         1
 19600   -0.34974709E+0001   -0.34974709E+0001    0.12090690E+0001         1
 19650   -0.35009858E+0001   -0.35009858E+0001    0.12403456E+0001         1
 19700   -0.35075645E+0001   -0.35075645E+0001    0.12947770E+0001         1
 19750   -0.35132448E+0001   -0.35132448E+0001    0.12957215E+0001         1
 19800   -0.35195501E+0001   -0.35195501E+0001    0.12973239E+0001         1
 19850   -0.35230585E+0001   -0.35230585E+0001    0.13508323E+0001         1
 19900   -0.35286424E+0001   -0.35286424E+0001    0.13951111E+0001         1
 19950   -0.35330280E+0001   -0.35330280E+0001    0.13974197E+0001         1
 20000   -0.35388294E+0001   -0.35388294E+0001    0.14539026E+0001         1
 20050   -0.35447629E+0001   -0.35447629E+0001    0.15585862E+0001         1
 20100   -0.35498010E+0001   -0.35498010E+0001    0.16168749E+0001         1
 20150   -0.35584128E+0001   -0.35584128E+0001    0.16684438E+0001         1
 20200   -0.35648480E+0001   -0.35648480E+0001    0.16191933E+0001         1
 20250   -0.35726586E+0001   -0.35726586E+0001    0.16740871E+0001         1
 20300   -0.35823298E+0001   -0.35823298E+0001    0.17145466E+0001         1
 20350   -0.35918844E+0001   -0.35918844E+0001    0.17351586E+0001         1
 20400   -0.36005913E+0001   -0.36005913E+0001    0.17579084E+0001         1
 20450   -0.36113773E+0001   -0.36113773E+0001    0.17852688E+0001         1
 20500   -0.36223049E+0001   -0.36223049E+0001    0.18276993E+0001         1
 20550   -0.36303177E+0001   -0.36303177E+0001    0.18708634E+0001         1
 20600   -0.36379609E+0001   -0.36379609E+0001    0.18834910E+0001         1
 20650   -0.36489559E+0001   -0.36489559E+0001    0.19344745E+0001         1
 20700   -0.36605369E+0001   -0.36605369E+0001    0.19529671E+0001         1
 20750   -0.36737373E+0001   -0.36737373E+0001    0.20227766E+0001         1
 20800   -0.36895378E+0001   -0.36895378E+0001    0.20604130E+0001         1
 20850   -0.37034224E+0001   -0.37034224E+0001    0.20710480E+0001         1
 20900   -0.37227997E+0001   -0.37227997E+0001    0.21196224E+0001         1
 20950   -0.37401003E+0001   -0.37401003E+0001    0.21312249E+0001         1
 21000   -0.37552343E+0001   -0.37552343E+0001    0.21578633E+0001         1
 21050   -0.37689825E+0001   -0.37689825E+0001    0.22587267E+0001         1
 21100   -0.37833233E+0001   -0.37833233E+0001    0.21648117E+0001         1
 21150   -0.37993789E+0001   -0.37993789E+0001    0.21886248E+0001         1
 21200   -0.38149396E+0001   -0.38149396E+0001    0.21206893E+0001         1
 21250   -0.38307945E+0001   -0.38307945E+0001    0.21053812E+0001         1
 21300   -0.38463318E+0001   -0.38463318E+0001    0.20443886E+0001         1
 21350   -0.38602858E+0001   -0.38602858E+0001    0.20076080E+0001         1
 21400   -0.38726845E+0001   -0.38726845E+0001    0.19559223E+0001         1
 21450   -0.38865176E+0001   -0.38865176E+0001    0.18936414E+0001         1
 21500   -0.38973132E+0001   -0.38973132E+0001    0.17646036E+0001         1
 21550   -0.39073041E+0001   -0.39073041E+0001    0.17062781E+0001         1
 21600   -0.39151452E+0001   -0.39151452E+0001    0.15461003E+0001         1
 21650   -0.39196089E+0001   -0.39196089E+0001    0.14368518E+0001         1
 21700   -0.39252107E+0001   -0.39252107E+0001    0.13017908E+0001         1
 21750   -0.39303156E+0001   -0.39303156E+0001    0.10862233E+0001         1
 21800   -0.39342174E+0001   -0.39342174E+0001    0.83166035E+0000         1
 21850   -0.39340773E+0001   -0.39340773E+0001    0.93320546E+0000         1
 21900   -0.39361484E+0001   -0.39361484E+0001    0.76181975E+0000         1
 21950   -0.39376289E+0001   -0.39376289E+0001    0.61912132E+0000         1
 22000   -0.39382622E+0001   -0.39382622E+0001    0.50851716E+0000         1
 22050   -0.39388478E+0001   -0.39388478E+0001    0.40062826E+0000         1
 22100   -0.39389161E+0001   -0.39389161E+0001    0.55649657E+0000         1
 22150   -0.39390297E+0001   -0.39390297E+0001    0.55982429E+0000         1
 22200   -0.39388019E+0001   -0.39388019E+0001    0.59792917E+0000         1
 22250   -0.39388822E+0001   -0.39388822E+0001    0.56855439E+0000         1
 22300   -0.39391054E+0001   -0.39391054E+0001    0.45166937E+0000         1
 22350   -0.39394913E+0001   -0.39394913E+0001    0.33440425E+0000         1
 22400   -0.39393163E+0001   -0.39393163E+0001    0.44781980E+0000         1
 22450   -0.39388998E+0001   -0.39388998E+0001    0.62014324E+0000         1
 22500   -0.39398398E+0001   -0.39398398E+0001    0.25935742E+0000         1
 22550   -0.39397354E+0001   -0.39397354E+0001    0.26402447E+0000         1
 22600   -0.39394252E+0001   -0.39394252E+0001    0.43374599E+0000         1
 22650   -0.39395569E+0001   -0.39395569E+0001    0.33114240E+0000         1
 22700   -0.39394706E+0001   -0.39394706E+0001    0.48127739E+0000         1
 22750   -0.39386701E+0001   -0.39386701E+0001    0.65569268E+0000         1
 22800   -0.39394305E+0001   -0.39394305E+0001    0.37908100E+0000         1
 22850   -0.39397522E+0001   -0.39397522E+0001    0.26518868E+0000         1
 22900   -0.39389093E+0001   -0.39389093E+0001    0.57555249E+0000         1
 22950   -0.39394595E+0001   -0.39394595E+0001    0.37267529E+0000         1
 23000   -0.39392285E+0001   -0.39392285E+0001    0.62633920E+0000         1
 23050   -0.39392042E+0001   -0.39392042E+0001    0.54509525E+0000         1
 23100   -0.39389633E+0001   -0.39389633E+0001    0.70262118E+0000         1
 23150   -0.39392631E+0001   -0.39392631E+0001    0.50394606E+0000         1
 23200   -0.39394023E+0001   -0.39394023E+0001    0.43677171E+0000         1
 23250   -0.39392670E+0001   -0.39392670E+0001    0.48029926E+0000         1
 23300   -0.39394181E+0001   -0.39394181E+0001    0.42270594E+0000         1
 23350   -0.39388156E+0001   -0.39388156E+0001    0.60472898E+0000         1
 23400   -0.39387756E+0001   -0.39387756E+0001    0.52034819E+0000         1
 23450   -0.39384591E+0001   -0.39384591E+0001    0.68504696E+0000         1
 23500   -0.39388522E+0001   -0.39388522E+0001    0.59441632E+0000         1
 23550   -0.39392275E+0001   -0.39392275E+0001    0.50678134E+0000         1
 23600   -0.39393607E+0001   -0.39393607E+0001    0.48230145E+0000         1
 23650   -0.39389236E+0001   -0.39389236E+0001    0.54776220E+0000         1
 23700   -0.39390170E+0001   -0.39390170E+0001    0.50367887E+0000         1
 23750   -0.39390111E+0001   -0.39390111E+0001    0.57857200E+0000         1
 23800   -0.39387443E+0001   -0.39387443E+0001    0.67335266E+0000         1
 23850   -0.39391743E+0001   -0.39391743E+0001    0.51465169E+0000         1
 23900   -0.39390804E+0001   -0.39390804E+0001    0.51690343E+0000         1
 23950   -0.39393045E+0001   -0.39393045E+0001    0.52176092E+0000         1
 24000   -0.39394403E+0001   -0.39394403E+0001    0.32980185E+0000         1
 24050   -0.39393643E+0001   -0.39393643E+0001    0.41187354E+0000         1
 24100   -0.39388640E+0001   -0.39388640E+0001    0.59551836E+0000         1
 24150   -0.39385058E+0001   -0.39385058E+0001    0.77733103E+0000         1
 24200   -0.39395234E+0001   -0.39395234E+0001    0.42424971E+0000         1
 24250   -0.39394512E+0001   -0.39394512E+0001    0.35691729E+0000         1
 24300   -0.39394096E+0001   -0.39394096E+0001    0.39341491E+0000         1
 24350   -0.39391536E+0001   -0.39391536E+0001    0.45610192E+0000         1
 24400   -0.39389142E+0001   -0.39389142E+0001    0.55954508E+0000         1
 24450   -0.39378385E+0001   -0.39378385E+0001    0.80782047E+0000         1
 24500   -0.39374611E+0001   -0.39374611E+0001    0.81167823E+0000         1
 24550   -0.39385541E+0001   -0.39385541E+0001    0.51876891E+0000         1
 24600   -0.39382272E+0001   -0.39382272E+0001    0.60220882E+0000         1
 24650   -0.39381187E+0001   -0.39381187E+0001    0.64720928E+0000         1
 24700   -0.39383574E+0001   -0.39383574E+0001    0.68807474E+0000         1
 24750   -0.39389299E+0001   -0.39389299E+0001    0.65790925E+0000         1
 24800   -0.39394330E+0001   -0.39394330E+0001    0.42242882E+0000         1
 24850   -0.39392831E+0001   -0.39392831E+0001    0.44017018E+0000         1
 24900   -0.39394775E+0001   -0.39394775E+0001    0.38112702E+0000         1
 24950   -0.39392335E+0001   -0.39392335E+0001    0.51166594E+0000         1
 25000   -0.39395367E+0001   -0.39395367E+0001    0.34632646E+0000         1
 25050   -0.39395246E+0001   -0.39395246E+0001    0.35323042E+0000         1
 25100   -0.39392784E+0001   -0.39392784E+0001    0.52252002E+0000         1
 25150   -0.39390618E+0001   -0.39390618E+0001    0.50676613E+0000         1
 25200   -0.39384647E+0001   -0.39384647E+0001    0.53421022E+0000         1
 25250   -0.39388610E+0001   -0.39388610E+0001    0.43409760E+0000         1
 25300   -0.39387311E+0001   -0.39387311E+0001    0.49915252E+0000         1
 25350   -0.39389075E+0001   -0.39389075E+0001    0.52394632E+0000         1
 25400   -0.39392701E+0001   -0.39392701E+0001    0.40902362E+0000         1
 25450   -0.39388542E+0001   -0.39388542E+0001    0.54653742E+0000         1
 25500   -0.39392430E+0001   -0.39392430E+0001    0.49436518E+0000         1
 25550   -0.39389817E+0001   -0.39389817E+0001    0.52162681E+0000         1
 25600   -0.39391387E+0001   -0.39391387E+0001    0.40440687E+0000         1
 25650   -0.39389107E+0001   -0.39389107E+0001    0.49375939E+0000         1
 25700   -0.39393538E+0001   -0.39393538E+0001    0.41599978E+0000         1
 25750   -0.39390986E+0001   -0.39390986E+0001    0.45773210E+0000         1
 25800   -0.39390422E+0001   -0.39390422E+0001    0.47340127E+0000         1
 25850   -0.39387940E+0001   -0.39387940E+0001    0.49340674E+0000         1
 25900   -0.39389693E+0001   -0.39389693E+0001    0.55822073E+0000         1
 25950   -0.39390105E+0001   -0.39390105E+0001    0.52883420E+0000         1
 26000   -0.39391360E+0001   -0.39391360E+0001    0.61947966E+0000         1
 26050   -0.39390021E+0001   -0.39390021E+0001    0.57853481E+0000         1
 26100   -0.39393648E+0001   -0.39393648E+0001    0.45238599E+0000         1
 26150   -0.39389780E+0001   -0.39389780E+0001    0.53077094E+0000         1
 26200   -0.39392517E+0001   -0.39392517E+0001    0.36544216E+0000         1
 26250   -0.39389968E+0001   -0.39389968E+0001    0.52048680E+0000         1
 26300   -0.39386137E+0001   -0.39386137E+0001    0.66068964E+0000         1
 26350   -0.39388008E+0001   -0.39388008E+0001    0.54446375E+0000         1
 26400   -0.39384540E+0001   -0.39384540E+0001    0.57028612E+0000         1
 26450   -0.39385736E+0001   -0.39385736E+0001    0.55622027E+0000         1
 26500   -0.39391016E+0001   -0.39391016E+0001    0.45635848E+0000         1
 26550   -0.39390737E+0001   -0.39390737E+0001    0.55515129E+0000         1
 26600   -0.39393602E+0001   -0.39393602E+0001    0.43466604E+0000         1
 26650   -0.39388840E+0001   -0.39388840E+0001    0.55823067E+0000         1
 26700   -0.39386744E+0001   -0.39386744E+0001    0.60690474E+0000         1
 26750   -0.39384203E+0001   -0.39384203E+0001    0.59841526E+0000         1
 26800   -0.39388195E+0001   -0.39388195E+0001    0.56886833E+0000         1
 26850   -0.39394834E+0001   -0.39394834E+0001    0.38816799E+0000         1
 26900   -0.39383633E+0001   -0.39383633E+0001    0.75506246E+0000         1
 26950   -0.39379265E+0001   -0.39379265E+0001    0.70573487E+0000         1
 27000   -0.39380565E+0001   -0.39380565E+0001    0.66698609E+0000         1
 27050   -0.39386480E+0001   -0.39386480E+0001    0.50164046E+0000         1
 27100   -0.39389333E+0001   -0.39389333E+0001    0.37886638E+0000         1
 27150   -0.39385258E+0001   -0.39385258E+0001    0.57706876E+0000         1
 27200   -0.39390033E+0001   -0.39390033E+0001    0.44212192E+0000         1
 27250   -0.39389488E+0001   -0.39389488E+0001    0.44124845E+0000         1
 27300   -0.39393021E+0001   -0.39393021E+0001    0.41005014E+0000         1
 27350   -0.39390446E+0001   -0.39390446E+0001    0.45819493E+0000         1
 27400   -0.39386958E+0001   -0.39386958E+0001    0.54840191E+0000         1
 27450   -0.39384962E+0001   -0.39384962E+0001    0.66706136E+0000         1
 27500   -0.39389772E+0001   -0.39389772E+0001    0.46486342E+0000         1
 27550   -0.39394615E+0001   -0.39394615E+0001    0.39424883E+0000         1
 27600   -0.39389459E+0001   -0.39389459E+0001    0.48954316E+0000         1
 27650   -0.39387484E+0001   -0.39387484E+0001    0.59536921E+0000         1
 27700   -0.39393493E+0001   -0.39393493E+0001    0.44645789E+0000         1
 27750   -0.39394093E+0001   -0.39394093E+0001    0.49707297E+0000         1
 27800   -0.39390025E+0001   -0.39390025E+0001    0.53859538E+0000         1
 27850   -0.39393805E+0001   -0.39393805E+0001    0.41603172E+0000         1
 27900   -0.39394252E+0001   -0.39394252E+0001    0.41255814E+0000         1
 27950   -0.39392293E+0001   -0.39392293E+0001    0.48488931E+0000         1
 28000   -0.39390540E+0001   -0.39390540E+0001    0.49681096E+0000         1
 28050   -0.39392069E+0001   -0.39392069E+0001    0.47265583E+0000         1
 28100   -0.39391487E+0001   -0.39391487E+0001    0.46780723E+0000         1
 28150   -0.39392267E+0001   -0.39392267E+0001    0.42692526E+0000         1
 28200   -0.39388911E+0001   -0.39388911E+0001    0.52060788E+0000         1
 28250   -0.39389435E+0001   -0.39389435E+0001    0.56601283E+0000         1
 28300   -0.39392559E+0001   -0.39392559E+0001    0.51788595E+0000         1
 28350   -0.39393495E+0001   -0.39393495E+0001    0.41437979E+0000         1
 28400   -0.39392061E+0001   -0.39392061E+0001    0.45980622E+0000         1
 28450   -0.39389201E+0001   -0.39389201E+0001    0.58387867E+0000         1
 28500   -0.39392935E+0001   -0.39392935E+0001    0.45724610E+0000         1
 28550   -0.39387895E+0001   -0.39387895E+0001    0.63343820E+0000         1
 28600   -0.39391653E+0001   -0.39391653E+0001    0.43759064E+0000         1
 28650   -0.39388214E+0001   -0.39388214E+0001    0.63088677E+0000         1
 28700   -0.39389706E+0001   -0.39389706E+0001    0.51610286E+0000         1
 28750   -0.39388987E+0001   -0.39388987E+0001    0.58481206E+0000         1
 28800   -0.39394298E+0001   -0.39394298E+0001    0.39395705E+0000         1
 28850   -0.39390825E+0001   -0.39390825E+0001    0.53035299E+0000         1
 28900   -0.39386981E+0001   -0.39386981E+0001    0.72084113E+0000         1
 28950   -0.39382351E+0001   -0.39382351E+0001    0.77508671E+0000         1
 29000   -0.39391710E+0001   -0.39391710E+0001    0.49750514E+0000         1
 29050   -0.39391377E+0001   -0.39391377E+0001    0.51679703E+0000         1
 29100   -0.39392472E+0001   -0.39392472E+0001    0.49724770E+0000         1
 29150   -0.39391453E+0001   -0.39391453E+0001    0.57810390E+0000         1
 29200   -0.39387712E+0001   -0.39387712E+0001    0.64276913E+0000         1
 29250   -0.39383285E+0001   -0.39383285E+0001    0.61001616E+0000         1
 29300   -0.39385766E+0001   -0.39385766E+0001    0.62147245E+0000         1
 29350   -0.39390690E+0001   -0.39390690E+0001    0.47616559E+0000         1
 29400   -0.39393260E+0001   -0.39393260E+0001    0.44659929E+0000         1
 29450   -0.39394037E+0001   -0.39394037E+0001    0.41650558E+0000         1
 29500   -0.39394178E+0001   -0.39394178E+0001    0.39482304E+0000         1
 29550   -0.39389299E+0001   -0.39389299E+0001    0.52117500E+0000         1
 29600   -0.39388279E+0001   -0.39388279E+0001    0.62817111E+0000         1
 29650   -0.39393022E+0001   -0.39393022E+0001    0.45317712E+0000         1
 29700   -0.39395598E+0001   -0.39395598E+0001    0.35138290E+0000         1
 29750   -0.39392168E+0001   -0.39392168E+0001    0.45695885E+0000         1
 29800   -0.39394098E+0001   -0.39394098E+0001    0.34231427E+0000         1
 29850   -0.39393272E+0001   -0.39393272E+0001    0.45809846E+0000         1
 29900   -0.39390575E+0001   -0.39390575E+0001    0.50703510E+0000         1
 29950   -0.39387911E+0001   -0.39387911E+0001    0.54040124E+0000         1
 30000   -0.39386788E+0001   -0.39386788E+0001    0.56586639E+0000         1
 30050   -0.39390487E+0001   -0.39390487E+0001    0.48219508E+0000         1
 30100   -0.39390920E+0001   -0.39390920E+0001    0.45207214E+0000         1
 30150   -0.39382359E+0001   -0.39382359E+0001    0.69049346E+0000         1
 30200   -0.39391348E+0001   -0.39391348E+0001    0.40963887E+0000         1
 30250   -0.39383308E+0001   -0.39383308E+0001    0.63523448E+0000         1
 30300   -0.39387970E+0001   -0.39387970E+0001    0.45608632E+0000         1
 30350   -0.39379061E+0001   -0.39379061E+0001    0.72240846E+0000         1
 30400   -0.39385337E+0001   -0.39385337E+0001    0.54706014E+0000         1
 30450   -0.39387272E+0001   -0.39387272E+0001    0.63635881E+0000         1
 30500   -0.39383548E+0001   -0.39383548E+0001    0.70197516E+0000         1
 30550   -0.39391323E+0001   -0.39391323E+0001    0.47442908E+0000         1
 30600   -0.39394560E+0001   -0.39394560E+0001    0.37887110E+0000         1
 30650   -0.39394573E+0001   -0.39394573E+0001    0.41662500E+0000         1
 30700   -0.39389231E+0001   -0.39389231E+0001    0.53282104E+0000         1
 30750   -0.39385669E+0001   -0.39385669E+0001    0.63736003E+0000         1
 30800   -0.39384855E+0001   -0.39384855E+0001    0.69615384E+0000         1
 30850   -0.39395152E+0001   -0.39395152E+0001    0.36361079E+0000         1
 30900   -0.39391361E+0001   -0.39391361E+0001    0.55154669E+0000         1
 30950   -0.39384768E+0001   -0.39384768E+0001    0.72113276E+0000         1
 31000   -0.39387511E+0001   -0.39387511E+0001    0.56015721E+0000         1
 31050   -0.39386405E+0001   -0.39386405E+0001    0.54714964E+0000         1
 31100   -0.39388960E+0001   -0.39388960E+0001    0.52029558E+0000         1
 31150   -0.39395878E+0001   -0.39395878E+0001    0.32489965E+0000         1
 31200   -0.39393776E+0001   -0.39393776E+0001    0.38089846E+0000         1
 31250   -0.39384955E+0001   -0.39384955E+0001    0.57835007E+0000         1
 31300   -0.39385906E+0001   -0.39385906E+0001    0.64528206E+0000         1
 31350   -0.39388410E+0001   -0.39388410E+0001    0.60890523E+0000         1
 31400   -0.39388062E+0001   -0.39388062E+0001    0.57035918E+0000         1
 31450   -0.39389720E+0001   -0.39389720E+0001    0.49282008E+0000         1
 31500   -0.39393085E+0001   -0.39393085E+0001    0.44106513E+0000         1
 31550   -0.39391179E+0001   -0.39391179E+0001    0.50553691E+0000         1
 31600   -0.39394173E+0001   -0.39394173E+0001    0.43002400E+0000         1
 31650   -0.39391652E+0001   -0.39391652E+0001    0.50905843E+0000         1
 31700   -0.39388461E+0001   -0.39388461E+0001    0.65983073E+0000         1
 31750   -0.39390786E+0001   -0.39390786E+0001    0.62174226E+0000         1
 31800   -0.39388276E+0001   -0.39388276E+0001    0.65022557E+0000         1
 31850   -0.39388471E+0001   -0.39388471E+0001    0.67177453E+0000         1
 31900   -0.39387361E+0001   -0.39387361E+0001    0.65191714E+0000         1
 31950   -0.39383655E+0001   -0.39383655E+0001    0.64848213E+0000         1
 32000   -0.39388095E+0001   -0.39388095E+0001    0.46534334E+0000         1
 32050   -0.39394103E+0001   -0.39394103E+0001    0.38787109E+0000         1
 32100   -0.39387231E+0001   -0.39387231E+0001    0.53262918E+0000         1
 32150   -0.39390566E+0001   -0.39390566E+0001    0.44619463E+0000         1
 32200   -0.39390634E+0001   -0.39390634E+0001    0.51770651E+0000         1
 32250   -0.39384078E+0001   -0.39384078E+0001    0.74507896E+0000         1
 32300   -0.39386597E+0001   -0.39386597E+0001    0.55001836E+0000         1
 32350   -0.39390415E+0001   -0.39390415E+0001    0.54864016E+0000         1
 32400   -0.39394579E+0001   -0.39394579E+0001    0.37546240E+0000         1
 32450   -0.39395945E+0001   -0.39395945E+0001    0.40633499E+0000         1
 32500   -0.39390899E+0001   -0.39390899E+0001    0.51930681E+0000         1
 32550   -0.39393790E+0001   -0.39393790E+0001    0.46235816E+0000         1
 32600   -0.39383671E+0001   -0.39383671E+0001    0.87538388E+0000         1
 32650   -0.39387784E+0001   -0.39387784E+0001    0.77879703E+0000         1
 32700   -0.39396006E+0001   -0.39396006E+0001    0.42282869E+0000         1
 32750   -0.39396483E+0001   -0.39396483E+0001    0.39224304E+0000         1
 32800   -0.39395173E+0001   -0.39395173E+0001    0.30308418E+0000         1
 32850   -0.39396752E+0001   -0.39396752E+0001    0.33317974E+0000         1
 32900   -0.39395741E+0001   -0.39395741E+0001    0.33836538E+0000         1
 32950   -0.39384556E+0001   -0.39384556E+0001    0.71983580E+0000         1
 33000   -0.39389808E+0001   -0.39389808E+0001    0.51948877E+0000         1
 33050   -0.39386408E+0001   -0.39386408E+0001    0.67623351E+0000         1
 33100   -0.39391061E+0001   -0.39391061E+0001    0.48419913E+0000         1
 33150   -0.39387555E+0001   -0.39387555E+0001    0.59140683E+0000         1
 33200   -0.39390085E+0001   -0.39390085E+0001    0.50145590E+0000         1
 33250   -0.39387436E+0001   -0.39387436E+0001    0.57855714E+0000         1
 33300   -0.39378927E+0001   -0.39378927E+0001    0.73010100E+0000         1
 33350   -0.39389729E+0001   -0.39389729E+0001    0.45523004E+0000         1
 33400   -0.39391206E+0001   -0.39391206E+0001    0.45040234E+0000         1
 33450   -0.39385196E+0001   -0.39385196E+0001    0.57121974E+0000         1
 33500   -0.39386923E+0001   -0.39386923E+0001    0.57735584E+0000         1
 33550   -0.39386000E+0001   -0.39386000E+0001    0.57953123E+0000         1
 33600   -0.39386849E+0001   -0.39386849E+0001    0.56488233E+0000         1
 33650   -0.39393944E+0001   -0.39393944E+0001    0.39017660E+0000         1
 33700   -0.39391043E+0001   -0.39391043E+0001    0.51769805E+0000         1
 33750   -0.39391288E+0001   -0.39391288E+0001    0.53570734E+0000         1
 33800   -0.39392418E+0001   -0.39392418E+0001    0.53804026E+0000         1
 33850   -0.39396345E+0001   -0.39396345E+0001    0.35440573E+0000         1
 33900   -0.39396358E+0001   -0.39396358E+0001    0.39485363E+0000         1
 33950   -0.39398216E+0001   -0.39398216E+0001    0.22845736E+0000         1
 34000   -0.39392078E+0001   -0.39392078E+0001    0.48260769E+0000         1
 34050   -0.39394131E+0001   -0.39394131E+0001    0.37846920E+0000         1
 34100   -0.39393328E+0001   -0.39393328E+0001    0.40263427E+0000         1
 34150   -0.39390996E+0001   -0.39390996E+0001    0.49215798E+0000         1
 34200   -0.39392207E+0001   -0.39392207E+0001    0.48708240E+0000         1
 34250   -0.39388450E+0001   -0.39388450E+0001    0.64696101E+0000         1
 34300   -0.39393771E+0001   -0.39393771E+0001    0.43129395E+0000         1
 34350   -0.39390932E+0001   -0.39390932E+0001    0.54154611E+0000         1
 34400   -0.39395881E+0001   -0.39395881E+0001    0.34635418E+0000         1
 34450   -0.39388606E+0001   -0.39388606E+0001    0.49711884E+0000         1
 34500   -0.39382794E+0001   -0.39382794E+0001    0.59814530E+0000         1
 34550   -0.39380177E+0001   -0.39380177E+0001    0.81385369E+0000         1
 34600   -0.39389675E+0001   -0.39389675E+0001    0.58874215E+0000         1
 34650   -0.39387421E+0001   -0.39387421E+0001    0.56539253E+0000         1
 34700   -0.39384014E+0001   -0.39384014E+0001    0.69240153E+0000         1
 34750   -0.39390249E+0001   -0.39390249E+0001    0.45526832E+0000         1
 34800   -0.39393694E+0001   -0.39393694E+0001    0.39111547E+0000         1
 34850   -0.39388342E+0001   -0.39388342E+0001    0.66919482E+0000         1
 34900   -0.39388485E+0001   -0.39388485E+0001    0.66513606E+0000         1
 34950   -0.39392393E+0001   -0.39392393E+0001    0.53289256E+0000         1
 35000   -0.39394518E+0001   -0.39394518E+0001    0.43073484E+0000         1
 35050   -0.39388910E+0001   -0.39388910E+0001    0.47942189E+0000         1
 35100   -0.39388055E+0001   -0.39388055E+0001    0.53071355E+0000         1
 35150   -0.39390899E+0001   -0.39390899E+0001    0.56150721E+0000         1
 35200   -0.39381957E+0001   -0.39381957E+0001    0.85281100E+0000         1
 35250   -0.39382350E+0001   -0.39382350E+0001    0.78130269E+0000         1
 35300   -0.39388310E+0001   -0.39388310E+0001    0.60432563E+0000         1
 35350   -0.39392467E+0001   -0.39392467E+0001    0.40272061E+0000         1
 35400   -0.39396589E+0001   -0.39396589E+0001    0.32583289E+0000         1
 35450   -0.39388924E+0001   -0.39388924E+0001    0.60839523E+0000         1
 35500   -0.39391866E+0001   -0.39391866E+0001    0.43245096E+0000         1
 35550   -0.39392511E+0001   -0.39392511E+0001    0.45643088E+0000         1
 35600   -0.39393223E+0001   -0.39393223E+0001    0.41808401E+0000         1
 35650   -0.39384772E+0001   -0.39384772E+0001    0.68706012E+0000         1
 35700   -0.39393344E+0001   -0.39393344E+0001    0.31449890E+0000         1
 35750   -0.39385487E+0001   -0.39385487E+0001    0.61104628E+0000         1
 35800   -0.39392731E+0001   -0.39392731E+0001    0.45578160E+0000         1
 35850   -0.39392286E+0001   -0.39392286E+0001    0.51622505E+0000         1
 35900   -0.39393905E+0001   -0.39393905E+0001    0.34119430E+0000         1
 35950   -0.39392722E+0001   -0.39392722E+0001    0.51495140E+0000         1
 36000   -0.39382416E+0001   -0.39382416E+0001    0.75512016E+0000         1
 36050   -0.39387086E+0001   -0.39387086E+0001    0.67625209E+0000         1
 36100   -0.39390977E+0001   -0.39390977E+0001    0.49525491E+0000         1
 36150   -0.39392524E+0001   -0.39392524E+0001    0.45356872E+0000         1
 36200   -0.39395297E+0001   -0.39395297E+0001    0.38712346E+0000         1
 36250   -0.39394984E+0001   -0.39394984E+0001    0.44114325E+0000         1
 36300   -0.39394003E+0001   -0.39394003E+0001    0.48027331E+0000         1
 36350   -0.39391532E+0001   -0.39391532E+0001    0.46248907E+0000         1
 36400   -0.39391759E+0001   -0.39391759E+0001    0.44793837E+0000         1
 36450   -0.39390317E+0001   -0.39390317E+0001    0.42858173E+0000         1
 36500   -0.39382667E+0001   -0.39382667E+0001    0.63151186E+0000         1
 36550   -0.39385633E+0001   -0.39385633E+0001    0.60639676E+0000         1
 36600   -0.39379543E+0001   -0.39379543E+0001    0.63490308E+0000         1
 36650   -0.39381140E+0001   -0.39381140E+0001    0.67055378E+0000         1
 36700   -0.39386202E+0001   -0.39386202E+0001    0.58169176E+0000         1
 36750   -0.39385962E+0001   -0.39385962E+0001    0.54866030E+0000         1
 36800   -0.39390384E+0001   -0.39390384E+0001    0.48576629E+0000         1
 36850   -0.39391672E+0001   -0.39391672E+0001    0.57294211E+0000         1
 36900   -0.39392548E+0001   -0.39392548E+0001    0.46562819E+0000         1
 36950   -0.39397112E+0001   -0.39397112E+0001    0.29842680E+0000         1
 37000   -0.39393639E+0001   -0.39393639E+0001    0.42941048E+0000         1
 37050   -0.39387972E+0001   -0.39387972E+0001    0.69833898E+0000         1
 37100   -0.39390432E+0001   -0.39390432E+0001    0.51553492E+0000         1
 37150   -0.39389661E+0001   -0.39389661E+0001    0.55183393E+0000         1
 37200   -0.39390982E+0001   -0.39390982E+0001    0.50637428E+0000         1
 37250   -0.39391468E+0001   -0.39391468E+0001    0.54660458E+0000         1
 37300   -0.39390239E+0001   -0.39390239E+0001    0.56750960E+0000         1
 37350   -0.39391105E+0001   -0.39391105E+0001    0.56775487E+0000         1
 37400   -0.39393717E+0001   -0.39393717E+0001    0.46624811E+0000         1
 37450   -0.39392649E+0001   -0.39392649E+0001    0.56993785E+0000         1
 37500   -0.39395662E+0001   -0.39395662E+0001    0.39784688E+0000         1
 37550   -0.39388988E+0001   -0.39388988E+0001    0.59350388E+0000         1
 37600   -0.39392298E+0001   -0.39392298E+0001    0.43028202E+0000         1
 37650   -0.39394859E+0001   -0.39394859E+0001    0.27381618E+0000         1
 37700   -0.39389788E+0001   -0.39389788E+0001    0.60886459E+0000         1
 37750   -0.39385370E+0001   -0.39385370E+0001    0.75382356E+0000         1
 37800   -0.39392153E+0001   -0.39392153E+0001    0.47438832E+0000         1
 37850   -0.39391184E+0001   -0.39391184E+0001    0.52774719E+0000         1
 37900   -0.39391577E+0001   -0.39391577E+0001    0.47269699E+0000         1
 37950   -0.39387301E+0001   -0.39387301E+0001    0.55296994E+0000         1
 38000   -0.39393835E+0001   -0.39393835E+0001    0.31965043E+0000         1
 38050   -0.39388763E+0001   -0.39388763E+0001    0.51831381E+0000         1
 38100   -0.39390726E+0001   -0.39390726E+0001    0.43696175E+0000         1
 38150   -0.39392096E+0001   -0.39392096E+0001    0.43707795E+0000         1
 38200   -0.39391826E+0001   -0.39391826E+0001    0.47117040E+0000         1
 38250   -0.39394758E+0001   -0.39394758E+0001    0.32789504E+0000         1
 38300   -0.39390108E+0001   -0.39390108E+0001    0.53888123E+0000         1
 38350   -0.39386408E+0001   -0.39386408E+0001    0.68874480E+0000         1
 38400   -0.39392515E+0001   -0.39392515E+0001    0.47782601E+0000         1
 38450   -0.39390429E+0001   -0.39390429E+0001    0.51102946E+0000         1
 38500   -0.39395691E+0001   -0.39395691E+0001    0.45265126E+0000         1
 38550   -0.39393877E+0001   -0.39393877E+0001    0.43483544E+0000         1
 38600   -0.39386191E+0001   -0.39386191E+0001    0.66330700E+0000         1
 38650   -0.39387375E+0001   -0.39387375E+0001    0.58194618E+0000         1
 38700   -0.39387555E+0001   -0.39387555E+0001    0.48715392E+0000         1
 38750   -0.39391476E+0001   -0.39391476E+0001    0.48967968E+0000         1
 38800   -0.39388127E+0001   -0.39388127E+0001    0.47219320E+0000         1
 38850   -0.39388316E+0001   -0.39388316E+0001    0.50951444E+0000         1
 38900   -0.39391851E+0001   -0.39391851E+0001    0.45655690E+0000         1
 38950   -0.39389640E+0001   -0.39389640E+0001    0.49214505E+0000         1
 39000   -0.39389863E+0001   -0.39389863E+0001    0.45336777E+0000         1
 39050   -0.39385183E+0001   -0.39385183E+0001    0.49739136E+0000         1
 39100   -0.39380537E+0001   -0.39380537E+0001    0.62220923E+0000         1
 39150   -0.39389764E+0001   -0.39389764E+0001    0.47400745E+0000         1
 39200   -0.39390300E+0001   -0.39390300E+0001    0.49356072E+0000         1
 39250   -0.39391207E+0001   -0.39391207E+0001    0.60427085E+0000         1
 39300   -0.39381833E+0001   -0.39381833E+0001    0.77574410E+0000         1
 39350   -0.39388246E+0001   -0.39388246E+0001    0.59982648E+0000         1
 39400   -0.39386164E+0001   -0.39386164E+0001    0.64783151E+0000         1
 39450   -0.39388061E+0001   -0.39388061E+0001    0.46280908E+0000         1
 39500   -0.39388114E+0001   -0.39388114E+0001    0.55268439E+0000         1
 39550   -0.39392165E+0001   -0.39392165E+0001    0.50167372E+0000         1
 39600   -0.39391476E+0001   -0.39391476E+0001    0.48476161E+0000         1
 39650   -0.39392959E+0001   -0.39392959E+0001    0.46414607E+0000         1
 39700   -0.39392691E+0001   -0.39392691E+0001    0.43763723E+0000         1
 39750   -0.39395053E+0001   -0.39395053E+0001    0.41615630E+0000         1
 39800   -0.39390692E+0001   -0.39390692E+0001    0.51489818E+0000         1
 39850   -0.39388243E+0001   -0.39388243E+0001    0.45287721E+0000         1
 39900   -0.39383417E+0001   -0.39383417E+0001    0.70171033E+0000         1
 39950   -0.39383269E+0001   -0.39383269E+0001    0.70624017E+0000         1
 40000   -0.39381831E+0001   -0.39381831E+0001    0.64980167E+0000         1
 40050   -0.39382971E+0001   -0.39382971E+0001    0.62214698E+0000         1
 40100   -0.39386252E+0001   -0.39386252E+0001    0.58356465E+0000         1
 40150   -0.39391999E+0001   -0.39391999E+0001    0.39257501E+0000         1
 40200   -0.39391435E+0001   -0.39391435E+0001    0.40549565E+0000         1
 40250   -0.39390475E+0001   -0.39390475E+0001    0.41311759E+0000         1
 40300   -0.39395460E+0001   -0.39395460E+0001    0.33409890E+0000         1
 40350   -0.39393042E+0001   -0.39393042E+0001    0.47094390E+0000         1
 40400   -0.39392111E+0001   -0.39392111E+0001    0.49952346E+0000         1
 40450   -0.39391471E+0001   -0.39391471E+0001    0.50246367E+0000         1
 40500   -0.39393816E+0001   -0.39393816E+0001    0.42553900E+0000         1
 40550   -0.39390435E+0001   -0.39390435E+0001    0.46835634E+0000         1
 40600   -0.39391353E+0001   -0.39391353E+0001    0.51983728E+0000         1
 40650   -0.39393280E+0001   -0.39393280E+0001    0.44735456E+0000         1
 40700   -0.39394337E+0001   -0.39394337E+0001    0.42368667E+0000         1
 40750   -0.39392019E+0001   -0.39392019E+0001    0.42374170E+0000         1
 40800   -0.39391511E+0001   -0.39391511E+0001    0.43590290E+0000         1
 40850   -0.39390890E+0001   -0.39390890E+0001    0.45273746E+0000         1
 40900   -0.39383258E+0001   -0.39383258E+0001    0.59792298E+0000         1
 40950   -0.39390189E+0001   -0.39390189E+0001    0.46728715E+0000         1
 41000   -0.39392669E+0001   -0.39392669E+0001    0.49876665E+0000         1
 41050   -0.39391042E+0001   -0.39391042E+0001    0.54544928E+0000         1
 41100   -0.39391778E+0001   -0.39391778E+0001    0.46708257E+0000         1
 41150   -0.39390854E+0001   -0.39390854E+0001    0.46517757E+0000         1
 41200   -0.39385800E+0001   -0.39385800E+0001    0.58781515E+0000         1
 41250   -0.39375762E+0001   -0.39375762E+0001    0.91705644E+0000         1
 41300   -0.39391469E+0001   -0.39391469E+0001    0.47478530E+0000         1
 41350   -0.39392867E+0001   -0.39392867E+0001    0.45289968E+0000         1
 41400   -0.39390036E+0001   -0.39390036E+0001    0.55303881E+0000         1
 41450   -0.39393353E+0001   -0.39393353E+0001    0.35560201E+0000         1
 41500   -0.39394136E+0001   -0.39394136E+0001    0.34370693E+0000         1
 41550   -0.39395585E+0001   -0.39395585E+0001    0.31919765E+0000         1
 41600   -0.39392132E+0001   -0.39392132E+0001    0.45547325E+0000         1
 41650   -0.39396272E+0001   -0.39396272E+0001    0.34877092E+0000         1
 41700   -0.39394040E+0001   -0.39394040E+0001    0.60746170E+0000         1
 41750   -0.39393719E+0001   -0.39393719E+0001    0.46358927E+0000         1
 41800   -0.39394818E+0001   -0.39394818E+0001    0.39388021E+0000         1
 41850   -0.39390613E+0001   -0.39390613E+0001    0.47781857E+0000         1
 41900   -0.39389447E+0001   -0.39389447E+0001    0.52241394E+0000         1
 41950   -0.39391175E+0001   -0.39391175E+0001    0.54293074E+0000         1
 42000   -0.39393451E+0001   -0.39393451E+0001    0.41444803E+0000         1
 42050   -0.39391277E+0001   -0.39391277E+0001    0.53236976E+0000         1
 42100   -0.39385534E+0001   -0.39385534E+0001    0.76462198E+0000         1
 42150   -0.39392728E+0001   -0.39392728E+0001    0.41267970E+0000         1
 42200   -0.39393452E+0001   -0.39393452E+0001    0.45335610E+0000         1
 42250   -0.39391087E+0001   -0.39391087E+0001    0.49635905E+0000         1
 42300   -0.39396317E+0001   -0.39396317E+0001    0.34645418E+0000         1
 42350   -0.39394578E+0001   -0.39394578E+0001    0.39929268E+0000         1
 42400   -0.39398201E+0001   -0.39398201E+0001    0.25946039E+0000         1
 42450   -0.39397087E+0001   -0.39397087E+0001    0.25619037E+0000         1
 42500   -0.39388365E+0001   -0.39388365E+0001    0.52669568E+0000         1
 42550   -0.39390318E+0001   -0.39390318E+0001    0.44167050E+0000         1
 42600   -0.39391745E+0001   -0.39391745E+0001    0.48889112E+0000         1
 42650   -0.39392727E+0001   -0.39392727E+0001    0.40605221E+0000         1
 42700   -0.39392242E+0001   -0.39392242E+0001    0.40607856E+0000         1
 42750   -0.39385127E+0001   -0.39385127E+0001    0.60894034E+0000         1
 42800   -0.39391183E+0001   -0.39391183E+0001    0.44545833E+0000         1
 42850   -0.39396795E+0001   -0.39396795E+0001    0.25437984E+0000         1
 42900   -0.39393569E+0001   -0.39393569E+0001    0.43754159E+0000         1
 42950   -0.39389498E+0001   -0.39389498E+0001    0.52800979E+0000         1
 43000   -0.39392049E+0001   -0.39392049E+0001    0.55042336E+0000         1
 43050   -0.39392625E+0001   -0.39392625E+0001    0.43475618E+0000         1
 43100   -0.39388037E+0001   -0.39388037E+0001    0.60035724E+0000         1
 43150   -0.39382965E+0001   -0.39382965E+0001    0.67786657E+0000         1
 43200   -0.39387098E+0001   -0.39387098E+0001    0.63143555E+0000         1
 43250   -0.39390501E+0001   -0.39390501E+0001    0.51046821E+0000         1
 43300   -0.39393002E+0001   -0.39393002E+0001    0.47702871E+0000         1
 43350   -0.39389026E+0001   -0.39389026E+0001    0.62382129E+0000         1
 43400   -0.39389420E+0001   -0.39389420E+0001    0.46892844E+0000         1
 43450   -0.39390029E+0001   -0.39390029E+0001    0.46328179E+0000         1
 43500   -0.39389911E+0001   -0.39389911E+0001    0.49889304E+0000         1
 43550   -0.39391939E+0001   -0.39391939E+0001    0.45820387E+0000         1
 43600   -0.39392343E+0001   -0.39392343E+0001    0.48759922E+0000         1
 43650   -0.39395018E+0001   -0.39395018E+0001    0.34443289E+0000         1
 43700   -0.39392131E+0001   -0.39392131E+0001    0.44955960E+0000         1
 43750   -0.39391589E+0001   -0.39391589E+0001    0.55479308E+0000         1
 43800   -0.39393623E+0001   -0.39393623E+0001    0.42786116E+0000         1
 43850   -0.39396521E+0001   -0.39396521E+0001    0.38881074E+0000         1
 43900   -0.39396444E+0001   -0.39396444E+0001    0.27926527E+0000         1
 43950   -0.39389982E+0001   -0.39389982E+0001    0.56864356E+0000         1
 44000   -0.39389251E+0001   -0.39389251E+0001    0.66096978E+0000         1
 44050   -0.39389782E+0001   -0.39389782E+0001    0.51171574E+0000         1
 44100   -0.39390459E+0001   -0.39390459E+0001    0.55438052E+0000         1
 44150   -0.39392133E+0001   -0.39392133E+0001    0.49968777E+0000         1
 44200   -0.39392078E+0001   -0.39392078E+0001    0.42796462E+0000         1
 44250   -0.39391881E+0001   -0.39391881E+0001    0.42202371E+0000         1
 44300   -0.39388616E+0001   -0.39388616E+0001    0.53052381E+0000         1
 44350   -0.39390487E+0001   -0.39390487E+0001    0.44414610E+0000         1
 44400   -0.39387712E+0001   -0.39387712E+0001    0.58844878E+0000         1
 44450   -0.39389242E+0001   -0.39389242E+0001    0.50028268E+0000         1
 44500   -0.39394605E+0001   -0.39394605E+0001    0.38609932E+0000         1
 44550   -0.39384688E+0001   -0.39384688E+0001    0.72504854E+0000         1
 44600   -0.39390365E+0001   -0.39390365E+0001    0.57689706E+0000         1
 44650   -0.39390729E+0001   -0.39390729E+0001    0.50000651E+0000         1
 44700   -0.39395182E+0001   -0.39395182E+0001    0.32897808E+0000         1
 44750   -0.39394151E+0001   -0.39394151E+0001    0.36017785E+0000         1
 44800   -0.39388568E+0001   -0.39388568E+0001    0.52135406E+0000         1
 44850   -0.39391935E+0001   -0.39391935E+0001    0.42015611E+0000         1
 44900   -0.39387518E+0001   -0.39387518E+0001    0.58214841E+0000         1
 44950   -0.39387078E+0001   -0.39387078E+0001    0.56811929E+0000         1
 45000   -0.39388394E+0001   -0.39388394E+0001    0.54896351E+0000         1
 45050   -0.39389125E+0001   -0.39389125E+0001    0.62582978E+0000         1
 45100   -0.39389725E+0001   -0.39389725E+0001    0.54502065E+0000         1
 45150   -0.39386498E+0001   -0.39386498E+0001    0.65024284E+0000         1
 45200   -0.39383945E+0001   -0.39383945E+0001    0.79107693E+0000         1
 45250   -0.39391868E+0001   -0.39391868E+0001    0.49419734E+0000         1
 45300   -0.39387261E+0001   -0.39387261E+0001    0.58416774E+0000         1
 45350   -0.39383663E+0001   -0.39383663E+0001    0.67717126E+0000         1
 45400   -0.39386971E+0001   -0.39386971E+0001    0.56378755E+0000         1
 45450   -0.39388083E+0001   -0.39388083E+0001    0.52765492E+0000         1
 45500   -0.39388276E+0001   -0.39388276E+0001    0.52834599E+0000         1
 45550   -0.39385159E+0001   -0.39385159E+0001    0.53948997E+0000         1
 45600   -0.39387506E+0001   -0.39387506E+0001    0.45877967E+0000         1
 45650   -0.39388734E+0001   -0.39388734E+0001    0.54187989E+0000         1
 45700   -0.39393459E+0001   -0.39393459E+0001    0.41951251E+0000         1
 45750   -0.39390412E+0001   -0.39390412E+0001    0.48647783E+0000         1
 45800   -0.39392887E+0001   -0.39392887E+0001    0.36431583E+0000         1
 45850   -0.39389815E+0001   -0.39389815E+0001    0.57037074E+0000         1
 45900   -0.39392932E+0001   -0.39392932E+0001    0.44393222E+0000         1
 45950   -0.39392909E+0001   -0.39392909E+0001    0.42485862E+0000         1
 46000   -0.39390305E+0001   -0.39390305E+0001    0.53775369E+0000         1
 46050   -0.39390814E+0001   -0.39390814E+0001    0.54793123E+0000         1
 46100   -0.39390893E+0001   -0.39390893E+0001    0.51909602E+0000         1
 46150   -0.39394075E+0001   -0.39394075E+0001    0.40875451E+0000         1
 46200   -0.39388394E+0001   -0.39388394E+0001    0.58839094E+0000         1
 46250   -0.39391412E+0001   -0.39391412E+0001    0.45473377E+0000         1
 46300   -0.39388725E+0001   -0.39388725E+0001    0.59307265E+0000         1
 46350   -0.39382023E+0001   -0.39382023E+0001    0.76407122E+0000         1
 46400   -0.39391721E+0001   -0.39391721E+0001    0.40055064E+0000         1
 46450   -0.39388799E+0001   -0.39388799E+0001    0.54055630E+0000         1
 46500   -0.39394124E+0001   -0.39394124E+0001    0.30772271E+0000         1
 46550   -0.39389738E+0001   -0.39389738E+0001    0.44201740E+0000         1
 46600   -0.39394595E+0001   -0.39394595E+0001    0.35731727E+0000         1
 46650   -0.39392635E+0001   -0.39392635E+0001    0.43446276E+0000         1
 46700   -0.39394220E+0001   -0.39394220E+0001    0.34076373E+0000         1
 46750   -0.39386057E+0001   -0.39386057E+0001    0.68736285E+0000         1
 46800   -0.39380859E+0001   -0.39380859E+0001    0.68514353E+0000         1
 46850   -0.39388444E+0001   -0.39388444E+0001    0.50484809E+0000         1
 46900   -0.39388296E+0001   -0.39388296E+0001    0.58951545E+0000         1
 46950   -0.39393927E+0001   -0.39393927E+0001    0.38955606E+0000         1
 47000   -0.39395234E+0001   -0.39395234E+0001    0.37380851E+0000         1
 47050   -0.39392240E+0001   -0.39392240E+0001    0.46034426E+0000         1
 47100   -0.39385949E+0001   -0.39385949E+0001    0.70600935E+0000         1
 47150   -0.39384884E+0001   -0.39384884E+0001    0.68745828E+0000         1
 47200   -0.39379933E+0001   -0.39379933E+0001    0.72779595E+0000         1
 47250   -0.39391559E+0001   -0.39391559E+0001    0.47162156E+0000         1
 47300   -0.39394125E+0001   -0.39394125E+0001    0.32520770E+0000         1
 47350   -0.39389189E+0001   -0.39389189E+0001    0.47970874E+0000         1
 47400   -0.39382203E+0001   -0.39382203E+0001    0.60340502E+0000         1
 47450   -0.39379264E+0001   -0.39379264E+0001    0.77715812E+0000         1
 47500   -0.39381666E+0001   -0.39381666E+0001    0.64448887E+0000         1
 47550   -0.39391026E+0001   -0.39391026E+0001    0.46988601E+0000         1
 47600   -0.39392816E+0001   -0.39392816E+0001    0.39887750E+0000         1
 47650   -0.39391763E+0001   -0.39391763E+0001    0.45612046E+0000         1
 47700   -0.39390120E+0001   -0.39390120E+0001    0.43965731E+0000         1
 47750   -0.39390205E+0001   -0.39390205E+0001    0.44379076E+0000         1
 47800   -0.39390311E+0001   -0.39390311E+0001    0.42925318E+0000         1
 47850   -0.39394245E+0001   -0.39394245E+0001    0.35423570E+0000         1
 47900   -0.39392062E+0001   -0.39392062E+0001    0.42133955E+0000         1
 47950   -0.39391436E+0001   -0.39391436E+0001    0.41959234E+0000         1
 48000   -0.39387043E+0001   -0.39387043E+0001    0.58209285E+0000         1
