     1   -0.39239987E+0001   -0.39245861E+0001    0.19301297E+0001     12008
    50   -0.39250993E+0001   -0.39294054E+0001    0.13449064E+0001     12629
   100   -0.39278456E+0001   -0.39320964E+0001    0.11470164E+0001     13298
   150   -0.39297719E+0001   -0.39341471E+0001    0.10248972E+0001     13685
   200   -0.39316924E+0001   -0.39354032E+0001    0.94528572E+0000     14213
   250   -0.39331552E+0001   -0.39366951E+0001    0.82076932E+0000     14704
   300   -0.39342324E+0001   -0.39374399E+0001    0.71924559E+0000     15063
   350   -0.39353369E+0001   -0.39377100E+0001    0.65295494E+0000     15551
   400   -0.39363059E+0001   -0.39383839E+0001    0.60044410E+0000     15923
     1   -0.39239878E+0001   -0.39245814E+0001    0.19301297E+0001     11998
    50   -0.39243033E+0001   -0.39286362E+0001    0.14768268E+0001     12409
   100   -0.39265276E+0001   -0.39316198E+0001    0.12642854E+0001     13042
   150   -0.39284557E+0001   -0.39331358E+0001    0.10646870E+0001     13591
   200   -0.39310095E+0001   -0.39349079E+0001    0.90346367E+0000     14171
   250   -0.39328432E+0001   -0.39366326E+0001    0.75963192E+0000     14562
   300   -0.39346263E+0001   -0.39378845E+0001    0.54831889E+0000     15479
   350   -0.39361095E+0001   -0.39386676E+0001    0.49511639E+0000     16176
   400   -0.39370747E+0001   -0.39390843E+0001    0.48803209E+0000     16709
     1   -0.39239769E+0001   -0.39245703E+0001    0.19301297E+0001     12004
    50   -0.39242093E+0001   -0.39289530E+0001    0.14035165E+0001     12313
   100   -0.39270806E+0001   -0.39318762E+0001    0.11741473E+0001     13357
   150   -0.39293889E+0001   -0.39337002E+0001    0.95607084E+0000     14124
   200   -0.39317954E+0001   -0.39351627E+0001    0.84863470E+0000     14752
   250   -0.39328222E+0001   -0.39362600E+0001    0.79329988E+0000     15052
   300   -0.39338374E+0001   -0.39375247E+0001    0.76055414E+0000     15369
   350   -0.39349224E+0001   -0.39381780E+0001    0.64099658E+0000     15338
   400   -0.39358382E+0001   -0.39387134E+0001    0.57512073E+0000     15656
     1   -0.39239786E+0001   -0.39247496E+0001    0.19301297E+0001     11997
    50   -0.39237748E+0001   -0.39297000E+0001    0.13616700E+0001     12786
   100   -0.39278485E+0001   -0.39317136E+0001    0.11952250E+0001     13758
   150   -0.39293031E+0001   -0.39337600E+0001    0.10449063E+0001     14487
   200   -0.39305130E+0001   -0.39350544E+0001    0.91207847E+0000     14740
   250   -0.39319352E+0001   -0.39361795E+0001    0.84889597E+0000     15178
   300   -0.39336666E+0001   -0.39372205E+0001    0.72136515E+0000     15692
   350   -0.39348716E+0001   -0.39380175E+0001    0.61162244E+0000     16148
   400   -0.39364071E+0001   -0.39385988E+0001    0.50864410E+0000     16678
     1   -0.39239656E+0001   -0.39247432E+0001    0.19301297E+0001     12015
    50   -0.39234073E+0001   -0.39291720E+0001    0.15085768E+0001     12623
   100   -0.39261697E+0001   -0.39320493E+0001    0.11596476E+0001     13962
   150   -0.39293633E+0001   -0.39330378E+0001    0.10243509E+0001     14742
   200   -0.39305099E+0001   -0.39340922E+0001    0.94291909E+0000     15682
   250   -0.39314115E+0001   -0.39351704E+0001    0.85462156E+0000     15962
   300   -0.39327057E+0001   -0.39356925E+0001    0.82736307E+0000     16387
   350   -0.39334186E+0001   -0.39364570E+0001    0.76941207E+0000     16805
   400   -0.39341673E+0001   -0.39372602E+0001    0.65547317E+0000     17110
     1   -0.39239584E+0001   -0.39245566E+0001    0.19301297E+0001     11998
    50   -0.39230171E+0001   -0.39283206E+0001    0.13582012E+0001     12774
   100   -0.39256020E+0001   -0.39304691E+0001    0.12146362E+0001     13658
   150   -0.39261909E+0001   -0.39308497E+0001    0.11768077E+0001     14380
   200   -0.39271691E+0001   -0.39321291E+0001    0.10398208E+0001     15034
   250   -0.39285287E+0001   -0.39336157E+0001    0.96584600E+0000     15837
   300   -0.39304929E+0001   -0.39345059E+0001    0.91990247E+0000     16017
   350   -0.39314880E+0001   -0.39352003E+0001    0.87670807E+0000     16290
   400   -0.39324658E+0001   -0.39360196E+0001    0.85772590E+0000     16560
     1   -0.39239521E+0001   -0.39246259E+0001    0.19301297E+0001     11999
    50   -0.39225912E+0001   -0.39278014E+0001    0.15251323E+0001     12118
   100   -0.39243135E+0001   -0.39298186E+0001    0.13857481E+0001     13015
   150   -0.39258232E+0001   -0.39314403E+0001    0.12268773E+0001     13989
   200   -0.39278739E+0001   -0.39327498E+0001    0.11524382E+0001     14806
   250   -0.39293682E+0001   -0.39342334E+0001    0.10835600E+0001     15398
   300   -0.39303555E+0001   -0.39336389E+0001    0.10251997E+0001     15932
   350   -0.39311387E+0001   -0.39342605E+0001    0.99326421E+0000     16849
   400   -0.39315534E+0001   -0.39349802E+0001    0.87325558E+0000     17223
     1   -0.39239504E+0001   -0.39246912E+0001    0.19301297E+0001     12007
    50   -0.39226787E+0001   -0.39277621E+0001    0.14982708E+0001     12490
   100   -0.39238020E+0001   -0.39290994E+0001    0.14198503E+0001     13076
   150   -0.39243895E+0001   -0.39305776E+0001    0.13011312E+0001     13800
   200   -0.39253782E+0001   -0.39307036E+0001    0.12249070E+0001     14505
   250   -0.39260941E+0001   -0.39311199E+0001    0.12226113E+0001     15081
   300   -0.39263193E+0001   -0.39320543E+0001    0.10910943E+0001     15138
   350   -0.39271984E+0001   -0.39326309E+0001    0.11127870E+0001     15477
   400   -0.39290120E+0001   -0.39333035E+0001    0.10200900E+0001     16092
     1   -0.39239420E+0001   -0.39246369E+0001    0.19301297E+0001     12001
    50   -0.39221523E+0001   -0.39272576E+0001    0.15813750E+0001     12741
   100   -0.39233400E+0001   -0.39286127E+0001    0.14112110E+0001     13814
   150   -0.39246621E+0001   -0.39292654E+0001    0.12987177E+0001     14670
   200   -0.39255301E+0001   -0.39304678E+0001    0.11584421E+0001     15340
   250   -0.39264878E+0001   -0.39318499E+0001    0.11242330E+0001     15890
   300   -0.39278460E+0001   -0.39318508E+0001    0.10440008E+0001     16379
   350   -0.39281330E+0001   -0.39332080E+0001    0.10178000E+0001     16875
   400   -0.39291967E+0001   -0.39342956E+0001    0.97923406E+0000     17633
     1   -0.39239388E+0001   -0.39245967E+0001    0.19301297E+0001     12000
    50   -0.39220640E+0001   -0.39276010E+0001    0.15007507E+0001     12919
   100   -0.39238450E+0001   -0.39291163E+0001    0.13877231E+0001     14305
   150   -0.39250878E+0001   -0.39301444E+0001    0.12571041E+0001     14956
   200   -0.39261310E+0001   -0.39303874E+0001    0.11630075E+0001     15499
   250   -0.39266734E+0001   -0.39309003E+0001    0.11695180E+0001     16134
   300   -0.39270670E+0001   -0.39314479E+0001    0.11501748E+0001     16406
   350   -0.39273701E+0001   -0.39319706E+0001    0.11147516E+0001     16743
   400   -0.39276285E+0001   -0.39321282E+0001    0.10982188E+0001     17418
     1   -0.39239404E+0001   -0.39245965E+0001    0.19301297E+0001     12010
    50   -0.39217608E+0001   -0.39273719E+0001    0.14926162E+0001     13122
   100   -0.39232948E+0001   -0.39297226E+0001    0.13638821E+0001     14257
   150   -0.39253129E+0001   -0.39314573E+0001    0.11922255E+0001     15171
   200   -0.39274542E+0001   -0.39324163E+0001    0.11604670E+0001     15960
   250   -0.39281178E+0001   -0.39322201E+0001    0.10844041E+0001     16376
   300   -0.39287878E+0001   -0.39329772E+0001    0.10282369E+0001     16889
   350   -0.39297149E+0001   -0.39338834E+0001    0.90117895E+0000     17611
   400   -0.39303871E+0001   -0.39339590E+0001    0.96359951E+0000     18149
     1   -0.39239313E+0001   -0.39246882E+0001    0.19301297E+0001     11995
    50   -0.39217130E+0001   -0.39270606E+0001    0.16092951E+0001     12613
   100   -0.39221995E+0001   -0.39287286E+0001    0.13702050E+0001     13507
   150   -0.39244775E+0001   -0.39298730E+0001    0.12694869E+0001     14580
   200   -0.39254235E+0001   -0.39308930E+0001    0.12279276E+0001     15169
   250   -0.39261676E+0001   -0.39309564E+0001    0.11360647E+0001     15832
   300   -0.39264856E+0001   -0.39313444E+0001    0.11576199E+0001     16595
   350   -0.39267120E+0001   -0.39322189E+0001    0.11328571E+0001     17326
   400   -0.39268373E+0001   -0.39317339E+0001    0.11225980E+0001     17658
     1   -0.39239326E+0001   -0.39246301E+0001    0.19301297E+0001     12001
    50   -0.39213932E+0001   -0.39272172E+0001    0.15899580E+0001     12510
   100   -0.39220073E+0001   -0.39276038E+0001    0.14835326E+0001     13660
   150   -0.39226924E+0001   -0.39283212E+0001    0.13695830E+0001     14845
   200   -0.39233253E+0001   -0.39285705E+0001    0.12271168E+0001     15630
   250   -0.39238970E+0001   -0.39290250E+0001    0.12197850E+0001     16481
   300   -0.39240696E+0001   -0.39305014E+0001    0.11785017E+0001     17168
   350   -0.39240936E+0001   -0.39307338E+0001    0.12039922E+0001     17481
   400   -0.39245480E+0001   -0.39314766E+0001    0.11774246E+0001     18085
     1   -0.39239248E+0001   -0.39247175E+0001    0.19301297E+0001     11994
    50   -0.39215522E+0001   -0.39277385E+0001    0.15028905E+0001     12865
   100   -0.39239454E+0001   -0.39293659E+0001    0.13715739E+0001     13567
   150   -0.39251616E+0001   -0.39302727E+0001    0.12979652E+0001     14268
   200   -0.39259999E+0001   -0.39308623E+0001    0.12224860E+0001     15141
   250   -0.39263063E+0001   -0.39314099E+0001    0.11763419E+0001     15792
   300   -0.39263118E+0001   -0.39323802E+0001    0.10413610E+0001     16239
   350   -0.39289408E+0001   -0.39334751E+0001    0.93538246E+0000     17401
   400   -0.39301966E+0001   -0.39345089E+0001    0.91222473E+0000     17641
     1   -0.39239242E+0001   -0.39247067E+0001    0.19301297E+0001     11993
    50   -0.39209979E+0001   -0.39267384E+0001    0.15763870E+0001     12747
   100   -0.39222449E+0001   -0.39276355E+0001    0.14610459E+0001     14069
   150   -0.39217941E+0001   -0.39279054E+0001    0.14216211E+0001     14968
   200   -0.39222805E+0001   -0.39289589E+0001    0.13524258E+0001     15789
   250   -0.39224388E+0001   -0.39299592E+0001    0.13043990E+0001     16673
   300   -0.39236061E+0001   -0.39295735E+0001    0.13343893E+0001     17720
   350   -0.39246336E+0001   -0.39299274E+0001    0.12393436E+0001     18447
   400   -0.39255878E+0001   -0.39309594E+0001    0.11865508E+0001     19106
     1   -0.39239211E+0001   -0.39245950E+0001    0.19301297E+0001     12006
    50   -0.39211092E+0001   -0.39274572E+0001    0.15822495E+0001     12295
   100   -0.39225122E+0001   -0.39279664E+0001    0.14944766E+0001     13512
   150   -0.39232409E+0001   -0.39283660E+0001    0.13586459E+0001     14355
   200   -0.39233370E+0001   -0.39289745E+0001    0.13467364E+0001     15220
   250   -0.39224937E+0001   -0.39278499E+0001    0.13402167E+0001     15739
   300   -0.39217307E+0001   -0.39289050E+0001    0.12745329E+0001     16259
   350   -0.39210528E+0001   -0.39279992E+0001    0.13035285E+0001     16737
   400   -0.39207738E+0001   -0.39269932E+0001    0.13418415E+0001     17442
   450   -0.39192794E+0001   -0.39250930E+0001    0.13762527E+0001     17679
   500   -0.39179493E+0001   -0.39245174E+0001    0.13830050E+0001     17994
   550   -0.39166433E+0001   -0.39234280E+0001    0.14138707E+0001     18538
   600   -0.39150430E+0001   -0.39223111E+0001    0.14586756E+0001     19108
   650   -0.39136225E+0001   -0.39204344E+0001    0.14800063E+0001     19778
   700   -0.39116971E+0001   -0.39189383E+0001    0.14979044E+0001     19992
   750   -0.39099779E+0001   -0.39189664E+0001    0.15196920E+0001     20483
   800   -0.39085939E+0001   -0.39192924E+0001    0.14884929E+0001     20992
   850   -0.39074064E+0001   -0.39184200E+0001    0.15248626E+0001     21932
   900   -0.39063185E+0001   -0.39167697E+0001    0.15293945E+0001     22836
   950   -0.39049892E+0001   -0.39154823E+0001    0.15596364E+0001     22983
  1000   -0.39031790E+0001   -0.39166142E+0001    0.15770504E+0001     23633
  1050   -0.39013899E+0001   -0.39117987E+0001    0.16293945E+0001     24353
  1100   -0.38986196E+0001   -0.39111469E+0001    0.16242626E+0001     24804
  1150   -0.38959562E+0001   -0.39093782E+0001    0.16875377E+0001     25724
  1200   -0.38931980E+0001   -0.39081376E+0001    0.17060166E+0001     26602
  1250   -0.38891964E+0001   -0.39063256E+0001    0.17491543E+0001     27220
  1300   -0.38847023E+0001   -0.39043418E+0001    0.17765892E+0001     27661
  1350   -0.38798098E+0001   -0.39003721E+0001    0.17834969E+0001     28677
  1400   -0.38752403E+0001   -0.38959856E+0001    0.18000456E+0001     29601
  1450   -0.38708315E+0001   -0.38888235E+0001    0.18192502E+0001     30374
  1500   -0.38658995E+0001   -0.38856890E+0001    0.18259557E+0001     31396
  1550   -0.38606987E+0001   -0.38802133E+0001    0.18412235E+0001     32149
  1600   -0.38551066E+0001   -0.38725194E+0001    0.18487657E+0001     33233
  1601   -0.38553473E+0001   -0.38553473E+0001    0.18371011E+0001     12000
  1650   -0.38601503E+0001   -0.38662013E+0001    0.18171457E+0001     12071
  1700   -0.38548515E+0001   -0.38638429E+0001    0.18515573E+0001     12092
  1750   -0.38495876E+0001   -0.38595587E+0001    0.18528946E+0001     12204
  1800   -0.38443444E+0001   -0.38554520E+0001    0.18581920E+0001     12416
  1850   -0.38393204E+0001   -0.38519082E+0001    0.18730717E+0001     12654
  1900   -0.38344785E+0001   -0.38487957E+0001    0.18805504E+0001     12902
  1950   -0.38297019E+0001   -0.38460104E+0001    0.18825386E+0001     13378
  2000   -0.38247608E+0001   -0.38417306E+0001    0.19030100E+0001     13671
  2050   -0.38194428E+0001   -0.38367369E+0001    0.18975869E+0001     14032
  2100   -0.38139000E+0001   -0.38304367E+0001    0.19024331E+0001     14464
  2150   -0.38085102E+0001   -0.38251039E+0001    0.18968191E+0001     14671
  2200   -0.38032715E+0001   -0.38194661E+0001    0.19124334E+0001     14879
  2250   -0.37979242E+0001   -0.38124707E+0001    0.19179147E+0001     15126
  2300   -0.37921240E+0001   -0.38058582E+0001    0.19179240E+0001     15328
  2350   -0.37862197E+0001   -0.38011350E+0001    0.19249324E+0001     15723
  2400   -0.37804995E+0001   -0.37991578E+0001    0.19173943E+0001     16245
  2450   -0.37754846E+0001   -0.37927653E+0001    0.19254647E+0001     16774
  2500   -0.37706611E+0001   -0.37885011E+0001    0.19308119E+0001     17431
  2550   -0.37662285E+0001   -0.37808395E+0001    0.19285707E+0001     17601
  2600   -0.37618489E+0001   -0.37758429E+0001    0.19408881E+0001     18099
  2650   -0.37568792E+0001   -0.37733805E+0001    0.19494324E+0001     18624
  2700   -0.37518705E+0001   -0.37666919E+0001    0.19663081E+0001     18931
  2750   -0.37467400E+0001   -0.37611704E+0001    0.19653420E+0001     19633
  2800   -0.37416041E+0001   -0.37572450E+0001    0.19833931E+0001     19866
  2850   -0.37364271E+0001   -0.37530361E+0001    0.19895921E+0001     20166
  2900   -0.37310792E+0001   -0.37485161E+0001    0.20072267E+0001     20903
  2950   -0.37256321E+0001   -0.37429579E+0001    0.20179590E+0001     21105
  3000   -0.37200398E+0001   -0.37384368E+0001    0.20315823E+0001     21508
  3050   -0.37142483E+0001   -0.37359667E+0001    0.20426497E+0001     21732
  3100   -0.37081741E+0001   -0.37263508E+0001    0.20419709E+0001     22181
  3150   -0.37026383E+0001   -0.37219462E+0001    0.20493825E+0001     23075
  3200   -0.36976109E+0001   -0.37146493E+0001    0.20697368E+0001     23537
  3201   -0.36979147E+0001   -0.36979147E+0001    0.20702061E+0001     12000
  3250   -0.37042103E+0001   -0.37121801E+0001    0.20480628E+0001     12055
  3300   -0.36981449E+0001   -0.37078459E+0001    0.20644551E+0001     12331
  3350   -0.36923643E+0001   -0.37040032E+0001    0.20803328E+0001     12601
  3400   -0.36869312E+0001   -0.37001408E+0001    0.20835682E+0001     12784
  3450   -0.36819790E+0001   -0.36968722E+0001    0.20986844E+0001     13071
  3500   -0.36771778E+0001   -0.36924260E+0001    0.21185155E+0001     13310
  3550   -0.36723782E+0001   -0.36882639E+0001    0.21345616E+0001     13390
  3600   -0.36676509E+0001   -0.36835979E+0001    0.21453384E+0001     13554
  3650   -0.36633483E+0001   -0.36781136E+0001    0.21619130E+0001     13837
  3700   -0.36592496E+0001   -0.36756692E+0001    0.21759236E+0001     14067
  3750   -0.36549260E+0001   -0.36704734E+0001    0.21757858E+0001     14347
  3800   -0.36509588E+0001   -0.36652103E+0001    0.22033490E+0001     14643
  3850   -0.36466853E+0001   -0.36613033E+0001    0.22139749E+0001     14931
  3900   -0.36417337E+0001   -0.36565862E+0001    0.22241717E+0001     15555
  3950   -0.36362194E+0001   -0.36512647E+0001    0.22258166E+0001     15975
  4000   -0.36305627E+0001   -0.36463529E+0001    0.22406506E+0001     16292
  4050   -0.36252071E+0001   -0.36397234E+0001    0.22648999E+0001     16765
  4100   -0.36203771E+0001   -0.36352921E+0001    0.22647794E+0001     17207
  4150   -0.36151672E+0001   -0.36296397E+0001    0.22959294E+0001     17582
  4200   -0.36098976E+0001   -0.36263676E+0001    0.22793776E+0001     17973
  4250   -0.36051553E+0001   -0.36231556E+0001    0.23015619E+0001     18448
  4300   -0.36004712E+0001   -0.36183065E+0001    0.23105256E+0001     18982
  4350   -0.35951329E+0001   -0.36145859E+0001    0.23164143E+0001     19623
  4400   -0.35897097E+0001   -0.36095755E+0001    0.23344497E+0001     20061
  4450   -0.35842062E+0001   -0.36028816E+0001    0.23276401E+0001     20316
  4500   -0.35783570E+0001   -0.35970933E+0001    0.23470465E+0001     20714
  4550   -0.35719909E+0001   -0.35918853E+0001    0.23561401E+0001     21587
  4600   -0.35649632E+0001   -0.35870617E+0001    0.23592389E+0001     22470
  4650   -0.35568495E+0001   -0.35817156E+0001    0.23656846E+0001     23254
  4700   -0.35484133E+0001   -0.35782269E+0001    0.23824143E+0001     23900
  4750   -0.35403223E+0001   -0.35767907E+0001    0.23929490E+0001     24419
  4800   -0.35328467E+0001   -0.35661885E+0001    0.23827015E+0001     25332
  4801   -0.35332663E+0001   -0.35332663E+0001    0.24153533E+0001     12000
  4850   -0.35421221E+0001   -0.35505998E+0001    0.23754636E+0001     11967
  4900   -0.35346238E+0001   -0.35459533E+0001    0.23884384E+0001     12040
  4950   -0.35274329E+0001   -0.35418805E+0001    0.23919807E+0001     12352
  5000   -0.35205222E+0001   -0.35358754E+0001    0.23986404E+0001     12590
  5050   -0.35137248E+0001   -0.35309928E+0001    0.23870522E+0001     12848
  5100   -0.35065531E+0001   -0.35261669E+0001    0.24074669E+0001     13172
  5150   -0.34995390E+0001   -0.35160639E+0001    0.23933967E+0001     13517
  5200   -0.34931179E+0001   -0.35108853E+0001    0.23912036E+0001     13699
  5250   -0.34867449E+0001   -0.35073661E+0001    0.23877836E+0001     13974
  5300   -0.34805806E+0001   -0.35015768E+0001    0.23782551E+0001     14430
  5350   -0.34741665E+0001   -0.34931014E+0001    0.23844492E+0001     14491
  5400   -0.34666933E+0001   -0.34865397E+0001    0.23674873E+0001     14931
  5450   -0.34589532E+0001   -0.34822198E+0001    0.23581464E+0001     15096
  5500   -0.34521508E+0001   -0.34750039E+0001    0.23322963E+0001     15662
  5550   -0.34461691E+0001   -0.34667632E+0001    0.23265881E+0001     16175
  5600   -0.34405937E+0001   -0.34591048E+0001    0.23232282E+0001     16561
  5650   -0.34351000E+0001   -0.34523643E+0001    0.23045742E+0001     17171
  5700   -0.34289573E+0001   -0.34466701E+0001    0.23016155E+0001     17486
  5750   -0.34222041E+0001   -0.34406865E+0001    0.22823524E+0001     17958
  5800   -0.34156560E+0001   -0.34350619E+0001    0.22565812E+0001     18318
  5850   -0.34089601E+0001   -0.34263532E+0001    0.22433190E+0001     18830
  5900   -0.34021792E+0001   -0.34195467E+0001    0.22331761E+0001     19595
  5950   -0.33957789E+0001   -0.34160220E+0001    0.22012130E+0001     20126
  6000   -0.33892763E+0001   -0.34128853E+0001    0.21982482E+0001     20893
  6050   -0.33826300E+0001   -0.34044248E+0001    0.21801679E+0001     21369
  6100   -0.33760641E+0001   -0.33948258E+0001    0.21697738E+0001     21930
  6150   -0.33695193E+0001   -0.33886023E+0001    0.21181463E+0001     22249
  6200   -0.33626891E+0001   -0.33819507E+0001    0.21167125E+0001     22443
  6250   -0.33557933E+0001   -0.33745364E+0001    0.20931105E+0001     22896
  6300   -0.33488486E+0001   -0.33711356E+0001    0.20616828E+0001     23253
  6350   -0.33421895E+0001   -0.33646291E+0001    0.20412725E+0001     23608
  6400   -0.33351424E+0001   -0.33604160E+0001    0.20294302E+0001     23933
  6401   -0.33354432E+0001   -0.33354432E+0001    0.20437327E+0001     12000
  6450   -0.33419230E+0001   -0.33497465E+0001    0.20412498E+0001     12050
  6500   -0.33362128E+0001   -0.33461264E+0001    0.20298008E+0001     12102
  6550   -0.33303498E+0001   -0.33435344E+0001    0.20200699E+0001     11992
  6600   -0.33244770E+0001   -0.33428346E+0001    0.19975559E+0001     12316
  6650   -0.33184995E+0001   -0.33340269E+0001    0.19702242E+0001     12667
  6700   -0.33125427E+0001   -0.33275997E+0001    0.19556155E+0001     12905
  6750   -0.33067912E+0001   -0.33229890E+0001    0.19394218E+0001     13133
  6800   -0.33012194E+0001   -0.33187720E+0001    0.19115210E+0001     13575
  6850   -0.32954356E+0001   -0.33145708E+0001    0.18733903E+0001     13771
  6900   -0.32891795E+0001   -0.33086443E+0001    0.18338500E+0001     13850
  6950   -0.32823452E+0001   -0.33035024E+0001    0.18029653E+0001     14113
  7000   -0.32753641E+0001   -0.32943181E+0001    0.17919503E+0001     14290
  7050   -0.32681850E+0001   -0.32891977E+0001    0.17583595E+0001     14535
  7100   -0.32616483E+0001   -0.32829227E+0001    0.17250954E+0001     14834
  7150   -0.32553814E+0001   -0.32786293E+0001    0.16927127E+0001     15136
  7200   -0.32495609E+0001   -0.32723402E+0001    0.16687978E+0001     15364
  7250   -0.32441921E+0001   -0.32684905E+0001    0.16537004E+0001     15718
  7300   -0.32391413E+0001   -0.32601438E+0001    0.16250673E+0001     16032
  7350   -0.32342436E+0001   -0.32565535E+0001    0.15840598E+0001     16179
  7400   -0.32296267E+0001   -0.32449495E+0001    0.15653063E+0001     16445
  7450   -0.32253531E+0001   -0.32409667E+0001    0.15495112E+0001     16959
  7500   -0.32211136E+0001   -0.32376267E+0001    0.15116413E+0001     16893
  7550   -0.32168273E+0001   -0.32331456E+0001    0.14913182E+0001     17273
  7600   -0.32125150E+0001   -0.32297122E+0001    0.14423618E+0001     17516
  7650   -0.32079883E+0001   -0.32226061E+0001    0.14220870E+0001     17712
  7700   -0.32030747E+0001   -0.32181688E+0001    0.13916315E+0001     17961
  7750   -0.31975161E+0001   -0.32155694E+0001    0.13669806E+0001     18245
  7800   -0.31923284E+0001   -0.32089933E+0001    0.13448311E+0001     18674
  7850   -0.31881162E+0001   -0.32056525E+0001    0.13151395E+0001     18939
  7900   -0.31846130E+0001   -0.32008702E+0001    0.12838367E+0001     19017
  7950   -0.31810936E+0001   -0.31943765E+0001    0.12793956E+0001     19121
  8000   -0.31777258E+0001   -0.31918733E+0001    0.12536301E+0001     19437
  8001   -0.31778425E+0001   -0.31778425E+0001    0.12642989E+0001     12000
  8050   -0.31803749E+0001   -0.31848722E+0001    0.12801670E+0001     12005
  8100   -0.31782317E+0001   -0.31851437E+0001    0.12710613E+0001     11908
  8150   -0.31760076E+0001   -0.31832533E+0001    0.12612309E+0001     11941
  8200   -0.31737302E+0001   -0.31822368E+0001    0.12275148E+0001     11992
  8250   -0.31713535E+0001   -0.31798683E+0001    0.12274047E+0001     12125
  8300   -0.31690048E+0001   -0.31783274E+0001    0.12180655E+0001     12394
  8350   -0.31666786E+0001   -0.31756782E+0001    0.11775577E+0001     12674
  8400   -0.31643011E+0001   -0.31743561E+0001    0.11711389E+0001     12956
  8450   -0.31619676E+0001   -0.31727381E+0001    0.11636649E+0001     13110
  8500   -0.31597377E+0001   -0.31717328E+0001    0.11413977E+0001     13235
  8550   -0.31575757E+0001   -0.31685255E+0001    0.11293662E+0001     13656
  8600   -0.31553744E+0001   -0.31675692E+0001    0.11158697E+0001     13637
  8650   -0.31531382E+0001   -0.31641098E+0001    0.10761711E+0001     13614
  8700   -0.31506749E+0001   -0.31623578E+0001    0.10554357E+0001     13781
  8750   -0.31482961E+0001   -0.31594300E+0001    0.10626510E+0001     13968
  8800   -0.31458594E+0001   -0.31581974E+0001    0.10300863E+0001     14349
  8850   -0.31436219E+0001   -0.31556848E+0001    0.10138299E+0001     14598
  8900   -0.31415118E+0001   -0.31545516E+0001    0.10129914E+0001     14729
  8950   -0.31392640E+0001   -0.31522972E+0001    0.99662184E+0000     15427
  9000   -0.31370810E+0001   -0.31503771E+0001    0.97199008E+0000     15911
  9050   -0.31350663E+0001   -0.31470445E+0001    0.96241594E+0000     16108
  9100   -0.31332110E+0001   -0.31447686E+0001    0.93110188E+0000     16505
  9150   -0.31316511E+0001   -0.31424071E+0001    0.92859508E+0000     16729
  9200   -0.31302609E+0001   -0.31425825E+0001    0.93721222E+0000     16993
  9250   -0.31288561E+0001   -0.31395293E+0001    0.91547043E+0000     17078
  9300   -0.31274721E+0001   -0.31375496E+0001    0.87813683E+0000     17275
  9350   -0.31259289E+0001   -0.31347962E+0001    0.86651782E+0000     17390
  9400   -0.31244599E+0001   -0.31339489E+0001    0.83715918E+0000     17825
  9450   -0.31228136E+0001   -0.31333093E+0001    0.85688983E+0000     18263
  9500   -0.31212075E+0001   -0.31325574E+0001    0.82683235E+0000     18664
  9550   -0.31197288E+0001   -0.31316313E+0001    0.82225967E+0000     18690
  9600   -0.31184284E+0001   -0.31284786E+0001    0.81735948E+0000     19067
  9601   -0.31184737E+0001   -0.31184737E+0001    0.79994255E+0000     12000
  9650   -0.31195222E+0001   -0.31223782E+0001    0.81096750E+0000     12065
  9700   -0.31187385E+0001   -0.31223284E+0001    0.81199620E+0000     12130
  9750   -0.31179211E+0001   -0.31219569E+0001    0.80583147E+0000     12104
  9800   -0.31171237E+0001   -0.31223771E+0001    0.81517033E+0000     12356
  9850   -0.31163585E+0001   -0.31226605E+0001    0.79849288E+0000     12475
  9900   -0.31155474E+0001   -0.31218502E+0001    0.79048446E+0000     12625
  9950   -0.31146375E+0001   -0.31220798E+0001    0.75343099E+0000     12977
 10000   -0.31137601E+0001   -0.31211260E+0001    0.77516957E+0000     13336
 10050   -0.31128753E+0001   -0.31203729E+0001    0.74121731E+0000     13539
 10100   -0.31119514E+0001   -0.31196278E+0001    0.74598948E+0000     13886
 10150   -0.31109108E+0001   -0.31193497E+0001    0.73148303E+0000     14364
 10200   -0.31099237E+0001   -0.31178541E+0001    0.72765797E+0000     14465
 10250   -0.31089832E+0001   -0.31179816E+0001    0.69084377E+0000     14700
 10300   -0.31080149E+0001   -0.31174112E+0001    0.70761621E+0000     14930
 10350   -0.31069162E+0001   -0.31163344E+0001    0.65487761E+0000     15049
 10400   -0.31057958E+0001   -0.31146468E+0001    0.68444461E+0000     14911
 10450   -0.31046422E+0001   -0.31129177E+0001    0.66020932E+0000     15302
 10500   -0.31035676E+0001   -0.31118657E+0001    0.65003318E+0000     15373
 10550   -0.31025738E+0001   -0.31112783E+0001    0.62620175E+0000     15736
 10600   -0.31016146E+0001   -0.31102925E+0001    0.61987718E+0000     15914
 10650   -0.31008364E+0001   -0.31101255E+0001    0.61964871E+0000     16025
 10700   -0.31001264E+0001   -0.31083406E+0001    0.59754111E+0000     16263
 10750   -0.30994883E+0001   -0.31084869E+0001    0.63166299E+0000     16307
 10800   -0.30988969E+0001   -0.31075848E+0001    0.59639091E+0000     16702
 10850   -0.30983241E+0001   -0.31065375E+0001    0.58952225E+0000     17040
 10900   -0.30976950E+0001   -0.31046480E+0001    0.55070866E+0000     17361
 10950   -0.30970807E+0001   -0.31037886E+0001    0.58072797E+0000     17750
 11000   -0.30964923E+0001   -0.31032114E+0001    0.58181050E+0000     18058
 11050   -0.30958863E+0001   -0.31024358E+0001    0.52911546E+0000     18513
 11100   -0.30952607E+0001   -0.31022767E+0001    0.52362198E+0000     18610
 11150   -0.30946900E+0001   -0.31021973E+0001    0.52859592E+0000     18606
 11200   -0.30941471E+0001   -0.31013689E+0001    0.53803573E+0000     19111
 11201   -0.30941660E+0001   -0.30941660E+0001    0.50726449E+0000     12000
 11250   -0.30945998E+0001   -0.30962189E+0001    0.52241070E+0000     11969
 11300   -0.30943321E+0001   -0.30962698E+0001    0.53510891E+0000     12028
 11350   -0.30940414E+0001   -0.30965784E+0001    0.54784934E+0000     12291
 11400   -0.30937284E+0001   -0.30966154E+0001    0.55470249E+0000     12514
 11450   -0.30934244E+0001   -0.30967959E+0001    0.53510855E+0000     12721
 11500   -0.30930929E+0001   -0.30974555E+0001    0.52045036E+0000     12819
 11550   -0.30927515E+0001   -0.30972623E+0001    0.50673171E+0000     12718
 11600   -0.30923505E+0001   -0.30969776E+0001    0.48237691E+0000     12825
 11650   -0.30919287E+0001   -0.30967755E+0001    0.51500424E+0000     13211
 11700   -0.30915299E+0001   -0.30968004E+0001    0.49759240E+0000     13280
 11750   -0.30911346E+0001   -0.30962576E+0001    0.49498020E+0000     13495
 11800   -0.30906943E+0001   -0.30955499E+0001    0.49298215E+0000     13523
 11850   -0.30903172E+0001   -0.30945578E+0001    0.47542494E+0000     13646
 11900   -0.30900188E+0001   -0.30946943E+0001    0.46223900E+0000     13816
 11950   -0.30897369E+0001   -0.30947946E+0001    0.47071556E+0000     13986
 12000   -0.30894090E+0001   -0.30943693E+0001    0.47621523E+0000     14039
 12050   -0.30890833E+0001   -0.30940487E+0001    0.47375270E+0000     14208
 12100   -0.30887904E+0001   -0.30936530E+0001    0.45429216E+0000     14240
 12150   -0.30885173E+0001   -0.30935193E+0001    0.44255703E+0000     14475
 12200   -0.30882387E+0001   -0.30938694E+0001    0.45228103E+0000     15057
 12250   -0.30879242E+0001   -0.30933910E+0001    0.47031073E+0000     15267
 12300   -0.30876244E+0001   -0.30922955E+0001    0.43879653E+0000     15568
 12350   -0.30873428E+0001   -0.30921539E+0001    0.42186465E+0000     15711
 12400   -0.30870680E+0001   -0.30917625E+0001    0.41672392E+0000     15837
 12450   -0.30867827E+0001   -0.30915195E+0001    0.41564845E+0000     16323
 12500   -0.30864743E+0001   -0.30906928E+0001    0.43551894E+0000     16581
 12550   -0.30862036E+0001   -0.30909722E+0001    0.40273647E+0000     16851
 12600   -0.30859825E+0001   -0.30905175E+0001    0.41482444E+0000     16733
 12650   -0.30857866E+0001   -0.30901265E+0001    0.38469694E+0000     17060
 12700   -0.30855924E+0001   -0.30897371E+0001    0.37817516E+0000     17008
 12750   -0.30854046E+0001   -0.30895640E+0001    0.38285118E+0000     17366
 12800   -0.30852341E+0001   -0.30893414E+0001    0.39299311E+0000     17662
 12801   -0.30852420E+0001   -0.30852420E+0001    0.33944635E+0000     12000
 12850   -0.30854398E+0001   -0.30864111E+0001    0.35720530E+0000     12044
 12900   -0.30853304E+0001   -0.30866403E+0001    0.38231983E+0000     11997
 12950   -0.30852153E+0001   -0.30871409E+0001    0.37116863E+0000     12040
 13000   -0.30850916E+0001   -0.30869962E+0001    0.39142030E+0000     12185
 13050   -0.30849180E+0001   -0.30871443E+0001    0.38806931E+0000     12120
 13100   -0.30847079E+0001   -0.30870801E+0001    0.38242127E+0000     12306
 13150   -0.30845224E+0001   -0.30870234E+0001    0.35076973E+0000     12411
 13200   -0.30843619E+0001   -0.30873007E+0001    0.41245975E+0000     12375
 13250   -0.30842043E+0001   -0.30869558E+0001    0.40733953E+0000     12517
 13300   -0.30840533E+0001   -0.30866639E+0001    0.35131142E+0000     12870
 13350   -0.30838788E+0001   -0.30866512E+0001    0.38821457E+0000     12797
 13400   -0.30837224E+0001   -0.30866246E+0001    0.36220492E+0000     13044
 13450   -0.30835780E+0001   -0.30867037E+0001    0.34215233E+0000     13178
 13500   -0.30834440E+0001   -0.30864349E+0001    0.33756183E+0000     13283
 13550   -0.30832762E+0001   -0.30861379E+0001    0.36345698E+0000     13356
 13600   -0.30831466E+0001   -0.30863408E+0001    0.32728546E+0000     13499
 13650   -0.30830216E+0001   -0.30865838E+0001    0.30561717E+0000     13854
 13700   -0.30828716E+0001   -0.30864085E+0001    0.36890386E+0000     13950
 13750   -0.30827375E+0001   -0.30859041E+0001    0.35167739E+0000     14091
 13800   -0.30826047E+0001   -0.30856930E+0001    0.31333863E+0000     14198
 13850   -0.30824658E+0001   -0.30855799E+0001    0.30733468E+0000     14345
 13900   -0.30823062E+0001   -0.30857515E+0001    0.36339955E+0000     14654
 13950   -0.30820921E+0001   -0.30852719E+0001    0.32270561E+0000     14740
 14000   -0.30818635E+0001   -0.30850916E+0001    0.33398940E+0000     15136
 14050   -0.30816483E+0001   -0.30850290E+0001    0.29822037E+0000     15297
 14100   -0.30814611E+0001   -0.30846191E+0001    0.34328970E+0000     15406
 14150   -0.30812771E+0001   -0.30842838E+0001    0.30729274E+0000     15786
 14200   -0.30811298E+0001   -0.30842637E+0001    0.31139786E+0000     16009
 14250   -0.30809842E+0001   -0.30844639E+0001    0.28664853E+0000     16216
 14300   -0.30808432E+0001   -0.30836504E+0001    0.28903457E+0000     16356
 14350   -0.30807239E+0001   -0.30836687E+0001    0.31321577E+0000     16214
 14400   -0.30806394E+0001   -0.30834928E+0001    0.29865118E+0000     16475
 14450   -0.30805530E+0001   -0.30831583E+0001    0.32216516E+0000     16619
 14500   -0.30804672E+0001   -0.30833017E+0001    0.27329227E+0000     16748
 14550   -0.30803930E+0001   -0.30833814E+0001    0.28982012E+0000     17107
 14600   -0.30803148E+0001   -0.30832473E+0001    0.27341765E+0000     17130
 14650   -0.30802281E+0001   -0.30833252E+0001    0.24983254E+0000     17179
 14700   -0.30801174E+0001   -0.30831916E+0001    0.25012214E+0000     17130
 14750   -0.30800142E+0001   -0.30836432E+0001    0.28908105E+0000     17401
 14800   -0.30799097E+0001   -0.30834321E+0001    0.26563978E+0000     17664
 14850   -0.30798050E+0001   -0.30835393E+0001    0.27003990E+0000     17895
 14900   -0.30796959E+0001   -0.30835204E+0001    0.27631730E+0000     17972
 14950   -0.30795943E+0001   -0.30834968E+0001    0.26989682E+0000     18084
 15000   -0.30795339E+0001   -0.30835626E+0001    0.29601817E+0000     18273
 15050   -0.30794846E+0001   -0.30834520E+0001    0.26074203E+0000     18677
 15100   -0.30794430E+0001   -0.30832618E+0001    0.29270883E+0000     18842
 15150   -0.30794122E+0001   -0.30832085E+0001    0.23487545E+0000     19092
 15200   -0.30793733E+0001   -0.30834626E+0001    0.27768394E+0000     19440
 15250   -0.30793121E+0001   -0.30830464E+0001    0.27718821E+0000     19824
 15300   -0.30792443E+0001   -0.30825184E+0001    0.27815192E+0000     20112
 15350   -0.30791738E+0001   -0.30820542E+0001    0.25357026E+0000     20387
 15400   -0.30791029E+0001   -0.30818397E+0001    0.28097189E+0000     20874
 15450   -0.30790439E+0001   -0.30811631E+0001    0.25585615E+0000     21084
 15500   -0.30789948E+0001   -0.30809439E+0001    0.25733329E+0000     21598
 15550   -0.30789432E+0001   -0.30811637E+0001    0.27710614E+0000     21674
 15600   -0.30788982E+0001   -0.30812280E+0001    0.24665253E+0000     22221
 15650   -0.30788681E+0001   -0.30807982E+0001    0.23876065E+0000     22685
 15700   -0.30788467E+0001   -0.30809458E+0001    0.26334748E+0000     22807
 15750   -0.30788242E+0001   -0.30806695E+0001    0.24186879E+0000     23000
 15800   -0.30787976E+0001   -0.30809872E+0001    0.21347999E+0000     23517
 15850   -0.30787663E+0001   -0.30811850E+0001    0.27068005E+0000     23407
 15900   -0.30787326E+0001   -0.30816076E+0001    0.25059981E+0000     23423
 15950   -0.30787005E+0001   -0.30811196E+0001    0.23945786E+0000     23723
 16000   -0.30786781E+0001   -0.30805941E+0001    0.24956945E+0000     24128
 16001   -0.30786828E+0001   -0.30786828E+0001    0.10682502E+0000         1
 16050   -0.30779660E+0001   -0.30779660E+0001    0.56676697E+0000         1
 16100   -0.30775011E+0001   -0.30775011E+0001    0.59388528E+0000         1
 16150   -0.30777802E+0001   -0.30777802E+0001    0.55628484E+0000         1
 16200   -0.30781027E+0001   -0.30781027E+0001    0.40790961E+0000         1
 16250   -0.30778929E+0001   -0.30778929E+0001    0.43339032E+0000         1
 16300   -0.30781012E+0001   -0.30781012E+0001    0.48074761E+0000         1
 16350   -0.30785016E+0001   -0.30785016E+0001    0.33780082E+0000         1
 16400   -0.30784579E+0001   -0.30784579E+0001    0.36816839E+0000         1
 16450   -0.30784244E+0001   -0.30784244E+0001    0.50063870E+0000         1
 16500   -0.30786443E+0001   -0.30786443E+0001    0.50763201E+0000         1
 16550   -0.30782874E+0001   -0.30782874E+0001    0.53362088E+0000         1
 16600   -0.30786130E+0001   -0.30786130E+0001    0.38383617E+0000         1
 16650   -0.30783513E+0001   -0.30783513E+0001    0.48465416E+0000         1
 16700   -0.30775384E+0001   -0.30775384E+0001    0.88278390E+0000         1
 16750   -0.30785446E+0001   -0.30785446E+0001    0.58938573E+0000         1
 16800   -0.30796095E+0001   -0.30796095E+0001    0.39502194E+0000         1
 16850   -0.30793577E+0001   -0.30793577E+0001    0.53492022E+0000         1
 16900   -0.30798726E+0001   -0.30798726E+0001    0.45638466E+0000         1
 16950   -0.30798508E+0001   -0.30798508E+0001    0.40131246E+0000         1
 17000   -0.30796100E+0001   -0.30796100E+0001    0.34412527E+0000         1
 17050   -0.30795764E+0001   -0.30795764E+0001    0.41922847E+0000         1
 17100   -0.30796141E+0001   -0.30796141E+0001    0.64935960E+0000         1
 17150   -0.30801366E+0001   -0.30801366E+0001    0.45727194E+0000         1
 17200   -0.30796508E+0001   -0.30796508E+0001    0.60837300E+0000         1
 17250   -0.30793541E+0001   -0.30793541E+0001    0.71580422E+0000         1
 17300   -0.30805607E+0001   -0.30805607E+0001    0.51751525E+0000         1
 17350   -0.30804156E+0001   -0.30804156E+0001    0.61755440E+0000         1
 17400   -0.30809546E+0001   -0.30809546E+0001    0.53471399E+0000         1
 17450   -0.30814117E+0001   -0.30814117E+0001    0.38820751E+0000         1
 17500   -0.30810112E+0001   -0.30810112E+0001    0.47415273E+0000         1
 17550   -0.30807750E+0001   -0.30807750E+0001    0.63219170E+0000         1
 17600   -0.30812513E+0001   -0.30812513E+0001    0.46750484E+0000         1
 17650   -0.30809525E+0001   -0.30809525E+0001    0.58067157E+0000         1
 17700   -0.30821406E+0001   -0.30821406E+0001    0.47673231E+0000         1
 17750   -0.30820634E+0001   -0.30820634E+0001    0.65857628E+0000         1
 17800   -0.30830352E+0001   -0.30830352E+0001    0.53997396E+0000         1
 17850   -0.30835741E+0001   -0.30835741E+0001    0.56388836E+0000         1
 17900   -0.30836287E+0001   -0.30836287E+0001    0.55143302E+0000         1
 17950   -0.30846453E+0001   -0.30846453E+0001    0.52292340E+0000         1
 18000   -0.30848453E+0001   -0.30848453E+0001    0.55790068E+0000         1
 18050   -0.30859029E+0001   -0.30859029E+0001    0.44770130E+0000         1
 18100   -0.30862132E+0001   -0.30862132E+0001    0.53842712E+0000         1
 18150   -0.30866305E+0001   -0.30866305E+0001    0.59173521E+0000         1
 18200   -0.30876199E+0001   -0.30876199E+0001    0.61143913E+0000         1
 18250   -0.30877489E+0001   -0.30877489E+0001    0.65519626E+0000         1
 18300   -0.30885942E+0001   -0.30885942E+0001    0.55477264E+0000         1
 18350   -0.30888734E+0001   -0.30888734E+0001    0.74007377E+0000         1
 18400   -0.30905699E+0001   -0.30905699E+0001    0.72638276E+0000         1
 18450   -0.30916596E+0001   -0.30916596E+0001    0.72830044E+0000         1
 18500   -0.30941967E+0001   -0.30941967E+0001    0.76305797E+0000         1
 18550   -0.30952677E+0001   -0.30952677E+0001    0.86748310E+0000         1
 18600   -0.30970271E+0001   -0.30970271E+0001    0.80867619E+0000         1
 18650   -0.30989662E+0001   -0.30989662E+0001    0.79074009E+0000         1
 18700   -0.31005354E+0001   -0.31005354E+0001    0.82912850E+0000         1
 18750   -0.31021562E+0001   -0.31021562E+0001    0.86977700E+0000         1
 18800   -0.31033325E+0001   -0.31033325E+0001    0.10167572E+0001         1
 18850   -0.31051790E+0001   -0.31051790E+0001    0.98939723E+0000         1
 18900   -0.31085549E+0001   -0.31085549E+0001    0.10284616E+0001         1
 18950   -0.31124097E+0001   -0.31124097E+0001    0.10317039E+0001         1
 19000   -0.31162207E+0001   -0.31162207E+0001    0.11562885E+0001         1
 19050   -0.31191267E+0001   -0.31191267E+0001    0.11861947E+0001         1
 19100   -0.31230813E+0001   -0.31230813E+0001    0.11064333E+0001         1
 19150   -0.31263323E+0001   -0.31263323E+0001    0.11215884E+0001         1
 19200   -0.31300977E+0001   -0.31300977E+0001    0.11710938E+0001         1
 19250   -0.31342897E+0001   -0.31342897E+0001    0.11775490E+0001         1
 19300   -0.31391721E+0001   -0.31391721E+0001    0.12973573E+0001         1
 19350   -0.31448902E+0001   -0.31448902E+0001    0.13323451E+0001         1
 19400   -0.31518231E+0001   -0.31518231E+0001    0.13674759E+0001         1
 19450   -0.31569375E+0001   -0.31569375E+0001    0.14817403E+0001         1
 19500   -0.31627670E+0001   -0.31627670E+0001    0.15350538E+0001         1
 19550   -0.31688173E+0001   -0.31688173E+0001    0.15390148E+0001         1
 19600   -0.31734146E+0001   -0.31734146E+0001    0.16695333E+0001         1
 19650   -0.31806436E+0001   -0.31806436E+0001    0.16910174E+0001         1
 19700   -0.31881810E+0001   -0.31881810E+0001    0.16917344E+0001         1
 19750   -0.31969473E+0001   -0.31969473E+0001    0.17571373E+0001         1
 19800   -0.32081040E+0001   -0.32081040E+0001    0.19157477E+0001         1
 19850   -0.32206550E+0001   -0.32206550E+0001    0.19239580E+0001         1
 19900   -0.32329121E+0001   -0.32329121E+0001    0.19976732E+0001         1
 19950   -0.32452031E+0001   -0.32452031E+0001    0.20356893E+0001         1
 20000   -0.32605903E+0001   -0.32605903E+0001    0.21016219E+0001         1
 20050   -0.32780547E+0001   -0.32780547E+0001    0.21583153E+0001         1
 20100   -0.32956719E+0001   -0.32956719E+0001    0.22090263E+0001         1
 20150   -0.33135660E+0001   -0.33135660E+0001    0.23068089E+0001         1
 20200   -0.33320332E+0001   -0.33320332E+0001    0.23122566E+0001         1
 20250   -0.33513431E+0001   -0.33513431E+0001    0.23030252E+0001         1
 20300   -0.33710199E+0001   -0.33710199E+0001    0.21945160E+0001         1
 20350   -0.33852760E+0001   -0.33852760E+0001    0.21172454E+0001         1
 20400   -0.33968516E+0001   -0.33968516E+0001    0.20438314E+0001         1
 20450   -0.34108095E+0001   -0.34108095E+0001    0.19565803E+0001         1
 20500   -0.34215365E+0001   -0.34215365E+0001    0.18617776E+0001         1
 20550   -0.34317539E+0001   -0.34317539E+0001    0.16930418E+0001         1
 20600   -0.34407038E+0001   -0.34407038E+0001    0.15519880E+0001         1
 20650   -0.34470383E+0001   -0.34470383E+0001    0.14058076E+0001         1
 20700   -0.34524568E+0001   -0.34524568E+0001    0.12528767E+0001         1
 20750   -0.34579841E+0001   -0.34579841E+0001    0.11280137E+0001         1
 20800   -0.34627267E+0001   -0.34627267E+0001    0.88123040E+0000         1
 20850   -0.34653644E+0001   -0.34653644E+0001    0.83121421E+0000         1
 20900   -0.34669272E+0001   -0.34669272E+0001    0.74043947E+0000         1
 20950   -0.34685384E+0001   -0.34685384E+0001    0.67962308E+0000         1
 21000   -0.34687805E+0001   -0.34687805E+0001    0.77534821E+0000         1
 21050   -0.34690889E+0001   -0.34690889E+0001    0.65804131E+0000         1
 21100   -0.34706199E+0001   -0.34706199E+0001    0.56248483E+0000         1
 21150   -0.34703753E+0001   -0.34703753E+0001    0.57311257E+0000         1
 21200   -0.34708503E+0001   -0.34708503E+0001    0.47351443E+0000         1
 21250   -0.34704136E+0001   -0.34704136E+0001    0.74499870E+0000         1
 21300   -0.34712392E+0001   -0.34712392E+0001    0.39910930E+0000         1
 21350   -0.34714184E+0001   -0.34714184E+0001    0.42317227E+0000         1
 21400   -0.34715670E+0001   -0.34715670E+0001    0.48841757E+0000         1
 21450   -0.34716945E+0001   -0.34716945E+0001    0.47803892E+0000         1
 21500   -0.34722591E+0001   -0.34722591E+0001    0.50385674E+0000         1
 21550   -0.34722864E+0001   -0.34722864E+0001    0.47232309E+0000         1
 21600   -0.34722715E+0001   -0.34722715E+0001    0.35309635E+0000         1
 21650   -0.34721650E+0001   -0.34721650E+0001    0.47856649E+0000         1
 21700   -0.34721646E+0001   -0.34721646E+0001    0.47381486E+0000         1
 21750   -0.34724296E+0001   -0.34724296E+0001    0.46107158E+0000         1
 21800   -0.34724074E+0001   -0.34724074E+0001    0.53679274E+0000         1
 21850   -0.34724934E+0001   -0.34724934E+0001    0.43607799E+0000         1
 21900   -0.34720124E+0001   -0.34720124E+0001    0.51668827E+0000         1
 21950   -0.34723879E+0001   -0.34723879E+0001    0.47666498E+0000         1
 22000   -0.34727695E+0001   -0.34727695E+0001    0.34327355E+0000         1
 22050   -0.34726705E+0001   -0.34726705E+0001    0.42396510E+0000         1
 22100   -0.34724054E+0001   -0.34724054E+0001    0.44562273E+0000         1
 22150   -0.34722630E+0001   -0.34722630E+0001    0.43528558E+0000         1
 22200   -0.34724385E+0001   -0.34724385E+0001    0.40666977E+0000         1
 22250   -0.34725423E+0001   -0.34725423E+0001    0.37480228E+0000         1
 22300   -0.34726037E+0001   -0.34726037E+0001    0.40627807E+0000         1
 22350   -0.34722840E+0001   -0.34722840E+0001    0.60168151E+0000         1
 22400   -0.34726224E+0001   -0.34726224E+0001    0.41372827E+0000         1
 22450   -0.34725305E+0001   -0.34725305E+0001    0.40212309E+0000         1
 22500   -0.34725790E+0001   -0.34725790E+0001    0.45919720E+0000         1
 22550   -0.34725775E+0001   -0.34725775E+0001    0.49207457E+0000         1
 22600   -0.34728922E+0001   -0.34728922E+0001    0.45150475E+0000         1
 22650   -0.34726811E+0001   -0.34726811E+0001    0.54857127E+0000         1
 22700   -0.34727844E+0001   -0.34727844E+0001    0.55397517E+0000         1
 22750   -0.34726459E+0001   -0.34726459E+0001    0.64673033E+0000         1
 22800   -0.34727496E+0001   -0.34727496E+0001    0.54287354E+0000         1
 22850   -0.34730245E+0001   -0.34730245E+0001    0.46555143E+0000         1
 22900   -0.34724219E+0001   -0.34724219E+0001    0.61282752E+0000         1
 22950   -0.34730032E+0001   -0.34730032E+0001    0.35653717E+0000         1
 23000   -0.34724856E+0001   -0.34724856E+0001    0.53920147E+0000         1
 23050   -0.34722450E+0001   -0.34722450E+0001    0.47391989E+0000         1
 23100   -0.34720826E+0001   -0.34720826E+0001    0.56935185E+0000         1
 23150   -0.34723743E+0001   -0.34723743E+0001    0.53888598E+0000         1
 23200   -0.34720438E+0001   -0.34720438E+0001    0.51770754E+0000         1
 23250   -0.34725570E+0001   -0.34725570E+0001    0.48363305E+0000         1
 23300   -0.34730743E+0001   -0.34730743E+0001    0.36473385E+0000         1
 23350   -0.34724702E+0001   -0.34724702E+0001    0.58117855E+0000         1
 23400   -0.34726110E+0001   -0.34726110E+0001    0.46278185E+0000         1
 23450   -0.34729383E+0001   -0.34729383E+0001    0.42102509E+0000         1
 23500   -0.34731156E+0001   -0.34731156E+0001    0.39731396E+0000         1
 23550   -0.34728004E+0001   -0.34728004E+0001    0.46356092E+0000         1
 23600   -0.34724115E+0001   -0.34724115E+0001    0.48534962E+0000         1
 23650   -0.34721569E+0001   -0.34721569E+0001    0.57775063E+0000         1
 23700   -0.34728744E+0001   -0.34728744E+0001    0.45549845E+0000         1
 23750   -0.34727515E+0001   -0.34727515E+0001    0.45142491E+0000         1
 23800   -0.34729346E+0001   -0.34729346E+0001    0.42737087E+0000         1
 23850   -0.34728469E+0001   -0.34728469E+0001    0.42618386E+0000         1
 23900   -0.34732241E+0001   -0.34732241E+0001    0.27093587E+0000         1
 23950   -0.34721604E+0001   -0.34721604E+0001    0.54867370E+0000         1
 24000   -0.34727544E+0001   -0.34727544E+0001    0.47518460E+0000         1
 24050   -0.34725836E+0001   -0.34725836E+0001    0.56565115E+0000         1
 24100   -0.34731117E+0001   -0.34731117E+0001    0.46367639E+0000         1
 24150   -0.34730601E+0001   -0.34730601E+0001    0.48503187E+0000         1
 24200   -0.34730956E+0001   -0.34730956E+0001    0.51809845E+0000         1
 24250   -0.34734451E+0001   -0.34734451E+0001    0.38727540E+0000         1
 24300   -0.34730574E+0001   -0.34730574E+0001    0.53725544E+0000         1
 24350   -0.34731829E+0001   -0.34731829E+0001    0.50410831E+0000         1
 24400   -0.34733074E+0001   -0.34733074E+0001    0.48262803E+0000         1
 24450   -0.34732462E+0001   -0.34732462E+0001    0.48035653E+0000         1
 24500   -0.34731603E+0001   -0.34731603E+0001    0.53609883E+0000         1
 24550   -0.34733124E+0001   -0.34733124E+0001    0.50262087E+0000         1
 24600   -0.34732156E+0001   -0.34732156E+0001    0.47569778E+0000         1
 24650   -0.34733722E+0001   -0.34733722E+0001    0.46942763E+0000         1
 24700   -0.34730222E+0001   -0.34730222E+0001    0.60023690E+0000         1
 24750   -0.34734241E+0001   -0.34734241E+0001    0.50671665E+0000         1
 24800   -0.34736597E+0001   -0.34736597E+0001    0.43940053E+0000         1
 24850   -0.34735659E+0001   -0.34735659E+0001    0.45486901E+0000         1
 24900   -0.34737043E+0001   -0.34737043E+0001    0.50845609E+0000         1
 24950   -0.34738804E+0001   -0.34738804E+0001    0.36331729E+0000         1
 25000   -0.34739084E+0001   -0.34739084E+0001    0.41130614E+0000         1
 25050   -0.34734207E+0001   -0.34734207E+0001    0.55201997E+0000         1
 25100   -0.34736776E+0001   -0.34736776E+0001    0.52287187E+0000         1
 25150   -0.34738037E+0001   -0.34738037E+0001    0.44329495E+0000         1
 25200   -0.34738841E+0001   -0.34738841E+0001    0.47019919E+0000         1
 25250   -0.34731481E+0001   -0.34731481E+0001    0.63418070E+0000         1
 25300   -0.34729429E+0001   -0.34729429E+0001    0.55043316E+0000         1
 25350   -0.34736441E+0001   -0.34736441E+0001    0.42086970E+0000         1
 25400   -0.34733351E+0001   -0.34733351E+0001    0.47687104E+0000         1
 25450   -0.34737855E+0001   -0.34737855E+0001    0.39150692E+0000         1
 25500   -0.34737032E+0001   -0.34737032E+0001    0.47144313E+0000         1
 25550   -0.34735560E+0001   -0.34735560E+0001    0.44574337E+0000         1
 25600   -0.34735061E+0001   -0.34735061E+0001    0.45696044E+0000         1
 25650   -0.34727012E+0001   -0.34727012E+0001    0.69874488E+0000         1
 25700   -0.34736973E+0001   -0.34736973E+0001    0.46033096E+0000         1
 25750   -0.34733911E+0001   -0.34733911E+0001    0.46277527E+0000         1
 25800   -0.34738056E+0001   -0.34738056E+0001    0.49577712E+0000         1
 25850   -0.34733933E+0001   -0.34733933E+0001    0.61918383E+0000         1
 25900   -0.34734776E+0001   -0.34734776E+0001    0.60853077E+0000         1
 25950   -0.34728504E+0001   -0.34728504E+0001    0.66847769E+0000         1
 26000   -0.34728695E+0001   -0.34728695E+0001    0.70489314E+0000         1
 26050   -0.34736483E+0001   -0.34736483E+0001    0.40669279E+0000         1
 26100   -0.34737778E+0001   -0.34737778E+0001    0.35771363E+0000         1
 26150   -0.34739260E+0001   -0.34739260E+0001    0.28997542E+0000         1
 26200   -0.34733019E+0001   -0.34733019E+0001    0.59653359E+0000         1
 26250   -0.34736354E+0001   -0.34736354E+0001    0.47070803E+0000         1
 26300   -0.34726830E+0001   -0.34726830E+0001    0.77345479E+0000         1
 26350   -0.34732054E+0001   -0.34732054E+0001    0.59908201E+0000         1
 26400   -0.34732972E+0001   -0.34732972E+0001    0.52968277E+0000         1
 26450   -0.34733635E+0001   -0.34733635E+0001    0.52315919E+0000         1
 26500   -0.34730873E+0001   -0.34730873E+0001    0.55913918E+0000         1
 26550   -0.34731342E+0001   -0.34731342E+0001    0.58862366E+0000         1
 26600   -0.34737533E+0001   -0.34737533E+0001    0.46313688E+0000         1
 26650   -0.34742182E+0001   -0.34742182E+0001    0.27914028E+0000         1
 26700   -0.34738977E+0001   -0.34738977E+0001    0.40101891E+0000         1
 26750   -0.34738173E+0001   -0.34738173E+0001    0.35114446E+0000         1
 26800   -0.34739913E+0001   -0.34739913E+0001    0.45577136E+0000         1
 26850   -0.34740144E+0001   -0.34740144E+0001    0.40959602E+0000         1
 26900   -0.34738785E+0001   -0.34738785E+0001    0.40843237E+0000         1
 26950   -0.34728221E+0001   -0.34728221E+0001    0.64248419E+0000         1
 27000   -0.34732241E+0001   -0.34732241E+0001    0.53285381E+0000         1
 27050   -0.34736688E+0001   -0.34736688E+0001    0.51750717E+0000         1
 27100   -0.34736811E+0001   -0.34736811E+0001    0.50412230E+0000         1
 27150   -0.34738791E+0001   -0.34738791E+0001    0.44250717E+0000         1
 27200   -0.34733427E+0001   -0.34733427E+0001    0.67395034E+0000         1
 27250   -0.34737030E+0001   -0.34737030E+0001    0.56180936E+0000         1
 27300   -0.34744583E+0001   -0.34744583E+0001    0.33461571E+0000         1
 27350   -0.34740263E+0001   -0.34740263E+0001    0.42748553E+0000         1
 27400   -0.34741341E+0001   -0.34741341E+0001    0.44180061E+0000         1
 27450   -0.34737898E+0001   -0.34737898E+0001    0.63239580E+0000         1
 27500   -0.34740178E+0001   -0.34740178E+0001    0.44097863E+0000         1
 27550   -0.34738909E+0001   -0.34738909E+0001    0.42825471E+0000         1
 27600   -0.34733481E+0001   -0.34733481E+0001    0.64952684E+0000         1
 27650   -0.34743747E+0001   -0.34743747E+0001    0.36925722E+0000         1
 27700   -0.34741343E+0001   -0.34741343E+0001    0.39928662E+0000         1
 27750   -0.34742810E+0001   -0.34742810E+0001    0.46104412E+0000         1
 27800   -0.34740432E+0001   -0.34740432E+0001    0.49669337E+0000         1
 27850   -0.34740217E+0001   -0.34740217E+0001    0.54066958E+0000         1
 27900   -0.34738722E+0001   -0.34738722E+0001    0.58399633E+0000         1
 27950   -0.34741251E+0001   -0.34741251E+0001    0.58560110E+0000         1
 28000   -0.34743768E+0001   -0.34743768E+0001    0.54029909E+0000         1
 28050   -0.34742465E+0001   -0.34742465E+0001    0.52690104E+0000         1
 28100   -0.34747351E+0001   -0.34747351E+0001    0.29875852E+0000         1
 28150   -0.34744624E+0001   -0.34744624E+0001    0.53907654E+0000         1
 28200   -0.34746565E+0001   -0.34746565E+0001    0.43655781E+0000         1
 28250   -0.34746329E+0001   -0.34746329E+0001    0.49485274E+0000         1
 28300   -0.34746172E+0001   -0.34746172E+0001    0.50356394E+0000         1
 28350   -0.34750206E+0001   -0.34750206E+0001    0.43915125E+0000         1
 28400   -0.34753204E+0001   -0.34753204E+0001    0.32599740E+0000         1
 28450   -0.34754514E+0001   -0.34754514E+0001    0.38395492E+0000         1
 28500   -0.34754708E+0001   -0.34754708E+0001    0.38976159E+0000         1
 28550   -0.34756774E+0001   -0.34756774E+0001    0.34015398E+0000         1
 28600   -0.34755784E+0001   -0.34755784E+0001    0.37142708E+0000         1
 28650   -0.34750795E+0001   -0.34750795E+0001    0.50607620E+0000         1
 28700   -0.34752593E+0001   -0.34752593E+0001    0.42671579E+0000         1
 28750   -0.34756520E+0001   -0.34756520E+0001    0.30313875E+0000         1
 28800   -0.34753310E+0001   -0.34753310E+0001    0.42080224E+0000         1
 28850   -0.34755514E+0001   -0.34755514E+0001    0.45211013E+0000         1
 28900   -0.34756271E+0001   -0.34756271E+0001    0.39176633E+0000         1
 28950   -0.34754718E+0001   -0.34754718E+0001    0.43131275E+0000         1
 29000   -0.34756556E+0001   -0.34756556E+0001    0.38061187E+0000         1
 29050   -0.34754685E+0001   -0.34754685E+0001    0.44008525E+0000         1
 29100   -0.34747131E+0001   -0.34747131E+0001    0.68934887E+0000         1
 29150   -0.34753977E+0001   -0.34753977E+0001    0.52402074E+0000         1
 29200   -0.34754048E+0001   -0.34754048E+0001    0.53886161E+0000         1
 29250   -0.34759817E+0001   -0.34759817E+0001    0.41343853E+0000         1
 29300   -0.34754231E+0001   -0.34754231E+0001    0.60975441E+0000         1
 29350   -0.34753028E+0001   -0.34753028E+0001    0.61107408E+0000         1
 29400   -0.34751782E+0001   -0.34751782E+0001    0.67511701E+0000         1
 29450   -0.34760583E+0001   -0.34760583E+0001    0.53514125E+0000         1
 29500   -0.34761671E+0001   -0.34761671E+0001    0.43555658E+0000         1
 29550   -0.34759360E+0001   -0.34759360E+0001    0.51732857E+0000         1
 29600   -0.34762440E+0001   -0.34762440E+0001    0.44942529E+0000         1
 29650   -0.34766533E+0001   -0.34766533E+0001    0.27796630E+0000         1
 29700   -0.34769270E+0001   -0.34769270E+0001    0.21597862E+0000         1
 29750   -0.34765980E+0001   -0.34765980E+0001    0.41423093E+0000         1
 29800   -0.34765422E+0001   -0.34765422E+0001    0.41621748E+0000         1
 29850   -0.34765784E+0001   -0.34765784E+0001    0.52931505E+0000         1
 29900   -0.34767033E+0001   -0.34767033E+0001    0.49319944E+0000         1
 29950   -0.34755423E+0001   -0.34755423E+0001    0.75143041E+0000         1
 30000   -0.34759856E+0001   -0.34759856E+0001    0.62075206E+0000         1
 30050   -0.34755025E+0001   -0.34755025E+0001    0.61104980E+0000         1
 30100   -0.34759659E+0001   -0.34759659E+0001    0.56367462E+0000         1
 30150   -0.34763530E+0001   -0.34763530E+0001    0.51514683E+0000         1
 30200   -0.34759327E+0001   -0.34759327E+0001    0.70993867E+0000         1
 30250   -0.34763564E+0001   -0.34763564E+0001    0.75756065E+0000         1
 30300   -0.34766051E+0001   -0.34766051E+0001    0.65942635E+0000         1
 30350   -0.34771926E+0001   -0.34771926E+0001    0.41167236E+0000         1
 30400   -0.34768398E+0001   -0.34768398E+0001    0.44938369E+0000         1
 30450   -0.34766040E+0001   -0.34766040E+0001    0.57592239E+0000         1
 30500   -0.34767996E+0001   -0.34767996E+0001    0.48013147E+0000         1
 30550   -0.34767628E+0001   -0.34767628E+0001    0.53327755E+0000         1
 30600   -0.34769429E+0001   -0.34769429E+0001    0.52985129E+0000         1
 30650   -0.34771772E+0001   -0.34771772E+0001    0.51991053E+0000         1
 30700   -0.34769209E+0001   -0.34769209E+0001    0.62088364E+0000         1
 30750   -0.34780082E+0001   -0.34780082E+0001    0.27594430E+0000         1
 30800   -0.34771746E+0001   -0.34771746E+0001    0.47037498E+0000         1
 30850   -0.34768293E+0001   -0.34768293E+0001    0.60967790E+0000         1
 30900   -0.34771175E+0001   -0.34771175E+0001    0.57927110E+0000         1
 30950   -0.34777102E+0001   -0.34777102E+0001    0.46407808E+0000         1
 31000   -0.34778902E+0001   -0.34778902E+0001    0.50464226E+0000         1
 31050   -0.34780774E+0001   -0.34780774E+0001    0.42927709E+0000         1
 31100   -0.34776664E+0001   -0.34776664E+0001    0.57230602E+0000         1
 31150   -0.34777866E+0001   -0.34777866E+0001    0.60581000E+0000         1
 31200   -0.34778470E+0001   -0.34778470E+0001    0.61616669E+0000         1
 31250   -0.34782677E+0001   -0.34782677E+0001    0.50054294E+0000         1
 31300   -0.34775423E+0001   -0.34775423E+0001    0.77662815E+0000         1
 31350   -0.34781907E+0001   -0.34781907E+0001    0.52305439E+0000         1
 31400   -0.34784016E+0001   -0.34784016E+0001    0.46384959E+0000         1
 31450   -0.34785798E+0001   -0.34785798E+0001    0.41788765E+0000         1
 31500   -0.34785255E+0001   -0.34785255E+0001    0.41976432E+0000         1
 31550   -0.34775180E+0001   -0.34775180E+0001    0.73306722E+0000         1
 31600   -0.34784472E+0001   -0.34784472E+0001    0.38798749E+0000         1
 31650   -0.34783605E+0001   -0.34783605E+0001    0.49589764E+0000         1
 31700   -0.34784994E+0001   -0.34784994E+0001    0.47463414E+0000         1
 31750   -0.34779162E+0001   -0.34779162E+0001    0.71338602E+0000         1
 31800   -0.34777373E+0001   -0.34777373E+0001    0.65039781E+0000         1
 31850   -0.34778914E+0001   -0.34778914E+0001    0.58771129E+0000         1
 31900   -0.34780992E+0001   -0.34780992E+0001    0.52748414E+0000         1
 31950   -0.34773031E+0001   -0.34773031E+0001    0.63494665E+0000         1
 32000   -0.34774253E+0001   -0.34774253E+0001    0.56293799E+0000         1
 32050   -0.34773029E+0001   -0.34773029E+0001    0.69953383E+0000         1
 32100   -0.34778403E+0001   -0.34778403E+0001    0.47703930E+0000         1
 32150   -0.34779010E+0001   -0.34779010E+0001    0.57021019E+0000         1
 32200   -0.34780899E+0001   -0.34780899E+0001    0.66303006E+0000         1
 32250   -0.34784465E+0001   -0.34784465E+0001    0.60018817E+0000         1
 32300   -0.34789884E+0001   -0.34789884E+0001    0.42078380E+0000         1
 32350   -0.34789507E+0001   -0.34789507E+0001    0.41276843E+0000         1
 32400   -0.34791073E+0001   -0.34791073E+0001    0.43324457E+0000         1
 32450   -0.34788863E+0001   -0.34788863E+0001    0.48218286E+0000         1
 32500   -0.34788975E+0001   -0.34788975E+0001    0.48266304E+0000         1
 32550   -0.34787376E+0001   -0.34787376E+0001    0.50063262E+0000         1
 32600   -0.34786814E+0001   -0.34786814E+0001    0.59996387E+0000         1
 32650   -0.34792504E+0001   -0.34792504E+0001    0.47358370E+0000         1
 32700   -0.34797527E+0001   -0.34797527E+0001    0.41916034E+0000         1
 32750   -0.34798876E+0001   -0.34798876E+0001    0.40426468E+0000         1
 32800   -0.34796763E+0001   -0.34796763E+0001    0.54823183E+0000         1
 32850   -0.34796986E+0001   -0.34796986E+0001    0.54085160E+0000         1
 32900   -0.34795946E+0001   -0.34795946E+0001    0.60710670E+0000         1
 32950   -0.34799582E+0001   -0.34799582E+0001    0.52444494E+0000         1
 33000   -0.34794788E+0001   -0.34794788E+0001    0.73822034E+0000         1
 33050   -0.34798391E+0001   -0.34798391E+0001    0.66096242E+0000         1
 33100   -0.34801553E+0001   -0.34801553E+0001    0.47789711E+0000         1
 33150   -0.34804739E+0001   -0.34804739E+0001    0.41786615E+0000         1
 33200   -0.34805294E+0001   -0.34805294E+0001    0.56276369E+0000         1
 33250   -0.34807509E+0001   -0.34807509E+0001    0.38616809E+0000         1
 33300   -0.34810284E+0001   -0.34810284E+0001    0.33434435E+0000         1
 33350   -0.34809303E+0001   -0.34809303E+0001    0.44847815E+0000         1
 33400   -0.34814497E+0001   -0.34814497E+0001    0.36741134E+0000         1
 33450   -0.34807704E+0001   -0.34807704E+0001    0.60946315E+0000         1
 33500   -0.34813084E+0001   -0.34813084E+0001    0.50813046E+0000         1
 33550   -0.34817397E+0001   -0.34817397E+0001    0.43438943E+0000         1
 33600   -0.34812905E+0001   -0.34812905E+0001    0.48054880E+0000         1
 33650   -0.34809971E+0001   -0.34809971E+0001    0.53161591E+0000         1
 33700   -0.34814091E+0001   -0.34814091E+0001    0.45861131E+0000         1
 33750   -0.34816218E+0001   -0.34816218E+0001    0.46237645E+0000         1
 33800   -0.34820299E+0001   -0.34820299E+0001    0.53526273E+0000         1
 33850   -0.34824779E+0001   -0.34824779E+0001    0.44716233E+0000         1
 33900   -0.34828031E+0001   -0.34828031E+0001    0.35137319E+0000         1
 33950   -0.34829649E+0001   -0.34829649E+0001    0.41210013E+0000         1
 34000   -0.34831074E+0001   -0.34831074E+0001    0.53174103E+0000         1
 34050   -0.34835308E+0001   -0.34835308E+0001    0.50770847E+0000         1
 34100   -0.34837064E+0001   -0.34837064E+0001    0.38496826E+0000         1
 34150   -0.34839769E+0001   -0.34839769E+0001    0.37306634E+0000         1
 34200   -0.34834884E+0001   -0.34834884E+0001    0.52839008E+0000         1
 34250   -0.34834377E+0001   -0.34834377E+0001    0.57485418E+0000         1
 34300   -0.34836080E+0001   -0.34836080E+0001    0.56665400E+0000         1
 34350   -0.34835354E+0001   -0.34835354E+0001    0.65846116E+0000         1
 34400   -0.34844385E+0001   -0.34844385E+0001    0.46107604E+0000         1
 34450   -0.34848996E+0001   -0.34848996E+0001    0.43798940E+0000         1
 34500   -0.34848495E+0001   -0.34848495E+0001    0.52982697E+0000         1
 34550   -0.34846321E+0001   -0.34846321E+0001    0.66814932E+0000         1
 34600   -0.34847463E+0001   -0.34847463E+0001    0.58968331E+0000         1
 34650   -0.34850615E+0001   -0.34850615E+0001    0.54667330E+0000         1
 34700   -0.34854068E+0001   -0.34854068E+0001    0.47433898E+0000         1
 34750   -0.34849544E+0001   -0.34849544E+0001    0.65881370E+0000         1
 34800   -0.34857689E+0001   -0.34857689E+0001    0.55408712E+0000         1
 34850   -0.34861509E+0001   -0.34861509E+0001    0.41482970E+0000         1
 34900   -0.34862135E+0001   -0.34862135E+0001    0.66521586E+0000         1
 34950   -0.34864167E+0001   -0.34864167E+0001    0.44091044E+0000         1
 35000   -0.34866847E+0001   -0.34866847E+0001    0.38807137E+0000         1
 35050   -0.34865733E+0001   -0.34865733E+0001    0.49338887E+0000         1
 35100   -0.34860149E+0001   -0.34860149E+0001    0.59973899E+0000         1
 35150   -0.34859937E+0001   -0.34859937E+0001    0.54449254E+0000         1
 35200   -0.34869318E+0001   -0.34869318E+0001    0.36729881E+0000         1
 35250   -0.34868309E+0001   -0.34868309E+0001    0.44738196E+0000         1
 35300   -0.34859812E+0001   -0.34859812E+0001    0.61111175E+0000         1
 35350   -0.34862888E+0001   -0.34862888E+0001    0.69966807E+0000         1
 35400   -0.34869475E+0001   -0.34869475E+0001    0.51574039E+0000         1
 35450   -0.34877614E+0001   -0.34877614E+0001    0.36173304E+0000         1
 35500   -0.34875998E+0001   -0.34875998E+0001    0.44766714E+0000         1
 35550   -0.34873145E+0001   -0.34873145E+0001    0.56895865E+0000         1
 35600   -0.34873199E+0001   -0.34873199E+0001    0.59464719E+0000         1
 35650   -0.34874981E+0001   -0.34874981E+0001    0.56492369E+0000         1
 35700   -0.34866111E+0001   -0.34866111E+0001    0.75929676E+0000         1
 35750   -0.34875842E+0001   -0.34875842E+0001    0.64697569E+0000         1
 35800   -0.34880260E+0001   -0.34880260E+0001    0.49402260E+0000         1
 35850   -0.34883109E+0001   -0.34883109E+0001    0.46895223E+0000         1
 35900   -0.34875331E+0001   -0.34875331E+0001    0.51716905E+0000         1
 35950   -0.34867818E+0001   -0.34867818E+0001    0.71123513E+0000         1
 36000   -0.34880742E+0001   -0.34880742E+0001    0.49369758E+0000         1
 36050   -0.34876035E+0001   -0.34876035E+0001    0.70571931E+0000         1
 36100   -0.34878065E+0001   -0.34878065E+0001    0.72814757E+0000         1
 36150   -0.34890490E+0001   -0.34890490E+0001    0.38500176E+0000         1
 36200   -0.34881805E+0001   -0.34881805E+0001    0.63523078E+0000         1
 36250   -0.34890197E+0001   -0.34890197E+0001    0.50463914E+0000         1
 36300   -0.34891213E+0001   -0.34891213E+0001    0.44747445E+0000         1
 36350   -0.34889991E+0001   -0.34889991E+0001    0.49554170E+0000         1
 36400   -0.34888490E+0001   -0.34888490E+0001    0.68308901E+0000         1
 36450   -0.34887863E+0001   -0.34887863E+0001    0.57674446E+0000         1
 36500   -0.34892607E+0001   -0.34892607E+0001    0.57956004E+0000         1
 36550   -0.34899163E+0001   -0.34899163E+0001    0.56861555E+0000         1
 36600   -0.34906448E+0001   -0.34906448E+0001    0.45328859E+0000         1
 36650   -0.34905477E+0001   -0.34905477E+0001    0.46066484E+0000         1
 36700   -0.34909955E+0001   -0.34909955E+0001    0.48157166E+0000         1
 36750   -0.34908382E+0001   -0.34908382E+0001    0.53157760E+0000         1
 36800   -0.34904672E+0001   -0.34904672E+0001    0.56629538E+0000         1
 36850   -0.34911930E+0001   -0.34911930E+0001    0.57990600E+0000         1
 36900   -0.34918957E+0001   -0.34918957E+0001    0.54414685E+0000         1
 36950   -0.34921503E+0001   -0.34921503E+0001    0.56848697E+0000         1
 37000   -0.34918124E+0001   -0.34918124E+0001    0.79661200E+0000         1
 37050   -0.34924078E+0001   -0.34924078E+0001    0.51545389E+0000         1
 37100   -0.34925766E+0001   -0.34925766E+0001    0.61476236E+0000         1
 37150   -0.34921576E+0001   -0.34921576E+0001    0.76964982E+0000         1
 37200   -0.34923978E+0001   -0.34923978E+0001    0.64787140E+0000         1
 37250   -0.34938565E+0001   -0.34938565E+0001    0.58344486E+0000         1
 37300   -0.34944392E+0001   -0.34944392E+0001    0.52860962E+0000         1
 37350   -0.34946153E+0001   -0.34946153E+0001    0.73378691E+0000         1
 37400   -0.34951112E+0001   -0.34951112E+0001    0.65834374E+0000         1
 37450   -0.34950844E+0001   -0.34950844E+0001    0.60728070E+0000         1
 37500   -0.34956408E+0001   -0.34956408E+0001    0.66174440E+0000         1
 37550   -0.34961703E+0001   -0.34961703E+0001    0.54367796E+0000         1
 37600   -0.34961377E+0001   -0.34961377E+0001    0.69952652E+0000         1
 37650   -0.34971160E+0001   -0.34971160E+0001    0.50690674E+0000         1
 37700   -0.34978970E+0001   -0.34978970E+0001    0.61439453E+0000         1
 37750   -0.34967933E+0001   -0.34967933E+0001    0.88203798E+0000         1
 37800   -0.34978015E+0001   -0.34978015E+0001    0.70671054E+0000         1
 37850   -0.34992545E+0001   -0.34992545E+0001    0.59677217E+0000         1
 37900   -0.34996203E+0001   -0.34996203E+0001    0.49005946E+0000         1
 37950   -0.34994798E+0001   -0.34994798E+0001    0.67106448E+0000         1
 38000   -0.34999221E+0001   -0.34999221E+0001    0.61980963E+0000         1
 38050   -0.34997703E+0001   -0.34997703E+0001    0.59388433E+0000         1
 38100   -0.35002479E+0001   -0.35002479E+0001    0.65035134E+0000         1
 38150   -0.35007795E+0001   -0.35007795E+0001    0.70684552E+0000         1
 38200   -0.35019483E+0001   -0.35019483E+0001    0.60919438E+0000         1
 38250   -0.35025516E+0001   -0.35025516E+0001    0.62116197E+0000         1
 38300   -0.35032818E+0001   -0.35032818E+0001    0.68036422E+0000         1
 38350   -0.35045280E+0001   -0.35045280E+0001    0.60451533E+0000         1
 38400   -0.35046841E+0001   -0.35046841E+0001    0.59987461E+0000         1
 38450   -0.35057345E+0001   -0.35057345E+0001    0.52686757E+0000         1
 38500   -0.35057435E+0001   -0.35057435E+0001    0.52988682E+0000         1
 38550   -0.35061195E+0001   -0.35061195E+0001    0.60936324E+0000         1
 38600   -0.35070709E+0001   -0.35070709E+0001    0.65313390E+0000         1
 38650   -0.35079196E+0001   -0.35079196E+0001    0.56456434E+0000         1
 38700   -0.35078417E+0001   -0.35078417E+0001    0.67532824E+0000         1
 38750   -0.35081802E+0001   -0.35081802E+0001    0.72057328E+0000         1
 38800   -0.35086776E+0001   -0.35086776E+0001    0.65784317E+0000         1
 38850   -0.35090165E+0001   -0.35090165E+0001    0.57079288E+0000         1
 38900   -0.35091303E+0001   -0.35091303E+0001    0.71582046E+0000         1
 38950   -0.35093543E+0001   -0.35093543E+0001    0.73088808E+0000         1
 39000   -0.35101453E+0001   -0.35101453E+0001    0.74890969E+0000         1
 39050   -0.35125771E+0001   -0.35125771E+0001    0.59425934E+0000         1
 39100   -0.35122339E+0001   -0.35122339E+0001    0.68322421E+0000         1
 39150   -0.35123888E+0001   -0.35123888E+0001    0.79977763E+0000         1
 39200   -0.35123618E+0001   -0.35123618E+0001    0.78859190E+0000         1
 39250   -0.35129238E+0001   -0.35129238E+0001    0.72998553E+0000         1
 39300   -0.35140612E+0001   -0.35140612E+0001    0.79990584E+0000         1
 39350   -0.35147187E+0001   -0.35147187E+0001    0.72628329E+0000         1
 39400   -0.35163430E+0001   -0.35163430E+0001    0.74303297E+0000         1
 39450   -0.35169782E+0001   -0.35169782E+0001    0.66802122E+0000         1
 39500   -0.35176080E+0001   -0.35176080E+0001    0.65979143E+0000         1
 39550   -0.35187359E+0001   -0.35187359E+0001    0.72920354E+0000         1
 39600   -0.35197858E+0001   -0.35197858E+0001    0.69118980E+0000         1
 39650   -0.35216208E+0001   -0.35216208E+0001    0.71770337E+0000         1
 39700   -0.35229610E+0001   -0.35229610E+0001    0.68928583E+0000         1
 39750   -0.35250638E+0001   -0.35250638E+0001    0.67653922E+0000         1
 39800   -0.35270988E+0001   -0.35270988E+0001    0.79386225E+0000         1
 39850   -0.35280235E+0001   -0.35280235E+0001    0.66814087E+0000         1
 39900   -0.35286306E+0001   -0.35286306E+0001    0.72187289E+0000         1
 39950   -0.35307675E+0001   -0.35307675E+0001    0.73941219E+0000         1
 40000   -0.35314717E+0001   -0.35314717E+0001    0.78873453E+0000         1
 40050   -0.35336311E+0001   -0.35336311E+0001    0.73679626E+0000         1
 40100   -0.35342241E+0001   -0.35342241E+0001    0.78756910E+0000         1
 40150   -0.35358180E+0001   -0.35358180E+0001    0.87104928E+0000         1
 40200   -0.35378996E+0001   -0.35378996E+0001    0.84781724E+0000         1
 40250   -0.35383016E+0001   -0.35383016E+0001    0.87915668E+0000         1
 40300   -0.35417374E+0001   -0.35417374E+0001    0.87828736E+0000         1
 40350   -0.35449966E+0001   -0.35449966E+0001    0.86015903E+0000         1
 40400   -0.35460418E+0001   -0.35460418E+0001    0.91403399E+0000         1
 40450   -0.35474814E+0001   -0.35474814E+0001    0.91955213E+0000         1
 40500   -0.35499040E+0001   -0.35499040E+0001    0.90845850E+0000         1
 40550   -0.35510529E+0001   -0.35510529E+0001    0.96649128E+0000         1
 40600   -0.35548785E+0001   -0.35548785E+0001    0.10093711E+0001         1
 40650   -0.35569468E+0001   -0.35569468E+0001    0.10382220E+0001         1
 40700   -0.35597432E+0001   -0.35597432E+0001    0.10575275E+0001         1
 40750   -0.35628010E+0001   -0.35628010E+0001    0.10627891E+0001         1
 40800   -0.35670465E+0001   -0.35670465E+0001    0.10293749E+0001         1
 40850   -0.35694206E+0001   -0.35694206E+0001    0.11796139E+0001         1
 40900   -0.35746755E+0001   -0.35746755E+0001    0.11924151E+0001         1
 40950   -0.35776313E+0001   -0.35776313E+0001    0.11127801E+0001         1
 41000   -0.35816470E+0001   -0.35816470E+0001    0.11476359E+0001         1
 41050   -0.35865717E+0001   -0.35865717E+0001    0.11207714E+0001         1
 41100   -0.35900146E+0001   -0.35900146E+0001    0.11781836E+0001         1
 41150   -0.35927304E+0001   -0.35927304E+0001    0.12167758E+0001         1
 41200   -0.35965790E+0001   -0.35965790E+0001    0.12645094E+0001         1
 41250   -0.36024183E+0001   -0.36024183E+0001    0.12563224E+0001         1
 41300   -0.36075499E+0001   -0.36075499E+0001    0.13225943E+0001         1
 41350   -0.36132039E+0001   -0.36132039E+0001    0.12826498E+0001         1
 41400   -0.36195130E+0001   -0.36195130E+0001    0.12978860E+0001         1
 41450   -0.36224562E+0001   -0.36224562E+0001    0.13251948E+0001         1
 41500   -0.36308753E+0001   -0.36308753E+0001    0.13458293E+0001         1
 41550   -0.36383025E+0001   -0.36383025E+0001    0.13481690E+0001         1
 41600   -0.36434930E+0001   -0.36434930E+0001    0.13586636E+0001         1
 41650   -0.36484551E+0001   -0.36484551E+0001    0.13876040E+0001         1
 41700   -0.36540472E+0001   -0.36540472E+0001    0.14319537E+0001         1
 41750   -0.36632425E+0001   -0.36632425E+0001    0.13587039E+0001         1
 41800   -0.36681316E+0001   -0.36681316E+0001    0.12978787E+0001         1
 41850   -0.36718526E+0001   -0.36718526E+0001    0.12394088E+0001         1
 41900   -0.36758271E+0001   -0.36758271E+0001    0.11987328E+0001         1
 41950   -0.36793402E+0001   -0.36793402E+0001    0.11974049E+0001         1
 42000   -0.36844754E+0001   -0.36844754E+0001    0.11168835E+0001         1
 42050   -0.36883140E+0001   -0.36883140E+0001    0.10740754E+0001         1
 42100   -0.36904679E+0001   -0.36904679E+0001    0.98784676E+0000         1
 42150   -0.36936121E+0001   -0.36936121E+0001    0.93416051E+0000         1
 42200   -0.36955494E+0001   -0.36955494E+0001    0.84182124E+0000         1
 42250   -0.36964867E+0001   -0.36964867E+0001    0.85277170E+0000         1
 42300   -0.36988685E+0001   -0.36988685E+0001    0.73505900E+0000         1
 42350   -0.36997200E+0001   -0.36997200E+0001    0.73481063E+0000         1
 42400   -0.37006063E+0001   -0.37006063E+0001    0.76959425E+0000         1
 42450   -0.37026764E+0001   -0.37026764E+0001    0.58170680E+0000         1
 42500   -0.37031708E+0001   -0.37031708E+0001    0.71498477E+0000         1
 42550   -0.37033957E+0001   -0.37033957E+0001    0.61369624E+0000         1
 42600   -0.37048762E+0001   -0.37048762E+0001    0.47477279E+0000         1
 42650   -0.37042809E+0001   -0.37042809E+0001    0.61106069E+0000         1
 42700   -0.37042608E+0001   -0.37042608E+0001    0.66311465E+0000         1
 42750   -0.37039211E+0001   -0.37039211E+0001    0.70735789E+0000         1
 42800   -0.37048083E+0001   -0.37048083E+0001    0.64560140E+0000         1
 42850   -0.37055032E+0001   -0.37055032E+0001    0.48811174E+0000         1
 42900   -0.37058501E+0001   -0.37058501E+0001    0.53760651E+0000         1
 42950   -0.37061629E+0001   -0.37061629E+0001    0.45603030E+0000         1
 43000   -0.37057524E+0001   -0.37057524E+0001    0.49798166E+0000         1
 43050   -0.37058541E+0001   -0.37058541E+0001    0.55560530E+0000         1
 43100   -0.37058844E+0001   -0.37058844E+0001    0.59606822E+0000         1
 43150   -0.37057626E+0001   -0.37057626E+0001    0.43847028E+0000         1
 43200   -0.37058872E+0001   -0.37058872E+0001    0.52521818E+0000         1
 43250   -0.37062664E+0001   -0.37062664E+0001    0.45868124E+0000         1
 43300   -0.37064566E+0001   -0.37064566E+0001    0.43876885E+0000         1
 43350   -0.37067068E+0001   -0.37067068E+0001    0.40236118E+0000         1
 43400   -0.37066355E+0001   -0.37066355E+0001    0.52715320E+0000         1
 43450   -0.37069659E+0001   -0.37069659E+0001    0.40709665E+0000         1
 43500   -0.37066261E+0001   -0.37066261E+0001    0.45705297E+0000         1
 43550   -0.37067155E+0001   -0.37067155E+0001    0.54209684E+0000         1
 43600   -0.37068309E+0001   -0.37068309E+0001    0.46802297E+0000         1
 43650   -0.37072190E+0001   -0.37072190E+0001    0.28683218E+0000         1
 43700   -0.37069040E+0001   -0.37069040E+0001    0.39971630E+0000         1
 43750   -0.37074831E+0001   -0.37074831E+0001    0.25863035E+0000         1
 43800   -0.37067895E+0001   -0.37067895E+0001    0.61068973E+0000         1
 43850   -0.37073699E+0001   -0.37073699E+0001    0.39981748E+0000         1
 43900   -0.37074063E+0001   -0.37074063E+0001    0.31303484E+0000         1
 43950   -0.37068124E+0001   -0.37068124E+0001    0.58294325E+0000         1
 44000   -0.37065744E+0001   -0.37065744E+0001    0.55917559E+0000         1
 44050   -0.37069342E+0001   -0.37069342E+0001    0.56735509E+0000         1
 44100   -0.37070746E+0001   -0.37070746E+0001    0.53619069E+0000         1
 44150   -0.37067497E+0001   -0.37067497E+0001    0.51904390E+0000         1
 44200   -0.37065792E+0001   -0.37065792E+0001    0.56723027E+0000         1
 44250   -0.37067382E+0001   -0.37067382E+0001    0.56000285E+0000         1
 44300   -0.37061979E+0001   -0.37061979E+0001    0.67888825E+0000         1
 44350   -0.37067213E+0001   -0.37067213E+0001    0.44377833E+0000         1
 44400   -0.37066213E+0001   -0.37066213E+0001    0.52238804E+0000         1
 44450   -0.37066932E+0001   -0.37066932E+0001    0.48089352E+0000         1
 44500   -0.37069031E+0001   -0.37069031E+0001    0.58433997E+0000         1
 44550   -0.37062575E+0001   -0.37062575E+0001    0.62954320E+0000         1
 44600   -0.37069920E+0001   -0.37069920E+0001    0.47803768E+0000         1
 44650   -0.37066595E+0001   -0.37066595E+0001    0.61456437E+0000         1
 44700   -0.37060947E+0001   -0.37060947E+0001    0.74275245E+0000         1
 44750   -0.37066793E+0001   -0.37066793E+0001    0.50253101E+0000         1
 44800   -0.37070252E+0001   -0.37070252E+0001    0.41347326E+0000         1
 44850   -0.37068019E+0001   -0.37068019E+0001    0.53600986E+0000         1
 44900   -0.37067201E+0001   -0.37067201E+0001    0.54742162E+0000         1
 44950   -0.37071957E+0001   -0.37071957E+0001    0.38646796E+0000         1
 45000   -0.37071658E+0001   -0.37071658E+0001    0.49445225E+0000         1
 45050   -0.37071108E+0001   -0.37071108E+0001    0.56870145E+0000         1
 45100   -0.37074836E+0001   -0.37074836E+0001    0.45220428E+0000         1
 45150   -0.37074937E+0001   -0.37074937E+0001    0.36167922E+0000         1
 45200   -0.37073145E+0001   -0.37073145E+0001    0.45628899E+0000         1
 45250   -0.37072038E+0001   -0.37072038E+0001    0.49407412E+0000         1
 45300   -0.37071082E+0001   -0.37071082E+0001    0.57594060E+0000         1
 45350   -0.37074656E+0001   -0.37074656E+0001    0.34599937E+0000         1
 45400   -0.37075202E+0001   -0.37075202E+0001    0.31687966E+0000         1
 45450   -0.37072406E+0001   -0.37072406E+0001    0.43603527E+0000         1
 45500   -0.37071016E+0001   -0.37071016E+0001    0.44447341E+0000         1
 45550   -0.37072684E+0001   -0.37072684E+0001    0.47847465E+0000         1
 45600   -0.37070176E+0001   -0.37070176E+0001    0.52640407E+0000         1
 45650   -0.37070852E+0001   -0.37070852E+0001    0.47664811E+0000         1
 45700   -0.37068827E+0001   -0.37068827E+0001    0.71204714E+0000         1
 45750   -0.37066410E+0001   -0.37066410E+0001    0.63329048E+0000         1
 45800   -0.37069602E+0001   -0.37069602E+0001    0.46376146E+0000         1
 45850   -0.37070255E+0001   -0.37070255E+0001    0.49524609E+0000         1
 45900   -0.37072860E+0001   -0.37072860E+0001    0.30370264E+0000         1
 45950   -0.37067924E+0001   -0.37067924E+0001    0.46699788E+0000         1
 46000   -0.37068496E+0001   -0.37068496E+0001    0.45937633E+0000         1
 46050   -0.37060501E+0001   -0.37060501E+0001    0.65054309E+0000         1
 46100   -0.37071181E+0001   -0.37071181E+0001    0.37224826E+0000         1
 46150   -0.37070956E+0001   -0.37070956E+0001    0.41505073E+0000         1
 46200   -0.37075111E+0001   -0.37075111E+0001    0.30067099E+0000         1
 46250   -0.37073794E+0001   -0.37073794E+0001    0.30769898E+0000         1
 46300   -0.37068032E+0001   -0.37068032E+0001    0.41858269E+0000         1
 46350   -0.37067049E+0001   -0.37067049E+0001    0.40176486E+0000         1
 46400   -0.37064588E+0001   -0.37064588E+0001    0.50120707E+0000         1
 46450   -0.37066316E+0001   -0.37066316E+0001    0.45003669E+0000         1
 46500   -0.37065123E+0001   -0.37065123E+0001    0.44889164E+0000         1
 46550   -0.37066641E+0001   -0.37066641E+0001    0.39593128E+0000         1
 46600   -0.37066040E+0001   -0.37066040E+0001    0.42229422E+0000         1
 46650   -0.37066359E+0001   -0.37066359E+0001    0.46963460E+0000         1
 46700   -0.37067207E+0001   -0.37067207E+0001    0.34544914E+0000         1
 46750   -0.37055914E+0001   -0.37055914E+0001    0.65609887E+0000         1
 46800   -0.37063075E+0001   -0.37063075E+0001    0.54373755E+0000         1
 46850   -0.37064883E+0001   -0.37064883E+0001    0.45308614E+0000         1
 46900   -0.37065374E+0001   -0.37065374E+0001    0.56340105E+0000         1
 46950   -0.37070359E+0001   -0.37070359E+0001    0.29357421E+0000         1
 47000   -0.37069315E+0001   -0.37069315E+0001    0.41735327E+0000         1
 47050   -0.37070497E+0001   -0.37070497E+0001    0.43809511E+0000         1
 47100   -0.37073834E+0001   -0.37073834E+0001    0.27706488E+0000         1
 47150   -0.37072575E+0001   -0.37072575E+0001    0.36944244E+0000         1
 47200   -0.37069941E+0001   -0.37069941E+0001    0.42523092E+0000         1
 47250   -0.37064707E+0001   -0.37064707E+0001    0.51957415E+0000         1
 47300   -0.37067012E+0001   -0.37067012E+0001    0.46201518E+0000         1
 47350   -0.37068528E+0001   -0.37068528E+0001    0.35977887E+0000         1
 47400   -0.37067632E+0001   -0.37067632E+0001    0.50212971E+0000         1
 47450   -0.37070370E+0001   -0.37070370E+0001    0.51441503E+0000         1
 47500   -0.37069935E+0001   -0.37069935E+0001    0.42218306E+0000         1
 47550   -0.37067067E+0001   -0.37067067E+0001    0.53196758E+0000         1
 47600   -0.37069187E+0001   -0.37069187E+0001    0.47242019E+0000         1
 47650   -0.37070193E+0001   -0.37070193E+0001    0.47472493E+0000         1
 47700   -0.37068326E+0001   -0.37068326E+0001    0.62241997E+0000         1
 47750   -0.37064401E+0001   -0.37064401E+0001    0.63728999E+0000         1
 47800   -0.37060921E+0001   -0.37060921E+0001    0.79421428E+0000         1
 47850   -0.37061143E+0001   -0.37061143E+0001    0.62747294E+0000         1
 47900   -0.37064932E+0001   -0.37064932E+0001    0.57059169E+0000         1
 47950   -0.37068336E+0001   -0.37068336E+0001    0.50994083E+0000         1
 48000   -0.37071569E+0001   -0.37071569E+0001    0.40094126E+0000         1
