     1   -0.75087441E+0001   -0.75087975E+0001    0.19603415E+0001      3200
   200   -0.75083107E+0001   -0.75086553E+0001    0.21595442E+0001      3200
   400   -0.75086354E+0001   -0.75088537E+0001    0.20691508E+0001      3200
   600   -0.75076281E+0001   -0.75081904E+0001    0.23821342E+0001      3200
   800   -0.75081898E+0001   -0.75085950E+0001    0.22598268E+0001      3200
  1000   -0.75079365E+0001   -0.75084423E+0001    0.23807177E+0001      3200
  1200   -0.75078848E+0001   -0.75076485E+0001    0.22238187E+0001      3200
  1400   -0.75078587E+0001   -0.75084811E+0001    0.23203134E+0001      3200
     1   -0.75087393E+0001   -0.75087954E+0001    0.19607785E+0001      3200
   200   -0.75089995E+0001   -0.75086710E+0001    0.20327006E+0001      3200
   400   -0.75081995E+0001   -0.75084940E+0001    0.22803441E+0001      3200
   600   -0.75066102E+0001   -0.75066684E+0001    0.22376176E+0001      3200
   800   -0.75058036E+0001   -0.75055316E+0001    0.22090645E+0001      3200
  1000   -0.75046417E+0001   -0.75050956E+0001    0.22433473E+0001      3200
  1200   -0.75038768E+0001   -0.75041052E+0001    0.24686553E+0001      3200
  1400   -0.75032599E+0001   -0.75034000E+0001    0.24758193E+0001      3200
  1600   -0.75033385E+0001   -0.75030925E+0001    0.23459974E+0001      3200
  1800   -0.75022600E+0001   -0.75024972E+0001    0.24854682E+0001      3200
  2000   -0.75028102E+0001   -0.75026736E+0001    0.24396651E+0001      3200
  2200   -0.75032319E+0001   -0.75029663E+0001    0.23855632E+0001      3200
  2400   -0.75029176E+0001   -0.75029654E+0001    0.24209438E+0001      3200
  2600   -0.75026979E+0001   -0.75028579E+0001    0.24706734E+0001      3200
  2800   -0.75027510E+0001   -0.75027857E+0001    0.24764567E+0001      3200
  3000   -0.75031072E+0001   -0.75032338E+0001    0.23769372E+0001      3200
  3200   -0.75029745E+0001   -0.75033843E+0001    0.23789783E+0001      3200
  3400   -0.75021536E+0001   -0.75021447E+0001    0.25510822E+0001      3200
  3600   -0.75021527E+0001   -0.75017278E+0001    0.24636734E+0001      3200
  3800   -0.75014982E+0001   -0.75017081E+0001    0.23864329E+0001      3200
  4000   -0.75013503E+0001   -0.75007899E+0001    0.22020403E+0001      3200
  4200   -0.75013315E+0001   -0.75014863E+0001    0.24464944E+0001      3200
  4400   -0.75012480E+0001   -0.75013798E+0001    0.24553201E+0001      3200
  4600   -0.75020397E+0001   -0.75020249E+0001    0.24211374E+0001      3200
  4800   -0.75018406E+0001   -0.75018256E+0001    0.24558820E+0001      3200
  5000   -0.75018745E+0001   -0.75023094E+0001    0.23121008E+0001      3200
  5200   -0.75013562E+0001   -0.75011598E+0001    0.24185068E+0001      3200
  5400   -0.75012149E+0001   -0.75016298E+0001    0.23924130E+0001      3200
  5600   -0.75004087E+0001   -0.75008750E+0001    0.22970885E+0001      3200
  5800   -0.74986741E+0001   -0.74989092E+0001    0.23748233E+0001      3200
  6000   -0.74975587E+0001   -0.74977542E+0001    0.25325736E+0001      3200
  6200   -0.74963069E+0001   -0.74975682E+0001    0.25086637E+0001      3200
  6400   -0.74966830E+0001   -0.74964771E+0001    0.24769788E+0001      3200
  6600   -0.74947723E+0001   -0.74956956E+0001    0.25505110E+0001      3200
  6800   -0.74946563E+0001   -0.74940300E+0001    0.25317160E+0001      3200
  7000   -0.74931029E+0001   -0.74939063E+0001    0.25560138E+0001      3200
  7200   -0.74923767E+0001   -0.74920807E+0001    0.25341409E+0001      3200
  7400   -0.74918590E+0001   -0.74921581E+0001    0.25530302E+0001      3200
  7600   -0.74916869E+0001   -0.74921806E+0001    0.25982503E+0001      3200
  7800   -0.74913371E+0001   -0.74914743E+0001    0.26979263E+0001      3200
  8000   -0.74913724E+0001   -0.74924267E+0001    0.25809071E+0001      3200
  8200   -0.74916304E+0001   -0.74925756E+0001    0.26562759E+0001      3200
  8400   -0.74896175E+0001   -0.74899503E+0001    0.27609036E+0001      3200
  8600   -0.74890032E+0001   -0.74895257E+0001    0.27787743E+0001      3200
  8800   -0.74900143E+0001   -0.74908618E+0001    0.25422452E+0001      3200
  9000   -0.74880616E+0001   -0.74889355E+0001    0.26935095E+0001      3200
  9200   -0.74888670E+0001   -0.74891922E+0001    0.25588553E+0001      3200
  9400   -0.74890524E+0001   -0.74894227E+0001    0.25691770E+0001      3200
  9600   -0.74876498E+0001   -0.74892143E+0001    0.24322442E+0001      3200
  9800   -0.74860320E+0001   -0.74864579E+0001    0.25291392E+0001      3200
 10000   -0.74847922E+0001   -0.74859772E+0001    0.26060583E+0001      3200
 10200   -0.74847943E+0001   -0.74848949E+0001    0.26167790E+0001      3200
 10400   -0.74846634E+0001   -0.74844093E+0001    0.24879998E+0001      3200
 10600   -0.74840669E+0001   -0.74847893E+0001    0.25089511E+0001      3200
 10800   -0.74827824E+0001   -0.74831047E+0001    0.26139361E+0001      3200
 11000   -0.74815923E+0001   -0.74811360E+0001    0.26370577E+0001      3200
 11200   -0.74812993E+0001   -0.74824629E+0001    0.25743032E+0001      3200
 11400   -0.74804685E+0001   -0.74809884E+0001    0.25807217E+0001      3200
 11600   -0.74803218E+0001   -0.74813000E+0001    0.25292035E+0001      3200
 11800   -0.74806892E+0001   -0.74810155E+0001    0.25630053E+0001      3200
 12000   -0.74798941E+0001   -0.74801371E+0001    0.25566132E+0001      3200
 12200   -0.74786848E+0001   -0.74787878E+0001    0.26236812E+0001      3200
 12400   -0.74758296E+0001   -0.74760940E+0001    0.26836693E+0001      3200
 12600   -0.74751391E+0001   -0.74744764E+0001    0.25079504E+0001      3200
 12800   -0.74732831E+0001   -0.74735193E+0001    0.26133856E+0001      3200
 13000   -0.74735085E+0001   -0.74739839E+0001    0.25567443E+0001      3200
 13200   -0.74718941E+0001   -0.74729097E+0001    0.27657480E+0001      3200
 13400   -0.74718403E+0001   -0.74725974E+0001    0.27857740E+0001      3200
 13600   -0.74724000E+0001   -0.74720599E+0001    0.26233551E+0001      3200
 13800   -0.74722022E+0001   -0.74726548E+0001    0.26705750E+0001      3200
 14000   -0.74703268E+0001   -0.74710425E+0001    0.27483783E+0001      3200
 14200   -0.74700106E+0001   -0.74709809E+0001    0.26479155E+0001      3200
 14400   -0.74705045E+0001   -0.74705118E+0001    0.25723772E+0001      3200
 14600   -0.74701092E+0001   -0.74699942E+0001    0.26790508E+0001      3200
 14800   -0.74697491E+0001   -0.74706387E+0001    0.27754494E+0001      3200
 15000   -0.74703281E+0001   -0.74700917E+0001    0.26249634E+0001      3200
 15001   -0.74704191E+0001   -0.74704191E+0001    0.26131893E+0001      3200
 15200   -0.74721376E+0001   -0.74721613E+0001    0.24993493E+0001      3200
 15400   -0.74706541E+0001   -0.74708331E+0001    0.26526359E+0001      3200
 15600   -0.74699561E+0001   -0.74704489E+0001    0.27264720E+0001      3200
 15800   -0.74704328E+0001   -0.74707492E+0001    0.26238200E+0001      3200
 16000   -0.74699331E+0001   -0.74696999E+0001    0.26598365E+0001      3200
 16200   -0.74695757E+0001   -0.74695362E+0001    0.26593184E+0001      3200
 16400   -0.74685931E+0001   -0.74689311E+0001    0.27620449E+0001      3200
 16600   -0.74694896E+0001   -0.74696500E+0001    0.26977454E+0001      3200
 16800   -0.74691113E+0001   -0.74694222E+0001    0.27213194E+0001      3200
 17000   -0.74688040E+0001   -0.74688651E+0001    0.26655584E+0001      3200
 17200   -0.74687168E+0001   -0.74689651E+0001    0.26423660E+0001      3200
 17400   -0.74689936E+0001   -0.74696236E+0001    0.26057274E+0001      3200
 17600   -0.74686642E+0001   -0.74691157E+0001    0.26596495E+0001      3200
 17800   -0.74691415E+0001   -0.74692997E+0001    0.27301531E+0001      3200
 18000   -0.74684973E+0001   -0.74694298E+0001    0.26832413E+0001      3200
 18200   -0.74681636E+0001   -0.74686319E+0001    0.26860052E+0001      3200
 18400   -0.74672047E+0001   -0.74679806E+0001    0.27433632E+0001      3200
 18600   -0.74669432E+0001   -0.74674085E+0001    0.27451587E+0001      3200
 18800   -0.74672540E+0001   -0.74679635E+0001    0.25983493E+0001      3200
 19000   -0.74650991E+0001   -0.74666384E+0001    0.26599951E+0001      3200
 19200   -0.74655292E+0001   -0.74661236E+0001    0.27438455E+0001      3200
 19400   -0.74656662E+0001   -0.74663038E+0001    0.26803493E+0001      3200
 19600   -0.74646143E+0001   -0.74659988E+0001    0.27040664E+0001      3200
 19800   -0.74644976E+0001   -0.74649626E+0001    0.27564531E+0001      3200
 20000   -0.74627102E+0001   -0.74633495E+0001    0.28787515E+0001      3200
 20200   -0.74602182E+0001   -0.74614935E+0001    0.27403540E+0001      3200
 20400   -0.74599104E+0001   -0.74605204E+0001    0.27269033E+0001      3200
 20600   -0.74581391E+0001   -0.74595091E+0001    0.27531467E+0001      3200
 20800   -0.74558004E+0001   -0.74562082E+0001    0.29495412E+0001      3200
 21000   -0.74565623E+0001   -0.74569020E+0001    0.28351376E+0001      3200
 21200   -0.74559445E+0001   -0.74558128E+0001    0.26765383E+0001      3200
 21400   -0.74546218E+0001   -0.74553475E+0001    0.27533205E+0001      3200
 21600   -0.74554535E+0001   -0.74555091E+0001    0.28032732E+0001      3200
 21800   -0.74539929E+0001   -0.74548734E+0001    0.27528464E+0001      3200
 22000   -0.74537907E+0001   -0.74540769E+0001    0.27375399E+0001      3200
 22200   -0.74529039E+0001   -0.74532053E+0001    0.27960125E+0001      3200
 22400   -0.74523228E+0001   -0.74522878E+0001    0.27899029E+0001      3200
 22600   -0.74503778E+0001   -0.74505967E+0001    0.28337711E+0001      3200
 22800   -0.74477549E+0001   -0.74488557E+0001    0.28471206E+0001      3200
 23000   -0.74467887E+0001   -0.74480509E+0001    0.29377949E+0001      3200
 23200   -0.74468698E+0001   -0.74484725E+0001    0.29189211E+0001      3200
 23400   -0.74473527E+0001   -0.74481114E+0001    0.28363415E+0001      3200
 23600   -0.74470186E+0001   -0.74472650E+0001    0.28398643E+0001      3200
 23800   -0.74463841E+0001   -0.74468072E+0001    0.28237779E+0001      3200
 24000   -0.74438113E+0001   -0.74455482E+0001    0.28782636E+0001      3200
 24200   -0.74430399E+0001   -0.74435059E+0001    0.28743382E+0001      3200
 24400   -0.74428309E+0001   -0.74441202E+0001    0.28390076E+0001      3200
 24600   -0.74428777E+0001   -0.74439927E+0001    0.29392675E+0001      3200
 24800   -0.74442698E+0001   -0.74448124E+0001    0.28885800E+0001      3200
 25000   -0.74429289E+0001   -0.74441773E+0001    0.28959159E+0001      3200
 25200   -0.74426736E+0001   -0.74430909E+0001    0.28212237E+0001      3200
 25400   -0.74417339E+0001   -0.74430128E+0001    0.28072283E+0001      3200
 25600   -0.74405290E+0001   -0.74407462E+0001    0.29391890E+0001      3200
 25800   -0.74402316E+0001   -0.74401703E+0001    0.27940370E+0001      3200
 26000   -0.74381377E+0001   -0.74378810E+0001    0.29280981E+0001      3200
 26200   -0.74373221E+0001   -0.74389006E+0001    0.28458282E+0001      3200
 26400   -0.74386000E+0001   -0.74389200E+0001    0.28776158E+0001      3200
 26600   -0.74377256E+0001   -0.74380968E+0001    0.28928635E+0001      3200
 26800   -0.74377765E+0001   -0.74386578E+0001    0.27941938E+0001      3200
 27000   -0.74351038E+0001   -0.74372536E+0001    0.27536891E+0001      3200
 27200   -0.74354110E+0001   -0.74364200E+0001    0.29809477E+0001      3200
 27400   -0.74342915E+0001   -0.74357773E+0001    0.30171074E+0001      3200
 27600   -0.74335638E+0001   -0.74336973E+0001    0.29447813E+0001      3200
 27800   -0.74340409E+0001   -0.74350005E+0001    0.28506398E+0001      3200
 28000   -0.74329947E+0001   -0.74338367E+0001    0.28865870E+0001      3200
 28200   -0.74318973E+0001   -0.74331751E+0001    0.30132107E+0001      3200
 28400   -0.74313135E+0001   -0.74328274E+0001    0.29887643E+0001      3200
 28600   -0.74318286E+0001   -0.74326541E+0001    0.29463710E+0001      3200
 28800   -0.74310024E+0001   -0.74322467E+0001    0.29438200E+0001      3200
 29000   -0.74301732E+0001   -0.74310949E+0001    0.28857514E+0001      3200
 29200   -0.74314332E+0001   -0.74314163E+0001    0.28773421E+0001      3200
 29400   -0.74301395E+0001   -0.74301049E+0001    0.30091545E+0001      3200
 29600   -0.74297539E+0001   -0.74297264E+0001    0.30202579E+0001      3200
 29800   -0.74282422E+0001   -0.74285891E+0001    0.29279179E+0001      3200
 30000   -0.74275786E+0001   -0.74279204E+0001    0.30517996E+0001      3200
 30001   -0.74277007E+0001   -0.74277007E+0001    0.30380454E+0001      3200
 30200   -0.74303873E+0001   -0.74300954E+0001    0.27093259E+0001      3200
 30400   -0.74285044E+0001   -0.74288690E+0001    0.28496518E+0001      3200
 30600   -0.74291476E+0001   -0.74298074E+0001    0.28720882E+0001      3200
 30800   -0.74288575E+0001   -0.74294922E+0001    0.27975374E+0001      3200
 31000   -0.74281781E+0001   -0.74285358E+0001    0.30350961E+0001      3200
 31200   -0.74279156E+0001   -0.74284842E+0001    0.29603786E+0001      3200
 31400   -0.74272865E+0001   -0.74281483E+0001    0.28329596E+0001      3200
 31600   -0.74278768E+0001   -0.74274381E+0001    0.28354849E+0001      3200
 31800   -0.74265807E+0001   -0.74273907E+0001    0.29737752E+0001      3200
 32000   -0.74249571E+0001   -0.74265799E+0001    0.29683260E+0001      3200
 32200   -0.74242911E+0001   -0.74243296E+0001    0.29073946E+0001      3200
 32400   -0.74241129E+0001   -0.74241599E+0001    0.28903666E+0001      3200
 32600   -0.74240352E+0001   -0.74241954E+0001    0.29073456E+0001      3200
 32800   -0.74235420E+0001   -0.74237936E+0001    0.28912545E+0001      3200
 33000   -0.74236854E+0001   -0.74242926E+0001    0.29202718E+0001      3200
 33200   -0.74220838E+0001   -0.74221841E+0001    0.28295100E+0001      3200
 33400   -0.74201873E+0001   -0.74207608E+0001    0.29440003E+0001      3200
 33600   -0.74201866E+0001   -0.74206473E+0001    0.28475350E+0001      3200
 33800   -0.74203761E+0001   -0.74203795E+0001    0.28933604E+0001      3200
 34000   -0.74201333E+0001   -0.74197122E+0001    0.28126504E+0001      3200
 34200   -0.74181465E+0001   -0.74197265E+0001    0.28506791E+0001      3200
 34400   -0.74187023E+0001   -0.74191119E+0001    0.28914119E+0001      3200
 34600   -0.74179684E+0001   -0.74186030E+0001    0.28475160E+0001      3200
 34800   -0.74164225E+0001   -0.74176745E+0001    0.29920584E+0001      3200
 35000   -0.74145562E+0001   -0.74165845E+0001    0.28499027E+0001      3200
 35200   -0.74145504E+0001   -0.74177850E+0001    0.28510893E+0001      3200
 35400   -0.74156482E+0001   -0.74175003E+0001    0.28246712E+0001      3200
 35600   -0.74155937E+0001   -0.74168681E+0001    0.28875514E+0001      3200
 35800   -0.74139120E+0001   -0.74143046E+0001    0.28610592E+0001      3200
 36000   -0.74115358E+0001   -0.74132848E+0001    0.29501055E+0001      3200
 36200   -0.74123653E+0001   -0.74128147E+0001    0.29675309E+0001      3200
 36400   -0.74123730E+0001   -0.74132307E+0001    0.28679619E+0001      3200
 36600   -0.74119123E+0001   -0.74118731E+0001    0.28034869E+0001      3200
 36800   -0.74095208E+0001   -0.74106593E+0001    0.29502881E+0001      3200
 37000   -0.74093569E+0001   -0.74105552E+0001    0.29336405E+0001      3200
 37200   -0.74079462E+0001   -0.74086335E+0001    0.28413307E+0001      3200
 37400   -0.74051126E+0001   -0.74061110E+0001    0.28614315E+0001      3200
 37600   -0.74042700E+0001   -0.74051132E+0001    0.28826051E+0001      3200
 37800   -0.74025952E+0001   -0.74032351E+0001    0.29757702E+0001      3200
 38000   -0.74032654E+0001   -0.74035905E+0001    0.27419946E+0001      3200
 38200   -0.74018820E+0001   -0.74024042E+0001    0.29856118E+0001      3200
 38400   -0.74007747E+0001   -0.74014101E+0001    0.29426186E+0001      3200
 38600   -0.73983490E+0001   -0.74005345E+0001    0.29908762E+0001      3200
 38800   -0.73968971E+0001   -0.73991359E+0001    0.29458189E+0001      3200
 39000   -0.73963881E+0001   -0.73972665E+0001    0.28529757E+0001      3200
 39200   -0.73951167E+0001   -0.73967841E+0001    0.28951292E+0001      3200
 39400   -0.73930462E+0001   -0.73942488E+0001    0.28339113E+0001      3200
 39600   -0.73917699E+0001   -0.73922878E+0001    0.28145221E+0001      3200
 39800   -0.73903764E+0001   -0.73914273E+0001    0.28136927E+0001      3200
 40000   -0.73894834E+0001   -0.73898590E+0001    0.29187656E+0001      3200
 40200   -0.73883747E+0001   -0.73892317E+0001    0.29456530E+0001      3200
 40400   -0.73863794E+0001   -0.73881482E+0001    0.30613680E+0001      3200
 40600   -0.73853275E+0001   -0.73861882E+0001    0.29974491E+0001      3200
 40800   -0.73838641E+0001   -0.73847241E+0001    0.30769737E+0001      3200
 41000   -0.73828993E+0001   -0.73831864E+0001    0.29004396E+0001      3200
 41200   -0.73811236E+0001   -0.73837157E+0001    0.28825263E+0001      3200
 41400   -0.73805129E+0001   -0.73821872E+0001    0.27834997E+0001      3200
 41600   -0.73795884E+0001   -0.73819536E+0001    0.28197939E+0001      3200
 41800   -0.73810033E+0001   -0.73816869E+0001    0.28842620E+0001      3200
 42000   -0.73804761E+0001   -0.73821690E+0001    0.27740903E+0001      3200
 42200   -0.73798649E+0001   -0.73811697E+0001    0.26682290E+0001      3200
 42400   -0.73791051E+0001   -0.73804949E+0001    0.27788103E+0001      3200
 42600   -0.73799611E+0001   -0.73803228E+0001    0.28431750E+0001      3200
 42800   -0.73793319E+0001   -0.73795351E+0001    0.27264252E+0001      3200
 43000   -0.73777854E+0001   -0.73782407E+0001    0.27691385E+0001      3200
 43200   -0.73754281E+0001   -0.73764388E+0001    0.27992884E+0001      3200
 43400   -0.73745333E+0001   -0.73756826E+0001    0.28145206E+0001      3200
 43600   -0.73728619E+0001   -0.73729400E+0001    0.28956736E+0001      3200
 43800   -0.73721253E+0001   -0.73726700E+0001    0.29660935E+0001      3200
 44000   -0.73700751E+0001   -0.73710302E+0001    0.27848805E+0001      3200
 44200   -0.73704612E+0001   -0.73708695E+0001    0.28138075E+0001      3200
 44400   -0.73687831E+0001   -0.73691864E+0001    0.28696664E+0001      3200
 44600   -0.73699773E+0001   -0.73705006E+0001    0.28708526E+0001      3200
 44800   -0.73694811E+0001   -0.73704713E+0001    0.27936159E+0001      3200
 45000   -0.73700083E+0001   -0.73704303E+0001    0.28026894E+0001      3200
 45001   -0.73701148E+0001   -0.73701148E+0001    0.27910912E+0001      3200
 45200   -0.73695214E+0001   -0.73726944E+0001    0.26849840E+0001      3200
 45400   -0.73671787E+0001   -0.73676847E+0001    0.28311608E+0001      3200
 45600   -0.73668893E+0001   -0.73674511E+0001    0.27894091E+0001      3200
 45800   -0.73671297E+0001   -0.73678837E+0001    0.28910125E+0001      3200
 46000   -0.73665697E+0001   -0.73673442E+0001    0.28897100E+0001      3200
 46200   -0.73653849E+0001   -0.73663803E+0001    0.27680979E+0001      3200
 46400   -0.73652186E+0001   -0.73655009E+0001    0.27427218E+0001      3200
 46600   -0.73648555E+0001   -0.73659893E+0001    0.28738731E+0001      3200
 46800   -0.73648997E+0001   -0.73654348E+0001    0.27483207E+0001      3200
 47000   -0.73638235E+0001   -0.73640283E+0001    0.27378711E+0001      3200
 47200   -0.73634960E+0001   -0.73644637E+0001    0.28262615E+0001      3200
 47400   -0.73611507E+0001   -0.73621036E+0001    0.28233850E+0001      3200
 47600   -0.73603331E+0001   -0.73610877E+0001    0.26851401E+0001      3200
 47800   -0.73608451E+0001   -0.73604557E+0001    0.26430574E+0001      3200
 48000   -0.73589548E+0001   -0.73594781E+0001    0.28169805E+0001      3200
 48200   -0.73580405E+0001   -0.73589546E+0001    0.27235272E+0001      3200
 48400   -0.73580191E+0001   -0.73584359E+0001    0.27691709E+0001      3200
 48600   -0.73573421E+0001   -0.73577419E+0001    0.26953131E+0001      3200
 48800   -0.73566659E+0001   -0.73570521E+0001    0.26811541E+0001      3200
 49000   -0.73565930E+0001   -0.73574583E+0001    0.26831590E+0001      3200
 49200   -0.73549176E+0001   -0.73565267E+0001    0.26017961E+0001      3200
 49400   -0.73537172E+0001   -0.73551153E+0001    0.26612709E+0001      3200
 49600   -0.73538441E+0001   -0.73546364E+0001    0.26097234E+0001      3200
 49800   -0.73509073E+0001   -0.73521524E+0001    0.27063042E+0001      3200
 50000   -0.73499986E+0001   -0.73513896E+0001    0.26975388E+0001      3200
 50200   -0.73466144E+0001   -0.73475753E+0001    0.28296605E+0001      3200
 50400   -0.73460675E+0001   -0.73466401E+0001    0.26531289E+0001      3200
 50600   -0.73447118E+0001   -0.73450640E+0001    0.28613959E+0001      3200
 50800   -0.73443302E+0001   -0.73447497E+0001    0.27120758E+0001      3200
 51000   -0.73421550E+0001   -0.73431195E+0001    0.28373718E+0001      3200
 51200   -0.73408814E+0001   -0.73409877E+0001    0.27720232E+0001      3200
 51400   -0.73405215E+0001   -0.73417703E+0001    0.26424120E+0001      3200
 51600   -0.73388516E+0001   -0.73400719E+0001    0.27365330E+0001      3200
 51800   -0.73376254E+0001   -0.73385395E+0001    0.26984268E+0001      3200
 52000   -0.73362131E+0001   -0.73372911E+0001    0.29040733E+0001      3200
 52200   -0.73365608E+0001   -0.73374996E+0001    0.27999220E+0001      3200
 52400   -0.73364975E+0001   -0.73373310E+0001    0.27185442E+0001      3200
 52600   -0.73349236E+0001   -0.73363087E+0001    0.26891112E+0001      3200
 52800   -0.73355899E+0001   -0.73374976E+0001    0.27462736E+0001      3200
 53000   -0.73348156E+0001   -0.73361117E+0001    0.27680690E+0001      3200
 53200   -0.73337316E+0001   -0.73355146E+0001    0.26667477E+0001      3200
 53400   -0.73342406E+0001   -0.73351491E+0001    0.27042708E+0001      3200
 53600   -0.73341751E+0001   -0.73350957E+0001    0.25651309E+0001      3200
 53800   -0.73335183E+0001   -0.73350136E+0001    0.25983959E+0001      3200
 54000   -0.73328777E+0001   -0.73340536E+0001    0.26073921E+0001      3200
 54200   -0.73319996E+0001   -0.73334152E+0001    0.24300685E+0001      3200
 54400   -0.73310578E+0001   -0.73320981E+0001    0.25656673E+0001      3200
 54600   -0.73315638E+0001   -0.73318994E+0001    0.25656181E+0001      3200
 54800   -0.73290491E+0001   -0.73300881E+0001    0.25840267E+0001      3200
 55000   -0.73297275E+0001   -0.73308855E+0001    0.25085510E+0001      3200
 55200   -0.73294291E+0001   -0.73304641E+0001    0.26218789E+0001      3200
 55400   -0.73297922E+0001   -0.73311176E+0001    0.26233943E+0001      3200
 55600   -0.73300082E+0001   -0.73314764E+0001    0.25049206E+0001      3200
 55800   -0.73302544E+0001   -0.73301429E+0001    0.25941521E+0001      3200
 56000   -0.73304054E+0001   -0.73305611E+0001    0.25599440E+0001      3200
 56200   -0.73281622E+0001   -0.73288968E+0001    0.26097021E+0001      3200
 56400   -0.73268538E+0001   -0.73282412E+0001    0.26167654E+0001      3200
 56600   -0.73260506E+0001   -0.73271974E+0001    0.27014737E+0001      3200
 56800   -0.73262197E+0001   -0.73270962E+0001    0.27288861E+0001      3200
 57000   -0.73268081E+0001   -0.73273247E+0001    0.27363663E+0001      3200
 57200   -0.73237719E+0001   -0.73250681E+0001    0.27891150E+0001      3200
 57400   -0.73226689E+0001   -0.73241119E+0001    0.28216779E+0001      3200
 57600   -0.73222891E+0001   -0.73238237E+0001    0.27280759E+0001      3200
 57800   -0.73218805E+0001   -0.73235025E+0001    0.27263668E+0001      3200
 58000   -0.73232934E+0001   -0.73245046E+0001    0.27366793E+0001      3200
 58200   -0.73244799E+0001   -0.73261294E+0001    0.26797843E+0001      3200
 58400   -0.73255507E+0001   -0.73264117E+0001    0.27036069E+0001      3200
 58600   -0.73249303E+0001   -0.73266403E+0001    0.25643607E+0001      3200
 58800   -0.73251089E+0001   -0.73262775E+0001    0.25153588E+0001      3200
 59000   -0.73255435E+0001   -0.73256749E+0001    0.24963086E+0001      3200
 59200   -0.73252046E+0001   -0.73255988E+0001    0.27503051E+0001      3200
 59400   -0.73245877E+0001   -0.73248086E+0001    0.26454340E+0001      3200
 59600   -0.73239305E+0001   -0.73240685E+0001    0.25666255E+0001      3200
 59800   -0.73224979E+0001   -0.73233146E+0001    0.27060896E+0001      3200
 60000   -0.73237403E+0001   -0.73248083E+0001    0.27740527E+0001      3200
 60001   -0.73238412E+0001   -0.73238412E+0001    0.27583801E+0001      3200
 60200   -0.73266565E+0001   -0.73272958E+0001    0.24378278E+0001      3200
 60400   -0.73261789E+0001   -0.73266934E+0001    0.25776102E+0001      3200
 60600   -0.73259290E+0001   -0.73258302E+0001    0.24194944E+0001      3200
 60800   -0.73243458E+0001   -0.73245670E+0001    0.25864067E+0001      3200
 61000   -0.73244883E+0001   -0.73250370E+0001    0.25593987E+0001      3200
 61200   -0.73223618E+0001   -0.73241576E+0001    0.26531306E+0001      3200
 61400   -0.73215538E+0001   -0.73227763E+0001    0.25866826E+0001      3200
 61600   -0.73218537E+0001   -0.73219619E+0001    0.26621303E+0001      3200
 61800   -0.73206686E+0001   -0.73205960E+0001    0.25743052E+0001      3200
 62000   -0.73176343E+0001   -0.73184768E+0001    0.26030561E+0001      3200
 62200   -0.73174132E+0001   -0.73186364E+0001    0.26680590E+0001      3200
 62400   -0.73181452E+0001   -0.73191754E+0001    0.25002703E+0001      3200
 62600   -0.73145656E+0001   -0.73168417E+0001    0.27102888E+0001      3200
 62800   -0.73142915E+0001   -0.73154058E+0001    0.27248971E+0001      3200
 63000   -0.73145274E+0001   -0.73153814E+0001    0.26894422E+0001      3200
 63200   -0.73148505E+0001   -0.73157462E+0001    0.26640165E+0001      3200
 63400   -0.73175733E+0001   -0.73192035E+0001    0.27753951E+0001      3200
 63600   -0.73180861E+0001   -0.73193199E+0001    0.25672044E+0001      3200
 63800   -0.73168090E+0001   -0.73177224E+0001    0.25373486E+0001      3200
 64000   -0.73172576E+0001   -0.73179453E+0001    0.25357497E+0001      3200
 64200   -0.73179346E+0001   -0.73187352E+0001    0.24519923E+0001      3200
 64400   -0.73172905E+0001   -0.73198649E+0001    0.24998733E+0001      3200
 64600   -0.73155596E+0001   -0.73179083E+0001    0.25165291E+0001      3200
 64800   -0.73154765E+0001   -0.73164842E+0001    0.25849120E+0001      3200
 65000   -0.73138401E+0001   -0.73151298E+0001    0.24787312E+0001      3200
 65200   -0.73140489E+0001   -0.73152658E+0001    0.25049271E+0001      3200
 65400   -0.73136206E+0001   -0.73147530E+0001    0.25009763E+0001      3200
 65600   -0.73124094E+0001   -0.73136342E+0001    0.24863658E+0001      3200
 65800   -0.73110075E+0001   -0.73131512E+0001    0.25997206E+0001      3200
 66000   -0.73111049E+0001   -0.73111177E+0001    0.24939011E+0001      3200
 66200   -0.73117936E+0001   -0.73115889E+0001    0.24137328E+0001      3200
 66400   -0.73110283E+0001   -0.73115153E+0001    0.24354363E+0001      3200
 66600   -0.73102196E+0001   -0.73111469E+0001    0.25238728E+0001      3200
 66800   -0.73093424E+0001   -0.73101143E+0001    0.25561309E+0001      3200
 67000   -0.73080112E+0001   -0.73089402E+0001    0.26073587E+0001      3200
 67200   -0.73074095E+0001   -0.73083353E+0001    0.26119400E+0001      3200
 67400   -0.73062249E+0001   -0.73068059E+0001    0.26205743E+0001      3200
 67600   -0.73054009E+0001   -0.73061476E+0001    0.26344995E+0001      3200
 67800   -0.73035082E+0001   -0.73051537E+0001    0.27825428E+0001      3200
 68000   -0.73047986E+0001   -0.73055664E+0001    0.27630587E+0001      3200
 68200   -0.73052292E+0001   -0.73064433E+0001    0.26078344E+0001      3200
 68400   -0.73041353E+0001   -0.73051164E+0001    0.26053545E+0001      3200
 68600   -0.73052442E+0001   -0.73052702E+0001    0.25372325E+0001      3200
 68800   -0.73028641E+0001   -0.73036372E+0001    0.26235901E+0001      3200
 69000   -0.73026088E+0001   -0.73026420E+0001    0.25900262E+0001      3200
 69200   -0.73026816E+0001   -0.73045591E+0001    0.25209328E+0001      3200
 69400   -0.73029400E+0001   -0.73038791E+0001    0.25199553E+0001      3200
 69600   -0.73022007E+0001   -0.73022463E+0001    0.24448794E+0001      3200
 69800   -0.73011888E+0001   -0.73018566E+0001    0.26034557E+0001      3200
 70000   -0.73012062E+0001   -0.73015805E+0001    0.25593560E+0001      3200
 70200   -0.73003155E+0001   -0.73020975E+0001    0.27060967E+0001      3200
 70400   -0.73004611E+0001   -0.73022247E+0001    0.26086838E+0001      3200
 70600   -0.72998963E+0001   -0.73008169E+0001    0.26623984E+0001      3200
 70800   -0.73005211E+0001   -0.73010934E+0001    0.26698652E+0001      3200
 71000   -0.72999178E+0001   -0.73011005E+0001    0.25438788E+0001      3200
 71200   -0.73004551E+0001   -0.73012111E+0001    0.25786816E+0001      3200
 71400   -0.73002097E+0001   -0.73023827E+0001    0.26307282E+0001      3200
 71600   -0.73007517E+0001   -0.73016896E+0001    0.25487277E+0001      3200
 71800   -0.72986361E+0001   -0.72997631E+0001    0.25866106E+0001      3200
 72000   -0.72973220E+0001   -0.72973965E+0001    0.26878887E+0001      3200
 72200   -0.72970027E+0001   -0.72969893E+0001    0.26424226E+0001      3200
 72400   -0.72959971E+0001   -0.72982542E+0001    0.26580392E+0001      3200
 72600   -0.72955057E+0001   -0.72964798E+0001    0.26870453E+0001      3200
 72800   -0.72967656E+0001   -0.72961439E+0001    0.25859728E+0001      3200
 73000   -0.72936806E+0001   -0.72957786E+0001    0.26641913E+0001      3200
 73200   -0.72942667E+0001   -0.72963071E+0001    0.27073161E+0001      3200
 73400   -0.72946783E+0001   -0.72960186E+0001    0.27185633E+0001      3200
 73600   -0.72943506E+0001   -0.72952630E+0001    0.28312796E+0001      3200
 73800   -0.72924133E+0001   -0.72941814E+0001    0.29188677E+0001      3200
 74000   -0.72928828E+0001   -0.72937528E+0001    0.28341118E+0001      3200
 74200   -0.72929866E+0001   -0.72943338E+0001    0.27637709E+0001      3200
 74400   -0.72917309E+0001   -0.72932552E+0001    0.27734260E+0001      3200
 74600   -0.72918863E+0001   -0.72936937E+0001    0.27094808E+0001      3200
 74800   -0.72921417E+0001   -0.72931050E+0001    0.27731201E+0001      3200
 75000   -0.72922208E+0001   -0.72928568E+0001    0.28470724E+0001      3200
 75001   -0.72923259E+0001   -0.72923259E+0001    0.28323212E+0001      3200
 75200   -0.72926761E+0001   -0.72941638E+0001    0.26883094E+0001      3200
 75400   -0.72907778E+0001   -0.72929768E+0001    0.27893140E+0001      3200
 75600   -0.72935048E+0001   -0.72935630E+0001    0.27215637E+0001      3200
 75800   -0.72926416E+0001   -0.72929314E+0001    0.28054346E+0001      3200
 76000   -0.72912803E+0001   -0.72922133E+0001    0.28927583E+0001      3200
 76200   -0.72910496E+0001   -0.72925582E+0001    0.28182256E+0001      3200
 76400   -0.72903050E+0001   -0.72925156E+0001    0.27844196E+0001      3200
 76600   -0.72897516E+0001   -0.72906099E+0001    0.26937469E+0001      3200
 76800   -0.72895440E+0001   -0.72884170E+0001    0.28721319E+0001      3200
 77000   -0.72892645E+0001   -0.72902354E+0001    0.27128452E+0001      3200
 77200   -0.72870815E+0001   -0.72902482E+0001    0.26700040E+0001      3200
 77400   -0.72859234E+0001   -0.72878446E+0001    0.27837332E+0001      3200
 77600   -0.72854173E+0001   -0.72866865E+0001    0.27383802E+0001      3200
 77800   -0.72830736E+0001   -0.72845783E+0001    0.28277772E+0001      3200
 78000   -0.72837122E+0001   -0.72841617E+0001    0.27292437E+0001      3200
 78200   -0.72818080E+0001   -0.72826677E+0001    0.27169611E+0001      3200
 78400   -0.72786968E+0001   -0.72807045E+0001    0.28970269E+0001      3200
 78600   -0.72780047E+0001   -0.72794666E+0001    0.28218100E+0001      3200
 78800   -0.72788509E+0001   -0.72804483E+0001    0.27431123E+0001      3200
 79000   -0.72798089E+0001   -0.72811384E+0001    0.28886685E+0001      3200
 79200   -0.72789613E+0001   -0.72799651E+0001    0.28159369E+0001      3200
 79400   -0.72770780E+0001   -0.72778786E+0001    0.28017259E+0001      3200
 79600   -0.72722394E+0001   -0.72738048E+0001    0.28310315E+0001      3200
 79800   -0.72734608E+0001   -0.72745631E+0001    0.29200478E+0001      3200
 80000   -0.72737531E+0001   -0.72749283E+0001    0.28447498E+0001      3200
 80200   -0.72740704E+0001   -0.72753275E+0001    0.27998016E+0001      3200
 80400   -0.72717972E+0001   -0.72742385E+0001    0.29355811E+0001      3200
 80600   -0.72721215E+0001   -0.72734117E+0001    0.28469342E+0001      3200
 80800   -0.72739268E+0001   -0.72754819E+0001    0.28163346E+0001      3200
 81000   -0.72737980E+0001   -0.72754041E+0001    0.27894910E+0001      3200
 81200   -0.72725934E+0001   -0.72742960E+0001    0.26910432E+0001      3200
 81400   -0.72722655E+0001   -0.72743233E+0001    0.27693388E+0001      3200
 81600   -0.72711589E+0001   -0.72728729E+0001    0.27619373E+0001      3200
 81800   -0.72723923E+0001   -0.72724665E+0001    0.28550464E+0001      3200
 82000   -0.72704800E+0001   -0.72712942E+0001    0.28308021E+0001      3200
 82200   -0.72685708E+0001   -0.72694529E+0001    0.28075866E+0001      3200
 82400   -0.72681374E+0001   -0.72699239E+0001    0.28575716E+0001      3200
 82600   -0.72690777E+0001   -0.72699347E+0001    0.27949847E+0001      3200
 82800   -0.72669900E+0001   -0.72694247E+0001    0.27274464E+0001      3200
 83000   -0.72675047E+0001   -0.72694210E+0001    0.27871368E+0001      3200
 83200   -0.72681388E+0001   -0.72682196E+0001    0.27899279E+0001      3200
 83400   -0.72666726E+0001   -0.72680918E+0001    0.28330289E+0001      3200
 83600   -0.72670006E+0001   -0.72682161E+0001    0.27347527E+0001      3200
 83800   -0.72655896E+0001   -0.72682656E+0001    0.28496555E+0001      3200
 84000   -0.72648264E+0001   -0.72654062E+0001    0.28371331E+0001      3200
 84200   -0.72626238E+0001   -0.72635848E+0001    0.28917905E+0001      3200
 84400   -0.72637638E+0001   -0.72654343E+0001    0.28112845E+0001      3200
 84600   -0.72620113E+0001   -0.72627546E+0001    0.27737545E+0001      3200
 84800   -0.72619948E+0001   -0.72645443E+0001    0.29269055E+0001      3200
 85000   -0.72619282E+0001   -0.72637178E+0001    0.28244681E+0001      3200
 85200   -0.72591939E+0001   -0.72620728E+0001    0.28760938E+0001      3200
 85400   -0.72578325E+0001   -0.72611995E+0001    0.28162700E+0001      3200
 85600   -0.72597565E+0001   -0.72606701E+0001    0.27832956E+0001      3200
 85800   -0.72574564E+0001   -0.72588075E+0001    0.27143294E+0001      3200
 86000   -0.72581910E+0001   -0.72592031E+0001    0.28114311E+0001      3200
 86200   -0.72582261E+0001   -0.72590912E+0001    0.27598325E+0001      3200
 86400   -0.72570198E+0001   -0.72577389E+0001    0.28370352E+0001      3200
 86600   -0.72565209E+0001   -0.72578042E+0001    0.27590731E+0001      3200
 86800   -0.72542906E+0001   -0.72574376E+0001    0.28886680E+0001      3200
 87000   -0.72558141E+0001   -0.72569310E+0001    0.28144212E+0001      3200
 87200   -0.72537583E+0001   -0.72553959E+0001    0.28698074E+0001      3200
 87400   -0.72543830E+0001   -0.72544627E+0001    0.27727308E+0001      3200
 87600   -0.72491889E+0001   -0.72515963E+0001    0.29303415E+0001      3200
 87800   -0.72465147E+0001   -0.72473130E+0001    0.28635261E+0001      3200
 88000   -0.72457498E+0001   -0.72472911E+0001    0.28573563E+0001      3200
 88200   -0.72451433E+0001   -0.72461226E+0001    0.28496001E+0001      3200
 88400   -0.72450645E+0001   -0.72458721E+0001    0.28521593E+0001      3200
 88600   -0.72466340E+0001   -0.72481733E+0001    0.28749771E+0001      3200
 88800   -0.72452062E+0001   -0.72456654E+0001    0.28765759E+0001      3200
 89000   -0.72440285E+0001   -0.72453927E+0001    0.28262377E+0001      3200
 89200   -0.72441117E+0001   -0.72459670E+0001    0.28695336E+0001      3200
 89400   -0.72433368E+0001   -0.72443366E+0001    0.29161864E+0001      3200
 89600   -0.72412110E+0001   -0.72433342E+0001    0.28791389E+0001      3200
 89800   -0.72396682E+0001   -0.72431423E+0001    0.29103280E+0001      3200
 90000   -0.72394532E+0001   -0.72406547E+0001    0.28835156E+0001      3200
 90001   -0.72385301E+0001   -0.72385301E+0001    0.28768406E+0001      3200
 90200   -0.72431161E+0001   -0.72437269E+0001    0.27448505E+0001      3200
 90400   -0.72412787E+0001   -0.72437264E+0001    0.28209348E+0001      3200
 90600   -0.72390406E+0001   -0.72412832E+0001    0.28641068E+0001      3200
 90800   -0.72371174E+0001   -0.72379564E+0001    0.28714110E+0001      3200
 91000   -0.72362394E+0001   -0.72376736E+0001    0.28962329E+0001      3200
 91200   -0.72360081E+0001   -0.72377937E+0001    0.27304579E+0001      3200
 91400   -0.72348153E+0001   -0.72352581E+0001    0.28652505E+0001      3200
 91600   -0.72346626E+0001   -0.72360440E+0001    0.27294437E+0001      3200
 91800   -0.72358063E+0001   -0.72371436E+0001    0.27493374E+0001      3200
 92000   -0.72356743E+0001   -0.72364883E+0001    0.27756405E+0001      3200
 92200   -0.72362051E+0001   -0.72373821E+0001    0.27860519E+0001      3200
 92400   -0.72361524E+0001   -0.72374195E+0001    0.27810153E+0001      3200
 92600   -0.72365521E+0001   -0.72366745E+0001    0.25834788E+0001      3200
 92800   -0.72358400E+0001   -0.72360829E+0001    0.27021458E+0001      3200
 93000   -0.72357184E+0001   -0.72363253E+0001    0.26476025E+0001      3200
 93200   -0.72349490E+0001   -0.72355275E+0001    0.26852147E+0001      3200
 93400   -0.72325743E+0001   -0.72345976E+0001    0.27251939E+0001      3200
 93600   -0.72330365E+0001   -0.72333254E+0001    0.26905989E+0001      3200
 93800   -0.72314348E+0001   -0.72325302E+0001    0.28026125E+0001      3200
 94000   -0.72333442E+0001   -0.72342130E+0001    0.28611928E+0001      3200
 94200   -0.72318208E+0001   -0.72338524E+0001    0.29025510E+0001      3200
 94400   -0.72329290E+0001   -0.72346353E+0001    0.28750466E+0001      3200
 94600   -0.72335900E+0001   -0.72342055E+0001    0.28349508E+0001      3200
 94800   -0.72326491E+0001   -0.72346761E+0001    0.27596052E+0001      3200
 95000   -0.72318906E+0001   -0.72343205E+0001    0.27539442E+0001      3200
 95200   -0.72304778E+0001   -0.72311857E+0001    0.28152257E+0001      3200
 95400   -0.72314422E+0001   -0.72329437E+0001    0.28289135E+0001      3200
 95600   -0.72321339E+0001   -0.72328806E+0001    0.27733576E+0001      3200
 95800   -0.72300038E+0001   -0.72324200E+0001    0.27311219E+0001      3200
 96000   -0.72285679E+0001   -0.72303952E+0001    0.27596839E+0001      3200
 96200   -0.72271557E+0001   -0.72284114E+0001    0.29058190E+0001      3200
 96400   -0.72269113E+0001   -0.72268684E+0001    0.28822578E+0001      3200
 96600   -0.72252100E+0001   -0.72274424E+0001    0.27668542E+0001      3200
 96800   -0.72262755E+0001   -0.72279330E+0001    0.25898892E+0001      3200
 97000   -0.72256868E+0001   -0.72267160E+0001    0.27504260E+0001      3200
 97200   -0.72249179E+0001   -0.72263519E+0001    0.26396289E+0001      3200
 97400   -0.72245706E+0001   -0.72270909E+0001    0.26844120E+0001      3200
 97600   -0.72247625E+0001   -0.72255527E+0001    0.26110832E+0001      3200
 97800   -0.72236476E+0001   -0.72250362E+0001    0.27044232E+0001      3200
 98000   -0.72238368E+0001   -0.72247916E+0001    0.26815093E+0001      3200
 98200   -0.72237315E+0001   -0.72254450E+0001    0.26240735E+0001      3200
 98400   -0.72241614E+0001   -0.72256833E+0001    0.27105222E+0001      3200
 98600   -0.72241647E+0001   -0.72248041E+0001    0.26953124E+0001      3200
 98800   -0.72223557E+0001   -0.72240645E+0001    0.27403406E+0001      3200
 99000   -0.72246604E+0001   -0.72251050E+0001    0.26015841E+0001      3200
 99200   -0.72228912E+0001   -0.72237780E+0001    0.26622949E+0001      3200
 99400   -0.72232352E+0001   -0.72243852E+0001    0.27133729E+0001      3200
 99600   -0.72232633E+0001   -0.72237159E+0001    0.26819950E+0001      3200
 99800   -0.72228283E+0001   -0.72230358E+0001    0.26549975E+0001      3200
100000   -0.72209868E+0001   -0.72218140E+0001    0.26883224E+0001      3200
100200   -0.72200089E+0001   -0.72208533E+0001    0.27302666E+0001      3200
100400   -0.72198007E+0001   -0.72213413E+0001    0.27180791E+0001      3200
100600   -0.72201650E+0001   -0.72211030E+0001    0.26582835E+0001      3200
100800   -0.72204179E+0001   -0.72205743E+0001    0.26951721E+0001      3200
101000   -0.72212421E+0001   -0.72209889E+0001    0.25445804E+0001      3200
101200   -0.72200322E+0001   -0.72204292E+0001    0.27454378E+0001      3200
101400   -0.72178009E+0001   -0.72198267E+0001    0.26774379E+0001      3200
101600   -0.72173356E+0001   -0.72185709E+0001    0.26620929E+0001      3200
101800   -0.72177090E+0001   -0.72182941E+0001    0.26763915E+0001      3200
102000   -0.72176597E+0001   -0.72184101E+0001    0.27132539E+0001      3200
102200   -0.72163879E+0001   -0.72173482E+0001    0.27203994E+0001      3200
102400   -0.72155484E+0001   -0.72159231E+0001    0.27211497E+0001      3200
102600   -0.72143926E+0001   -0.72159720E+0001    0.26514590E+0001      3200
102800   -0.72140643E+0001   -0.72156262E+0001    0.28037067E+0001      3200
103000   -0.72135857E+0001   -0.72153986E+0001    0.26567631E+0001      3200
103200   -0.72130424E+0001   -0.72139795E+0001    0.26956584E+0001      3200
103400   -0.72126514E+0001   -0.72140478E+0001    0.26037520E+0001      3200
103600   -0.72131172E+0001   -0.72142543E+0001    0.26380891E+0001      3200
103800   -0.72108468E+0001   -0.72126373E+0001    0.25790055E+0001      3200
104000   -0.72107150E+0001   -0.72108128E+0001    0.26706554E+0001      3200
104200   -0.72086916E+0001   -0.72110379E+0001    0.27098314E+0001      3200
104400   -0.72083169E+0001   -0.72102022E+0001    0.27217607E+0001      3200
104600   -0.72100841E+0001   -0.72101897E+0001    0.26336730E+0001      3200
104800   -0.72081170E+0001   -0.72092035E+0001    0.27917340E+0001      3200
105000   -0.72083789E+0001   -0.72091656E+0001    0.27306358E+0001      3200
105001   -0.72084760E+0001   -0.72084760E+0001    0.27209026E+0001      3200
105200   -0.72112429E+0001   -0.72120780E+0001    0.26641930E+0001      3200
105400   -0.72110630E+0001   -0.72130293E+0001    0.25564531E+0001      3200
105600   -0.72125171E+0001   -0.72138682E+0001    0.26310283E+0001      3200
105800   -0.72116441E+0001   -0.72125954E+0001    0.25952445E+0001      3200
106000   -0.72127441E+0001   -0.72126646E+0001    0.25638998E+0001      3200
106200   -0.72118917E+0001   -0.72132365E+0001    0.26392570E+0001      3200
106400   -0.72098817E+0001   -0.72109137E+0001    0.27457478E+0001      3200
106600   -0.72098286E+0001   -0.72105843E+0001    0.25430677E+0001      3200
106800   -0.72094847E+0001   -0.72109625E+0001    0.26598395E+0001      3200
107000   -0.72081663E+0001   -0.72091776E+0001    0.26638643E+0001      3200
107200   -0.72062415E+0001   -0.72075925E+0001    0.27782705E+0001      3200
107400   -0.72058227E+0001   -0.72073106E+0001    0.27414694E+0001      3200
107600   -0.72059726E+0001   -0.72064724E+0001    0.26014848E+0001      3200
107800   -0.72049469E+0001   -0.72061615E+0001    0.26453902E+0001      3200
108000   -0.72040178E+0001   -0.72046389E+0001    0.26141627E+0001      3200
108200   -0.72027272E+0001   -0.72033148E+0001    0.26809190E+0001      3200
108400   -0.72025685E+0001   -0.72041198E+0001    0.25700479E+0001      3200
108600   -0.71998520E+0001   -0.72015063E+0001    0.27402167E+0001      3200
108800   -0.72001709E+0001   -0.72008727E+0001    0.27086909E+0001      3200
109000   -0.71988455E+0001   -0.71987385E+0001    0.27188063E+0001      3200
109200   -0.71995208E+0001   -0.72006219E+0001    0.25965972E+0001      3200
109400   -0.71965519E+0001   -0.71991926E+0001    0.27438382E+0001      3200
109600   -0.71950086E+0001   -0.71972621E+0001    0.27742928E+0001      3200
109800   -0.71960987E+0001   -0.71972363E+0001    0.28360364E+0001      3200
110000   -0.71952629E+0001   -0.71959071E+0001    0.28761753E+0001      3200
110200   -0.71950937E+0001   -0.71960191E+0001    0.29214887E+0001      3200
110400   -0.71947641E+0001   -0.71960438E+0001    0.27992845E+0001      3200
110600   -0.71936112E+0001   -0.71939267E+0001    0.28630428E+0001      3200
110800   -0.71915028E+0001   -0.71926847E+0001    0.29397954E+0001      3200
111000   -0.71892838E+0001   -0.71925105E+0001    0.28287078E+0001      3200
111200   -0.71898744E+0001   -0.71932408E+0001    0.29055745E+0001      3200
111400   -0.71897790E+0001   -0.71925132E+0001    0.28773510E+0001      3200
111600   -0.71892796E+0001   -0.71910768E+0001    0.28042632E+0001      3200
111800   -0.71880839E+0001   -0.71902199E+0001    0.28022946E+0001      3200
112000   -0.71895933E+0001   -0.71913944E+0001    0.27613996E+0001      3200
112200   -0.71881729E+0001   -0.71896375E+0001    0.27474927E+0001      3200
112400   -0.71872363E+0001   -0.71882768E+0001    0.27587703E+0001      3200
112600   -0.71857505E+0001   -0.71875980E+0001    0.26949759E+0001      3200
112800   -0.71841694E+0001   -0.71858155E+0001    0.26465719E+0001      3200
113000   -0.71860142E+0001   -0.71865855E+0001    0.25498179E+0001      3200
113200   -0.71861028E+0001   -0.71867012E+0001    0.25970657E+0001      3200
113400   -0.71857047E+0001   -0.71864541E+0001    0.24815802E+0001      3200
113600   -0.71849775E+0001   -0.71872339E+0001    0.26328199E+0001      3200
113800   -0.71845357E+0001   -0.71857489E+0001    0.26367619E+0001      3200
114000   -0.71838536E+0001   -0.71845979E+0001    0.26805814E+0001      3200
114200   -0.71850562E+0001   -0.71856005E+0001    0.27278944E+0001      3200
114400   -0.71856537E+0001   -0.71859452E+0001    0.25442232E+0001      3200
114600   -0.71837978E+0001   -0.71843372E+0001    0.27478984E+0001      3200
114800   -0.71842363E+0001   -0.71845903E+0001    0.27435400E+0001      3200
115000   -0.71831661E+0001   -0.71839050E+0001    0.27300726E+0001      3200
115200   -0.71817374E+0001   -0.71808581E+0001    0.27357667E+0001      3200
115400   -0.71809135E+0001   -0.71816789E+0001    0.27868984E+0001      3200
115600   -0.71805413E+0001   -0.71816210E+0001    0.27123217E+0001      3200
115800   -0.71790390E+0001   -0.71793286E+0001    0.26132456E+0001      3200
116000   -0.71777680E+0001   -0.71785225E+0001    0.25909286E+0001      3200
116200   -0.71755460E+0001   -0.71788649E+0001    0.26152551E+0001      3200
116400   -0.71764022E+0001   -0.71779599E+0001    0.26197552E+0001      3200
116600   -0.71758655E+0001   -0.71786552E+0001    0.25173084E+0001      3200
116800   -0.71772673E+0001   -0.71778328E+0001    0.25430668E+0001      3200
117000   -0.71768330E+0001   -0.71784213E+0001    0.26270473E+0001      3200
117200   -0.71760200E+0001   -0.71772125E+0001    0.25597186E+0001      3200
117400   -0.71748730E+0001   -0.71752925E+0001    0.25960645E+0001      3200
117600   -0.71745549E+0001   -0.71755591E+0001    0.24595159E+0001      3200
117800   -0.71741915E+0001   -0.71748026E+0001    0.25466975E+0001      3200
118000   -0.71746493E+0001   -0.71764606E+0001    0.25316314E+0001      3200
118200   -0.71731491E+0001   -0.71738207E+0001    0.25263189E+0001      3200
118400   -0.71704527E+0001   -0.71720662E+0001    0.25399299E+0001      3200
118600   -0.71667017E+0001   -0.71689814E+0001    0.26740204E+0001      3200
118800   -0.71659719E+0001   -0.71684093E+0001    0.26594855E+0001      3200
119000   -0.71682278E+0001   -0.71709295E+0001    0.26548419E+0001      3200
119200   -0.71695834E+0001   -0.71718853E+0001    0.27347342E+0001      3200
119400   -0.71723058E+0001   -0.71725883E+0001    0.25189650E+0001      3200
119600   -0.71723854E+0001   -0.71741035E+0001    0.25664570E+0001      3200
119800   -0.71711427E+0001   -0.71720536E+0001    0.25859088E+0001      3200
120000   -0.71720616E+0001   -0.71732678E+0001    0.24925490E+0001      3200
120001   -0.71721422E+0001   -0.71721422E+0001    0.24856255E+0001      3200
120200   -0.71734908E+0001   -0.71750940E+0001    0.23552423E+0001      3200
120400   -0.71726384E+0001   -0.71748357E+0001    0.25167707E+0001      3200
120600   -0.71732001E+0001   -0.71741483E+0001    0.24833042E+0001      3200
120800   -0.71713947E+0001   -0.71725286E+0001    0.25788415E+0001      3200
121000   -0.71700400E+0001   -0.71720928E+0001    0.26397303E+0001      3200
121200   -0.71711822E+0001   -0.71721595E+0001    0.26331443E+0001      3200
121400   -0.71709939E+0001   -0.71720122E+0001    0.27304156E+0001      3200
121600   -0.71707563E+0001   -0.71715494E+0001    0.25693903E+0001      3200
121800   -0.71701141E+0001   -0.71720620E+0001    0.26442089E+0001      3200
122000   -0.71709955E+0001   -0.71722965E+0001    0.26106650E+0001      3200
122200   -0.71709511E+0001   -0.71715558E+0001    0.25372208E+0001      3200
122400   -0.71677698E+0001   -0.71695952E+0001    0.27012036E+0001      3200
122600   -0.71663014E+0001   -0.71689896E+0001    0.26963759E+0001      3200
122800   -0.71641852E+0001   -0.71673433E+0001    0.26188529E+0001      3200
123000   -0.71657791E+0001   -0.71682149E+0001    0.25320547E+0001      3200
123200   -0.71633099E+0001   -0.71658018E+0001    0.26911641E+0001      3200
123400   -0.71634688E+0001   -0.71645170E+0001    0.25860128E+0001      3200
123600   -0.71629381E+0001   -0.71653818E+0001    0.25983415E+0001      3200
123800   -0.71634872E+0001   -0.71644317E+0001    0.27040332E+0001      3200
124000   -0.71625938E+0001   -0.71635902E+0001    0.26711461E+0001      3200
124200   -0.71640830E+0001   -0.71649847E+0001    0.25652427E+0001      3200
124400   -0.71617494E+0001   -0.71632730E+0001    0.25815054E+0001      3200
124600   -0.71591021E+0001   -0.71600694E+0001    0.26516682E+0001      3200
124800   -0.71579822E+0001   -0.71600510E+0001    0.26157955E+0001      3200
125000   -0.71589750E+0001   -0.71599363E+0001    0.25726158E+0001      3200
125200   -0.71565808E+0001   -0.71578725E+0001    0.26020668E+0001      3200
125400   -0.71543335E+0001   -0.71563124E+0001    0.25893041E+0001      3200
125600   -0.71509345E+0001   -0.71542626E+0001    0.25902835E+0001      3200
125800   -0.71500445E+0001   -0.71520770E+0001    0.26911780E+0001      3200
126000   -0.71503127E+0001   -0.71509009E+0001    0.25031404E+0001      3200
126200   -0.71514330E+0001   -0.71531666E+0001    0.25691952E+0001      3200
126400   -0.71498902E+0001   -0.71530313E+0001    0.26134919E+0001      3200
126600   -0.71499822E+0001   -0.71510297E+0001    0.24808345E+0001      3200
126800   -0.71489414E+0001   -0.71507289E+0001    0.25053169E+0001      3200
127000   -0.71483546E+0001   -0.71498547E+0001    0.24606988E+0001      3200
127200   -0.71501098E+0001   -0.71515920E+0001    0.25785127E+0001      3200
127400   -0.71484075E+0001   -0.71504500E+0001    0.24593403E+0001      3200
127600   -0.71478708E+0001   -0.71500847E+0001    0.24561146E+0001      3200
127800   -0.71484898E+0001   -0.71519904E+0001    0.24281567E+0001      3200
128000   -0.71492108E+0001   -0.71508502E+0001    0.24557733E+0001      3200
128200   -0.71472702E+0001   -0.71478995E+0001    0.25480850E+0001      3200
128400   -0.71436674E+0001   -0.71457360E+0001    0.25493860E+0001      3200
128600   -0.71433802E+0001   -0.71460905E+0001    0.24070904E+0001      3200
128800   -0.71434529E+0001   -0.71443355E+0001    0.26015080E+0001      3200
129000   -0.71428590E+0001   -0.71438372E+0001    0.25033852E+0001      3200
129200   -0.71423407E+0001   -0.71432633E+0001    0.23984316E+0001      3200
129400   -0.71403688E+0001   -0.71423656E+0001    0.25887719E+0001      3200
129600   -0.71407666E+0001   -0.71418535E+0001    0.24227891E+0001      3200
129800   -0.71410887E+0001   -0.71424476E+0001    0.24481869E+0001      3200
130000   -0.71389551E+0001   -0.71397460E+0001    0.24656115E+0001      3200
130200   -0.71372647E+0001   -0.71374955E+0001    0.24545174E+0001      3200
130400   -0.71369788E+0001   -0.71380037E+0001    0.24793143E+0001      3200
130600   -0.71365786E+0001   -0.71385026E+0001    0.25503592E+0001      3200
130800   -0.71352566E+0001   -0.71377387E+0001    0.25245156E+0001      3200
131000   -0.71374310E+0001   -0.71383972E+0001    0.24541723E+0001      3200
131200   -0.71383134E+0001   -0.71398534E+0001    0.23951766E+0001      3200
131400   -0.71380741E+0001   -0.71390254E+0001    0.23820645E+0001      3200
131600   -0.71377377E+0001   -0.71381611E+0001    0.24429932E+0001      3200
131800   -0.71369514E+0001   -0.71374052E+0001    0.23224079E+0001      3200
132000   -0.71359155E+0001   -0.71360442E+0001    0.24308323E+0001      3200
132200   -0.71347790E+0001   -0.71352400E+0001    0.24034966E+0001      3200
132400   -0.71345023E+0001   -0.71358445E+0001    0.24600874E+0001      3200
132600   -0.71343931E+0001   -0.71352628E+0001    0.24010070E+0001      3200
132800   -0.71336098E+0001   -0.71337927E+0001    0.25941379E+0001      3200
133000   -0.71336713E+0001   -0.71344892E+0001    0.25739652E+0001      3200
133200   -0.71342439E+0001   -0.71343612E+0001    0.24214744E+0001      3200
133400   -0.71344273E+0001   -0.71357988E+0001    0.23978090E+0001      3200
133600   -0.71335634E+0001   -0.71342025E+0001    0.23735045E+0001      3200
133800   -0.71329803E+0001   -0.71338857E+0001    0.23779832E+0001      3200
134000   -0.71323339E+0001   -0.71329101E+0001    0.23556313E+0001      3200
134200   -0.71336539E+0001   -0.71343274E+0001    0.23078802E+0001      3200
134400   -0.71335124E+0001   -0.71347672E+0001    0.24063841E+0001      3200
134600   -0.71329448E+0001   -0.71337131E+0001    0.23931555E+0001      3200
134800   -0.71331399E+0001   -0.71334143E+0001    0.23577505E+0001      3200
135000   -0.71312525E+0001   -0.71326854E+0001    0.24099349E+0001      3200
