     1   -0.39239887E+0001   -0.39242299E+0001    0.12179439E+0001     12005
    50   -0.39234603E+0001   -0.39280785E+0001    0.10696577E+0001     11891
   100   -0.39237926E+0001   -0.39287718E+0001    0.10451091E+0001     12025
   150   -0.39248511E+0001   -0.39297998E+0001    0.10039933E+0001     11963
   200   -0.39264220E+0001   -0.39311197E+0001    0.94122937E+0000     12105
   250   -0.39276947E+0001   -0.39322261E+0001    0.82787779E+0000     12609
   300   -0.39290747E+0001   -0.39329225E+0001    0.83165788E+0000     12916
   350   -0.39302559E+0001   -0.39339759E+0001    0.78118906E+0000     13292
   400   -0.39314045E+0001   -0.39346195E+0001    0.74043150E+0000     13377
     1   -0.39239801E+0001   -0.39242335E+0001    0.12179439E+0001     11999
    50   -0.39232748E+0001   -0.39266263E+0001    0.11115453E+0001     11942
   100   -0.39234930E+0001   -0.39277343E+0001    0.10832801E+0001     12065
   150   -0.39241973E+0001   -0.39289240E+0001    0.10693342E+0001     12318
   200   -0.39251349E+0001   -0.39299862E+0001    0.10136391E+0001     12864
   250   -0.39262083E+0001   -0.39316983E+0001    0.89704796E+0000     13205
   300   -0.39274960E+0001   -0.39327373E+0001    0.87132388E+0000     13461
   350   -0.39292419E+0001   -0.39333669E+0001    0.82695478E+0000     13817
   400   -0.39306789E+0001   -0.39338802E+0001    0.77818845E+0000     14059
     1   -0.39239817E+0001   -0.39242447E+0001    0.12179439E+0001     12006
    50   -0.39230623E+0001   -0.39268888E+0001    0.11137473E+0001     12082
   100   -0.39230501E+0001   -0.39277666E+0001    0.10742767E+0001     12251
   150   -0.39238812E+0001   -0.39291714E+0001    0.10677130E+0001     12706
   200   -0.39250093E+0001   -0.39296565E+0001    0.10335386E+0001     12939
   250   -0.39259152E+0001   -0.39299143E+0001    0.10204630E+0001     13361
   300   -0.39266424E+0001   -0.39305484E+0001    0.96427394E+0000     13658
   350   -0.39271997E+0001   -0.39315616E+0001    0.89546958E+0000     13870
   400   -0.39279987E+0001   -0.39328152E+0001    0.84593924E+0000     14020
     1   -0.39239751E+0001   -0.39242374E+0001    0.12179439E+0001     12005
    50   -0.39229023E+0001   -0.39263397E+0001    0.10941739E+0001     12027
   100   -0.39227277E+0001   -0.39280822E+0001    0.10678818E+0001     12508
   150   -0.39231385E+0001   -0.39290376E+0001    0.10334308E+0001     12750
   200   -0.39239534E+0001   -0.39289074E+0001    0.10121704E+0001     12864
   250   -0.39249508E+0001   -0.39294532E+0001    0.10089593E+0001     13017
   300   -0.39259581E+0001   -0.39301775E+0001    0.93139135E+0000     13427
   350   -0.39267690E+0001   -0.39309307E+0001    0.98541483E+0000     13679
   400   -0.39274695E+0001   -0.39312361E+0001    0.94246174E+0000     14166
     1   -0.39239752E+0001   -0.39242512E+0001    0.12179439E+0001     12005
    50   -0.39227560E+0001   -0.39275212E+0001    0.10791935E+0001     12121
   100   -0.39224582E+0001   -0.39273888E+0001    0.10568111E+0001     12069
   150   -0.39232049E+0001   -0.39284816E+0001    0.10530593E+0001     12611
   200   -0.39241022E+0001   -0.39294261E+0001    0.10354991E+0001     13055
   250   -0.39247156E+0001   -0.39303821E+0001    0.10001890E+0001     13660
   300   -0.39255133E+0001   -0.39306820E+0001    0.98376904E+0000     14070
   350   -0.39264950E+0001   -0.39311906E+0001    0.93304585E+0000     14415
   400   -0.39275100E+0001   -0.39328853E+0001    0.87293353E+0000     14724
     1   -0.39239704E+0001   -0.39242508E+0001    0.12179439E+0001     11997
    50   -0.39226181E+0001   -0.39271390E+0001    0.11171631E+0001     12032
   100   -0.39221925E+0001   -0.39271798E+0001    0.11041558E+0001     12105
   150   -0.39222934E+0001   -0.39272721E+0001    0.11264548E+0001     12256
   200   -0.39228420E+0001   -0.39278643E+0001    0.10834078E+0001     12772
   250   -0.39235088E+0001   -0.39292847E+0001    0.10520845E+0001     12924
   300   -0.39243593E+0001   -0.39295439E+0001    0.10559768E+0001     13308
   350   -0.39254512E+0001   -0.39302534E+0001    0.10511277E+0001     13840
   400   -0.39261442E+0001   -0.39300572E+0001    0.96289092E+0000     13852
     1   -0.39239671E+0001   -0.39242477E+0001    0.12179439E+0001     12005
    50   -0.39224490E+0001   -0.39267856E+0001    0.11058603E+0001     11934
   100   -0.39218839E+0001   -0.39265951E+0001    0.11722519E+0001     12146
   150   -0.39220276E+0001   -0.39268675E+0001    0.11365970E+0001     12514
   200   -0.39226223E+0001   -0.39275700E+0001    0.11091743E+0001     12954
   250   -0.39231693E+0001   -0.39284561E+0001    0.10346968E+0001     13499
   300   -0.39238794E+0001   -0.39286750E+0001    0.99318586E+0000     13888
   350   -0.39245033E+0001   -0.39291724E+0001    0.10109229E+0001     13888
   400   -0.39245951E+0001   -0.39289231E+0001    0.10367097E+0001     14211
     1   -0.39239693E+0001   -0.39242630E+0001    0.12179439E+0001     11994
    50   -0.39223683E+0001   -0.39262862E+0001    0.11535808E+0001     12240
   100   -0.39215462E+0001   -0.39260964E+0001    0.10987707E+0001     12184
   150   -0.39215504E+0001   -0.39270176E+0001    0.10854036E+0001     12686
   200   -0.39225882E+0001   -0.39273777E+0001    0.10760576E+0001     13377
   250   -0.39228983E+0001   -0.39275572E+0001    0.11029190E+0001     13879
   300   -0.39229141E+0001   -0.39280976E+0001    0.10985448E+0001     14187
   350   -0.39231025E+0001   -0.39284467E+0001    0.10549167E+0001     14682
   400   -0.39233424E+0001   -0.39289059E+0001    0.10611652E+0001     15233
   450   -0.39236798E+0001   -0.39278477E+0001    0.10463530E+0001     15723
   500   -0.39238522E+0001   -0.39289550E+0001    0.10056243E+0001     15893
   550   -0.39237911E+0001   -0.39284864E+0001    0.96506637E+0000     16064
   600   -0.39238489E+0001   -0.39288842E+0001    0.10064183E+0001     16362
     1   -0.39239675E+0001   -0.39242632E+0001    0.12179439E+0001     12005
    50   -0.39222545E+0001   -0.39262312E+0001    0.11372411E+0001     11953
   100   -0.39214868E+0001   -0.39271692E+0001    0.11088918E+0001     12230
   150   -0.39219666E+0001   -0.39284717E+0001    0.10944169E+0001     12571
   200   -0.39231353E+0001   -0.39287779E+0001    0.10143603E+0001     13052
   250   -0.39243446E+0001   -0.39295916E+0001    0.10307958E+0001     13373
   300   -0.39255112E+0001   -0.39300428E+0001    0.10155851E+0001     13798
   350   -0.39259639E+0001   -0.39304440E+0001    0.98144827E+0000     14048
   400   -0.39264618E+0001   -0.39308958E+0001    0.93706586E+0000     14533
     1   -0.39239622E+0001   -0.39242801E+0001    0.12179439E+0001     12007
    50   -0.39221196E+0001   -0.39261529E+0001    0.11491686E+0001     11978
   100   -0.39212692E+0001   -0.39273598E+0001    0.11377405E+0001     12288
   150   -0.39210965E+0001   -0.39266026E+0001    0.11582785E+0001     12628
   200   -0.39209832E+0001   -0.39277263E+0001    0.11738429E+0001     12977
   250   -0.39210615E+0001   -0.39296026E+0001    0.10166443E+0001     13069
   300   -0.39243693E+0001   -0.39298963E+0001    0.10232962E+0001     13645
   350   -0.39264753E+0001   -0.39304398E+0001    0.98935933E+0000     14145
   400   -0.39268641E+0001   -0.39306929E+0001    0.98986265E+0000     14546
     1   -0.39239609E+0001   -0.39242602E+0001    0.12179439E+0001     12001
    50   -0.39220667E+0001   -0.39260695E+0001    0.10894163E+0001     12025
   100   -0.39211087E+0001   -0.39263115E+0001    0.11442581E+0001     12309
   150   -0.39212924E+0001   -0.39269600E+0001    0.11408238E+0001     12677
   200   -0.39214890E+0001   -0.39268829E+0001    0.11231322E+0001     13017
   250   -0.39211598E+0001   -0.39268729E+0001    0.10876996E+0001     13815
   300   -0.39212789E+0001   -0.39273757E+0001    0.11502232E+0001     14530
   350   -0.39211987E+0001   -0.39275355E+0001    0.11207622E+0001     14855
   400   -0.39208809E+0001   -0.39263677E+0001    0.11167173E+0001     15396
   450   -0.39202719E+0001   -0.39258410E+0001    0.11166848E+0001     15853
   500   -0.39199128E+0001   -0.39256269E+0001    0.11372975E+0001     16592
   550   -0.39194411E+0001   -0.39249692E+0001    0.11162180E+0001     16967
   600   -0.39188686E+0001   -0.39236836E+0001    0.11536992E+0001     17497
   650   -0.39185000E+0001   -0.39244325E+0001    0.11488981E+0001     18093
   700   -0.39183286E+0001   -0.39230654E+0001    0.11535375E+0001     18551
   750   -0.39183793E+0001   -0.39227148E+0001    0.11760357E+0001     18916
   800   -0.39181252E+0001   -0.39236698E+0001    0.11280719E+0001     19583
   850   -0.39174130E+0001   -0.39226117E+0001    0.11219071E+0001     20087
   900   -0.39170572E+0001   -0.39220921E+0001    0.11424301E+0001     20671
   950   -0.39170973E+0001   -0.39229651E+0001    0.11526252E+0001     21511
  1000   -0.39170955E+0001   -0.39231890E+0001    0.11404452E+0001     22078
  1050   -0.39170112E+0001   -0.39227640E+0001    0.11523011E+0001     22733
  1100   -0.39165000E+0001   -0.39231450E+0001    0.11629124E+0001     23357
  1150   -0.39161854E+0001   -0.39218751E+0001    0.11511182E+0001     23843
  1200   -0.39161898E+0001   -0.39226692E+0001    0.11353503E+0001     24584
  1250   -0.39161569E+0001   -0.39222700E+0001    0.11704796E+0001     25338
  1300   -0.39161259E+0001   -0.39225228E+0001    0.11507146E+0001     26098
  1350   -0.39159440E+0001   -0.39230237E+0001    0.11487336E+0001     26384
  1400   -0.39158709E+0001   -0.39230821E+0001    0.11469432E+0001     27098
  1450   -0.39164031E+0001   -0.39231930E+0001    0.11513064E+0001     28012
  1500   -0.39167473E+0001   -0.39231465E+0001    0.11555461E+0001     28631
  1550   -0.39166130E+0001   -0.39228932E+0001    0.11392112E+0001     29743
  1600   -0.39163595E+0001   -0.39230557E+0001    0.11457040E+0001     30302
  1601   -0.39164697E+0001   -0.39164697E+0001    0.12374608E+0001     12000
  1650   -0.39187572E+0001   -0.39224777E+0001    0.11138832E+0001     12020
  1700   -0.39173538E+0001   -0.39227284E+0001    0.11546035E+0001     12043
  1750   -0.39163130E+0001   -0.39212829E+0001    0.11614649E+0001     12059
  1800   -0.39155889E+0001   -0.39208774E+0001    0.12137222E+0001     12245
  1850   -0.39149670E+0001   -0.39213337E+0001    0.12446381E+0001     12693
  1900   -0.39144895E+0001   -0.39203665E+0001    0.12334557E+0001     13153
  1950   -0.39140384E+0001   -0.39203767E+0001    0.12059216E+0001     13413
  2000   -0.39137602E+0001   -0.39194619E+0001    0.12303371E+0001     13609
  2050   -0.39136360E+0001   -0.39192023E+0001    0.12751921E+0001     13985
  2100   -0.39130413E+0001   -0.39183060E+0001    0.12620017E+0001     14471
  2150   -0.39124684E+0001   -0.39182758E+0001    0.12772282E+0001     14736
  2200   -0.39118560E+0001   -0.39176527E+0001    0.13042945E+0001     15098
  2250   -0.39114832E+0001   -0.39186860E+0001    0.12591163E+0001     15389
  2300   -0.39116113E+0001   -0.39179406E+0001    0.12927287E+0001     15800
  2350   -0.39116794E+0001   -0.39179558E+0001    0.12981549E+0001     16326
  2400   -0.39119491E+0001   -0.39189927E+0001    0.12656489E+0001     16869
  2450   -0.39120513E+0001   -0.39181374E+0001    0.12615847E+0001     17023
  2500   -0.39117883E+0001   -0.39178801E+0001    0.12766803E+0001     17598
  2550   -0.39119027E+0001   -0.39184514E+0001    0.12453827E+0001     17958
  2600   -0.39123735E+0001   -0.39185360E+0001    0.12668174E+0001     18542
  2650   -0.39123579E+0001   -0.39175242E+0001    0.12881882E+0001     19257
  2700   -0.39117861E+0001   -0.39176111E+0001    0.12798406E+0001     19745
  2750   -0.39109213E+0001   -0.39166735E+0001    0.12865897E+0001     19982
  2800   -0.39101716E+0001   -0.39157504E+0001    0.13178352E+0001     20606
  2850   -0.39093886E+0001   -0.39155385E+0001    0.12974324E+0001     20777
  2900   -0.39092726E+0001   -0.39167773E+0001    0.13156616E+0001     21213
  2950   -0.39091461E+0001   -0.39154832E+0001    0.13210483E+0001     21609
  3000   -0.39085657E+0001   -0.39144700E+0001    0.13431512E+0001     21922
  3050   -0.39077622E+0001   -0.39148909E+0001    0.13563312E+0001     22289
  3100   -0.39068887E+0001   -0.39154616E+0001    0.13741146E+0001     22945
  3150   -0.39063217E+0001   -0.39151936E+0001    0.13767298E+0001     23484
  3200   -0.39060863E+0001   -0.39143588E+0001    0.13842744E+0001     23420
  3201   -0.39062337E+0001   -0.39062337E+0001    0.14339360E+0001     12000
  3250   -0.39094385E+0001   -0.39140828E+0001    0.13194820E+0001     12035
  3300   -0.39076759E+0001   -0.39147904E+0001    0.13500093E+0001     12187
  3350   -0.39064917E+0001   -0.39133047E+0001    0.13792491E+0001     12243
  3400   -0.39057880E+0001   -0.39134197E+0001    0.14123970E+0001     12290
  3450   -0.39050854E+0001   -0.39130010E+0001    0.14094703E+0001     12565
  3500   -0.39046796E+0001   -0.39124608E+0001    0.13802879E+0001     12809
  3550   -0.39048732E+0001   -0.39133482E+0001    0.13787534E+0001     12977
  3600   -0.39053340E+0001   -0.39126263E+0001    0.14068530E+0001     13266
  3650   -0.39053106E+0001   -0.39123286E+0001    0.14133641E+0001     13759
  3700   -0.39046768E+0001   -0.39137210E+0001    0.14269351E+0001     14028
  3750   -0.39040938E+0001   -0.39121262E+0001    0.14488857E+0001     14490
  3800   -0.39032741E+0001   -0.39111588E+0001    0.14536364E+0001     14606
  3850   -0.39021840E+0001   -0.39088405E+0001    0.14641437E+0001     14424
  3900   -0.39010104E+0001   -0.39080907E+0001    0.15032753E+0001     14697
  3950   -0.38996441E+0001   -0.39064536E+0001    0.15353087E+0001     14791
  4000   -0.38984462E+0001   -0.39054705E+0001    0.15360329E+0001     15079
  4050   -0.38972398E+0001   -0.39040128E+0001    0.15397021E+0001     15527
  4100   -0.38964256E+0001   -0.39056085E+0001    0.15460708E+0001     16178
  4150   -0.38957606E+0001   -0.39040986E+0001    0.15529084E+0001     16416
  4200   -0.38951303E+0001   -0.39033331E+0001    0.15597996E+0001     17130
  4250   -0.38946028E+0001   -0.39027666E+0001    0.15938139E+0001     17458
  4300   -0.38936955E+0001   -0.39015158E+0001    0.15966316E+0001     17593
  4350   -0.38929970E+0001   -0.39029210E+0001    0.15601175E+0001     18097
  4400   -0.38935078E+0001   -0.39024520E+0001    0.16007378E+0001     18658
  4450   -0.38939104E+0001   -0.39033025E+0001    0.15942664E+0001     18874
  4500   -0.38930407E+0001   -0.39028700E+0001    0.16123219E+0001     19551
  4550   -0.38918501E+0001   -0.39021441E+0001    0.16070373E+0001     20168
  4600   -0.38905088E+0001   -0.39000468E+0001    0.16103881E+0001     20730
  4650   -0.38894432E+0001   -0.38998958E+0001    0.15990104E+0001     21342
  4700   -0.38890268E+0001   -0.39000461E+0001    0.16216311E+0001     22218
  4750   -0.38885879E+0001   -0.38988888E+0001    0.16261802E+0001     22538
  4800   -0.38870688E+0001   -0.38982417E+0001    0.16461017E+0001     23070
  4801   -0.38872727E+0001   -0.38872727E+0001    0.16922051E+0001     12000
  4850   -0.38918007E+0001   -0.38977179E+0001    0.15760430E+0001     12023
  4900   -0.38893066E+0001   -0.38968964E+0001    0.16244056E+0001     12198
  4950   -0.38873650E+0001   -0.38963183E+0001    0.16373991E+0001     12332
  5000   -0.38858963E+0001   -0.38961343E+0001    0.16261495E+0001     12527
  5050   -0.38856583E+0001   -0.38961613E+0001    0.15943875E+0001     12916
  5100   -0.38861224E+0001   -0.38951630E+0001    0.16090045E+0001     13513
  5150   -0.38860887E+0001   -0.38958819E+0001    0.16138358E+0001     13638
  5200   -0.38854022E+0001   -0.38937366E+0001    0.15902321E+0001     13910
  5250   -0.38844454E+0001   -0.38925876E+0001    0.16229684E+0001     14107
  5300   -0.38830336E+0001   -0.38918264E+0001    0.16186882E+0001     14423
  5350   -0.38814739E+0001   -0.38909515E+0001    0.16453464E+0001     14702
  5400   -0.38798355E+0001   -0.38894838E+0001    0.16450907E+0001     14941
  5450   -0.38779807E+0001   -0.38892311E+0001    0.16623025E+0001     14975
  5500   -0.38756463E+0001   -0.38849478E+0001    0.16591588E+0001     15322
  5550   -0.38728388E+0001   -0.38839357E+0001    0.16456259E+0001     15813
  5600   -0.38692158E+0001   -0.38828179E+0001    0.16550378E+0001     16204
  5650   -0.38653105E+0001   -0.38792938E+0001    0.16465707E+0001     16604
  5700   -0.38615688E+0001   -0.38776932E+0001    0.16520320E+0001     17170
  5750   -0.38580250E+0001   -0.38794087E+0001    0.16538999E+0001     17627
  5800   -0.38543921E+0001   -0.38754985E+0001    0.16442947E+0001     17821
  5850   -0.38500365E+0001   -0.38695675E+0001    0.16258640E+0001     18220
  5900   -0.38444201E+0001   -0.38655429E+0001    0.16236811E+0001     18459
  5950   -0.38379732E+0001   -0.38594688E+0001    0.16102127E+0001     18945
  6000   -0.38322473E+0001   -0.38547653E+0001    0.15881544E+0001     19532
  6050   -0.38273329E+0001   -0.38498093E+0001    0.15456480E+0001     20015
  6100   -0.38225282E+0001   -0.38491277E+0001    0.15387337E+0001     20880
  6150   -0.38172509E+0001   -0.38423002E+0001    0.15012640E+0001     21431
  6200   -0.38110460E+0001   -0.38404038E+0001    0.14857884E+0001     22055
  6250   -0.38041753E+0001   -0.38278494E+0001    0.14498719E+0001     22593
  6300   -0.37982976E+0001   -0.38202974E+0001    0.14298353E+0001     23299
  6350   -0.37938807E+0001   -0.38169652E+0001    0.14150288E+0001     23413
  6400   -0.37903530E+0001   -0.38162746E+0001    0.13974777E+0001     24037
  6401   -0.37904917E+0001   -0.37904917E+0001    0.13926352E+0001     12000
  6450   -0.37935791E+0001   -0.37983741E+0001    0.13992566E+0001     12064
  6500   -0.37910691E+0001   -0.37980691E+0001    0.13979013E+0001     11972
  6550   -0.37885283E+0001   -0.37962003E+0001    0.13926623E+0001     12065
  6600   -0.37857156E+0001   -0.37942006E+0001    0.13819063E+0001     12402
  6650   -0.37828057E+0001   -0.37930095E+0001    0.13795528E+0001     12862
  6700   -0.37800303E+0001   -0.37903482E+0001    0.13476537E+0001     13086
  6750   -0.37771755E+0001   -0.37885293E+0001    0.13344669E+0001     13233
  6800   -0.37739236E+0001   -0.37844249E+0001    0.13072408E+0001     13745
  6850   -0.37707684E+0001   -0.37832254E+0001    0.13074460E+0001     14026
  6900   -0.37677060E+0001   -0.37809367E+0001    0.12728884E+0001     14339
  6950   -0.37648626E+0001   -0.37786699E+0001    0.12644765E+0001     14834
  7000   -0.37623399E+0001   -0.37757883E+0001    0.12409203E+0001     15080
  7050   -0.37598287E+0001   -0.37722829E+0001    0.12247636E+0001     15213
  7100   -0.37571683E+0001   -0.37703836E+0001    0.12283789E+0001     15433
  7150   -0.37544195E+0001   -0.37683152E+0001    0.11901384E+0001     15856
  7200   -0.37519699E+0001   -0.37681444E+0001    0.11710410E+0001     15894
  7250   -0.37496932E+0001   -0.37645114E+0001    0.11531136E+0001     16182
  7300   -0.37478037E+0001   -0.37626977E+0001    0.11394733E+0001     16481
  7350   -0.37458690E+0001   -0.37598212E+0001    0.11225725E+0001     17456
  7400   -0.37440678E+0001   -0.37574152E+0001    0.10854760E+0001     17588
  7450   -0.37420421E+0001   -0.37541885E+0001    0.10971230E+0001     17791
  7500   -0.37400942E+0001   -0.37529921E+0001    0.10529619E+0001     18010
  7550   -0.37381361E+0001   -0.37510596E+0001    0.10297318E+0001     18510
  7600   -0.37360926E+0001   -0.37500606E+0001    0.10377835E+0001     18557
  7650   -0.37342043E+0001   -0.37479886E+0001    0.99173561E+0000     19065
  7700   -0.37325721E+0001   -0.37423049E+0001    0.10089317E+0001     19331
  7750   -0.37308921E+0001   -0.37414444E+0001    0.99469975E+0000     19703
  7800   -0.37291869E+0001   -0.37390593E+0001    0.94847180E+0000     20383
  7850   -0.37275004E+0001   -0.37367326E+0001    0.92966149E+0000     20921
  7900   -0.37257412E+0001   -0.37353564E+0001    0.91066362E+0000     21385
  7950   -0.37237476E+0001   -0.37337338E+0001    0.89076974E+0000     21639
  8000   -0.37217335E+0001   -0.37317248E+0001    0.89922572E+0000     22322
  8001   -0.37217888E+0001   -0.37217888E+0001    0.87880192E+0000     12000
  8050   -0.37230544E+0001   -0.37261639E+0001    0.88739395E+0000     12062
  8100   -0.37221186E+0001   -0.37262509E+0001    0.87658509E+0000     11975
  8150   -0.37211635E+0001   -0.37259708E+0001    0.87648489E+0000     12073
  8200   -0.37201501E+0001   -0.37262053E+0001    0.87930844E+0000     12139
  8250   -0.37192128E+0001   -0.37241735E+0001    0.88447003E+0000     12351
  8300   -0.37182445E+0001   -0.37245510E+0001    0.87777555E+0000     12530
  8350   -0.37172607E+0001   -0.37228869E+0001    0.85123178E+0000     12438
  8400   -0.37162540E+0001   -0.37222221E+0001    0.83241962E+0000     12723
  8450   -0.37152653E+0001   -0.37223181E+0001    0.82930363E+0000     13113
  8500   -0.37145289E+0001   -0.37212549E+0001    0.81705860E+0000     13261
  8550   -0.37137977E+0001   -0.37207789E+0001    0.78310545E+0000     13357
  8600   -0.37130402E+0001   -0.37183539E+0001    0.74141539E+0000     13352
  8650   -0.37119519E+0001   -0.37182267E+0001    0.76062978E+0000     13607
  8700   -0.37107800E+0001   -0.37170357E+0001    0.75468556E+0000     13969
  8750   -0.37096599E+0001   -0.37166963E+0001    0.74543973E+0000     14120
  8800   -0.37086768E+0001   -0.37159145E+0001    0.71722297E+0000     14480
  8850   -0.37078304E+0001   -0.37149231E+0001    0.73991469E+0000     14524
  8900   -0.37070550E+0001   -0.37139459E+0001    0.71490944E+0000     14677
  8950   -0.37063254E+0001   -0.37123073E+0001    0.72344195E+0000     14946
  9000   -0.37055605E+0001   -0.37114344E+0001    0.66492274E+0000     15450
  9050   -0.37047450E+0001   -0.37110197E+0001    0.66093785E+0000     15807
  9100   -0.37039688E+0001   -0.37111085E+0001    0.66383996E+0000     16380
  9150   -0.37033516E+0001   -0.37115069E+0001    0.65519845E+0000     16997
  9200   -0.37026598E+0001   -0.37107345E+0001    0.61813843E+0000     16976
  9250   -0.37019447E+0001   -0.37089257E+0001    0.59711523E+0000     17266
  9300   -0.37013666E+0001   -0.37071161E+0001    0.60238654E+0000     17419
  9350   -0.37007956E+0001   -0.37063844E+0001    0.58175721E+0000     17760
  9400   -0.37003351E+0001   -0.37061718E+0001    0.57590504E+0000     18134
  9450   -0.36998560E+0001   -0.37056174E+0001    0.56667912E+0000     18357
  9500   -0.36992818E+0001   -0.37045949E+0001    0.56608895E+0000     18702
  9550   -0.36987063E+0001   -0.37045969E+0001    0.56047434E+0000     19229
  9600   -0.36982112E+0001   -0.37025662E+0001    0.54914155E+0000     19431
  9601   -0.36982287E+0001   -0.36982287E+0001    0.47995309E+0000     12000
  9650   -0.36986187E+0001   -0.37001611E+0001    0.50048875E+0000     12045
  9700   -0.36983591E+0001   -0.37002851E+0001    0.52401430E+0000     12209
  9750   -0.36980628E+0001   -0.37000475E+0001    0.51908917E+0000     12286
  9800   -0.36977443E+0001   -0.37002727E+0001    0.53504883E+0000     12455
  9850   -0.36974315E+0001   -0.37002684E+0001    0.52514979E+0000     12423
  9900   -0.36971768E+0001   -0.36997894E+0001    0.53487126E+0000     12413
  9950   -0.36969016E+0001   -0.36997064E+0001    0.53139139E+0000     12401
 10000   -0.36966013E+0001   -0.36989626E+0001    0.49907658E+0000     12415
 10050   -0.36962466E+0001   -0.36991902E+0001    0.50455787E+0000     12747
 10100   -0.36959107E+0001   -0.36989160E+0001    0.46235564E+0000     12842
 10150   -0.36955752E+0001   -0.36987234E+0001    0.49429852E+0000     13158
 10200   -0.36951568E+0001   -0.36985050E+0001    0.48541090E+0000     13407
 10250   -0.36948124E+0001   -0.36981000E+0001    0.49121399E+0000     13535
 10300   -0.36945660E+0001   -0.36976916E+0001    0.49814006E+0000     13532
 10350   -0.36942778E+0001   -0.36974950E+0001    0.43103938E+0000     13887
 10400   -0.36940155E+0001   -0.36971897E+0001    0.42478886E+0000     13910
 10450   -0.36937145E+0001   -0.36974258E+0001    0.40876644E+0000     14323
 10500   -0.36933835E+0001   -0.36969894E+0001    0.48148084E+0000     14409
 10550   -0.36931142E+0001   -0.36968664E+0001    0.42204161E+0000     14806
 10600   -0.36928557E+0001   -0.36961629E+0001    0.43700724E+0000     15061
 10650   -0.36925967E+0001   -0.36957063E+0001    0.43197856E+0000     15029
 10700   -0.36923106E+0001   -0.36953145E+0001    0.44091911E+0000     15354
 10750   -0.36920000E+0001   -0.36958048E+0001    0.42905595E+0000     15711
 10800   -0.36917281E+0001   -0.36949493E+0001    0.44631615E+0000     16188
 10850   -0.36914765E+0001   -0.36953754E+0001    0.40790163E+0000     16514
 10900   -0.36913012E+0001   -0.36949898E+0001    0.39771736E+0000     16724
 10950   -0.36911650E+0001   -0.36947453E+0001    0.39995107E+0000     16862
 11000   -0.36910219E+0001   -0.36944105E+0001    0.36291426E+0000     17101
 11050   -0.36907565E+0001   -0.36935450E+0001    0.37502760E+0000     17209
 11100   -0.36904100E+0001   -0.36941389E+0001    0.39500275E+0000     17500
 11150   -0.36900858E+0001   -0.36942361E+0001    0.37646655E+0000     17666
 11200   -0.36898380E+0001   -0.36927957E+0001    0.37145231E+0000     17660
 11201   -0.36898423E+0001   -0.36898423E+0001    0.25482962E+0000     12000
 11250   -0.36899527E+0001   -0.36905265E+0001    0.28661633E+0000     11958
 11300   -0.36898927E+0001   -0.36907058E+0001    0.32535637E+0000     11851
 11350   -0.36898275E+0001   -0.36910193E+0001    0.34411073E+0000     11965
 11400   -0.36897631E+0001   -0.36910050E+0001    0.33890944E+0000     12102
 11450   -0.36896845E+0001   -0.36910769E+0001    0.37220651E+0000     12509
 11500   -0.36895974E+0001   -0.36909381E+0001    0.35532454E+0000     12767
 11550   -0.36895008E+0001   -0.36908356E+0001    0.34426832E+0000     13091
 11600   -0.36893889E+0001   -0.36909008E+0001    0.36018267E+0000     13235
 11650   -0.36892980E+0001   -0.36906181E+0001    0.37869788E+0000     13323
 11700   -0.36891985E+0001   -0.36909502E+0001    0.35129785E+0000     13360
 11750   -0.36891054E+0001   -0.36907126E+0001    0.31716071E+0000     13630
 11800   -0.36890127E+0001   -0.36907546E+0001    0.34991259E+0000     13630
 11850   -0.36889367E+0001   -0.36908450E+0001    0.34794526E+0000     13717
 11900   -0.36888750E+0001   -0.36908076E+0001    0.33215118E+0000     13849
 11950   -0.36887996E+0001   -0.36908345E+0001    0.34679996E+0000     14051
 12000   -0.36887077E+0001   -0.36911350E+0001    0.33087166E+0000     14462
 12050   -0.36886254E+0001   -0.36906958E+0001    0.29049749E+0000     14880
 12100   -0.36885074E+0001   -0.36903200E+0001    0.35555633E+0000     15147
 12150   -0.36884093E+0001   -0.36906715E+0001    0.34863516E+0000     15304
 12200   -0.36883251E+0001   -0.36908452E+0001    0.31590267E+0000     15529
 12250   -0.36882519E+0001   -0.36903342E+0001    0.33637315E+0000     15837
 12300   -0.36882212E+0001   -0.36901333E+0001    0.34056397E+0000     16046
 12350   -0.36881917E+0001   -0.36902434E+0001    0.32613482E+0000     16320
 12400   -0.36881466E+0001   -0.36901570E+0001    0.36583422E+0000     16619
 12450   -0.36880747E+0001   -0.36900025E+0001    0.33518353E+0000     16769
 12500   -0.36879742E+0001   -0.36893501E+0001    0.30859037E+0000     17071
 12550   -0.36878749E+0001   -0.36893708E+0001    0.32670964E+0000     17229
 12600   -0.36878073E+0001   -0.36894727E+0001    0.26808014E+0000     17544
 12650   -0.36877373E+0001   -0.36894917E+0001    0.35115285E+0000     17619
 12700   -0.36876758E+0001   -0.36895297E+0001    0.29355199E+0000     18108
 12750   -0.36876377E+0001   -0.36896116E+0001    0.32876202E+0000     18291
 12800   -0.36876008E+0001   -0.36895385E+0001    0.27968919E+0000     18720
 12801   -0.36876022E+0001   -0.36876022E+0001    0.13140249E+0000     12000
 12850   -0.36876306E+0001   -0.36877827E+0001    0.19330684E+0000     12010
 12900   -0.36876155E+0001   -0.36879000E+0001    0.26388687E+0000     12053
 12950   -0.36875950E+0001   -0.36880779E+0001    0.24595199E+0000     12209
 13000   -0.36875738E+0001   -0.36882594E+0001    0.26136377E+0000     12107
 13050   -0.36875529E+0001   -0.36882345E+0001    0.32288557E+0000     12374
 13100   -0.36875405E+0001   -0.36881277E+0001    0.28477595E+0000     12583
 13150   -0.36875236E+0001   -0.36880999E+0001    0.30036285E+0000     12777
 13200   -0.36874920E+0001   -0.36882915E+0001    0.29541421E+0000     12941
 13250   -0.36874735E+0001   -0.36882606E+0001    0.29586997E+0000     12989
 13300   -0.36874384E+0001   -0.36882928E+0001    0.30075431E+0000     13142
 13350   -0.36873930E+0001   -0.36882247E+0001    0.29215708E+0000     13335
 13400   -0.36873665E+0001   -0.36883575E+0001    0.30260429E+0000     13482
 13450   -0.36873503E+0001   -0.36885568E+0001    0.32198721E+0000     13391
 13500   -0.36873495E+0001   -0.36885265E+0001    0.31044841E+0000     13598
 13550   -0.36873639E+0001   -0.36886792E+0001    0.26465695E+0000     14052
 13600   -0.36873788E+0001   -0.36882623E+0001    0.35241131E+0000     14127
 13650   -0.36873846E+0001   -0.36882633E+0001    0.27960961E+0000     14473
 13700   -0.36873682E+0001   -0.36882260E+0001    0.31465422E+0000     14655
 13750   -0.36873770E+0001   -0.36882728E+0001    0.32002397E+0000     14926
 13800   -0.36873572E+0001   -0.36881397E+0001    0.32383278E+0000     14852
 13850   -0.36873115E+0001   -0.36880308E+0001    0.28173803E+0000     15003
 13900   -0.36872671E+0001   -0.36880504E+0001    0.30727622E+0000     15251
 13950   -0.36872375E+0001   -0.36884481E+0001    0.32343305E+0000     15345
 14000   -0.36872259E+0001   -0.36884225E+0001    0.30683285E+0000     15669
 14050   -0.36872161E+0001   -0.36885394E+0001    0.29932488E+0000     15836
 14100   -0.36872103E+0001   -0.36884836E+0001    0.33871766E+0000     15903
 14150   -0.36872089E+0001   -0.36884314E+0001    0.27769384E+0000     16254
 14200   -0.36872030E+0001   -0.36883695E+0001    0.31959974E+0000     16422
 14250   -0.36872058E+0001   -0.36884287E+0001    0.27364613E+0000     16629
 14300   -0.36872074E+0001   -0.36886685E+0001    0.31608164E+0000     16996
 14350   -0.36872011E+0001   -0.36887452E+0001    0.30235929E+0000     16988
 14400   -0.36871720E+0001   -0.36886852E+0001    0.26115659E+0000     17200
 14450   -0.36871368E+0001   -0.36888947E+0001    0.27819595E+0000     17332
 14500   -0.36871036E+0001   -0.36888063E+0001    0.31378472E+0000     17790
 14550   -0.36870744E+0001   -0.36883559E+0001    0.34416800E+0000     17988
 14600   -0.36870581E+0001   -0.36886412E+0001    0.30830704E+0000     18318
 14650   -0.36870422E+0001   -0.36883624E+0001    0.24643075E+0000     18294
 14700   -0.36870147E+0001   -0.36884114E+0001    0.24002782E+0000     18699
 14750   -0.36869870E+0001   -0.36879663E+0001    0.29178234E+0000     18864
 14800   -0.36869618E+0001   -0.36877713E+0001    0.29813049E+0000     19129
 14850   -0.36869425E+0001   -0.36878180E+0001    0.30631974E+0000     19398
 14900   -0.36869291E+0001   -0.36878129E+0001    0.32488862E+0000     19758
 14950   -0.36869266E+0001   -0.36876691E+0001    0.27016892E+0000     20328
 15000   -0.36869279E+0001   -0.36875366E+0001    0.19894179E+0000     20333
 15050   -0.36869285E+0001   -0.36875166E+0001    0.22604331E+0000     20661
 15100   -0.36869211E+0001   -0.36875126E+0001    0.26018406E+0000     21121
 15150   -0.36869153E+0001   -0.36872202E+0001    0.27220984E+0000     21485
 15200   -0.36869118E+0001   -0.36871592E+0001    0.22045550E+0000     21643
 15250   -0.36869026E+0001   -0.36870311E+0001    0.21363719E+0000     21894
 15300   -0.36868942E+0001   -0.36870746E+0001    0.28796281E+0000     22088
 15350   -0.36868867E+0001   -0.36873966E+0001    0.26471724E+0000     22326
 15400   -0.36868857E+0001   -0.36874148E+0001    0.25733128E+0000     22626
 15450   -0.36868875E+0001   -0.36871845E+0001    0.27125829E+0000     22810
 15500   -0.36868920E+0001   -0.36871701E+0001    0.27246270E+0000     23174
 15550   -0.36868907E+0001   -0.36871450E+0001    0.31099566E+0000     23577
 15600   -0.36868850E+0001   -0.36873794E+0001    0.31298286E+0000     24009
 15650   -0.36868829E+0001   -0.36874111E+0001    0.27834735E+0000     24089
 15700   -0.36868872E+0001   -0.36873699E+0001    0.27270777E+0000     24513
 15750   -0.36868850E+0001   -0.36872223E+0001    0.32614401E+0000     25303
 15800   -0.36868775E+0001   -0.36872833E+0001    0.24766676E+0000     25377
 15850   -0.36868737E+0001   -0.36870591E+0001    0.29308093E+0000     25514
 15900   -0.36868680E+0001   -0.36871675E+0001    0.30441856E+0000     25891
 15950   -0.36868639E+0001   -0.36868121E+0001    0.25462636E+0000     26649
 16000   -0.36868616E+0001   -0.36868243E+0001    0.29603781E+0000     26825
 16001   -0.36868672E+0001   -0.36868672E+0001    0.51171980E-0001         1
 16050   -0.36863850E+0001   -0.36863850E+0001    0.41639237E+0000         1
 16100   -0.36864134E+0001   -0.36864134E+0001    0.40763953E+0000         1
 16150   -0.36864361E+0001   -0.36864361E+0001    0.37817795E+0000         1
 16200   -0.36860827E+0001   -0.36860827E+0001    0.43432875E+0000         1
 16250   -0.36853797E+0001   -0.36853797E+0001    0.67776719E+0000         1
 16300   -0.36858491E+0001   -0.36858491E+0001    0.51385094E+0000         1
 16350   -0.36859813E+0001   -0.36859813E+0001    0.55984136E+0000         1
 16400   -0.36856682E+0001   -0.36856682E+0001    0.63246766E+0000         1
 16450   -0.36862404E+0001   -0.36862404E+0001    0.41050371E+0000         1
 16500   -0.36861785E+0001   -0.36861785E+0001    0.44600947E+0000         1
 16550   -0.36858998E+0001   -0.36858998E+0001    0.50279632E+0000         1
 16600   -0.36859506E+0001   -0.36859506E+0001    0.41974396E+0000         1
 16650   -0.36861726E+0001   -0.36861726E+0001    0.35493905E+0000         1
 16700   -0.36858088E+0001   -0.36858088E+0001    0.59118371E+0000         1
 16750   -0.36857610E+0001   -0.36857610E+0001    0.48734893E+0000         1
 16800   -0.36860119E+0001   -0.36860119E+0001    0.34965374E+0000         1
 16850   -0.36859591E+0001   -0.36859591E+0001    0.48100931E+0000         1
 16900   -0.36861256E+0001   -0.36861256E+0001    0.45070937E+0000         1
 16950   -0.36857295E+0001   -0.36857295E+0001    0.56232038E+0000         1
 17000   -0.36860341E+0001   -0.36860341E+0001    0.55136587E+0000         1
 17050   -0.36859611E+0001   -0.36859611E+0001    0.56459764E+0000         1
 17100   -0.36856036E+0001   -0.36856036E+0001    0.56571084E+0000         1
 17150   -0.36857490E+0001   -0.36857490E+0001    0.57882349E+0000         1
 17200   -0.36863721E+0001   -0.36863721E+0001    0.42645082E+0000         1
 17250   -0.36860140E+0001   -0.36860140E+0001    0.57223857E+0000         1
 17300   -0.36862136E+0001   -0.36862136E+0001    0.54971933E+0000         1
 17350   -0.36862077E+0001   -0.36862077E+0001    0.55619529E+0000         1
 17400   -0.36865327E+0001   -0.36865327E+0001    0.39670627E+0000         1
 17450   -0.36862885E+0001   -0.36862885E+0001    0.53401018E+0000         1
 17500   -0.36862451E+0001   -0.36862451E+0001    0.57314993E+0000         1
 17550   -0.36860592E+0001   -0.36860592E+0001    0.57591721E+0000         1
 17600   -0.36864441E+0001   -0.36864441E+0001    0.41572571E+0000         1
 17650   -0.36862581E+0001   -0.36862581E+0001    0.44343338E+0000         1
 17700   -0.36861746E+0001   -0.36861746E+0001    0.52523655E+0000         1
 17750   -0.36865329E+0001   -0.36865329E+0001    0.38862920E+0000         1
 17800   -0.36861903E+0001   -0.36861903E+0001    0.52939256E+0000         1
 17850   -0.36858147E+0001   -0.36858147E+0001    0.64844344E+0000         1
 17900   -0.36864895E+0001   -0.36864895E+0001    0.43754514E+0000         1
 17950   -0.36861490E+0001   -0.36861490E+0001    0.58979914E+0000         1
 18000   -0.36865846E+0001   -0.36865846E+0001    0.35731195E+0000         1
 18050   -0.36865828E+0001   -0.36865828E+0001    0.37206776E+0000         1
 18100   -0.36865213E+0001   -0.36865213E+0001    0.34062179E+0000         1
 18150   -0.36865752E+0001   -0.36865752E+0001    0.33320371E+0000         1
 18200   -0.36862399E+0001   -0.36862399E+0001    0.57407389E+0000         1
 18250   -0.36863579E+0001   -0.36863579E+0001    0.42756850E+0000         1
 18300   -0.36862532E+0001   -0.36862532E+0001    0.36903545E+0000         1
 18350   -0.36865408E+0001   -0.36865408E+0001    0.34854560E+0000         1
 18400   -0.36865721E+0001   -0.36865721E+0001    0.39822413E+0000         1
 18450   -0.36870304E+0001   -0.36870304E+0001    0.27218912E+0000         1
 18500   -0.36864001E+0001   -0.36864001E+0001    0.52221387E+0000         1
 18550   -0.36860729E+0001   -0.36860729E+0001    0.54351638E+0000         1
 18600   -0.36858321E+0001   -0.36858321E+0001    0.63889907E+0000         1
 18650   -0.36863232E+0001   -0.36863232E+0001    0.62540549E+0000         1
 18700   -0.36865645E+0001   -0.36865645E+0001    0.56693802E+0000         1
 18750   -0.36870280E+0001   -0.36870280E+0001    0.55457366E+0000         1
 18800   -0.36870719E+0001   -0.36870719E+0001    0.57064918E+0000         1
 18850   -0.36872924E+0001   -0.36872924E+0001    0.59161259E+0000         1
 18900   -0.36875733E+0001   -0.36875733E+0001    0.63359993E+0000         1
 18950   -0.36869659E+0001   -0.36869659E+0001    0.67216364E+0000         1
 19000   -0.36877010E+0001   -0.36877010E+0001    0.58436132E+0000         1
 19050   -0.36873738E+0001   -0.36873738E+0001    0.71383562E+0000         1
 19100   -0.36887266E+0001   -0.36887266E+0001    0.45935221E+0000         1
 19150   -0.36886416E+0001   -0.36886416E+0001    0.66907456E+0000         1
 19200   -0.36885857E+0001   -0.36885857E+0001    0.69317489E+0000         1
 19250   -0.36893778E+0001   -0.36893778E+0001    0.56057338E+0000         1
 19300   -0.36889826E+0001   -0.36889826E+0001    0.74391235E+0000         1
 19350   -0.36893855E+0001   -0.36893855E+0001    0.58432512E+0000         1
 19400   -0.36896114E+0001   -0.36896114E+0001    0.61554743E+0000         1
 19450   -0.36893601E+0001   -0.36893601E+0001    0.71705523E+0000         1
 19500   -0.36904759E+0001   -0.36904759E+0001    0.59775396E+0000         1
 19550   -0.36911352E+0001   -0.36911352E+0001    0.64631113E+0000         1
 19600   -0.36912029E+0001   -0.36912029E+0001    0.69435924E+0000         1
 19650   -0.36923852E+0001   -0.36923852E+0001    0.57305918E+0000         1
 19700   -0.36918530E+0001   -0.36918530E+0001    0.68225664E+0000         1
 19750   -0.36927138E+0001   -0.36927138E+0001    0.63794804E+0000         1
 19800   -0.36929569E+0001   -0.36929569E+0001    0.60629222E+0000         1
 19850   -0.36933311E+0001   -0.36933311E+0001    0.55516946E+0000         1
 19900   -0.36939862E+0001   -0.36939862E+0001    0.58309506E+0000         1
 19950   -0.36946270E+0001   -0.36946270E+0001    0.60709322E+0000         1
 20000   -0.36948992E+0001   -0.36948992E+0001    0.62779272E+0000         1
 20050   -0.36952525E+0001   -0.36952525E+0001    0.66799333E+0000         1
 20100   -0.36958646E+0001   -0.36958646E+0001    0.63263898E+0000         1
 20150   -0.36965738E+0001   -0.36965738E+0001    0.76032485E+0000         1
 20200   -0.36978521E+0001   -0.36978521E+0001    0.66429724E+0000         1
 20250   -0.36979083E+0001   -0.36979083E+0001    0.74528263E+0000         1
 20300   -0.36990558E+0001   -0.36990558E+0001    0.65417816E+0000         1
 20350   -0.36992447E+0001   -0.36992447E+0001    0.73886669E+0000         1
 20400   -0.37010372E+0001   -0.37010372E+0001    0.64175704E+0000         1
 20450   -0.37010652E+0001   -0.37010652E+0001    0.77464697E+0000         1
 20500   -0.37018115E+0001   -0.37018115E+0001    0.76427624E+0000         1
 20550   -0.37028225E+0001   -0.37028225E+0001    0.86989464E+0000         1
 20600   -0.37047075E+0001   -0.37047075E+0001    0.83774185E+0000         1
 20650   -0.37069260E+0001   -0.37069260E+0001    0.83621173E+0000         1
 20700   -0.37084976E+0001   -0.37084976E+0001    0.95959579E+0000         1
 20750   -0.37110692E+0001   -0.37110692E+0001    0.10599178E+0001         1
 20800   -0.37142989E+0001   -0.37142989E+0001    0.10864162E+0001         1
 20850   -0.37174966E+0001   -0.37174966E+0001    0.10012854E+0001         1
 20900   -0.37202331E+0001   -0.37202331E+0001    0.99482742E+0000         1
 20950   -0.37242212E+0001   -0.37242212E+0001    0.92743593E+0000         1
 21000   -0.37256068E+0001   -0.37256068E+0001    0.95598229E+0000         1
 21050   -0.37287957E+0001   -0.37287957E+0001    0.10152054E+0001         1
 21100   -0.37311146E+0001   -0.37311146E+0001    0.10180945E+0001         1
 21150   -0.37344057E+0001   -0.37344057E+0001    0.10245281E+0001         1
 21200   -0.37387261E+0001   -0.37387261E+0001    0.10605510E+0001         1
 21250   -0.37416311E+0001   -0.37416311E+0001    0.11356195E+0001         1
 21300   -0.37448947E+0001   -0.37448947E+0001    0.12406822E+0001         1
 21350   -0.37507487E+0001   -0.37507487E+0001    0.12321108E+0001         1
 21400   -0.37561823E+0001   -0.37561823E+0001    0.12689253E+0001         1
 21450   -0.37598792E+0001   -0.37598792E+0001    0.13838616E+0001         1
 21500   -0.37647302E+0001   -0.37647302E+0001    0.14189391E+0001         1
 21550   -0.37704590E+0001   -0.37704590E+0001    0.14325950E+0001         1
 21600   -0.37791129E+0001   -0.37791129E+0001    0.14008207E+0001         1
 21650   -0.37830804E+0001   -0.37830804E+0001    0.14404446E+0001         1
 21700   -0.37882326E+0001   -0.37882326E+0001    0.14358175E+0001         1
 21750   -0.37939502E+0001   -0.37939502E+0001    0.14607763E+0001         1
 21800   -0.38032845E+0001   -0.38032845E+0001    0.15182138E+0001         1
 21850   -0.38105521E+0001   -0.38105521E+0001    0.16059640E+0001         1
 21900   -0.38191486E+0001   -0.38191486E+0001    0.16418905E+0001         1
 21950   -0.38289481E+0001   -0.38289481E+0001    0.17114547E+0001         1
 22000   -0.38392779E+0001   -0.38392779E+0001    0.16942083E+0001         1
 22050   -0.38491052E+0001   -0.38491052E+0001    0.16822706E+0001         1
 22100   -0.38564600E+0001   -0.38564600E+0001    0.17212073E+0001         1
 22150   -0.38659667E+0001   -0.38659667E+0001    0.17096573E+0001         1
 22200   -0.38746101E+0001   -0.38746101E+0001    0.16693017E+0001         1
 22250   -0.38809630E+0001   -0.38809630E+0001    0.16742908E+0001         1
 22300   -0.38876213E+0001   -0.38876213E+0001    0.16148594E+0001         1
 22350   -0.38957987E+0001   -0.38957987E+0001    0.15478539E+0001         1
 22400   -0.39036707E+0001   -0.39036707E+0001    0.14929188E+0001         1
 22450   -0.39101408E+0001   -0.39101408E+0001    0.14900652E+0001         1
 22500   -0.39164413E+0001   -0.39164413E+0001    0.13267397E+0001         1
 22550   -0.39205778E+0001   -0.39205778E+0001    0.12806724E+0001         1
 22600   -0.39236620E+0001   -0.39236620E+0001    0.11501122E+0001         1
 22650   -0.39259885E+0001   -0.39259885E+0001    0.11105751E+0001         1
 22700   -0.39277762E+0001   -0.39277762E+0001    0.10515971E+0001         1
 22750   -0.39301099E+0001   -0.39301099E+0001    0.97572254E+0000         1
 22800   -0.39331252E+0001   -0.39331252E+0001    0.98514802E+0000         1
 22850   -0.39349759E+0001   -0.39349759E+0001    0.73550778E+0000         1
 22900   -0.39354924E+0001   -0.39354924E+0001    0.70964235E+0000         1
 22950   -0.39364840E+0001   -0.39364840E+0001    0.64847222E+0000         1
 23000   -0.39368463E+0001   -0.39368463E+0001    0.72873225E+0000         1
 23050   -0.39381189E+0001   -0.39381189E+0001    0.60465262E+0000         1
 23100   -0.39386347E+0001   -0.39386347E+0001    0.50475371E+0000         1
 23150   -0.39384423E+0001   -0.39384423E+0001    0.51108663E+0000         1
 23200   -0.39382877E+0001   -0.39382877E+0001    0.55079926E+0000         1
 23250   -0.39389317E+0001   -0.39389317E+0001    0.52798808E+0000         1
 23300   -0.39388218E+0001   -0.39388218E+0001    0.53419502E+0000         1
 23350   -0.39391134E+0001   -0.39391134E+0001    0.49014665E+0000         1
 23400   -0.39389512E+0001   -0.39389512E+0001    0.44670413E+0000         1
 23450   -0.39391477E+0001   -0.39391477E+0001    0.43309118E+0000         1
 23500   -0.39383766E+0001   -0.39383766E+0001    0.55219186E+0000         1
 23550   -0.39382819E+0001   -0.39382819E+0001    0.70243757E+0000         1
 23600   -0.39387730E+0001   -0.39387730E+0001    0.45351281E+0000         1
 23650   -0.39387706E+0001   -0.39387706E+0001    0.52401287E+0000         1
 23700   -0.39385691E+0001   -0.39385691E+0001    0.61482411E+0000         1
 23750   -0.39382878E+0001   -0.39382878E+0001    0.75430981E+0000         1
 23800   -0.39388169E+0001   -0.39388169E+0001    0.60408162E+0000         1
 23850   -0.39387795E+0001   -0.39387795E+0001    0.57959397E+0000         1
 23900   -0.39386382E+0001   -0.39386382E+0001    0.66038163E+0000         1
 23950   -0.39392522E+0001   -0.39392522E+0001    0.49148527E+0000         1
 24000   -0.39388053E+0001   -0.39388053E+0001    0.51779197E+0000         1
 24050   -0.39385970E+0001   -0.39385970E+0001    0.61389955E+0000         1
 24100   -0.39389784E+0001   -0.39389784E+0001    0.50719425E+0000         1
 24150   -0.39386313E+0001   -0.39386313E+0001    0.55976369E+0000         1
 24200   -0.39386133E+0001   -0.39386133E+0001    0.51849051E+0000         1
 24250   -0.39388620E+0001   -0.39388620E+0001    0.42738850E+0000         1
 24300   -0.39385308E+0001   -0.39385308E+0001    0.59146406E+0000         1
 24350   -0.39388217E+0001   -0.39388217E+0001    0.50438241E+0000         1
 24400   -0.39384918E+0001   -0.39384918E+0001    0.62839958E+0000         1
 24450   -0.39382774E+0001   -0.39382774E+0001    0.66498667E+0000         1
 24500   -0.39378510E+0001   -0.39378510E+0001    0.70223908E+0000         1
 24550   -0.39386223E+0001   -0.39386223E+0001    0.56622179E+0000         1
 24600   -0.39393812E+0001   -0.39393812E+0001    0.34458056E+0000         1
 24650   -0.39388679E+0001   -0.39388679E+0001    0.62202382E+0000         1
 24700   -0.39392109E+0001   -0.39392109E+0001    0.55421414E+0000         1
 24750   -0.39396285E+0001   -0.39396285E+0001    0.39304782E+0000         1
 24800   -0.39394403E+0001   -0.39394403E+0001    0.35238486E+0000         1
 24850   -0.39391108E+0001   -0.39391108E+0001    0.56725973E+0000         1
 24900   -0.39394399E+0001   -0.39394399E+0001    0.35930629E+0000         1
 24950   -0.39390242E+0001   -0.39390242E+0001    0.46997738E+0000         1
 25000   -0.39394392E+0001   -0.39394392E+0001    0.38385084E+0000         1
 25050   -0.39388914E+0001   -0.39388914E+0001    0.50236756E+0000         1
 25100   -0.39388057E+0001   -0.39388057E+0001    0.58149097E+0000         1
 25150   -0.39384231E+0001   -0.39384231E+0001    0.65710759E+0000         1
 25200   -0.39386598E+0001   -0.39386598E+0001    0.62798207E+0000         1
 25250   -0.39383650E+0001   -0.39383650E+0001    0.71379971E+0000         1
 25300   -0.39383603E+0001   -0.39383603E+0001    0.66954870E+0000         1
 25350   -0.39384359E+0001   -0.39384359E+0001    0.58794782E+0000         1
 25400   -0.39383790E+0001   -0.39383790E+0001    0.62857924E+0000         1
 25450   -0.39385016E+0001   -0.39385016E+0001    0.56624592E+0000         1
 25500   -0.39379124E+0001   -0.39379124E+0001    0.67758689E+0000         1
 25550   -0.39385190E+0001   -0.39385190E+0001    0.46529580E+0000         1
 25600   -0.39384943E+0001   -0.39384943E+0001    0.57884117E+0000         1
 25650   -0.39386153E+0001   -0.39386153E+0001    0.66491379E+0000         1
 25700   -0.39386761E+0001   -0.39386761E+0001    0.59766228E+0000         1
 25750   -0.39379081E+0001   -0.39379081E+0001    0.77627816E+0000         1
 25800   -0.39380865E+0001   -0.39380865E+0001    0.78277452E+0000         1
 25850   -0.39388032E+0001   -0.39388032E+0001    0.59549996E+0000         1
 25900   -0.39390814E+0001   -0.39390814E+0001    0.44773547E+0000         1
 25950   -0.39385538E+0001   -0.39385538E+0001    0.67240980E+0000         1
 26000   -0.39391920E+0001   -0.39391920E+0001    0.47482809E+0000         1
 26050   -0.39388444E+0001   -0.39388444E+0001    0.54824646E+0000         1
 26100   -0.39391043E+0001   -0.39391043E+0001    0.57071192E+0000         1
 26150   -0.39393570E+0001   -0.39393570E+0001    0.42122306E+0000         1
 26200   -0.39383398E+0001   -0.39383398E+0001    0.75021290E+0000         1
 26250   -0.39394359E+0001   -0.39394359E+0001    0.45035146E+0000         1
 26300   -0.39393044E+0001   -0.39393044E+0001    0.45008134E+0000         1
 26350   -0.39389261E+0001   -0.39389261E+0001    0.51625236E+0000         1
 26400   -0.39388109E+0001   -0.39388109E+0001    0.55864688E+0000         1
 26450   -0.39389737E+0001   -0.39389737E+0001    0.55294735E+0000         1
 26500   -0.39394205E+0001   -0.39394205E+0001    0.46860646E+0000         1
 26550   -0.39387754E+0001   -0.39387754E+0001    0.61479103E+0000         1
 26600   -0.39392063E+0001   -0.39392063E+0001    0.46293772E+0000         1
 26650   -0.39386958E+0001   -0.39386958E+0001    0.63424440E+0000         1
 26700   -0.39388334E+0001   -0.39388334E+0001    0.46130332E+0000         1
 26750   -0.39392924E+0001   -0.39392924E+0001    0.45097161E+0000         1
 26800   -0.39395376E+0001   -0.39395376E+0001    0.36755521E+0000         1
 26850   -0.39393053E+0001   -0.39393053E+0001    0.46130566E+0000         1
 26900   -0.39393209E+0001   -0.39393209E+0001    0.41990940E+0000         1
 26950   -0.39388578E+0001   -0.39388578E+0001    0.53324628E+0000         1
 27000   -0.39388464E+0001   -0.39388464E+0001    0.59974508E+0000         1
 27050   -0.39392852E+0001   -0.39392852E+0001    0.47527401E+0000         1
 27100   -0.39393354E+0001   -0.39393354E+0001    0.43783511E+0000         1
 27150   -0.39387743E+0001   -0.39387743E+0001    0.54543597E+0000         1
 27200   -0.39392218E+0001   -0.39392218E+0001    0.51554838E+0000         1
 27250   -0.39389203E+0001   -0.39389203E+0001    0.57308730E+0000         1
 27300   -0.39393151E+0001   -0.39393151E+0001    0.40814534E+0000         1
 27350   -0.39392890E+0001   -0.39392890E+0001    0.34853625E+0000         1
 27400   -0.39390607E+0001   -0.39390607E+0001    0.48656630E+0000         1
 27450   -0.39394609E+0001   -0.39394609E+0001    0.35503500E+0000         1
 27500   -0.39392937E+0001   -0.39392937E+0001    0.42240385E+0000         1
 27550   -0.39388104E+0001   -0.39388104E+0001    0.51048798E+0000         1
 27600   -0.39386133E+0001   -0.39386133E+0001    0.59821839E+0000         1
 27650   -0.39381602E+0001   -0.39381602E+0001    0.72712821E+0000         1
 27700   -0.39392306E+0001   -0.39392306E+0001    0.43056877E+0000         1
 27750   -0.39397178E+0001   -0.39397178E+0001    0.31070334E+0000         1
 27800   -0.39395596E+0001   -0.39395596E+0001    0.36327724E+0000         1
 27850   -0.39392262E+0001   -0.39392262E+0001    0.56788337E+0000         1
 27900   -0.39394072E+0001   -0.39394072E+0001    0.38905227E+0000         1
 27950   -0.39391819E+0001   -0.39391819E+0001    0.49757263E+0000         1
 28000   -0.39387584E+0001   -0.39387584E+0001    0.63758789E+0000         1
 28050   -0.39386080E+0001   -0.39386080E+0001    0.67255500E+0000         1
 28100   -0.39392410E+0001   -0.39392410E+0001    0.44623299E+0000         1
 28150   -0.39387730E+0001   -0.39387730E+0001    0.57030988E+0000         1
 28200   -0.39385165E+0001   -0.39385165E+0001    0.64054388E+0000         1
 28250   -0.39389816E+0001   -0.39389816E+0001    0.53591125E+0000         1
 28300   -0.39389855E+0001   -0.39389855E+0001    0.57460754E+0000         1
 28350   -0.39385957E+0001   -0.39385957E+0001    0.65051427E+0000         1
 28400   -0.39385586E+0001   -0.39385586E+0001    0.70026982E+0000         1
 28450   -0.39389898E+0001   -0.39389898E+0001    0.52676532E+0000         1
 28500   -0.39389236E+0001   -0.39389236E+0001    0.51278913E+0000         1
 28550   -0.39396499E+0001   -0.39396499E+0001    0.30834311E+0000         1
 28600   -0.39391932E+0001   -0.39391932E+0001    0.47372250E+0000         1
 28650   -0.39392095E+0001   -0.39392095E+0001    0.51424001E+0000         1
 28700   -0.39386251E+0001   -0.39386251E+0001    0.57871970E+0000         1
 28750   -0.39385709E+0001   -0.39385709E+0001    0.71578017E+0000         1
 28800   -0.39382723E+0001   -0.39382723E+0001    0.62770946E+0000         1
 28850   -0.39392383E+0001   -0.39392383E+0001    0.49422181E+0000         1
 28900   -0.39392064E+0001   -0.39392064E+0001    0.50245499E+0000         1
 28950   -0.39394862E+0001   -0.39394862E+0001    0.39854700E+0000         1
 29000   -0.39390631E+0001   -0.39390631E+0001    0.51740846E+0000         1
 29050   -0.39391147E+0001   -0.39391147E+0001    0.48044517E+0000         1
 29100   -0.39389490E+0001   -0.39389490E+0001    0.55749280E+0000         1
 29150   -0.39396977E+0001   -0.39396977E+0001    0.32380578E+0000         1
 29200   -0.39393690E+0001   -0.39393690E+0001    0.40261733E+0000         1
 29250   -0.39390396E+0001   -0.39390396E+0001    0.52235040E+0000         1
 29300   -0.39393053E+0001   -0.39393053E+0001    0.43968560E+0000         1
 29350   -0.39396907E+0001   -0.39396907E+0001    0.32938486E+0000         1
 29400   -0.39395891E+0001   -0.39395891E+0001    0.37081392E+0000         1
 29450   -0.39393186E+0001   -0.39393186E+0001    0.45411194E+0000         1
 29500   -0.39392699E+0001   -0.39392699E+0001    0.37454581E+0000         1
 29550   -0.39391079E+0001   -0.39391079E+0001    0.44888532E+0000         1
 29600   -0.39393034E+0001   -0.39393034E+0001    0.38629979E+0000         1
 29650   -0.39391985E+0001   -0.39391985E+0001    0.44353672E+0000         1
 29700   -0.39390559E+0001   -0.39390559E+0001    0.43408649E+0000         1
 29750   -0.39392154E+0001   -0.39392154E+0001    0.39936818E+0000         1
 29800   -0.39385076E+0001   -0.39385076E+0001    0.70011006E+0000         1
 29850   -0.39391293E+0001   -0.39391293E+0001    0.46716645E+0000         1
 29900   -0.39386277E+0001   -0.39386277E+0001    0.53871585E+0000         1
 29950   -0.39391180E+0001   -0.39391180E+0001    0.51495086E+0000         1
 30000   -0.39392331E+0001   -0.39392331E+0001    0.39829211E+0000         1
 30050   -0.39396448E+0001   -0.39396448E+0001    0.25305535E+0000         1
 30100   -0.39391374E+0001   -0.39391374E+0001    0.51211581E+0000         1
 30150   -0.39393407E+0001   -0.39393407E+0001    0.33572430E+0000         1
 30200   -0.39392817E+0001   -0.39392817E+0001    0.39816000E+0000         1
 30250   -0.39389613E+0001   -0.39389613E+0001    0.42392577E+0000         1
 30300   -0.39387605E+0001   -0.39387605E+0001    0.52338434E+0000         1
 30350   -0.39391080E+0001   -0.39391080E+0001    0.41744069E+0000         1
 30400   -0.39389171E+0001   -0.39389171E+0001    0.48315661E+0000         1
 30450   -0.39393058E+0001   -0.39393058E+0001    0.48129372E+0000         1
 30500   -0.39393065E+0001   -0.39393065E+0001    0.48229055E+0000         1
 30550   -0.39387847E+0001   -0.39387847E+0001    0.51923552E+0000         1
 30600   -0.39386371E+0001   -0.39386371E+0001    0.61752371E+0000         1
 30650   -0.39388885E+0001   -0.39388885E+0001    0.57792972E+0000         1
 30700   -0.39389764E+0001   -0.39389764E+0001    0.59443006E+0000         1
 30750   -0.39383878E+0001   -0.39383878E+0001    0.65022549E+0000         1
 30800   -0.39387021E+0001   -0.39387021E+0001    0.51666260E+0000         1
 30850   -0.39384824E+0001   -0.39384824E+0001    0.51494150E+0000         1
 30900   -0.39387352E+0001   -0.39387352E+0001    0.52746921E+0000         1
 30950   -0.39383854E+0001   -0.39383854E+0001    0.63971890E+0000         1
 31000   -0.39387670E+0001   -0.39387670E+0001    0.54841126E+0000         1
 31050   -0.39390154E+0001   -0.39390154E+0001    0.50091775E+0000         1
 31100   -0.39387302E+0001   -0.39387302E+0001    0.59191084E+0000         1
 31150   -0.39391756E+0001   -0.39391756E+0001    0.45158118E+0000         1
 31200   -0.39390374E+0001   -0.39390374E+0001    0.49990862E+0000         1
 31250   -0.39389333E+0001   -0.39389333E+0001    0.57266506E+0000         1
 31300   -0.39386558E+0001   -0.39386558E+0001    0.67218893E+0000         1
 31350   -0.39379650E+0001   -0.39379650E+0001    0.85748934E+0000         1
 31400   -0.39389211E+0001   -0.39389211E+0001    0.53844298E+0000         1
 31450   -0.39385689E+0001   -0.39385689E+0001    0.63314068E+0000         1
 31500   -0.39390618E+0001   -0.39390618E+0001    0.51832191E+0000         1
 31550   -0.39390777E+0001   -0.39390777E+0001    0.49698236E+0000         1
 31600   -0.39390941E+0001   -0.39390941E+0001    0.56412098E+0000         1
 31650   -0.39396339E+0001   -0.39396339E+0001    0.34191707E+0000         1
 31700   -0.39393429E+0001   -0.39393429E+0001    0.42660007E+0000         1
 31750   -0.39395371E+0001   -0.39395371E+0001    0.36074570E+0000         1
 31800   -0.39391794E+0001   -0.39391794E+0001    0.48666131E+0000         1
 31850   -0.39393957E+0001   -0.39393957E+0001    0.42638110E+0000         1
 31900   -0.39394370E+0001   -0.39394370E+0001    0.41559046E+0000         1
 31950   -0.39390287E+0001   -0.39390287E+0001    0.48778784E+0000         1
 32000   -0.39391008E+0001   -0.39391008E+0001    0.45865143E+0000         1
 32050   -0.39386284E+0001   -0.39386284E+0001    0.66480514E+0000         1
 32100   -0.39387291E+0001   -0.39387291E+0001    0.63529236E+0000         1
 32150   -0.39394859E+0001   -0.39394859E+0001    0.35071787E+0000         1
 32200   -0.39388360E+0001   -0.39388360E+0001    0.44239589E+0000         1
 32250   -0.39384963E+0001   -0.39384963E+0001    0.66029878E+0000         1
 32300   -0.39384023E+0001   -0.39384023E+0001    0.60047144E+0000         1
 32350   -0.39377489E+0001   -0.39377489E+0001    0.61313434E+0000         1
 32400   -0.39380724E+0001   -0.39380724E+0001    0.78118611E+0000         1
 32450   -0.39386169E+0001   -0.39386169E+0001    0.53096681E+0000         1
 32500   -0.39388363E+0001   -0.39388363E+0001    0.55788730E+0000         1
 32550   -0.39387134E+0001   -0.39387134E+0001    0.47429485E+0000         1
 32600   -0.39391489E+0001   -0.39391489E+0001    0.36743925E+0000         1
 32650   -0.39388184E+0001   -0.39388184E+0001    0.47543686E+0000         1
 32700   -0.39387391E+0001   -0.39387391E+0001    0.54428577E+0000         1
 32750   -0.39390313E+0001   -0.39390313E+0001    0.49511783E+0000         1
 32800   -0.39389906E+0001   -0.39389906E+0001    0.48184087E+0000         1
 32850   -0.39392664E+0001   -0.39392664E+0001    0.50793713E+0000         1
 32900   -0.39394731E+0001   -0.39394731E+0001    0.44166850E+0000         1
 32950   -0.39393442E+0001   -0.39393442E+0001    0.42269891E+0000         1
 33000   -0.39393826E+0001   -0.39393826E+0001    0.40084592E+0000         1
 33050   -0.39390993E+0001   -0.39390993E+0001    0.51190637E+0000         1
 33100   -0.39392080E+0001   -0.39392080E+0001    0.42889832E+0000         1
 33150   -0.39389938E+0001   -0.39389938E+0001    0.64790201E+0000         1
 33200   -0.39391325E+0001   -0.39391325E+0001    0.47963419E+0000         1
 33250   -0.39396126E+0001   -0.39396126E+0001    0.32667375E+0000         1
 33300   -0.39392995E+0001   -0.39392995E+0001    0.45119860E+0000         1
 33350   -0.39394060E+0001   -0.39394060E+0001    0.43148349E+0000         1
 33400   -0.39387987E+0001   -0.39387987E+0001    0.52152467E+0000         1
 33450   -0.39388829E+0001   -0.39388829E+0001    0.60114361E+0000         1
 33500   -0.39390323E+0001   -0.39390323E+0001    0.47336613E+0000         1
 33550   -0.39391885E+0001   -0.39391885E+0001    0.45502978E+0000         1
 33600   -0.39396324E+0001   -0.39396324E+0001    0.31762823E+0000         1
 33650   -0.39391166E+0001   -0.39391166E+0001    0.45083693E+0000         1
 33700   -0.39394122E+0001   -0.39394122E+0001    0.39822682E+0000         1
 33750   -0.39390749E+0001   -0.39390749E+0001    0.51401287E+0000         1
 33800   -0.39394563E+0001   -0.39394563E+0001    0.39808790E+0000         1
 33850   -0.39389222E+0001   -0.39389222E+0001    0.65944308E+0000         1
 33900   -0.39394767E+0001   -0.39394767E+0001    0.34605482E+0000         1
 33950   -0.39389647E+0001   -0.39389647E+0001    0.51884078E+0000         1
 34000   -0.39390946E+0001   -0.39390946E+0001    0.59561097E+0000         1
 34050   -0.39381707E+0001   -0.39381707E+0001    0.62183837E+0000         1
 34100   -0.39385177E+0001   -0.39385177E+0001    0.59708476E+0000         1
 34150   -0.39390960E+0001   -0.39390960E+0001    0.47617920E+0000         1
 34200   -0.39388592E+0001   -0.39388592E+0001    0.54957064E+0000         1
 34250   -0.39394422E+0001   -0.39394422E+0001    0.48313554E+0000         1
 34300   -0.39392486E+0001   -0.39392486E+0001    0.49639901E+0000         1
 34350   -0.39392959E+0001   -0.39392959E+0001    0.50722360E+0000         1
 34400   -0.39392460E+0001   -0.39392460E+0001    0.43692516E+0000         1
 34450   -0.39396410E+0001   -0.39396410E+0001    0.31214906E+0000         1
 34500   -0.39396459E+0001   -0.39396459E+0001    0.30626308E+0000         1
 34550   -0.39396956E+0001   -0.39396956E+0001    0.33055021E+0000         1
 34600   -0.39392094E+0001   -0.39392094E+0001    0.44645943E+0000         1
 34650   -0.39386907E+0001   -0.39386907E+0001    0.60316396E+0000         1
 34700   -0.39396716E+0001   -0.39396716E+0001    0.30053361E+0000         1
 34750   -0.39394843E+0001   -0.39394843E+0001    0.42279036E+0000         1
 34800   -0.39387420E+0001   -0.39387420E+0001    0.53541983E+0000         1
 34850   -0.39384987E+0001   -0.39384987E+0001    0.67412354E+0000         1
 34900   -0.39390924E+0001   -0.39390924E+0001    0.47143818E+0000         1
 34950   -0.39392021E+0001   -0.39392021E+0001    0.49897209E+0000         1
 35000   -0.39389340E+0001   -0.39389340E+0001    0.55783554E+0000         1
 35050   -0.39386436E+0001   -0.39386436E+0001    0.65031232E+0000         1
 35100   -0.39387038E+0001   -0.39387038E+0001    0.67275865E+0000         1
 35150   -0.39394084E+0001   -0.39394084E+0001    0.37202688E+0000         1
 35200   -0.39388923E+0001   -0.39388923E+0001    0.46578730E+0000         1
 35250   -0.39395121E+0001   -0.39395121E+0001    0.30997979E+0000         1
 35300   -0.39392641E+0001   -0.39392641E+0001    0.36379702E+0000         1
 35350   -0.39393386E+0001   -0.39393386E+0001    0.32245337E+0000         1
 35400   -0.39383507E+0001   -0.39383507E+0001    0.63068451E+0000         1
 35450   -0.39382733E+0001   -0.39382733E+0001    0.57169783E+0000         1
 35500   -0.39381753E+0001   -0.39381753E+0001    0.53242717E+0000         1
 35550   -0.39384041E+0001   -0.39384041E+0001    0.56989375E+0000         1
 35600   -0.39392850E+0001   -0.39392850E+0001    0.40668244E+0000         1
 35650   -0.39391987E+0001   -0.39391987E+0001    0.43389327E+0000         1
 35700   -0.39383366E+0001   -0.39383366E+0001    0.64435331E+0000         1
 35750   -0.39378825E+0001   -0.39378825E+0001    0.73913912E+0000         1
 35800   -0.39375847E+0001   -0.39375847E+0001    0.79646703E+0000         1
 35850   -0.39388117E+0001   -0.39388117E+0001    0.53283814E+0000         1
 35900   -0.39383347E+0001   -0.39383347E+0001    0.65931050E+0000         1
 35950   -0.39387343E+0001   -0.39387343E+0001    0.54616516E+0000         1
 36000   -0.39390574E+0001   -0.39390574E+0001    0.48067941E+0000         1
 36050   -0.39383062E+0001   -0.39383062E+0001    0.71030913E+0000         1
 36100   -0.39389721E+0001   -0.39389721E+0001    0.43205530E+0000         1
 36150   -0.39386619E+0001   -0.39386619E+0001    0.59561194E+0000         1
 36200   -0.39385945E+0001   -0.39385945E+0001    0.53956220E+0000         1
 36250   -0.39381108E+0001   -0.39381108E+0001    0.61574327E+0000         1
 36300   -0.39387531E+0001   -0.39387531E+0001    0.51095962E+0000         1
 36350   -0.39380201E+0001   -0.39380201E+0001    0.58658916E+0000         1
 36400   -0.39382598E+0001   -0.39382598E+0001    0.66035388E+0000         1
 36450   -0.39387256E+0001   -0.39387256E+0001    0.54281657E+0000         1
 36500   -0.39386844E+0001   -0.39386844E+0001    0.52200509E+0000         1
 36550   -0.39383243E+0001   -0.39383243E+0001    0.73893920E+0000         1
 36600   -0.39390603E+0001   -0.39390603E+0001    0.41804315E+0000         1
 36650   -0.39388669E+0001   -0.39388669E+0001    0.41451864E+0000         1
 36700   -0.39383036E+0001   -0.39383036E+0001    0.60061254E+0000         1
 36750   -0.39381818E+0001   -0.39381818E+0001    0.57262688E+0000         1
 36800   -0.39376631E+0001   -0.39376631E+0001    0.78745813E+0000         1
 36850   -0.39379501E+0001   -0.39379501E+0001    0.70750010E+0000         1
 36900   -0.39389753E+0001   -0.39389753E+0001    0.47880723E+0000         1
 36950   -0.39394917E+0001   -0.39394917E+0001    0.39352045E+0000         1
 37000   -0.39394979E+0001   -0.39394979E+0001    0.34259603E+0000         1
 37050   -0.39392022E+0001   -0.39392022E+0001    0.47785028E+0000         1
 37100   -0.39394443E+0001   -0.39394443E+0001    0.33769086E+0000         1
 37150   -0.39393616E+0001   -0.39393616E+0001    0.35267289E+0000         1
 37200   -0.39390759E+0001   -0.39390759E+0001    0.55029151E+0000         1
 37250   -0.39392492E+0001   -0.39392492E+0001    0.53774941E+0000         1
 37300   -0.39392505E+0001   -0.39392505E+0001    0.43949788E+0000         1
 37350   -0.39386647E+0001   -0.39386647E+0001    0.55391578E+0000         1
 37400   -0.39390072E+0001   -0.39390072E+0001    0.54922430E+0000         1
 37450   -0.39395025E+0001   -0.39395025E+0001    0.46956855E+0000         1
 37500   -0.39394526E+0001   -0.39394526E+0001    0.37420749E+0000         1
 37550   -0.39390454E+0001   -0.39390454E+0001    0.46209869E+0000         1
 37600   -0.39387672E+0001   -0.39387672E+0001    0.53334022E+0000         1
 37650   -0.39382032E+0001   -0.39382032E+0001    0.73054478E+0000         1
 37700   -0.39389224E+0001   -0.39389224E+0001    0.49289862E+0000         1
 37750   -0.39392704E+0001   -0.39392704E+0001    0.39241428E+0000         1
 37800   -0.39381274E+0001   -0.39381274E+0001    0.72680948E+0000         1
 37850   -0.39384868E+0001   -0.39384868E+0001    0.64192999E+0000         1
 37900   -0.39389866E+0001   -0.39389866E+0001    0.56654637E+0000         1
 37950   -0.39388155E+0001   -0.39388155E+0001    0.63330123E+0000         1
 38000   -0.39395541E+0001   -0.39395541E+0001    0.37443343E+0000         1
 38050   -0.39389447E+0001   -0.39389447E+0001    0.50956701E+0000         1
 38100   -0.39388263E+0001   -0.39388263E+0001    0.52654991E+0000         1
 38150   -0.39389114E+0001   -0.39389114E+0001    0.58419388E+0000         1
 38200   -0.39382168E+0001   -0.39382168E+0001    0.69047391E+0000         1
 38250   -0.39381670E+0001   -0.39381670E+0001    0.67462581E+0000         1
 38300   -0.39387423E+0001   -0.39387423E+0001    0.49883276E+0000         1
 38350   -0.39391647E+0001   -0.39391647E+0001    0.43100846E+0000         1
 38400   -0.39389033E+0001   -0.39389033E+0001    0.48243144E+0000         1
 38450   -0.39385796E+0001   -0.39385796E+0001    0.61764832E+0000         1
 38500   -0.39388783E+0001   -0.39388783E+0001    0.52994931E+0000         1
 38550   -0.39394118E+0001   -0.39394118E+0001    0.47928348E+0000         1
 38600   -0.39390608E+0001   -0.39390608E+0001    0.58861742E+0000         1
 38650   -0.39394319E+0001   -0.39394319E+0001    0.45005490E+0000         1
 38700   -0.39393455E+0001   -0.39393455E+0001    0.43899945E+0000         1
 38750   -0.39389415E+0001   -0.39389415E+0001    0.62221398E+0000         1
 38800   -0.39384353E+0001   -0.39384353E+0001    0.68895630E+0000         1
 38850   -0.39391052E+0001   -0.39391052E+0001    0.44736778E+0000         1
 38900   -0.39394191E+0001   -0.39394191E+0001    0.42502912E+0000         1
 38950   -0.39390848E+0001   -0.39390848E+0001    0.47845259E+0000         1
 39000   -0.39395538E+0001   -0.39395538E+0001    0.35233430E+0000         1
 39050   -0.39388669E+0001   -0.39388669E+0001    0.61548797E+0000         1
 39100   -0.39392785E+0001   -0.39392785E+0001    0.45910394E+0000         1
 39150   -0.39392326E+0001   -0.39392326E+0001    0.47664564E+0000         1
 39200   -0.39387696E+0001   -0.39387696E+0001    0.62699758E+0000         1
 39250   -0.39382076E+0001   -0.39382076E+0001    0.65233958E+0000         1
 39300   -0.39386159E+0001   -0.39386159E+0001    0.59750443E+0000         1
 39350   -0.39391343E+0001   -0.39391343E+0001    0.49506884E+0000         1
 39400   -0.39387892E+0001   -0.39387892E+0001    0.58956738E+0000         1
 39450   -0.39391710E+0001   -0.39391710E+0001    0.46415814E+0000         1
 39500   -0.39395236E+0001   -0.39395236E+0001    0.36587837E+0000         1
 39550   -0.39389918E+0001   -0.39389918E+0001    0.48891297E+0000         1
 39600   -0.39388115E+0001   -0.39388115E+0001    0.63413402E+0000         1
 39650   -0.39387034E+0001   -0.39387034E+0001    0.61412495E+0000         1
 39700   -0.39389533E+0001   -0.39389533E+0001    0.48955504E+0000         1
 39750   -0.39381503E+0001   -0.39381503E+0001    0.78683989E+0000         1
 39800   -0.39391876E+0001   -0.39391876E+0001    0.40712085E+0000         1
 39850   -0.39391875E+0001   -0.39391875E+0001    0.46952296E+0000         1
 39900   -0.39390884E+0001   -0.39390884E+0001    0.41390638E+0000         1
 39950   -0.39389951E+0001   -0.39389951E+0001    0.52836545E+0000         1
 40000   -0.39386241E+0001   -0.39386241E+0001    0.63246996E+0000         1
 40050   -0.39385143E+0001   -0.39385143E+0001    0.60128312E+0000         1
 40100   -0.39392438E+0001   -0.39392438E+0001    0.46614666E+0000         1
 40150   -0.39392479E+0001   -0.39392479E+0001    0.48366530E+0000         1
 40200   -0.39391526E+0001   -0.39391526E+0001    0.46309636E+0000         1
 40250   -0.39388325E+0001   -0.39388325E+0001    0.57525689E+0000         1
 40300   -0.39386397E+0001   -0.39386397E+0001    0.61265544E+0000         1
 40350   -0.39393757E+0001   -0.39393757E+0001    0.46474803E+0000         1
 40400   -0.39389028E+0001   -0.39389028E+0001    0.57165481E+0000         1
 40450   -0.39390421E+0001   -0.39390421E+0001    0.55299170E+0000         1
 40500   -0.39391487E+0001   -0.39391487E+0001    0.50397420E+0000         1
 40550   -0.39391030E+0001   -0.39391030E+0001    0.49989598E+0000         1
 40600   -0.39390545E+0001   -0.39390545E+0001    0.49456390E+0000         1
 40650   -0.39390645E+0001   -0.39390645E+0001    0.45395476E+0000         1
 40700   -0.39388885E+0001   -0.39388885E+0001    0.59581103E+0000         1
 40750   -0.39394136E+0001   -0.39394136E+0001    0.42848602E+0000         1
 40800   -0.39393007E+0001   -0.39393007E+0001    0.43491881E+0000         1
 40850   -0.39391396E+0001   -0.39391396E+0001    0.41912960E+0000         1
 40900   -0.39391630E+0001   -0.39391630E+0001    0.51406858E+0000         1
 40950   -0.39388203E+0001   -0.39388203E+0001    0.62457386E+0000         1
 41000   -0.39387104E+0001   -0.39387104E+0001    0.65186533E+0000         1
 41050   -0.39386430E+0001   -0.39386430E+0001    0.74546011E+0000         1
 41100   -0.39388790E+0001   -0.39388790E+0001    0.55774359E+0000         1
 41150   -0.39387470E+0001   -0.39387470E+0001    0.59643612E+0000         1
 41200   -0.39387870E+0001   -0.39387870E+0001    0.58140649E+0000         1
 41250   -0.39385715E+0001   -0.39385715E+0001    0.63536912E+0000         1
 41300   -0.39385013E+0001   -0.39385013E+0001    0.56420701E+0000         1
 41350   -0.39383567E+0001   -0.39383567E+0001    0.69483665E+0000         1
 41400   -0.39390779E+0001   -0.39390779E+0001    0.53568984E+0000         1
 41450   -0.39393223E+0001   -0.39393223E+0001    0.49939266E+0000         1
 41500   -0.39384987E+0001   -0.39384987E+0001    0.71510843E+0000         1
 41550   -0.39388760E+0001   -0.39388760E+0001    0.58846915E+0000         1
 41600   -0.39390375E+0001   -0.39390375E+0001    0.48071294E+0000         1
 41650   -0.39386732E+0001   -0.39386732E+0001    0.52634658E+0000         1
 41700   -0.39389379E+0001   -0.39389379E+0001    0.57220532E+0000         1
 41750   -0.39384038E+0001   -0.39384038E+0001    0.72045574E+0000         1
 41800   -0.39389188E+0001   -0.39389188E+0001    0.55213075E+0000         1
 41850   -0.39388533E+0001   -0.39388533E+0001    0.56593778E+0000         1
 41900   -0.39393348E+0001   -0.39393348E+0001    0.35367351E+0000         1
 41950   -0.39386070E+0001   -0.39386070E+0001    0.62958060E+0000         1
 42000   -0.39388538E+0001   -0.39388538E+0001    0.55213087E+0000         1
 42050   -0.39394757E+0001   -0.39394757E+0001    0.44011968E+0000         1
 42100   -0.39392025E+0001   -0.39392025E+0001    0.46195824E+0000         1
 42150   -0.39390227E+0001   -0.39390227E+0001    0.59470526E+0000         1
 42200   -0.39389459E+0001   -0.39389459E+0001    0.51635602E+0000         1
 42250   -0.39386957E+0001   -0.39386957E+0001    0.58497379E+0000         1
 42300   -0.39393227E+0001   -0.39393227E+0001    0.39025317E+0000         1
 42350   -0.39389026E+0001   -0.39389026E+0001    0.54812986E+0000         1
 42400   -0.39391172E+0001   -0.39391172E+0001    0.49307354E+0000         1
 42450   -0.39388717E+0001   -0.39388717E+0001    0.52155977E+0000         1
 42500   -0.39387783E+0001   -0.39387783E+0001    0.53836810E+0000         1
 42550   -0.39387169E+0001   -0.39387169E+0001    0.47257574E+0000         1
 42600   -0.39389275E+0001   -0.39389275E+0001    0.39128614E+0000         1
 42650   -0.39391030E+0001   -0.39391030E+0001    0.46180117E+0000         1
 42700   -0.39389468E+0001   -0.39389468E+0001    0.37394863E+0000         1
 42750   -0.39387938E+0001   -0.39387938E+0001    0.48919025E+0000         1
 42800   -0.39395061E+0001   -0.39395061E+0001    0.39130807E+0000         1
 42850   -0.39393048E+0001   -0.39393048E+0001    0.41217068E+0000         1
 42900   -0.39391071E+0001   -0.39391071E+0001    0.55891678E+0000         1
 42950   -0.39387569E+0001   -0.39387569E+0001    0.63273445E+0000         1
 43000   -0.39386602E+0001   -0.39386602E+0001    0.56392104E+0000         1
 43050   -0.39392399E+0001   -0.39392399E+0001    0.35992681E+0000         1
 43100   -0.39388427E+0001   -0.39388427E+0001    0.61459760E+0000         1
 43150   -0.39384212E+0001   -0.39384212E+0001    0.63843039E+0000         1
 43200   -0.39390034E+0001   -0.39390034E+0001    0.51512317E+0000         1
 43250   -0.39388836E+0001   -0.39388836E+0001    0.54140146E+0000         1
 43300   -0.39389146E+0001   -0.39389146E+0001    0.52592557E+0000         1
 43350   -0.39395593E+0001   -0.39395593E+0001    0.39711274E+0000         1
 43400   -0.39396494E+0001   -0.39396494E+0001    0.32145918E+0000         1
 43450   -0.39394154E+0001   -0.39394154E+0001    0.44778890E+0000         1
 43500   -0.39390222E+0001   -0.39390222E+0001    0.50034071E+0000         1
 43550   -0.39379281E+0001   -0.39379281E+0001    0.76950197E+0000         1
 43600   -0.39382949E+0001   -0.39382949E+0001    0.68724661E+0000         1
 43650   -0.39391158E+0001   -0.39391158E+0001    0.41662810E+0000         1
 43700   -0.39391187E+0001   -0.39391187E+0001    0.50210869E+0000         1
 43750   -0.39392145E+0001   -0.39392145E+0001    0.55792078E+0000         1
 43800   -0.39388979E+0001   -0.39388979E+0001    0.58970481E+0000         1
 43850   -0.39393479E+0001   -0.39393479E+0001    0.42407455E+0000         1
 43900   -0.39393258E+0001   -0.39393258E+0001    0.50161454E+0000         1
 43950   -0.39392817E+0001   -0.39392817E+0001    0.41669610E+0000         1
 44000   -0.39390652E+0001   -0.39390652E+0001    0.47226042E+0000         1
 44050   -0.39386044E+0001   -0.39386044E+0001    0.61741816E+0000         1
 44100   -0.39378851E+0001   -0.39378851E+0001    0.74534522E+0000         1
 44150   -0.39386508E+0001   -0.39386508E+0001    0.63933697E+0000         1
 44200   -0.39380103E+0001   -0.39380103E+0001    0.77281154E+0000         1
 44250   -0.39374695E+0001   -0.39374695E+0001    0.84695477E+0000         1
 44300   -0.39383092E+0001   -0.39383092E+0001    0.72962532E+0000         1
 44350   -0.39385151E+0001   -0.39385151E+0001    0.61259471E+0000         1
 44400   -0.39382865E+0001   -0.39382865E+0001    0.62252733E+0000         1
 44450   -0.39394870E+0001   -0.39394870E+0001    0.35510292E+0000         1
 44500   -0.39392711E+0001   -0.39392711E+0001    0.45292468E+0000         1
 44550   -0.39392892E+0001   -0.39392892E+0001    0.49923989E+0000         1
 44600   -0.39392317E+0001   -0.39392317E+0001    0.44573030E+0000         1
 44650   -0.39393002E+0001   -0.39393002E+0001    0.34498238E+0000         1
 44700   -0.39388891E+0001   -0.39388891E+0001    0.55910047E+0000         1
 44750   -0.39389665E+0001   -0.39389665E+0001    0.56130058E+0000         1
 44800   -0.39389544E+0001   -0.39389544E+0001    0.55525185E+0000         1
 44850   -0.39387955E+0001   -0.39387955E+0001    0.54065518E+0000         1
 44900   -0.39376930E+0001   -0.39376930E+0001    0.80326950E+0000         1
 44950   -0.39386775E+0001   -0.39386775E+0001    0.53146529E+0000         1
 45000   -0.39388200E+0001   -0.39388200E+0001    0.57120582E+0000         1
 45050   -0.39392647E+0001   -0.39392647E+0001    0.39924000E+0000         1
 45100   -0.39392357E+0001   -0.39392357E+0001    0.40464544E+0000         1
 45150   -0.39389903E+0001   -0.39389903E+0001    0.46996383E+0000         1
 45200   -0.39389819E+0001   -0.39389819E+0001    0.43412589E+0000         1
 45250   -0.39389533E+0001   -0.39389533E+0001    0.53858741E+0000         1
 45300   -0.39394114E+0001   -0.39394114E+0001    0.36053407E+0000         1
 45350   -0.39391698E+0001   -0.39391698E+0001    0.48875095E+0000         1
 45400   -0.39392498E+0001   -0.39392498E+0001    0.39946274E+0000         1
 45450   -0.39382765E+0001   -0.39382765E+0001    0.70305604E+0000         1
 45500   -0.39394397E+0001   -0.39394397E+0001    0.36769283E+0000         1
 45550   -0.39393666E+0001   -0.39393666E+0001    0.36504482E+0000         1
 45600   -0.39391187E+0001   -0.39391187E+0001    0.46825919E+0000         1
 45650   -0.39388274E+0001   -0.39388274E+0001    0.55160156E+0000         1
 45700   -0.39383297E+0001   -0.39383297E+0001    0.72112147E+0000         1
 45750   -0.39382929E+0001   -0.39382929E+0001    0.73250000E+0000         1
 45800   -0.39384550E+0001   -0.39384550E+0001    0.72752722E+0000         1
 45850   -0.39385897E+0001   -0.39385897E+0001    0.52289589E+0000         1
 45900   -0.39390473E+0001   -0.39390473E+0001    0.42763762E+0000         1
 45950   -0.39394338E+0001   -0.39394338E+0001    0.33381028E+0000         1
 46000   -0.39390620E+0001   -0.39390620E+0001    0.53650250E+0000         1
 46050   -0.39389868E+0001   -0.39389868E+0001    0.61472618E+0000         1
 46100   -0.39391056E+0001   -0.39391056E+0001    0.60681793E+0000         1
 46150   -0.39393933E+0001   -0.39393933E+0001    0.41719550E+0000         1
 46200   -0.39391932E+0001   -0.39391932E+0001    0.47122683E+0000         1
 46250   -0.39386159E+0001   -0.39386159E+0001    0.58997778E+0000         1
 46300   -0.39387648E+0001   -0.39387648E+0001    0.52659825E+0000         1
 46350   -0.39382845E+0001   -0.39382845E+0001    0.68113156E+0000         1
 46400   -0.39387373E+0001   -0.39387373E+0001    0.68079009E+0000         1
 46450   -0.39391051E+0001   -0.39391051E+0001    0.62012249E+0000         1
 46500   -0.39388859E+0001   -0.39388859E+0001    0.66660297E+0000         1
 46550   -0.39391933E+0001   -0.39391933E+0001    0.44706932E+0000         1
 46600   -0.39392558E+0001   -0.39392558E+0001    0.47331552E+0000         1
 46650   -0.39393078E+0001   -0.39393078E+0001    0.48331379E+0000         1
 46700   -0.39393654E+0001   -0.39393654E+0001    0.39573196E+0000         1
 46750   -0.39386495E+0001   -0.39386495E+0001    0.68696837E+0000         1
 46800   -0.39380367E+0001   -0.39380367E+0001    0.75759956E+0000         1
 46850   -0.39381811E+0001   -0.39381811E+0001    0.73669892E+0000         1
 46900   -0.39389382E+0001   -0.39389382E+0001    0.55933161E+0000         1
 46950   -0.39391282E+0001   -0.39391282E+0001    0.57468945E+0000         1
 47000   -0.39378518E+0001   -0.39378518E+0001    0.74006574E+0000         1
 47050   -0.39386479E+0001   -0.39386479E+0001    0.53128613E+0000         1
 47100   -0.39388060E+0001   -0.39388060E+0001    0.53639944E+0000         1
 47150   -0.39387280E+0001   -0.39387280E+0001    0.56584597E+0000         1
 47200   -0.39388558E+0001   -0.39388558E+0001    0.65050918E+0000         1
 47250   -0.39386763E+0001   -0.39386763E+0001    0.73633535E+0000         1
 47300   -0.39392910E+0001   -0.39392910E+0001    0.51247063E+0000         1
 47350   -0.39390006E+0001   -0.39390006E+0001    0.54484535E+0000         1
 47400   -0.39395598E+0001   -0.39395598E+0001    0.37520835E+0000         1
 47450   -0.39389239E+0001   -0.39389239E+0001    0.54182547E+0000         1
 47500   -0.39388919E+0001   -0.39388919E+0001    0.56436371E+0000         1
 47550   -0.39383550E+0001   -0.39383550E+0001    0.58316442E+0000         1
 47600   -0.39388626E+0001   -0.39388626E+0001    0.52811054E+0000         1
 47650   -0.39388020E+0001   -0.39388020E+0001    0.49031685E+0000         1
 47700   -0.39381949E+0001   -0.39381949E+0001    0.79549372E+0000         1
 47750   -0.39392928E+0001   -0.39392928E+0001    0.51560918E+0000         1
 47800   -0.39392683E+0001   -0.39392683E+0001    0.45067818E+0000         1
 47850   -0.39393010E+0001   -0.39393010E+0001    0.41447537E+0000         1
 47900   -0.39392797E+0001   -0.39392797E+0001    0.45291178E+0000         1
 47950   -0.39393803E+0001   -0.39393803E+0001    0.39666727E+0000         1
 48000   -0.39392896E+0001   -0.39392896E+0001    0.52688359E+0000         1
