 13501   -0.36873252E+0001   -0.35302848E+0001   -0.37420062E+0001   -0.28032783E+0001   -0.37404707E+0001   -0.35303949E+0001   -0.45691296E+0001   -0.38957118E+0001
 13600   -0.36839996E+0001   -0.35289368E+0001   -0.37376454E+0001   -0.28056866E+0001   -0.37202645E+0001   -0.35196911E+0001   -0.45662252E+0001   -0.39095476E+0001
 13700   -0.36808478E+0001   -0.35200863E+0001   -0.37089149E+0001   -0.28032361E+0001   -0.37317498E+0001   -0.35154550E+0001   -0.45667417E+0001   -0.39197508E+0001
 13800   -0.36862671E+0001   -0.35285341E+0001   -0.37109938E+0001   -0.28259248E+0001   -0.37088532E+0001   -0.35241105E+0001   -0.45870665E+0001   -0.39183868E+0001
 13900   -0.36823953E+0001   -0.35299758E+0001   -0.37011709E+0001   -0.28313775E+0001   -0.37021324E+0001   -0.35282950E+0001   -0.45733550E+0001   -0.39104608E+0001
 14000   -0.36846287E+0001   -0.35326134E+0001   -0.37088867E+0001   -0.28269046E+0001   -0.37200693E+0001   -0.35310904E+0001   -0.45636552E+0001   -0.39091813E+0001
 14100   -0.36834781E+0001   -0.35263469E+0001   -0.37169359E+0001   -0.28293464E+0001   -0.37157718E+0001   -0.35321914E+0001   -0.45626395E+0001   -0.39011150E+0001
 14200   -0.36833728E+0001   -0.35250886E+0001   -0.37148939E+0001   -0.28087511E+0001   -0.37263382E+0001   -0.35293637E+0001   -0.45639613E+0001   -0.39152127E+0001
 14300   -0.36870263E+0001   -0.35280574E+0001   -0.37076054E+0001   -0.28256075E+0001   -0.37079525E+0001   -0.35293665E+0001   -0.45726203E+0001   -0.39379744E+0001
 14400   -0.36877711E+0001   -0.35214574E+0001   -0.36990101E+0001   -0.28321580E+0001   -0.36828978E+0001   -0.35159595E+0001   -0.46053994E+0001   -0.39575154E+0001
 14500   -0.36858658E+0001   -0.35290330E+0001   -0.36961645E+0001   -0.28352345E+0001   -0.36767033E+0001   -0.35223721E+0001   -0.46056986E+0001   -0.39358544E+0001
 14600   -0.36894448E+0001   -0.35282306E+0001   -0.37020795E+0001   -0.28254413E+0001   -0.37049464E+0001   -0.35281152E+0001   -0.45964520E+0001   -0.39408490E+0001
 14700   -0.36891139E+0001   -0.35327685E+0001   -0.37103093E+0001   -0.28306356E+0001   -0.36919939E+0001   -0.35272367E+0001   -0.45955830E+0001   -0.39352705E+0001
 14800   -0.36892191E+0001   -0.35230522E+0001   -0.36883559E+0001   -0.28285826E+0001   -0.37028882E+0001   -0.35277776E+0001   -0.46015195E+0001   -0.39523572E+0001
 14900   -0.36871943E+0001   -0.35177200E+0001   -0.36889770E+0001   -0.28278356E+0001   -0.36873637E+0001   -0.35155540E+0001   -0.45986849E+0001   -0.39742247E+0001
 15000   -0.36885952E+0001   -0.35250999E+0001   -0.37019351E+0001   -0.28304722E+0001   -0.36925471E+0001   -0.35246194E+0001   -0.45871096E+0001   -0.39583827E+0001
 15100   -0.36846566E+0001   -0.35143819E+0001   -0.36599558E+0001   -0.28288506E+0001   -0.36825004E+0001   -0.35160881E+0001   -0.45941119E+0001   -0.39967077E+0001
 15200   -0.36878663E+0001   -0.35113219E+0001   -0.36692234E+0001   -0.28431057E+0001   -0.36873650E+0001   -0.35235328E+0001   -0.45959863E+0001   -0.39845290E+0001
 15300   -0.36914779E+0001   -0.35151532E+0001   -0.36736209E+0001   -0.28451340E+0001   -0.36754473E+0001   -0.35095887E+0001   -0.46206130E+0001   -0.40007879E+0001
 15400   -0.36942425E+0001   -0.35209905E+0001   -0.36732853E+0001   -0.28555821E+0001   -0.36727674E+0001   -0.35230655E+0001   -0.46178046E+0001   -0.39962022E+0001
 15500   -0.36916164E+0001   -0.35105225E+0001   -0.36660777E+0001   -0.28468686E+0001   -0.36761642E+0001   -0.35153552E+0001   -0.46219191E+0001   -0.40044077E+0001
 15600   -0.36943318E+0001   -0.35142432E+0001   -0.36669739E+0001   -0.28528143E+0001   -0.36596121E+0001   -0.35023511E+0001   -0.46421906E+0001   -0.40221376E+0001
 15700   -0.36962031E+0001   -0.34982978E+0001   -0.36469797E+0001   -0.28612035E+0001   -0.36478661E+0001   -0.34935199E+0001   -0.46844387E+0001   -0.40411161E+0001
 15800   -0.36997517E+0001   -0.35019703E+0001   -0.36499912E+0001   -0.28676274E+0001   -0.36422544E+0001   -0.34914911E+0001   -0.46801553E+0001   -0.40647720E+0001
 15900   -0.37025228E+0001   -0.35023849E+0001   -0.36423507E+0001   -0.28770462E+0001   -0.36457857E+0001   -0.35024375E+0001   -0.46697313E+0001   -0.40779230E+0001
 16000   -0.37035606E+0001   -0.34965194E+0001   -0.36344950E+0001   -0.28775556E+0001   -0.36314481E+0001   -0.35011766E+0001   -0.46842343E+0001   -0.40994954E+0001
 16100   -0.37054709E+0001   -0.34946630E+0001   -0.36173767E+0001   -0.28801152E+0001   -0.36315112E+0001   -0.35024092E+0001   -0.47075786E+0001   -0.41046427E+0001
 16200   -0.37085333E+0001   -0.34943490E+0001   -0.36145441E+0001   -0.28932677E+0001   -0.36243844E+0001   -0.34987178E+0001   -0.47159206E+0001   -0.41185497E+0001
 16300   -0.37145736E+0001   -0.34941291E+0001   -0.36157728E+0001   -0.29079304E+0001   -0.36073550E+0001   -0.34972669E+0001   -0.47267742E+0001   -0.41527872E+0001
 16400   -0.37207123E+0001   -0.34992160E+0001   -0.36063434E+0001   -0.29192327E+0001   -0.35932265E+0001   -0.34984255E+0001   -0.47434839E+0001   -0.41850580E+0001
 16500   -0.37227959E+0001   -0.34994954E+0001   -0.36010058E+0001   -0.29303549E+0001   -0.36004917E+0001   -0.35050346E+0001   -0.47361243E+0001   -0.41870645E+0001
 16600   -0.37284460E+0001   -0.34916769E+0001   -0.35894641E+0001   -0.29551569E+0001   -0.35897348E+0001   -0.35014318E+0001   -0.47468135E+0001   -0.42248441E+0001
 16700   -0.37344238E+0001   -0.34918089E+0001   -0.35728326E+0001   -0.29615943E+0001   -0.35945507E+0001   -0.35045415E+0001   -0.47675413E+0001   -0.42480974E+0001
 16800   -0.37369366E+0001   -0.34765821E+0001   -0.35574911E+0001   -0.29744717E+0001   -0.35848821E+0001   -0.34984001E+0001   -0.47952275E+0001   -0.42715020E+0001
 16900   -0.37533467E+0001   -0.34968274E+0001   -0.35739309E+0001   -0.30047706E+0001   -0.35772930E+0001   -0.35021946E+0001   -0.47843975E+0001   -0.43340128E+0001
 17000   -0.37659235E+0001   -0.34943074E+0001   -0.35679101E+0001   -0.30375482E+0001   -0.35630123E+0001   -0.34897903E+0001   -0.48220249E+0001   -0.43868713E+0001
 17100   -0.37744623E+0001   -0.34934072E+0001   -0.35600584E+0001   -0.30650657E+0001   -0.35569868E+0001   -0.34971773E+0001   -0.48399593E+0001   -0.44085814E+0001
 17200   -0.37862992E+0001   -0.34873961E+0001   -0.35596837E+0001   -0.30972067E+0001   -0.35587583E+0001   -0.34968783E+0001   -0.48480650E+0001   -0.44561065E+0001
 17300   -0.38097055E+0001   -0.35022807E+0001   -0.35548205E+0001   -0.31629315E+0001   -0.35460863E+0001   -0.35029698E+0001   -0.48709851E+0001   -0.45278647E+0001
 17400   -0.38161071E+0001   -0.34925273E+0001   -0.35348584E+0001   -0.31838140E+0001   -0.35459276E+0001   -0.35018215E+0001   -0.48888784E+0001   -0.45649222E+0001
 17500   -0.38223124E+0001   -0.34853371E+0001   -0.35230873E+0001   -0.31948412E+0001   -0.35472832E+0001   -0.34953469E+0001   -0.49082437E+0001   -0.46020472E+0001
 17600   -0.38433247E+0001   -0.34932541E+0001   -0.35261568E+0001   -0.32524777E+0001   -0.35253696E+0001   -0.34924999E+0001   -0.49362121E+0001   -0.46773026E+0001
 17700   -0.38533273E+0001   -0.34883207E+0001   -0.35185249E+0001   -0.32814508E+0001   -0.35363670E+0001   -0.35026776E+0001   -0.49299028E+0001   -0.47160472E+0001
 17800   -0.38728344E+0001   -0.34978432E+0001   -0.35194424E+0001   -0.33254741E+0001   -0.35288716E+0001   -0.35021585E+0001   -0.49450138E+0001   -0.47910370E+0001
 17900   -0.38775325E+0001   -0.34736694E+0001   -0.35136278E+0001   -0.33629328E+0001   -0.35241951E+0001   -0.34874170E+0001   -0.49272062E+0001   -0.48536795E+0001
 18000   -0.38967807E+0001   -0.34882214E+0001   -0.35056046E+0001   -0.34191226E+0001   -0.35244378E+0001   -0.34934575E+0001   -0.49558693E+0001   -0.48907515E+0001
 18100   -0.39087600E+0001   -0.34967787E+0001   -0.35140210E+0001   -0.34429615E+0001   -0.35173430E+0001   -0.35015280E+0001   -0.49645712E+0001   -0.49241167E+0001
 18200   -0.39232703E+0001   -0.34984109E+0001   -0.35145716E+0001   -0.34773481E+0001   -0.35172187E+0001   -0.35071797E+0001   -0.49728569E+0001   -0.49753063E+0001
 18300   -0.39296597E+0001   -0.35133359E+0001   -0.35188923E+0001   -0.34973348E+0001   -0.35207549E+0001   -0.35162205E+0001   -0.49686993E+0001   -0.49723800E+0001
 18400   -0.39307630E+0001   -0.35205874E+0001   -0.35243149E+0001   -0.35047265E+0001   -0.35137072E+0001   -0.35184141E+0001   -0.49690955E+0001   -0.49644951E+0001
 18500   -0.39343840E+0001   -0.35189208E+0001   -0.35199881E+0001   -0.35178776E+0001   -0.35197039E+0001   -0.35190394E+0001   -0.49740276E+0001   -0.49711303E+0001
 18600   -0.39344802E+0001   -0.35162917E+0001   -0.35186872E+0001   -0.35182313E+0001   -0.35141889E+0001   -0.35130457E+0001   -0.49846197E+0001   -0.49762972E+0001
 18700   -0.39339945E+0001   -0.35109221E+0001   -0.35129827E+0001   -0.35116229E+0001   -0.35176219E+0001   -0.35215471E+0001   -0.49794809E+0001   -0.49837840E+0001
 18800   -0.39350014E+0001   -0.35118445E+0001   -0.35129412E+0001   -0.35161564E+0001   -0.35097676E+0001   -0.35163936E+0001   -0.49861306E+0001   -0.49917759E+0001
 18900   -0.39359118E+0001   -0.35126739E+0001   -0.35155852E+0001   -0.35094177E+0001   -0.35097071E+0001   -0.35148996E+0001   -0.49908200E+0001   -0.49982793E+0001
 19000   -0.39361085E+0001   -0.35182315E+0001   -0.35113531E+0001   -0.35114029E+0001   -0.35140515E+0001   -0.35213480E+0001   -0.49893840E+0001   -0.49869889E+0001
 19100   -0.39356207E+0001   -0.35204363E+0001   -0.35125598E+0001   -0.35083191E+0001   -0.35175870E+0001   -0.35201833E+0001   -0.49866063E+0001   -0.49836533E+0001
 19200   -0.39342409E+0001   -0.35175800E+0001   -0.35163915E+0001   -0.35150106E+0001   -0.35114674E+0001   -0.35148964E+0001   -0.49841349E+0001   -0.49802055E+0001
 19300   -0.39308629E+0001   -0.35161402E+0001   -0.35180913E+0001   -0.35110936E+0001   -0.35108564E+0001   -0.35122754E+0001   -0.49711229E+0001   -0.49764606E+0001
 19400   -0.39309206E+0001   -0.35212447E+0001   -0.35114391E+0001   -0.35052145E+0001   -0.35014318E+0001   -0.35186247E+0001   -0.49711759E+0001   -0.49873136E+0001
 19500   -0.39337849E+0001   -0.35139462E+0001   -0.35067516E+0001   -0.35037590E+0001   -0.35149148E+0001   -0.35153546E+0001   -0.49956652E+0001   -0.49861029E+0001
 19600   -0.39345969E+0001   -0.35172945E+0001   -0.35085390E+0001   -0.35112216E+0001   -0.35119783E+0001   -0.35170323E+0001   -0.49900976E+0001   -0.49860151E+0001
 19700   -0.39342344E+0001   -0.35177981E+0001   -0.35180042E+0001   -0.35161201E+0001   -0.35202297E+0001   -0.35180699E+0001   -0.49799763E+0001   -0.49694426E+0001
 19800   -0.39375022E+0001   -0.35179465E+0001   -0.35124957E+0001   -0.35115389E+0001   -0.35158706E+0001   -0.35191901E+0001   -0.49919913E+0001   -0.49934821E+0001
 19900   -0.39377586E+0001   -0.35170849E+0001   -0.35117941E+0001   -0.35137635E+0001   -0.35160781E+0001   -0.35191720E+0001   -0.49971544E+0001   -0.49892634E+0001
 20000   -0.39360834E+0001   -0.35128975E+0001   -0.35096962E+0001   -0.35095372E+0001   -0.35106042E+0001   -0.35116105E+0001   -0.50021213E+0001   -0.49961169E+0001
 20100   -0.39351831E+0001   -0.35123808E+0001   -0.35047475E+0001   -0.35057756E+0001   -0.35137312E+0001   -0.35157426E+0001   -0.50003523E+0001   -0.49935520E+0001
 20200   -0.39344258E+0001   -0.35174829E+0001   -0.35101082E+0001   -0.35073868E+0001   -0.35131586E+0001   -0.35200590E+0001   -0.49820485E+0001   -0.49907363E+0001
 20300   -0.39349194E+0001   -0.35186251E+0001   -0.35126925E+0001   -0.35014967E+0001   -0.35067583E+0001   -0.35179796E+0001   -0.49953039E+0001   -0.49915799E+0001
 20400   -0.39353785E+0001   -0.35167451E+0001   -0.35145511E+0001   -0.35119784E+0001   -0.35139824E+0001   -0.35178295E+0001   -0.49823917E+0001   -0.49901714E+0001
 20500   -0.39354018E+0001   -0.35225758E+0001   -0.35199054E+0001   -0.35170148E+0001   -0.35126237E+0001   -0.35167757E+0001   -0.49743542E+0001   -0.49845631E+0001
 20600   -0.39362954E+0001   -0.35220720E+0001   -0.35196483E+0001   -0.35185802E+0001   -0.35194436E+0001   -0.35202602E+0001   -0.49733958E+0001   -0.49806679E+0001
 20700   -0.39358179E+0001   -0.35197956E+0001   -0.35201523E+0001   -0.35188521E+0001   -0.35129806E+0001   -0.35074718E+0001   -0.49821757E+0001   -0.49892974E+0001
 20800   -0.39342437E+0001   -0.35155842E+0001   -0.35135096E+0001   -0.35103379E+0001   -0.35058423E+0001   -0.35044059E+0001   -0.49958685E+0001   -0.49941576E+0001
 20900   -0.39298975E+0001   -0.35088781E+0001   -0.35140743E+0001   -0.35005890E+0001   -0.34972756E+0001   -0.34943251E+0001   -0.49940339E+0001   -0.50001067E+0001
 21000   -0.39353212E+0001   -0.35159539E+0001   -0.35150409E+0001   -0.35088954E+0001   -0.35109981E+0001   -0.35084648E+0001   -0.50008708E+0001   -0.49870245E+0001
 21100   -0.39318623E+0001   -0.35142150E+0001   -0.35161313E+0001   -0.35083569E+0001   -0.35008266E+0001   -0.34996291E+0001   -0.49957374E+0001   -0.49881396E+0001
 21200   -0.39285895E+0001   -0.35038019E+0001   -0.35154336E+0001   -0.35095567E+0001   -0.34952767E+0001   -0.34855551E+0001   -0.49934424E+0001   -0.49970600E+0001
 21300   -0.39324192E+0001   -0.35135186E+0001   -0.35235889E+0001   -0.35079849E+0001   -0.35063245E+0001   -0.35072693E+0001   -0.49858029E+0001   -0.49824452E+0001
 21400   -0.39327044E+0001   -0.35115330E+0001   -0.35204465E+0001   -0.35173392E+0001   -0.35020292E+0001   -0.35013503E+0001   -0.49935415E+0001   -0.49826909E+0001
 21500   -0.39342782E+0001   -0.35089855E+0001   -0.35150105E+0001   -0.35167026E+0001   -0.35110216E+0001   -0.35123894E+0001   -0.49928978E+0001   -0.49829403E+0001
 21600   -0.39349548E+0001   -0.35082689E+0001   -0.35140605E+0001   -0.35098048E+0001   -0.35100580E+0001   -0.35083412E+0001   -0.50037751E+0001   -0.49903751E+0001
 21700   -0.39349367E+0001   -0.35072191E+0001   -0.35145108E+0001   -0.35114357E+0001   -0.35117719E+0001   -0.35105028E+0001   -0.49915813E+0001   -0.49975354E+0001
 21800   -0.39364201E+0001   -0.35092353E+0001   -0.35115833E+0001   -0.35127503E+0001   -0.35135803E+0001   -0.35126555E+0001   -0.49923432E+0001   -0.50027931E+0001
 21900   -0.39348464E+0001   -0.35098473E+0001   -0.35043940E+0001   -0.35113335E+0001   -0.35101990E+0001   -0.35164777E+0001   -0.49969539E+0001   -0.49947196E+0001
 22000   -0.39325935E+0001   -0.35055112E+0001   -0.35070628E+0001   -0.35140965E+0001   -0.35181663E+0001   -0.35157645E+0001   -0.49755419E+0001   -0.49920112E+0001
 22100   -0.39342241E+0001   -0.35082608E+0001   -0.35032513E+0001   -0.35101912E+0001   -0.35121177E+0001   -0.35179399E+0001   -0.49999807E+0001   -0.49878275E+0001
 22200   -0.39349032E+0001   -0.35035777E+0001   -0.35051434E+0001   -0.35146092E+0001   -0.35120162E+0001   -0.35133306E+0001   -0.50025911E+0001   -0.49930543E+0001
 22300   -0.39319364E+0001   -0.35007035E+0001   -0.35051464E+0001   -0.35124420E+0001   -0.35112003E+0001   -0.35123199E+0001   -0.49950145E+0001   -0.49867280E+0001
 22400   -0.39332669E+0001   -0.35013016E+0001   -0.35037616E+0001   -0.35102788E+0001   -0.35111559E+0001   -0.35085899E+0001   -0.50037456E+0001   -0.49940352E+0001
 22500   -0.39323693E+0001   -0.35002515E+0001   -0.34979981E+0001   -0.35103553E+0001   -0.35087459E+0001   -0.35086538E+0001   -0.50032797E+0001   -0.49973006E+0001
 22600   -0.39342185E+0001   -0.35053512E+0001   -0.35096624E+0001   -0.35128664E+0001   -0.35079175E+0001   -0.35037234E+0001   -0.50023134E+0001   -0.49976953E+0001
 22700   -0.39376778E+0001   -0.35142341E+0001   -0.35187231E+0001   -0.35188898E+0001   -0.35165160E+0001   -0.35157581E+0001   -0.49926884E+0001   -0.49869347E+0001
 22800   -0.39343911E+0001   -0.35144533E+0001   -0.35177307E+0001   -0.35206781E+0001   -0.35116738E+0001   -0.35165612E+0001   -0.49842387E+0001   -0.49754022E+0001
 22900   -0.39354726E+0001   -0.35135300E+0001   -0.35148437E+0001   -0.35184611E+0001   -0.35163777E+0001   -0.35156362E+0001   -0.49856863E+0001   -0.49837732E+0001
 23000   -0.39363842E+0001   -0.35100616E+0001   -0.35155679E+0001   -0.35188290E+0001   -0.35221906E+0001   -0.35152306E+0001   -0.49908646E+0001   -0.49819447E+0001
 23100   -0.39346529E+0001   -0.35072058E+0001   -0.35157609E+0001   -0.35195541E+0001   -0.35186065E+0001   -0.35135547E+0001   -0.49801937E+0001   -0.49876943E+0001
 23200   -0.39295220E+0001   -0.35105558E+0001   -0.35084672E+0001   -0.35074126E+0001   -0.35122989E+0001   -0.35102972E+0001   -0.49805305E+0001   -0.49770918E+0001
 23300   -0.39279552E+0001   -0.35102772E+0001   -0.35046925E+0001   -0.34999601E+0001   -0.35166933E+0001   -0.35112726E+0001   -0.49826621E+0001   -0.49701289E+0001
 23400   -0.39328891E+0001   -0.35141986E+0001   -0.35222009E+0001   -0.35106195E+0001   -0.35147456E+0001   -0.35096597E+0001   -0.49800831E+0001   -0.49787167E+0001
 23500   -0.39344182E+0001   -0.35100742E+0001   -0.35169976E+0001   -0.35148382E+0001   -0.35131211E+0001   -0.35016153E+0001   -0.49863560E+0001   -0.49979249E+0001
 23600   -0.39323739E+0001   -0.35068024E+0001   -0.35134307E+0001   -0.35167058E+0001   -0.35165700E+0001   -0.35085135E+0001   -0.49699242E+0001   -0.49946703E+0001
 23700   -0.39343246E+0001   -0.35199517E+0001   -0.35201273E+0001   -0.35106593E+0001   -0.35069525E+0001   -0.35142597E+0001   -0.49832355E+0001   -0.49850866E+0001
 23800   -0.39368534E+0001   -0.35166550E+0001   -0.35201888E+0001   -0.35206844E+0001   -0.35161944E+0001   -0.35142141E+0001   -0.49799667E+0001   -0.49900706E+0001
 23900   -0.39354613E+0001   -0.35186281E+0001   -0.35224257E+0001   -0.35188702E+0001   -0.35105947E+0001   -0.35104608E+0001   -0.49801929E+0001   -0.49870568E+0001
 24000   -0.39363636E+0001   -0.35175814E+0001   -0.35169289E+0001   -0.35136505E+0001   -0.35078357E+0001   -0.35142369E+0001   -0.49891283E+0001   -0.49951832E+0001
 24100   -0.39386578E+0001   -0.35188393E+0001   -0.35177655E+0001   -0.35138690E+0001   -0.35152171E+0001   -0.35167783E+0001   -0.49964207E+0001   -0.49917145E+0001
 24200   -0.39365535E+0001   -0.35173492E+0001   -0.35157970E+0001   -0.35099628E+0001   -0.35133071E+0001   -0.35177847E+0001   -0.49906033E+0001   -0.49910708E+0001
 24300   -0.39372121E+0001   -0.35138445E+0001   -0.35148051E+0001   -0.35153816E+0001   -0.35152920E+0001   -0.35134884E+0001   -0.49982989E+0001   -0.49893740E+0001
 24400   -0.39349131E+0001   -0.35185393E+0001   -0.35146550E+0001   -0.35128879E+0001   -0.35131513E+0001   -0.35198148E+0001   -0.49892462E+0001   -0.49760971E+0001
 24500   -0.39341775E+0001   -0.35208600E+0001   -0.35162917E+0001   -0.35098896E+0001   -0.35094223E+0001   -0.35059784E+0001   -0.49879245E+0001   -0.49888758E+0001
 24600   -0.39340473E+0001   -0.35150467E+0001   -0.35172039E+0001   -0.35195114E+0001   -0.35191311E+0001   -0.35128635E+0001   -0.49760076E+0001   -0.49785668E+0001
 24700   -0.39352929E+0001   -0.35119769E+0001   -0.35191750E+0001   -0.35172116E+0001   -0.35144363E+0001   -0.35120672E+0001   -0.49807340E+0001   -0.49914490E+0001
 24800   -0.39360457E+0001   -0.35195928E+0001   -0.35133656E+0001   -0.35144326E+0001   -0.35140821E+0001   -0.35156776E+0001   -0.49830646E+0001   -0.49921049E+0001
 24900   -0.39337279E+0001   -0.35144681E+0001   -0.35154237E+0001   -0.35061228E+0001   -0.35087254E+0001   -0.35098121E+0001   -0.49802341E+0001   -0.50013092E+0001
 25000   -0.39345513E+0001   -0.35147453E+0001   -0.35094761E+0001   -0.35085447E+0001   -0.35125593E+0001   -0.35084353E+0001   -0.49868766E+0001   -0.50012220E+0001
 25100   -0.39335339E+0001   -0.35159877E+0001   -0.35132723E+0001   -0.35036831E+0001   -0.35070412E+0001   -0.35210990E+0001   -0.49882301E+0001   -0.49854239E+0001
 25200   -0.39314272E+0001   -0.35137384E+0001   -0.35133585E+0001   -0.34994315E+0001   -0.35060242E+0001   -0.35176243E+0001   -0.49927274E+0001   -0.49770861E+0001
 25300   -0.39287405E+0001   -0.35065009E+0001   -0.35124952E+0001   -0.35096210E+0001   -0.35042144E+0001   -0.35054020E+0001   -0.49964429E+0001   -0.49665069E+0001
 25400   -0.39330244E+0001   -0.35097753E+0001   -0.35154806E+0001   -0.35057868E+0001   -0.35094362E+0001   -0.35101885E+0001   -0.49842523E+0001   -0.49962514E+0001
 25500   -0.39335885E+0001   -0.35115453E+0001   -0.35155842E+0001   -0.35035847E+0001   -0.35094172E+0001   -0.35111278E+0001   -0.49934435E+0001   -0.49904170E+0001
 25600   -0.39343497E+0001   -0.35174033E+0001   -0.35235774E+0001   -0.35082664E+0001   -0.35132216E+0001   -0.35155213E+0001   -0.49810527E+0001   -0.49814051E+0001
 25700   -0.39340065E+0001   -0.35104783E+0001   -0.35210638E+0001   -0.35113970E+0001   -0.35155999E+0001   -0.35164916E+0001   -0.49835872E+0001   -0.49794276E+0001
 25800   -0.39334060E+0001   -0.35118100E+0001   -0.35165183E+0001   -0.35125598E+0001   -0.35084105E+0001   -0.35104694E+0001   -0.49874705E+0001   -0.49866037E+0001
 25900   -0.39335946E+0001   -0.35120242E+0001   -0.35178261E+0001   -0.35145158E+0001   -0.35091096E+0001   -0.35118198E+0001   -0.49810944E+0001   -0.49887723E+0001
 26000   -0.39374456E+0001   -0.35117535E+0001   -0.35162225E+0001   -0.35149047E+0001   -0.35146284E+0001   -0.35148285E+0001   -0.49965730E+0001   -0.49932085E+0001
 26100   -0.39286036E+0001   -0.34949183E+0001   -0.35133049E+0001   -0.35076919E+0001   -0.34994704E+0001   -0.34979648E+0001   -0.49939836E+0001   -0.49928911E+0001
 26200   -0.39387249E+0001   -0.35188977E+0001   -0.35189081E+0001   -0.35204115E+0001   -0.35169653E+0001   -0.35183629E+0001   -0.49862364E+0001   -0.49912926E+0001
 26300   -0.39373640E+0001   -0.35220687E+0001   -0.35208568E+0001   -0.35159041E+0001   -0.35143751E+0001   -0.35188140E+0001   -0.49885157E+0001   -0.49810134E+0001
 26400   -0.39347922E+0001   -0.35085541E+0001   -0.35157994E+0001   -0.35205193E+0001   -0.35149590E+0001   -0.35131124E+0001   -0.49908138E+0001   -0.49797872E+0001
 26500   -0.39364439E+0001   -0.35157068E+0001   -0.35122814E+0001   -0.35125355E+0001   -0.35167656E+0001   -0.35180296E+0001   -0.49893905E+0001   -0.49903979E+0001
 26600   -0.39356348E+0001   -0.35072660E+0001   -0.35126300E+0001   -0.35125420E+0001   -0.35178630E+0001   -0.35103420E+0001   -0.49900624E+0001   -0.49987379E+0001
 26700   -0.39358317E+0001   -0.35130723E+0001   -0.35128848E+0001   -0.35112454E+0001   -0.35131199E+0001   -0.35161743E+0001   -0.49914561E+0001   -0.49928688E+0001
 26800   -0.39329913E+0001   -0.35126982E+0001   -0.35172137E+0001   -0.35129568E+0001   -0.35155435E+0001   -0.35083158E+0001   -0.49754347E+0001   -0.49887763E+0001
 26900   -0.39363050E+0001   -0.35194266E+0001   -0.35079648E+0001   -0.35115338E+0001   -0.35191280E+0001   -0.35181960E+0001   -0.49945294E+0001   -0.49833566E+0001
 27000   -0.39323117E+0001   -0.35060419E+0001   -0.35067204E+0001   -0.35151100E+0001   -0.35164246E+0001   -0.35108406E+0001   -0.49958991E+0001   -0.49751449E+0001
 27100   -0.39362624E+0001   -0.35148064E+0001   -0.35163823E+0001   -0.35166121E+0001   -0.35148369E+0001   -0.35180056E+0001   -0.49891934E+0001   -0.49839998E+0001
 27200   -0.39355323E+0001   -0.35173738E+0001   -0.35188694E+0001   -0.35187598E+0001   -0.35152211E+0001   -0.35208679E+0001   -0.49799555E+0001   -0.49776787E+0001
 27300   -0.39363015E+0001   -0.35161242E+0001   -0.35152118E+0001   -0.35165167E+0001   -0.35096051E+0001   -0.35126043E+0001   -0.49948343E+0001   -0.49892141E+0001
 27400   -0.39323204E+0001   -0.35167614E+0001   -0.35105623E+0001   -0.35001953E+0001   -0.35008423E+0001   -0.35097254E+0001   -0.50048534E+0001   -0.49833029E+0001
 27500   -0.39279857E+0001   -0.35120556E+0001   -0.35042202E+0001   -0.34916779E+0001   -0.35056309E+0001   -0.35047026E+0001   -0.50020633E+0001   -0.49755496E+0001
 27600   -0.39320133E+0001   -0.35177631E+0001   -0.35115032E+0001   -0.34969488E+0001   -0.35107996E+0001   -0.35218853E+0001   -0.49922060E+0001   -0.49729875E+0001
 27700   -0.39355681E+0001   -0.35101493E+0001   -0.35122200E+0001   -0.35179605E+0001   -0.35179707E+0001   -0.35155868E+0001   -0.49852271E+0001   -0.49898624E+0001
 27800   -0.39338301E+0001   -0.35106721E+0001   -0.35197249E+0001   -0.35148197E+0001   -0.35126003E+0001   -0.35139474E+0001   -0.49795920E+0001   -0.49854543E+0001
 27900   -0.39328241E+0001   -0.35137809E+0001   -0.35184857E+0001   -0.35091649E+0001   -0.35037269E+0001   -0.35097628E+0001   -0.49789089E+0001   -0.49959389E+0001
 28000   -0.39345167E+0001   -0.35166134E+0001   -0.35093799E+0001   -0.35178820E+0001   -0.35211459E+0001   -0.35175763E+0001   -0.49666162E+0001   -0.49924030E+0001
 28100   -0.39365495E+0001   -0.35145568E+0001   -0.35142480E+0001   -0.35136354E+0001   -0.35176239E+0001   -0.35157306E+0001   -0.49863138E+0001   -0.49937379E+0001
 28200   -0.39364989E+0001   -0.35138600E+0001   -0.35148670E+0001   -0.35146712E+0001   -0.35200344E+0001   -0.35182841E+0001   -0.49826426E+0001   -0.49911331E+0001
 28300   -0.39352462E+0001   -0.35221548E+0001   -0.35139092E+0001   -0.35116647E+0001   -0.35162045E+0001   -0.35191835E+0001   -0.49749954E+0001   -0.49886116E+0001
 28400   -0.39354199E+0001   -0.35164808E+0001   -0.35144227E+0001   -0.35121494E+0001   -0.35129618E+0001   -0.35187852E+0001   -0.49812658E+0001   -0.49918737E+0001
 28500   -0.39329400E+0001   -0.35131732E+0001   -0.35090457E+0001   -0.35109908E+0001   -0.35204151E+0001   -0.35165028E+0001   -0.49851691E+0001   -0.49752832E+0001
