     1   -0.39239679E+0001   -0.39244746E+0001    0.16955538E+0001     12002
    50   -0.39240110E+0001   -0.39288154E+0001    0.13189948E+0001     12298
   100   -0.39263519E+0001   -0.39311913E+0001    0.11009333E+0001     12698
   150   -0.39288086E+0001   -0.39327246E+0001    0.99299424E+0000     13395
   200   -0.39305536E+0001   -0.39341775E+0001    0.90329744E+0000     13982
   250   -0.39319320E+0001   -0.39352172E+0001    0.85371643E+0000     14416
   300   -0.39328778E+0001   -0.39360346E+0001    0.78505024E+0000     14657
   350   -0.39337833E+0001   -0.39372821E+0001    0.66085007E+0000     15020
   400   -0.39350418E+0001   -0.39378497E+0001    0.56630347E+0000     15237
     1   -0.39239609E+0001   -0.39244202E+0001    0.16955538E+0001     11997
    50   -0.39235684E+0001   -0.39282833E+0001    0.13221473E+0001     12167
   100   -0.39257447E+0001   -0.39304552E+0001    0.11912082E+0001     12332
   150   -0.39277381E+0001   -0.39319758E+0001    0.10226403E+0001     12518
   200   -0.39295384E+0001   -0.39339516E+0001    0.94990368E+0000     13164
   250   -0.39311426E+0001   -0.39347873E+0001    0.84640675E+0000     13263
   300   -0.39325576E+0001   -0.39357102E+0001    0.79558807E+0000     13618
   350   -0.39335851E+0001   -0.39362686E+0001    0.74895632E+0000     14080
   400   -0.39343987E+0001   -0.39370036E+0001    0.64358655E+0000     14593
     1   -0.39239584E+0001   -0.39245173E+0001    0.16955538E+0001     12007
    50   -0.39233150E+0001   -0.39285963E+0001    0.13341567E+0001     12345
   100   -0.39253582E+0001   -0.39303599E+0001    0.12476839E+0001     13164
   150   -0.39274478E+0001   -0.39323357E+0001    0.10197617E+0001     13887
   200   -0.39299866E+0001   -0.39336089E+0001    0.95136619E+0000     14341
   250   -0.39313417E+0001   -0.39351871E+0001    0.89031148E+0000     14866
   300   -0.39322893E+0001   -0.39358769E+0001    0.77963331E+0000     15273
   350   -0.39332494E+0001   -0.39358574E+0001    0.74041917E+0000     15550
   400   -0.39338865E+0001   -0.39365000E+0001    0.71144390E+0000     15875
     1   -0.39239469E+0001   -0.39244683E+0001    0.16955538E+0001     12004
    50   -0.39229269E+0001   -0.39278072E+0001    0.13610801E+0001     12269
   100   -0.39247123E+0001   -0.39302001E+0001    0.12020253E+0001     12879
   150   -0.39268585E+0001   -0.39324816E+0001    0.10040616E+0001     13250
   200   -0.39301099E+0001   -0.39342879E+0001    0.89923687E+0000     13672
   250   -0.39320165E+0001   -0.39352796E+0001    0.78352368E+0000     13935
   300   -0.39330721E+0001   -0.39360060E+0001    0.70182033E+0000     14256
   350   -0.39341006E+0001   -0.39368705E+0001    0.69388893E+0000     14790
   400   -0.39349776E+0001   -0.39373918E+0001    0.61621496E+0000     15144
     1   -0.39239462E+0001   -0.39245087E+0001    0.16955538E+0001     12008
    50   -0.39226834E+0001   -0.39283058E+0001    0.13952048E+0001     12117
   100   -0.39247109E+0001   -0.39302075E+0001    0.12921586E+0001     12442
   150   -0.39262977E+0001   -0.39308418E+0001    0.12001336E+0001     12857
   200   -0.39277735E+0001   -0.39327396E+0001    0.99784933E+0000     13377
   250   -0.39302315E+0001   -0.39339986E+0001    0.92848458E+0000     13649
   300   -0.39315938E+0001   -0.39347617E+0001    0.85992678E+0000     14468
   350   -0.39322982E+0001   -0.39352280E+0001    0.78965752E+0000     14537
   400   -0.39327508E+0001   -0.39358585E+0001    0.77956745E+0000     14640
     1   -0.39239415E+0001   -0.39244713E+0001    0.16955538E+0001     11994
    50   -0.39224217E+0001   -0.39280410E+0001    0.14028398E+0001     12216
   100   -0.39237317E+0001   -0.39285263E+0001    0.13153722E+0001     12771
   150   -0.39249322E+0001   -0.39293318E+0001    0.12502074E+0001     13216
   200   -0.39263949E+0001   -0.39307694E+0001    0.11638190E+0001     13660
   250   -0.39278798E+0001   -0.39321655E+0001    0.11069146E+0001     14212
   300   -0.39289431E+0001   -0.39324305E+0001    0.99687284E+0000     14371
   350   -0.39294986E+0001   -0.39327619E+0001    0.98905841E+0000     15095
   400   -0.39298264E+0001   -0.39332875E+0001    0.96084831E+0000     15321
     1   -0.39239353E+0001   -0.39244451E+0001    0.16955538E+0001     12001
    50   -0.39221911E+0001   -0.39287431E+0001    0.13242750E+0001     12200
   100   -0.39250614E+0001   -0.39302004E+0001    0.12295799E+0001     12763
   150   -0.39266081E+0001   -0.39313239E+0001    0.11479583E+0001     13089
   200   -0.39279981E+0001   -0.39321235E+0001    0.10864987E+0001     13566
   250   -0.39294087E+0001   -0.39331552E+0001    0.97734529E+0000     14138
   300   -0.39302979E+0001   -0.39339783E+0001    0.95832618E+0000     14695
   350   -0.39309862E+0001   -0.39348255E+0001    0.92528264E+0000     14982
   400   -0.39315880E+0001   -0.39346563E+0001    0.86591938E+0000     15404
     1   -0.39239360E+0001   -0.39244500E+0001    0.16955538E+0001     11999
    50   -0.39218920E+0001   -0.39271430E+0001    0.14418246E+0001     12031
   100   -0.39227687E+0001   -0.39282095E+0001    0.13396064E+0001     12321
   150   -0.39238833E+0001   -0.39288517E+0001    0.12357900E+0001     12762
   200   -0.39244338E+0001   -0.39286906E+0001    0.11462085E+0001     13217
   250   -0.39248530E+0001   -0.39295563E+0001    0.11477346E+0001     13874
   300   -0.39254384E+0001   -0.39310283E+0001    0.10532610E+0001     14500
   350   -0.39257106E+0001   -0.39301568E+0001    0.10112934E+0001     14798
   400   -0.39269514E+0001   -0.39311864E+0001    0.93067459E+0000     15023
     1   -0.39239246E+0001   -0.39244723E+0001    0.16955538E+0001     12003
    50   -0.39217061E+0001   -0.39275835E+0001    0.14232655E+0001     12028
   100   -0.39230048E+0001   -0.39280979E+0001    0.13796686E+0001     12611
   150   -0.39232433E+0001   -0.39282152E+0001    0.13511015E+0001     12953
   200   -0.39235823E+0001   -0.39290733E+0001    0.13285264E+0001     13537
   250   -0.39236349E+0001   -0.39287530E+0001    0.12905045E+0001     13662
   300   -0.39237144E+0001   -0.39292885E+0001    0.12952710E+0001     14329
   350   -0.39238855E+0001   -0.39286816E+0001    0.12761907E+0001     14890
   400   -0.39239108E+0001   -0.39296615E+0001    0.12365204E+0001     15246
     1   -0.39239242E+0001   -0.39244987E+0001    0.16955538E+0001     11990
    50   -0.39214699E+0001   -0.39269056E+0001    0.14641346E+0001     12096
   100   -0.39224625E+0001   -0.39277215E+0001    0.13722611E+0001     12631
   150   -0.39228162E+0001   -0.39281337E+0001    0.13229790E+0001     13210
   200   -0.39230628E+0001   -0.39284636E+0001    0.12303813E+0001     13542
   250   -0.39231533E+0001   -0.39288983E+0001    0.12126742E+0001     14172
   300   -0.39232392E+0001   -0.39284393E+0001    0.12319745E+0001     14940
   350   -0.39235798E+0001   -0.39295688E+0001    0.11841136E+0001     15328
   400   -0.39240024E+0001   -0.39305658E+0001    0.11454181E+0001     15529
     1   -0.39239199E+0001   -0.39244893E+0001    0.16955538E+0001     11995
    50   -0.39213076E+0001   -0.39268539E+0001    0.14757957E+0001     12137
   100   -0.39220477E+0001   -0.39281618E+0001    0.13552945E+0001     12657
   150   -0.39228469E+0001   -0.39285093E+0001    0.13449096E+0001     13037
   200   -0.39232314E+0001   -0.39283251E+0001    0.12710065E+0001     13515
   250   -0.39232780E+0001   -0.39283005E+0001    0.12535781E+0001     13997
   300   -0.39240557E+0001   -0.39286149E+0001    0.12389819E+0001     14445
   350   -0.39247543E+0001   -0.39303021E+0001    0.11985847E+0001     14977
   400   -0.39251838E+0001   -0.39307884E+0001    0.11669376E+0001     15423
     1   -0.39239214E+0001   -0.39245014E+0001    0.16955538E+0001     12003
    50   -0.39211239E+0001   -0.39267517E+0001    0.14649312E+0001     12435
   100   -0.39219025E+0001   -0.39275735E+0001    0.13378056E+0001     12959
   150   -0.39235043E+0001   -0.39283484E+0001    0.12747119E+0001     13548
   200   -0.39240859E+0001   -0.39292924E+0001    0.12449312E+0001     14070
   250   -0.39245172E+0001   -0.39298038E+0001    0.12151556E+0001     14803
   300   -0.39247939E+0001   -0.39305916E+0001    0.11741141E+0001     15448
   350   -0.39256275E+0001   -0.39299382E+0001    0.11531823E+0001     16193
   400   -0.39260150E+0001   -0.39297273E+0001    0.11565418E+0001     16402
     1   -0.39239198E+0001   -0.39244301E+0001    0.16955538E+0001     12013
    50   -0.39209531E+0001   -0.39266557E+0001    0.14660578E+0001     12262
   100   -0.39218156E+0001   -0.39270842E+0001    0.13767473E+0001     12832
   150   -0.39221532E+0001   -0.39277259E+0001    0.13493997E+0001     13526
   200   -0.39224684E+0001   -0.39288115E+0001    0.12602721E+0001     14269
   250   -0.39235627E+0001   -0.39291057E+0001    0.11887126E+0001     14606
   300   -0.39243807E+0001   -0.39298735E+0001    0.12243111E+0001     15117
   350   -0.39247291E+0001   -0.39297001E+0001    0.11957800E+0001     15821
   400   -0.39248087E+0001   -0.39302180E+0001    0.11408457E+0001     16030
     1   -0.39239156E+0001   -0.39244890E+0001    0.16955538E+0001     12005
    50   -0.39207574E+0001   -0.39270107E+0001    0.14510775E+0001     12334
   100   -0.39211326E+0001   -0.39276314E+0001    0.14083139E+0001     12930
   150   -0.39221610E+0001   -0.39281212E+0001    0.13360138E+0001     13588
   200   -0.39221577E+0001   -0.39282081E+0001    0.12796524E+0001     13960
   250   -0.39233348E+0001   -0.39288073E+0001    0.13078236E+0001     14676
   300   -0.39237402E+0001   -0.39288830E+0001    0.12323029E+0001     15245
   350   -0.39240865E+0001   -0.39286766E+0001    0.12067315E+0001     15677
   400   -0.39243600E+0001   -0.39293112E+0001    0.11924805E+0001     16056
     1   -0.39239163E+0001   -0.39244474E+0001    0.16955538E+0001     11998
    50   -0.39205688E+0001   -0.39259785E+0001    0.14918020E+0001     11908
   100   -0.39203476E+0001   -0.39256674E+0001    0.14989530E+0001     12748
   150   -0.39206563E+0001   -0.39272550E+0001    0.13513597E+0001     13573
   200   -0.39218672E+0001   -0.39274821E+0001    0.13737406E+0001     14023
   250   -0.39222643E+0001   -0.39273859E+0001    0.13385879E+0001     14699
   300   -0.39222444E+0001   -0.39281170E+0001    0.12900443E+0001     15579
   350   -0.39220649E+0001   -0.39281350E+0001    0.13035406E+0001     16015
   400   -0.39224156E+0001   -0.39289155E+0001    0.13123272E+0001     16742
   450   -0.39231593E+0001   -0.39301195E+0001    0.12670583E+0001     17313
     1   -0.39239092E+0001   -0.39245551E+0001    0.16955538E+0001     12004
    50   -0.39204281E+0001   -0.39275211E+0001    0.14701032E+0001     12241
   100   -0.39212556E+0001   -0.39285859E+0001    0.13940988E+0001     13056
   150   -0.39229756E+0001   -0.39296489E+0001    0.12332324E+0001     13799
   200   -0.39258029E+0001   -0.39301337E+0001    0.11878607E+0001     14442
   250   -0.39259601E+0001   -0.39312865E+0001    0.10704036E+0001     14994
   300   -0.39269004E+0001   -0.39316886E+0001    0.10788491E+0001     15754
   350   -0.39276043E+0001   -0.39314325E+0001    0.10981035E+0001     16176
   400   -0.39277309E+0001   -0.39324389E+0001    0.10252128E+0001     16437
     1   -0.39239064E+0001   -0.39244868E+0001    0.16955538E+0001     11994
    50   -0.39204262E+0001   -0.39268913E+0001    0.14483013E+0001     12368
   100   -0.39215577E+0001   -0.39287995E+0001    0.13742318E+0001     12846
   150   -0.39223696E+0001   -0.39299672E+0001    0.13243181E+0001     13503
   200   -0.39227659E+0001   -0.39320259E+0001    0.11069857E+0001     14158
   250   -0.39285592E+0001   -0.39331022E+0001    0.99374413E+0000     14832
   300   -0.39297837E+0001   -0.39333406E+0001    0.97845903E+0000     15227
   350   -0.39298126E+0001   -0.39337502E+0001    0.88657277E+0000     15661
   400   -0.39298527E+0001   -0.39343793E+0001    0.84413809E+0000     15794
     1   -0.39239111E+0001   -0.39244661E+0001    0.16955538E+0001     11999
    50   -0.39203067E+0001   -0.39267403E+0001    0.15031720E+0001     12179
   100   -0.39197982E+0001   -0.39260149E+0001    0.14987252E+0001     12774
   150   -0.39195668E+0001   -0.39270994E+0001    0.14456859E+0001     13484
   200   -0.39209006E+0001   -0.39273141E+0001    0.13856244E+0001     14233
   250   -0.39214249E+0001   -0.39273622E+0001    0.14102372E+0001     15074
   300   -0.39217048E+0001   -0.39275121E+0001    0.14601256E+0001     15580
   350   -0.39213951E+0001   -0.39268954E+0001    0.13674196E+0001     16181
   400   -0.39216214E+0001   -0.39270182E+0001    0.13274403E+0001     17112
   450   -0.39224478E+0001   -0.39272753E+0001    0.12724655E+0001     17523
   500   -0.39223707E+0001   -0.39294314E+0001    0.11969191E+0001     18161
   550   -0.39226221E+0001   -0.39294642E+0001    0.11596605E+0001     19020
   600   -0.39233837E+0001   -0.39291060E+0001    0.11456873E+0001     19764
   650   -0.39234630E+0001   -0.39294019E+0001    0.11337781E+0001     20349
   700   -0.39231904E+0001   -0.39290198E+0001    0.11166383E+0001     21320
   750   -0.39235549E+0001   -0.39291907E+0001    0.11027651E+0001     22019
     1   -0.39239067E+0001   -0.39244817E+0001    0.16955538E+0001     12003
    50   -0.39202251E+0001   -0.39258703E+0001    0.15104278E+0001     12305
   100   -0.39196916E+0001   -0.39261882E+0001    0.14466297E+0001     12640
   150   -0.39203048E+0001   -0.39260390E+0001    0.14489639E+0001     13047
   200   -0.39206386E+0001   -0.39259383E+0001    0.14032173E+0001     13931
   250   -0.39201135E+0001   -0.39260085E+0001    0.13913433E+0001     14553
   300   -0.39202063E+0001   -0.39257505E+0001    0.13455730E+0001     15426
   350   -0.39205653E+0001   -0.39259811E+0001    0.13552892E+0001     15786
   400   -0.39191952E+0001   -0.39251677E+0001    0.13629514E+0001     16508
   450   -0.39184197E+0001   -0.39252140E+0001    0.14250310E+0001     17077
   500   -0.39181015E+0001   -0.39247445E+0001    0.13642004E+0001     17591
   550   -0.39182510E+0001   -0.39250659E+0001    0.13421946E+0001     18073
   600   -0.39178753E+0001   -0.39258886E+0001    0.13046455E+0001     18755
   650   -0.39187002E+0001   -0.39271957E+0001    0.12168553E+0001     19412
   700   -0.39199272E+0001   -0.39265428E+0001    0.11862838E+0001     20698
   750   -0.39200250E+0001   -0.39273273E+0001    0.11708826E+0001     21258
   800   -0.39200454E+0001   -0.39268143E+0001    0.11779375E+0001     21805
   850   -0.39203446E+0001   -0.39260105E+0001    0.12044035E+0001     21937
   900   -0.39197898E+0001   -0.39256831E+0001    0.12100200E+0001     22276
   950   -0.39188446E+0001   -0.39259090E+0001    0.11489086E+0001     22749
  1000   -0.39191526E+0001   -0.39263107E+0001    0.12044135E+0001     23315
  1050   -0.39195526E+0001   -0.39261013E+0001    0.11531296E+0001     24091
  1100   -0.39204705E+0001   -0.39268759E+0001    0.11394366E+0001     25235
  1150   -0.39209881E+0001   -0.39257107E+0001    0.11443390E+0001     25563
  1200   -0.39204579E+0001   -0.39256896E+0001    0.11457939E+0001     26594
  1250   -0.39194838E+0001   -0.39255108E+0001    0.11627159E+0001     26886
  1300   -0.39188387E+0001   -0.39253119E+0001    0.11848954E+0001     27478
  1350   -0.39178819E+0001   -0.39250211E+0001    0.11873285E+0001     28111
  1400   -0.39171930E+0001   -0.39240909E+0001    0.11691940E+0001     28860
  1450   -0.39168716E+0001   -0.39227347E+0001    0.11788500E+0001     29604
  1500   -0.39163621E+0001   -0.39224073E+0001    0.11941551E+0001     30188
  1550   -0.39160264E+0001   -0.39220938E+0001    0.12085599E+0001     31237
  1600   -0.39158237E+0001   -0.39216006E+0001    0.12022520E+0001     32195
  1601   -0.39159394E+0001   -0.39159394E+0001    0.12743570E+0001     12000
  1650   -0.39182554E+0001   -0.39224658E+0001    0.11529177E+0001     11994
  1700   -0.39164155E+0001   -0.39221979E+0001    0.11878223E+0001     12051
  1750   -0.39150074E+0001   -0.39215913E+0001    0.12044459E+0001     12137
  1800   -0.39139990E+0001   -0.39224892E+0001    0.12417683E+0001     12570
  1850   -0.39135511E+0001   -0.39209068E+0001    0.12363849E+0001     13002
  1900   -0.39132166E+0001   -0.39205580E+0001    0.12661316E+0001     13204
  1950   -0.39120261E+0001   -0.39189953E+0001    0.12972892E+0001     13720
  2000   -0.39104305E+0001   -0.39197218E+0001    0.13177000E+0001     14305
  2050   -0.39090764E+0001   -0.39170441E+0001    0.13566526E+0001     14805
  2100   -0.39077750E+0001   -0.39154145E+0001    0.13828348E+0001     15366
  2150   -0.39060426E+0001   -0.39134437E+0001    0.14157014E+0001     15750
  2200   -0.39040830E+0001   -0.39145930E+0001    0.14119967E+0001     16243
  2250   -0.39022917E+0001   -0.39137498E+0001    0.14339095E+0001     16684
  2300   -0.39008802E+0001   -0.39105681E+0001    0.14412904E+0001     17010
  2350   -0.38996477E+0001   -0.39076398E+0001    0.14571414E+0001     17354
  2400   -0.38981278E+0001   -0.39061404E+0001    0.14981732E+0001     17943
  2450   -0.38959354E+0001   -0.39058211E+0001    0.15341730E+0001     18530
  2500   -0.38937827E+0001   -0.39037964E+0001    0.15455799E+0001     18995
  2550   -0.38915195E+0001   -0.39024266E+0001    0.15620026E+0001     19545
  2600   -0.38891408E+0001   -0.39011985E+0001    0.15790828E+0001     20048
  2650   -0.38863748E+0001   -0.38986248E+0001    0.15843887E+0001     20681
  2700   -0.38825978E+0001   -0.38970896E+0001    0.16170452E+0001     21103
  2750   -0.38787188E+0001   -0.38914543E+0001    0.16165562E+0001     21710
  2800   -0.38747164E+0001   -0.38867764E+0001    0.16342685E+0001     22447
  2850   -0.38705229E+0001   -0.38836150E+0001    0.16336472E+0001     22852
  2900   -0.38662660E+0001   -0.38800350E+0001    0.16482727E+0001     23481
  2950   -0.38612969E+0001   -0.38782227E+0001    0.16415715E+0001     24387
  3000   -0.38558562E+0001   -0.38751484E+0001    0.16415121E+0001     24916
  3050   -0.38504636E+0001   -0.38707442E+0001    0.16297264E+0001     25980
  3100   -0.38448137E+0001   -0.38658096E+0001    0.16271475E+0001     26819
  3150   -0.38393336E+0001   -0.38601450E+0001    0.16084832E+0001     27697
  3200   -0.38341652E+0001   -0.38542251E+0001    0.16027259E+0001     28284
  3201   -0.38343419E+0001   -0.38343419E+0001    0.15797711E+0001     12000
  3250   -0.38379454E+0001   -0.38437087E+0001    0.15895194E+0001     12037
  3300   -0.38339057E+0001   -0.38412602E+0001    0.15898584E+0001     12248
  3350   -0.38297046E+0001   -0.38375347E+0001    0.15880193E+0001     12651
  3400   -0.38255271E+0001   -0.38345450E+0001    0.15683257E+0001     12943
  3450   -0.38212693E+0001   -0.38310358E+0001    0.15369449E+0001     13226
  3500   -0.38168650E+0001   -0.38312017E+0001    0.15448125E+0001     13458
  3550   -0.38123763E+0001   -0.38278994E+0001    0.15314118E+0001     13745
  3600   -0.38081217E+0001   -0.38234903E+0001    0.15145194E+0001     13977
  3650   -0.38039028E+0001   -0.38162279E+0001    0.14838168E+0001     14292
  3700   -0.37999938E+0001   -0.38111996E+0001    0.14802562E+0001     14756
  3750   -0.37962570E+0001   -0.38073071E+0001    0.14460963E+0001     15282
  3800   -0.37925047E+0001   -0.38040118E+0001    0.14307459E+0001     15856
  3850   -0.37888162E+0001   -0.37999271E+0001    0.13949777E+0001     16208
  3900   -0.37849404E+0001   -0.37964317E+0001    0.13730782E+0001     16729
  3950   -0.37807814E+0001   -0.37904910E+0001    0.13627653E+0001     17334
  4000   -0.37767915E+0001   -0.37873042E+0001    0.13398041E+0001     17737
  4050   -0.37733865E+0001   -0.37844977E+0001    0.13103547E+0001     17930
  4100   -0.37701089E+0001   -0.37833207E+0001    0.12653352E+0001     18178
  4150   -0.37669038E+0001   -0.37790023E+0001    0.12640237E+0001     18852
  4200   -0.37639473E+0001   -0.37729866E+0001    0.12534539E+0001     19401
  4250   -0.37613011E+0001   -0.37718124E+0001    0.12494283E+0001     19975
  4300   -0.37588461E+0001   -0.37716794E+0001    0.12051849E+0001     20402
  4350   -0.37562071E+0001   -0.37680242E+0001    0.11940913E+0001     20595
  4400   -0.37536448E+0001   -0.37649858E+0001    0.11640910E+0001     21313
  4450   -0.37510541E+0001   -0.37590175E+0001    0.11507833E+0001     21543
  4500   -0.37482383E+0001   -0.37561618E+0001    0.11280790E+0001     21987
  4550   -0.37455607E+0001   -0.37531630E+0001    0.11199508E+0001     22403
  4600   -0.37430356E+0001   -0.37515355E+0001    0.10743087E+0001     23077
  4650   -0.37408113E+0001   -0.37485665E+0001    0.10503432E+0001     23474
  4700   -0.37386129E+0001   -0.37480461E+0001    0.10434561E+0001     23921
  4750   -0.37364280E+0001   -0.37448598E+0001    0.10417575E+0001     24232
  4800   -0.37341755E+0001   -0.37417391E+0001    0.10280829E+0001     25168
  4801   -0.37342436E+0001   -0.37342436E+0001    0.98185562E+0000     12000
  4850   -0.37356788E+0001   -0.37389132E+0001    0.99303176E+0000     11954
  4900   -0.37341591E+0001   -0.37385197E+0001    0.10023244E+0001     11925
  4950   -0.37325681E+0001   -0.37372827E+0001    0.97745561E+0000     11971
  5000   -0.37308476E+0001   -0.37365650E+0001    0.97762197E+0000     12159
  5050   -0.37292601E+0001   -0.37362820E+0001    0.93212494E+0000     12470
  5100   -0.37277321E+0001   -0.37343995E+0001    0.93005080E+0000     12590
  5150   -0.37261843E+0001   -0.37339848E+0001    0.91670041E+0000     12699
  5200   -0.37246066E+0001   -0.37322550E+0001    0.92512068E+0000     13058
  5250   -0.37231846E+0001   -0.37300434E+0001    0.88662412E+0000     13431
  5300   -0.37218430E+0001   -0.37288555E+0001    0.85203062E+0000     13496
  5350   -0.37204932E+0001   -0.37276581E+0001    0.87077188E+0000     13594
  5400   -0.37191858E+0001   -0.37266022E+0001    0.84103002E+0000     13826
  5450   -0.37178439E+0001   -0.37239269E+0001    0.80818087E+0000     14072
  5500   -0.37163655E+0001   -0.37222735E+0001    0.82572578E+0000     14478
  5550   -0.37150764E+0001   -0.37213019E+0001    0.80270251E+0000     14828
  5600   -0.37138267E+0001   -0.37206037E+0001    0.78368972E+0000     14946
  5650   -0.37127858E+0001   -0.37201477E+0001    0.77339197E+0000     15365
  5700   -0.37117297E+0001   -0.37179620E+0001    0.73088448E+0000     15865
  5750   -0.37107070E+0001   -0.37169865E+0001    0.74618271E+0000     16035
  5800   -0.37094445E+0001   -0.37164039E+0001    0.70306235E+0000     16794
  5850   -0.37080346E+0001   -0.37152421E+0001    0.69180271E+0000     17246
  5900   -0.37067392E+0001   -0.37137875E+0001    0.69041860E+0000     17457
  5950   -0.37054285E+0001   -0.37131844E+0001    0.66996978E+0000     17664
  6000   -0.37042851E+0001   -0.37109920E+0001    0.64279590E+0000     18168
  6050   -0.37033821E+0001   -0.37100848E+0001    0.66662873E+0000     18282
  6100   -0.37025359E+0001   -0.37091746E+0001    0.61820697E+0000     18630
  6150   -0.37018488E+0001   -0.37081832E+0001    0.63541749E+0000     19006
  6200   -0.37011646E+0001   -0.37050704E+0001    0.63919593E+0000     19023
  6250   -0.37005203E+0001   -0.37049228E+0001    0.63130239E+0000     19392
  6300   -0.37000205E+0001   -0.37046929E+0001    0.62821347E+0000     19956
  6350   -0.36996205E+0001   -0.37042787E+0001    0.59242071E+0000     20116
  6400   -0.36992052E+0001   -0.37036247E+0001    0.61153472E+0000     20528
  6401   -0.36992233E+0001   -0.36992233E+0001    0.50506704E+0000     12000
  6450   -0.36996138E+0001   -0.37013434E+0001    0.52353793E+0000     11990
  6500   -0.36992545E+0001   -0.37013170E+0001    0.53684893E+0000     12097
  6550   -0.36988609E+0001   -0.37011056E+0001    0.55277120E+0000     12222
  6600   -0.36984457E+0001   -0.37007415E+0001    0.55742239E+0000     12301
  6650   -0.36979953E+0001   -0.37004816E+0001    0.56385998E+0000     12499
  6700   -0.36975926E+0001   -0.37002799E+0001    0.54829350E+0000     12802
  6750   -0.36971643E+0001   -0.36998596E+0001    0.54557109E+0000     13020
  6800   -0.36967311E+0001   -0.36994730E+0001    0.48838046E+0000     13331
  6850   -0.36962047E+0001   -0.36992948E+0001    0.51265619E+0000     13445
  6900   -0.36956111E+0001   -0.36990735E+0001    0.49594255E+0000     13745
  6950   -0.36950786E+0001   -0.36983749E+0001    0.48733314E+0000     13924
  7000   -0.36946365E+0001   -0.36975286E+0001    0.49503904E+0000     14158
  7050   -0.36942815E+0001   -0.36971287E+0001    0.50715991E+0000     14582
  7100   -0.36939482E+0001   -0.36967695E+0001    0.47929724E+0000     14879
  7150   -0.36936688E+0001   -0.36966690E+0001    0.48716041E+0000     15397
  7200   -0.36934483E+0001   -0.36964113E+0001    0.45793555E+0000     15793
  7250   -0.36931995E+0001   -0.36955331E+0001    0.47829081E+0000     16072
  7300   -0.36929504E+0001   -0.36957811E+0001    0.48817910E+0000     16509
  7350   -0.36926565E+0001   -0.36956007E+0001    0.48118312E+0000     16931
  7400   -0.36923937E+0001   -0.36949628E+0001    0.44782343E+0000     17112
  7450   -0.36921604E+0001   -0.36941353E+0001    0.42895420E+0000     17285
  7500   -0.36919783E+0001   -0.36938993E+0001    0.47821745E+0000     17653
  7550   -0.36917637E+0001   -0.36942360E+0001    0.45923335E+0000     17728
  7600   -0.36915330E+0001   -0.36932024E+0001    0.38726517E+0000     17871
  7650   -0.36912938E+0001   -0.36929280E+0001    0.43860661E+0000     18646
  7700   -0.36910948E+0001   -0.36928066E+0001    0.40951008E+0000     18986
  7750   -0.36909572E+0001   -0.36929381E+0001    0.41270431E+0000     19178
  7800   -0.36908342E+0001   -0.36927835E+0001    0.41716927E+0000     19611
  7850   -0.36907259E+0001   -0.36926929E+0001    0.38869236E+0000     20353
  7900   -0.36905728E+0001   -0.36926083E+0001    0.41640564E+0000     20660
  7950   -0.36904228E+0001   -0.36923696E+0001    0.40879347E+0000     20839
  8000   -0.36902686E+0001   -0.36923422E+0001    0.42396364E+0000     21208
  8001   -0.36902741E+0001   -0.36902741E+0001    0.27611100E+0000     12000
  8050   -0.36903890E+0001   -0.36910780E+0001    0.31113555E+0000     12009
  8100   -0.36902887E+0001   -0.36913266E+0001    0.33109543E+0000     12024
  8150   -0.36901788E+0001   -0.36912419E+0001    0.36434935E+0000     12210
  8200   -0.36900597E+0001   -0.36911493E+0001    0.36507140E+0000     12648
  8250   -0.36899385E+0001   -0.36911195E+0001    0.37411126E+0000     12897
  8300   -0.36898596E+0001   -0.36910836E+0001    0.38397699E+0000     12836
  8350   -0.36898122E+0001   -0.36915736E+0001    0.27600575E+0000     13007
  8400   -0.36897333E+0001   -0.36913956E+0001    0.39349574E+0000     13276
  8450   -0.36896799E+0001   -0.36913017E+0001    0.35859820E+0000     13486
  8500   -0.36896005E+0001   -0.36912118E+0001    0.35382412E+0000     13774
  8550   -0.36895088E+0001   -0.36914439E+0001    0.35796549E+0000     14042
  8600   -0.36894153E+0001   -0.36911786E+0001    0.36567545E+0000     14125
  8650   -0.36893023E+0001   -0.36911125E+0001    0.39636543E+0000     14206
  8700   -0.36892064E+0001   -0.36910627E+0001    0.38102081E+0000     14360
  8750   -0.36891509E+0001   -0.36916235E+0001    0.41140308E+0000     14861
  8800   -0.36891026E+0001   -0.36915043E+0001    0.37471289E+0000     15299
  8850   -0.36890540E+0001   -0.36911670E+0001    0.36599939E+0000     15596
  8900   -0.36889756E+0001   -0.36910530E+0001    0.33806983E+0000     15789
  8950   -0.36888629E+0001   -0.36908274E+0001    0.36871065E+0000     16323
  9000   -0.36887390E+0001   -0.36906845E+0001    0.37316603E+0000     16895
  9050   -0.36886604E+0001   -0.36907355E+0001    0.34372060E+0000     17129
  9100   -0.36885404E+0001   -0.36910479E+0001    0.35917469E+0000     17559
  9150   -0.36883790E+0001   -0.36904154E+0001    0.34229236E+0000     17958
  9200   -0.36882830E+0001   -0.36910156E+0001    0.35909044E+0000     18255
  9250   -0.36882353E+0001   -0.36903999E+0001    0.35432279E+0000     18387
  9300   -0.36881741E+0001   -0.36908889E+0001    0.31857857E+0000     18936
  9350   -0.36880992E+0001   -0.36901176E+0001    0.35553048E+0000     19130
  9400   -0.36880488E+0001   -0.36900292E+0001    0.33407007E+0000     19757
  9450   -0.36879905E+0001   -0.36902854E+0001    0.29870795E+0000     20468
  9500   -0.36879201E+0001   -0.36895661E+0001    0.26018255E+0000     20757
  9550   -0.36878641E+0001   -0.36899896E+0001    0.31174463E+0000     21123
  9600   -0.36878334E+0001   -0.36896598E+0001    0.34605004E+0000     21439
  9601   -0.36878351E+0001   -0.36878351E+0001    0.15127044E+0000     12000
  9650   -0.36878704E+0001   -0.36880813E+0001    0.21112458E+0000     11965
  9700   -0.36878462E+0001   -0.36882854E+0001    0.27947538E+0000     11978
  9750   -0.36878149E+0001   -0.36882889E+0001    0.25793826E+0000     12145
  9800   -0.36877826E+0001   -0.36883114E+0001    0.31803767E+0000     12350
  9850   -0.36877521E+0001   -0.36884255E+0001    0.31811275E+0000     12478
  9900   -0.36877122E+0001   -0.36884065E+0001    0.31069077E+0000     12651
  9950   -0.36876733E+0001   -0.36884279E+0001    0.27447350E+0000     12974
 10000   -0.36876141E+0001   -0.36884402E+0001    0.29616413E+0000     13325
 10050   -0.36875624E+0001   -0.36885324E+0001    0.29095154E+0000     13367
 10100   -0.36875321E+0001   -0.36884733E+0001    0.29073412E+0000     13302
 10150   -0.36875129E+0001   -0.36887232E+0001    0.31706084E+0000     13629
 10200   -0.36874832E+0001   -0.36886089E+0001    0.28996380E+0000     13627
 10250   -0.36874309E+0001   -0.36887992E+0001    0.36086800E+0000     13821
 10300   -0.36873826E+0001   -0.36886708E+0001    0.31230366E+0000     13777
 10350   -0.36873554E+0001   -0.36883028E+0001    0.31396603E+0000     13896
 10400   -0.36873218E+0001   -0.36879701E+0001    0.26285597E+0000     14034
 10450   -0.36872882E+0001   -0.36883207E+0001    0.28412949E+0000     14378
 10500   -0.36872512E+0001   -0.36879625E+0001    0.27319489E+0000     14534
 10550   -0.36872180E+0001   -0.36880224E+0001    0.27955493E+0000     14803
 10600   -0.36871932E+0001   -0.36879703E+0001    0.31288370E+0000     15124
 10650   -0.36871677E+0001   -0.36877636E+0001    0.29016089E+0000     15483
 10700   -0.36871497E+0001   -0.36878469E+0001    0.32414849E+0000     16079
 10750   -0.36871295E+0001   -0.36876443E+0001    0.28162341E+0000     16183
 10800   -0.36870869E+0001   -0.36876264E+0001    0.32351363E+0000     16688
 10850   -0.36870585E+0001   -0.36879899E+0001    0.28437596E+0000     17185
 10900   -0.36870331E+0001   -0.36875707E+0001    0.24305095E+0000     17458
 10950   -0.36870147E+0001   -0.36875743E+0001    0.31056207E+0000     17929
 11000   -0.36870025E+0001   -0.36874625E+0001    0.27069778E+0000     18257
 11050   -0.36870016E+0001   -0.36876844E+0001    0.31933452E+0000     18759
 11100   -0.36869938E+0001   -0.36878394E+0001    0.31567386E+0000     19145
 11150   -0.36869873E+0001   -0.36878541E+0001    0.31334757E+0000     19425
 11200   -0.36869859E+0001   -0.36878574E+0001    0.29072524E+0000     19790
 11201   -0.36869864E+0001   -0.36869864E+0001    0.79971337E-0001     12000
 11250   -0.36869955E+0001   -0.36870301E+0001    0.17618790E+0000     12083
 11300   -0.36869944E+0001   -0.36870520E+0001    0.23147696E+0000     11974
 11350   -0.36869901E+0001   -0.36870959E+0001    0.22465018E+0000     12063
 11400   -0.36869830E+0001   -0.36871607E+0001    0.22163184E+0000     12098
 11450   -0.36869761E+0001   -0.36871561E+0001    0.24930642E+0000     12095
 11500   -0.36869733E+0001   -0.36871133E+0001    0.30774044E+0000     12410
 11550   -0.36869712E+0001   -0.36871379E+0001    0.32679067E+0000     12544
 11600   -0.36869661E+0001   -0.36871241E+0001    0.21921217E+0000     12657
 11650   -0.36869653E+0001   -0.36872832E+0001    0.27745719E+0000     13113
 11700   -0.36869626E+0001   -0.36872934E+0001    0.30916626E+0000     13237
 11750   -0.36869574E+0001   -0.36873679E+0001    0.30884364E+0000     13524
 11800   -0.36869531E+0001   -0.36873689E+0001    0.28856395E+0000     13635
 11850   -0.36869452E+0001   -0.36874410E+0001    0.30652651E+0000     13956
 11900   -0.36869459E+0001   -0.36874897E+0001    0.26731982E+0000     14228
 11950   -0.36869406E+0001   -0.36875276E+0001    0.34001885E+0000     14553
 12000   -0.36869257E+0001   -0.36876921E+0001    0.27042757E+0000     14790
 12050   -0.36869125E+0001   -0.36876304E+0001    0.26685547E+0000     14874
 12100   -0.36869013E+0001   -0.36878911E+0001    0.31130960E+0000     15008
 12150   -0.36868930E+0001   -0.36878806E+0001    0.30054631E+0000     15459
 12200   -0.36868912E+0001   -0.36874391E+0001    0.26771072E+0000     15859
 12250   -0.36868874E+0001   -0.36873698E+0001    0.31949683E+0000     16005
 12300   -0.36868879E+0001   -0.36875438E+0001    0.25783255E+0000     16293
 12350   -0.36868895E+0001   -0.36873867E+0001    0.27254495E+0000     16540
 12400   -0.36868863E+0001   -0.36870406E+0001    0.30491034E+0000     16782
 12450   -0.36868802E+0001   -0.36871434E+0001    0.32326308E+0000     17237
 12500   -0.36868741E+0001   -0.36870609E+0001    0.30593611E+0000     17463
 12550   -0.36868642E+0001   -0.36868898E+0001    0.26947253E+0000     17582
 12600   -0.36868569E+0001   -0.36869825E+0001    0.26849279E+0000     18202
 12650   -0.36868591E+0001   -0.36868955E+0001    0.25737179E+0000     18520
 12700   -0.36868626E+0001   -0.36868771E+0001    0.26302244E+0000     18885
 12750   -0.36868639E+0001   -0.36868485E+0001    0.30063554E+0000     19136
 12800   -0.36868663E+0001   -0.36868680E+0001    0.26474043E+0000     19645
 12801   -0.36868664E+0001   -0.36868664E+0001    0.53392444E-0001     12000
 12850   -0.36868709E+0001   -0.36868761E+0001    0.16985661E+0000     11982
 12900   -0.36868713E+0001   -0.36868735E+0001    0.21183295E+0000     12208
 12950   -0.36868696E+0001   -0.36868697E+0001    0.23938361E+0000     12367
 13000   -0.36868703E+0001   -0.36868726E+0001    0.18954562E+0000     12485
 13050   -0.36868720E+0001   -0.36868670E+0001    0.24164029E+0000     12780
 13100   -0.36868684E+0001   -0.36868696E+0001    0.25171586E+0000     13061
 13150   -0.36868619E+0001   -0.36868604E+0001    0.26934646E+0000     13189
 13200   -0.36868646E+0001   -0.36868433E+0001    0.28427806E+0000     13544
 13250   -0.36868646E+0001   -0.36868574E+0001    0.30079981E+0000     13524
 13300   -0.36868634E+0001   -0.36868737E+0001    0.30878962E+0000     13835
 13350   -0.36868599E+0001   -0.36868555E+0001    0.30884464E+0000     14197
 13400   -0.36868555E+0001   -0.36868726E+0001    0.23738585E+0000     14217
 13450   -0.36868496E+0001   -0.36868575E+0001    0.30121877E+0000     14590
 13500   -0.36868468E+0001   -0.36868562E+0001    0.26914798E+0000     14880
 13550   -0.36868445E+0001   -0.36868270E+0001    0.24919443E+0000     15178
 13600   -0.36868471E+0001   -0.36868588E+0001    0.25535124E+0000     15458
 13650   -0.36868535E+0001   -0.36869402E+0001    0.26179935E+0000     15767
 13700   -0.36868518E+0001   -0.36869439E+0001    0.27417743E+0000     16144
 13750   -0.36868544E+0001   -0.36868055E+0001    0.25986908E+0000     16286
 13800   -0.36868535E+0001   -0.36869447E+0001    0.27259951E+0000     16492
 13850   -0.36868470E+0001   -0.36868715E+0001    0.24829160E+0000     16733
 13900   -0.36868410E+0001   -0.36869909E+0001    0.25553183E+0000     16986
 13950   -0.36868402E+0001   -0.36867044E+0001    0.25270143E+0000     17224
 14000   -0.36868419E+0001   -0.36869703E+0001    0.29166374E+0000     17613
 14050   -0.36868472E+0001   -0.36869716E+0001    0.29021591E+0000     18100
 14100   -0.36868517E+0001   -0.36869486E+0001    0.29346177E+0000     18313
 14150   -0.36868534E+0001   -0.36868372E+0001    0.29182115E+0000     18654
 14200   -0.36868575E+0001   -0.36869415E+0001    0.30298969E+0000     18931
 14250   -0.36868657E+0001   -0.36869732E+0001    0.30676846E+0000     19178
 14300   -0.36868675E+0001   -0.36869323E+0001    0.27138566E+0000     19754
 14350   -0.36868652E+0001   -0.36869387E+0001    0.29785120E+0000     20394
 14400   -0.36868685E+0001   -0.36869472E+0001    0.30550057E+0000     20813
 14450   -0.36868706E+0001   -0.36869832E+0001    0.23546478E+0000     21058
 14500   -0.36868753E+0001   -0.36869263E+0001    0.27393593E+0000     21524
 14550   -0.36868742E+0001   -0.36870835E+0001    0.26757015E+0000     21942
 14600   -0.36868719E+0001   -0.36869858E+0001    0.23763807E+0000     22513
 14650   -0.36868719E+0001   -0.36869206E+0001    0.21623395E+0000     22586
 14700   -0.36868708E+0001   -0.36872181E+0001    0.30015335E+0000     22963
 14750   -0.36868709E+0001   -0.36868158E+0001    0.25868945E+0000     23608
 14800   -0.36868668E+0001   -0.36870030E+0001    0.30948301E+0000     23873
 14850   -0.36868650E+0001   -0.36869965E+0001    0.22155708E+0000     24166
 14900   -0.36868686E+0001   -0.36871028E+0001    0.25375823E+0000     24420
 14950   -0.36868709E+0001   -0.36871004E+0001    0.28251561E+0000     24936
 15000   -0.36868722E+0001   -0.36870978E+0001    0.25773073E+0000     25160
 15050   -0.36868744E+0001   -0.36870908E+0001    0.27043656E+0000     25158
 15100   -0.36868737E+0001   -0.36868317E+0001    0.27046025E+0000     25767
 15150   -0.36868733E+0001   -0.36868081E+0001    0.24585566E+0000     26421
 15200   -0.36868735E+0001   -0.36868718E+0001    0.27980342E+0000     26997
 15250   -0.36868731E+0001   -0.36869980E+0001    0.26731885E+0000     27292
 15300   -0.36868722E+0001   -0.36868873E+0001    0.23837848E+0000     27495
 15350   -0.36868691E+0001   -0.36872227E+0001    0.27852334E+0000     28153
 15400   -0.36868659E+0001   -0.36871682E+0001    0.25947102E+0000     28916
 15450   -0.36868665E+0001   -0.36870227E+0001    0.30222528E+0000     29448
 15500   -0.36868701E+0001   -0.36871287E+0001    0.25016761E+0000     30112
 15550   -0.36868718E+0001   -0.36871929E+0001    0.24250968E+0000     30746
 15600   -0.36868740E+0001   -0.36873991E+0001    0.24612941E+0000     31052
 15650   -0.36868740E+0001   -0.36868419E+0001    0.22399589E+0000     31734
 15700   -0.36868743E+0001   -0.36868528E+0001    0.27813754E+0000     32206
 15750   -0.36868758E+0001   -0.36869818E+0001    0.27204162E+0000     32630
 15800   -0.36868768E+0001   -0.36871267E+0001    0.29870648E+0000     32822
 15850   -0.36868789E+0001   -0.36877224E+0001    0.26337003E+0000     33125
 15900   -0.36868817E+0001   -0.36877817E+0001    0.28494991E+0000     33788
 15950   -0.36868890E+0001   -0.36878934E+0001    0.24392148E+0000     34221
 16000   -0.36868951E+0001   -0.36876167E+0001    0.26038668E+0000     35050
 16001   -0.36868777E+0001   -0.36868777E+0001    0.32805771E-0001         1
 16050   -0.36863004E+0001   -0.36863004E+0001    0.40373736E+0000         1
 16100   -0.36861099E+0001   -0.36861099E+0001    0.47305831E+0000         1
 16150   -0.36856962E+0001   -0.36856962E+0001    0.60257437E+0000         1
 16200   -0.36858882E+0001   -0.36858882E+0001    0.48058938E+0000         1
 16250   -0.36858760E+0001   -0.36858760E+0001    0.40703157E+0000         1
 16300   -0.36857459E+0001   -0.36857459E+0001    0.53777304E+0000         1
 16350   -0.36861574E+0001   -0.36861574E+0001    0.46638614E+0000         1
 16400   -0.36853625E+0001   -0.36853625E+0001    0.64924634E+0000         1
 16450   -0.36856989E+0001   -0.36856989E+0001    0.59458067E+0000         1
 16500   -0.36860428E+0001   -0.36860428E+0001    0.46115759E+0000         1
 16550   -0.36853795E+0001   -0.36853795E+0001    0.60160896E+0000         1
 16600   -0.36857740E+0001   -0.36857740E+0001    0.50120659E+0000         1
 16650   -0.36859606E+0001   -0.36859606E+0001    0.38704966E+0000         1
 16700   -0.36857010E+0001   -0.36857010E+0001    0.54138369E+0000         1
 16750   -0.36857495E+0001   -0.36857495E+0001    0.63676417E+0000         1
 16800   -0.36858913E+0001   -0.36858913E+0001    0.51212403E+0000         1
 16850   -0.36860542E+0001   -0.36860542E+0001    0.52606540E+0000         1
 16900   -0.36860031E+0001   -0.36860031E+0001    0.57211777E+0000         1
 16950   -0.36862998E+0001   -0.36862998E+0001    0.35575048E+0000         1
 17000   -0.36860770E+0001   -0.36860770E+0001    0.46953200E+0000         1
 17050   -0.36862420E+0001   -0.36862420E+0001    0.45531928E+0000         1
 17100   -0.36857563E+0001   -0.36857563E+0001    0.57384265E+0000         1
 17150   -0.36862563E+0001   -0.36862563E+0001    0.44158014E+0000         1
 17200   -0.36864583E+0001   -0.36864583E+0001    0.43518377E+0000         1
 17250   -0.36861933E+0001   -0.36861933E+0001    0.44498075E+0000         1
 17300   -0.36860213E+0001   -0.36860213E+0001    0.52780404E+0000         1
 17350   -0.36863176E+0001   -0.36863176E+0001    0.46300312E+0000         1
 17400   -0.36863757E+0001   -0.36863757E+0001    0.46469030E+0000         1
 17450   -0.36860098E+0001   -0.36860098E+0001    0.57612982E+0000         1
 17500   -0.36863793E+0001   -0.36863793E+0001    0.47377025E+0000         1
 17550   -0.36868358E+0001   -0.36868358E+0001    0.42549016E+0000         1
 17600   -0.36866987E+0001   -0.36866987E+0001    0.42064102E+0000         1
 17650   -0.36868119E+0001   -0.36868119E+0001    0.40098434E+0000         1
 17700   -0.36855686E+0001   -0.36855686E+0001    0.72222899E+0000         1
 17750   -0.36856382E+0001   -0.36856382E+0001    0.67332133E+0000         1
 17800   -0.36869960E+0001   -0.36869960E+0001    0.43734775E+0000         1
 17850   -0.36868871E+0001   -0.36868871E+0001    0.65206435E+0000         1
 17900   -0.36873271E+0001   -0.36873271E+0001    0.39034930E+0000         1
 17950   -0.36871684E+0001   -0.36871684E+0001    0.53433803E+0000         1
 18000   -0.36876135E+0001   -0.36876135E+0001    0.45174670E+0000         1
 18050   -0.36873228E+0001   -0.36873228E+0001    0.39674557E+0000         1
 18100   -0.36876432E+0001   -0.36876432E+0001    0.32540843E+0000         1
 18150   -0.36872909E+0001   -0.36872909E+0001    0.55744804E+0000         1
 18200   -0.36871412E+0001   -0.36871412E+0001    0.52667762E+0000         1
 18250   -0.36874052E+0001   -0.36874052E+0001    0.50008131E+0000         1
 18300   -0.36873041E+0001   -0.36873041E+0001    0.57208939E+0000         1
 18350   -0.36877810E+0001   -0.36877810E+0001    0.53809992E+0000         1
 18400   -0.36882228E+0001   -0.36882228E+0001    0.44352867E+0000         1
 18450   -0.36883007E+0001   -0.36883007E+0001    0.45936651E+0000         1
 18500   -0.36876764E+0001   -0.36876764E+0001    0.71190831E+0000         1
 18550   -0.36883594E+0001   -0.36883594E+0001    0.57876562E+0000         1
 18600   -0.36885856E+0001   -0.36885856E+0001    0.46529293E+0000         1
 18650   -0.36891321E+0001   -0.36891321E+0001    0.59143735E+0000         1
 18700   -0.36898178E+0001   -0.36898178E+0001    0.48305863E+0000         1
 18750   -0.36898201E+0001   -0.36898201E+0001    0.43631391E+0000         1
 18800   -0.36898465E+0001   -0.36898465E+0001    0.43470294E+0000         1
 18850   -0.36889015E+0001   -0.36889015E+0001    0.64751626E+0000         1
 18900   -0.36891833E+0001   -0.36891833E+0001    0.61262272E+0000         1
 18950   -0.36895745E+0001   -0.36895745E+0001    0.49976450E+0000         1
 19000   -0.36904168E+0001   -0.36904168E+0001    0.42253624E+0000         1
 19050   -0.36901548E+0001   -0.36901548E+0001    0.51653299E+0000         1
 19100   -0.36907040E+0001   -0.36907040E+0001    0.62353334E+0000         1
 19150   -0.36909187E+0001   -0.36909187E+0001    0.53070363E+0000         1
 19200   -0.36918901E+0001   -0.36918901E+0001    0.46093694E+0000         1
 19250   -0.36920455E+0001   -0.36920455E+0001    0.60134707E+0000         1
 19300   -0.36930017E+0001   -0.36930017E+0001    0.56096151E+0000         1
 19350   -0.36933322E+0001   -0.36933322E+0001    0.71851544E+0000         1
 19400   -0.36942233E+0001   -0.36942233E+0001    0.60756749E+0000         1
 19450   -0.36949701E+0001   -0.36949701E+0001    0.59246668E+0000         1
 19500   -0.36951502E+0001   -0.36951502E+0001    0.70723616E+0000         1
 19550   -0.36967979E+0001   -0.36967979E+0001    0.57039332E+0000         1
 19600   -0.36972698E+0001   -0.36972698E+0001    0.62545236E+0000         1
 19650   -0.36980159E+0001   -0.36980159E+0001    0.71245877E+0000         1
 19700   -0.36989606E+0001   -0.36989606E+0001    0.69282760E+0000         1
 19750   -0.36999095E+0001   -0.36999095E+0001    0.74301064E+0000         1
 19800   -0.37006675E+0001   -0.37006675E+0001    0.64433255E+0000         1
 19850   -0.37009749E+0001   -0.37009749E+0001    0.66001828E+0000         1
 19900   -0.37015451E+0001   -0.37015451E+0001    0.65562801E+0000         1
 19950   -0.37026927E+0001   -0.37026927E+0001    0.67696762E+0000         1
 20000   -0.37044874E+0001   -0.37044874E+0001    0.67981012E+0000         1
 20050   -0.37045719E+0001   -0.37045719E+0001    0.81263314E+0000         1
 20100   -0.37065659E+0001   -0.37065659E+0001    0.76826453E+0000         1
 20150   -0.37079769E+0001   -0.37079769E+0001    0.78600757E+0000         1
 20200   -0.37084092E+0001   -0.37084092E+0001    0.73890029E+0000         1
 20250   -0.37088842E+0001   -0.37088842E+0001    0.90476124E+0000         1
 20300   -0.37116073E+0001   -0.37116073E+0001    0.90678179E+0000         1
 20350   -0.37143625E+0001   -0.37143625E+0001    0.90722899E+0000         1
 20400   -0.37167535E+0001   -0.37167535E+0001    0.91549174E+0000         1
 20450   -0.37181190E+0001   -0.37181190E+0001    0.10755723E+0001         1
 20500   -0.37214519E+0001   -0.37214519E+0001    0.10296177E+0001         1
 20550   -0.37259493E+0001   -0.37259493E+0001    0.94724600E+0000         1
 20600   -0.37283751E+0001   -0.37283751E+0001    0.10305484E+0001         1
 20650   -0.37305080E+0001   -0.37305080E+0001    0.10572604E+0001         1
 20700   -0.37326959E+0001   -0.37326959E+0001    0.10476084E+0001         1
 20750   -0.37333656E+0001   -0.37333656E+0001    0.10781489E+0001         1
 20800   -0.37360726E+0001   -0.37360726E+0001    0.11940893E+0001         1
 20850   -0.37398975E+0001   -0.37398975E+0001    0.11440333E+0001         1
 20900   -0.37440161E+0001   -0.37440161E+0001    0.12040573E+0001         1
 20950   -0.37493818E+0001   -0.37493818E+0001    0.11440740E+0001         1
 21000   -0.37553087E+0001   -0.37553087E+0001    0.12803253E+0001         1
 21050   -0.37600121E+0001   -0.37600121E+0001    0.12509532E+0001         1
 21100   -0.37637561E+0001   -0.37637561E+0001    0.12660198E+0001         1
 21150   -0.37694810E+0001   -0.37694810E+0001    0.13157467E+0001         1
 21200   -0.37747354E+0001   -0.37747354E+0001    0.13932347E+0001         1
 21250   -0.37810917E+0001   -0.37810917E+0001    0.14629969E+0001         1
 21300   -0.37876951E+0001   -0.37876951E+0001    0.15507687E+0001         1
 21350   -0.37932183E+0001   -0.37932183E+0001    0.14434341E+0001         1
 21400   -0.37992866E+0001   -0.37992866E+0001    0.15391819E+0001         1
 21450   -0.38084026E+0001   -0.38084026E+0001    0.15855775E+0001         1
 21500   -0.38156678E+0001   -0.38156678E+0001    0.16164038E+0001         1
 21550   -0.38261039E+0001   -0.38261039E+0001    0.15973004E+0001         1
 21600   -0.38344956E+0001   -0.38344956E+0001    0.16610449E+0001         1
 21650   -0.38435961E+0001   -0.38435961E+0001    0.16676571E+0001         1
 21700   -0.38498418E+0001   -0.38498418E+0001    0.17306830E+0001         1
 21750   -0.38624172E+0001   -0.38624172E+0001    0.17947973E+0001         1
 21800   -0.38729031E+0001   -0.38729031E+0001    0.17713614E+0001         1
 21850   -0.38806220E+0001   -0.38806220E+0001    0.16759137E+0001         1
 21900   -0.38891897E+0001   -0.38891897E+0001    0.16079341E+0001         1
 21950   -0.38958878E+0001   -0.38958878E+0001    0.16095471E+0001         1
 22000   -0.39036372E+0001   -0.39036372E+0001    0.14836855E+0001         1
 22050   -0.39115004E+0001   -0.39115004E+0001    0.14626741E+0001         1
 22100   -0.39186912E+0001   -0.39186912E+0001    0.12859216E+0001         1
 22150   -0.39222360E+0001   -0.39222360E+0001    0.12053894E+0001         1
 22200   -0.39269683E+0001   -0.39269683E+0001    0.11999590E+0001         1
 22250   -0.39292413E+0001   -0.39292413E+0001    0.11429132E+0001         1
 22300   -0.39334571E+0001   -0.39334571E+0001    0.83128484E+0000         1
 22350   -0.39352319E+0001   -0.39352319E+0001    0.71143080E+0000         1
 22400   -0.39352562E+0001   -0.39352562E+0001    0.81444339E+0000         1
 22450   -0.39371372E+0001   -0.39371372E+0001    0.59046525E+0000         1
 22500   -0.39378426E+0001   -0.39378426E+0001    0.56502986E+0000         1
 22550   -0.39384445E+0001   -0.39384445E+0001    0.52495003E+0000         1
 22600   -0.39380866E+0001   -0.39380866E+0001    0.54709818E+0000         1
 22650   -0.39378108E+0001   -0.39378108E+0001    0.62008448E+0000         1
 22700   -0.39380300E+0001   -0.39380300E+0001    0.60686040E+0000         1
 22750   -0.39384724E+0001   -0.39384724E+0001    0.59320469E+0000         1
 22800   -0.39387270E+0001   -0.39387270E+0001    0.44610130E+0000         1
 22850   -0.39389060E+0001   -0.39389060E+0001    0.38817664E+0000         1
 22900   -0.39389118E+0001   -0.39389118E+0001    0.45978058E+0000         1
 22950   -0.39392651E+0001   -0.39392651E+0001    0.35001382E+0000         1
 23000   -0.39387176E+0001   -0.39387176E+0001    0.49260921E+0000         1
 23050   -0.39389356E+0001   -0.39389356E+0001    0.52529608E+0000         1
 23100   -0.39392757E+0001   -0.39392757E+0001    0.47038586E+0000         1
 23150   -0.39394441E+0001   -0.39394441E+0001    0.45680514E+0000         1
 23200   -0.39390106E+0001   -0.39390106E+0001    0.53684026E+0000         1
 23250   -0.39395371E+0001   -0.39395371E+0001    0.40273115E+0000         1
 23300   -0.39393388E+0001   -0.39393388E+0001    0.39195782E+0000         1
 23350   -0.39390214E+0001   -0.39390214E+0001    0.46121997E+0000         1
 23400   -0.39391092E+0001   -0.39391092E+0001    0.52532748E+0000         1
 23450   -0.39380460E+0001   -0.39380460E+0001    0.76191212E+0000         1
 23500   -0.39382995E+0001   -0.39382995E+0001    0.75690907E+0000         1
 23550   -0.39387770E+0001   -0.39387770E+0001    0.65341551E+0000         1
 23600   -0.39392284E+0001   -0.39392284E+0001    0.49594395E+0000         1
 23650   -0.39391071E+0001   -0.39391071E+0001    0.48428379E+0000         1
 23700   -0.39391808E+0001   -0.39391808E+0001    0.52380434E+0000         1
 23750   -0.39391474E+0001   -0.39391474E+0001    0.45648551E+0000         1
 23800   -0.39392010E+0001   -0.39392010E+0001    0.39814211E+0000         1
 23850   -0.39394541E+0001   -0.39394541E+0001    0.45803813E+0000         1
 23900   -0.39392446E+0001   -0.39392446E+0001    0.50350527E+0000         1
 23950   -0.39392796E+0001   -0.39392796E+0001    0.46580027E+0000         1
 24000   -0.39391116E+0001   -0.39391116E+0001    0.50482719E+0000         1
 24050   -0.39386502E+0001   -0.39386502E+0001    0.58027849E+0000         1
 24100   -0.39389288E+0001   -0.39389288E+0001    0.57236714E+0000         1
 24150   -0.39388550E+0001   -0.39388550E+0001    0.54809103E+0000         1
 24200   -0.39387331E+0001   -0.39387331E+0001    0.57634964E+0000         1
 24250   -0.39389237E+0001   -0.39389237E+0001    0.56965986E+0000         1
 24300   -0.39382579E+0001   -0.39382579E+0001    0.68704755E+0000         1
 24350   -0.39389145E+0001   -0.39389145E+0001    0.43944925E+0000         1
 24400   -0.39391582E+0001   -0.39391582E+0001    0.39680671E+0000         1
 24450   -0.39389201E+0001   -0.39389201E+0001    0.54768562E+0000         1
 24500   -0.39389324E+0001   -0.39389324E+0001    0.50615298E+0000         1
 24550   -0.39388457E+0001   -0.39388457E+0001    0.64204746E+0000         1
 24600   -0.39390090E+0001   -0.39390090E+0001    0.50508369E+0000         1
 24650   -0.39390852E+0001   -0.39390852E+0001    0.44923258E+0000         1
 24700   -0.39391481E+0001   -0.39391481E+0001    0.50742391E+0000         1
 24750   -0.39388319E+0001   -0.39388319E+0001    0.60788843E+0000         1
 24800   -0.39387723E+0001   -0.39387723E+0001    0.55934432E+0000         1
 24850   -0.39384235E+0001   -0.39384235E+0001    0.61687568E+0000         1
 24900   -0.39381049E+0001   -0.39381049E+0001    0.60650866E+0000         1
 24950   -0.39387521E+0001   -0.39387521E+0001    0.49617227E+0000         1
 25000   -0.39392876E+0001   -0.39392876E+0001    0.38884734E+0000         1
 25050   -0.39381641E+0001   -0.39381641E+0001    0.69278290E+0000         1
 25100   -0.39383186E+0001   -0.39383186E+0001    0.71885055E+0000         1
 25150   -0.39387727E+0001   -0.39387727E+0001    0.53246237E+0000         1
 25200   -0.39386267E+0001   -0.39386267E+0001    0.64884851E+0000         1
 25250   -0.39390485E+0001   -0.39390485E+0001    0.42975888E+0000         1
 25300   -0.39382943E+0001   -0.39382943E+0001    0.63087082E+0000         1
 25350   -0.39389199E+0001   -0.39389199E+0001    0.49070675E+0000         1
 25400   -0.39382440E+0001   -0.39382440E+0001    0.60836331E+0000         1
 25450   -0.39383323E+0001   -0.39383323E+0001    0.72926181E+0000         1
 25500   -0.39389062E+0001   -0.39389062E+0001    0.59475411E+0000         1
 25550   -0.39390950E+0001   -0.39390950E+0001    0.46934433E+0000         1
 25600   -0.39384576E+0001   -0.39384576E+0001    0.58421242E+0000         1
 25650   -0.39380288E+0001   -0.39380288E+0001    0.69556834E+0000         1
 25700   -0.39386362E+0001   -0.39386362E+0001    0.54348894E+0000         1
 25750   -0.39389535E+0001   -0.39389535E+0001    0.49258557E+0000         1
 25800   -0.39386602E+0001   -0.39386602E+0001    0.51372892E+0000         1
 25850   -0.39390209E+0001   -0.39390209E+0001    0.35641166E+0000         1
 25900   -0.39380380E+0001   -0.39380380E+0001    0.57902853E+0000         1
 25950   -0.39377596E+0001   -0.39377596E+0001    0.73487807E+0000         1
 26000   -0.39378812E+0001   -0.39378812E+0001    0.64242555E+0000         1
 26050   -0.39373736E+0001   -0.39373736E+0001    0.84200051E+0000         1
 26100   -0.39383121E+0001   -0.39383121E+0001    0.62959441E+0000         1
 26150   -0.39383656E+0001   -0.39383656E+0001    0.50428642E+0000         1
 26200   -0.39385847E+0001   -0.39385847E+0001    0.45151098E+0000         1
 26250   -0.39385301E+0001   -0.39385301E+0001    0.49344166E+0000         1
 26300   -0.39387681E+0001   -0.39387681E+0001    0.44177414E+0000         1
 26350   -0.39384099E+0001   -0.39384099E+0001    0.57921410E+0000         1
 26400   -0.39381471E+0001   -0.39381471E+0001    0.68783912E+0000         1
 26450   -0.39383432E+0001   -0.39383432E+0001    0.60236271E+0000         1
 26500   -0.39387971E+0001   -0.39387971E+0001    0.54419141E+0000         1
 26550   -0.39389057E+0001   -0.39389057E+0001    0.55580191E+0000         1
 26600   -0.39392160E+0001   -0.39392160E+0001    0.40943273E+0000         1
 26650   -0.39382878E+0001   -0.39382878E+0001    0.60221748E+0000         1
 26700   -0.39378264E+0001   -0.39378264E+0001    0.70201410E+0000         1
 26750   -0.39387824E+0001   -0.39387824E+0001    0.55416417E+0000         1
 26800   -0.39388511E+0001   -0.39388511E+0001    0.55586220E+0000         1
 26850   -0.39390929E+0001   -0.39390929E+0001    0.47037147E+0000         1
 26900   -0.39385694E+0001   -0.39385694E+0001    0.60306635E+0000         1
 26950   -0.39391514E+0001   -0.39391514E+0001    0.52697707E+0000         1
 27000   -0.39395039E+0001   -0.39395039E+0001    0.42158492E+0000         1
 27050   -0.39396850E+0001   -0.39396850E+0001    0.32165649E+0000         1
 27100   -0.39393919E+0001   -0.39393919E+0001    0.46913663E+0000         1
 27150   -0.39397634E+0001   -0.39397634E+0001    0.29142751E+0000         1
 27200   -0.39393416E+0001   -0.39393416E+0001    0.49190711E+0000         1
 27250   -0.39388334E+0001   -0.39388334E+0001    0.56274805E+0000         1
 27300   -0.39387178E+0001   -0.39387178E+0001    0.59163089E+0000         1
 27350   -0.39392402E+0001   -0.39392402E+0001    0.50586059E+0000         1
 27400   -0.39389559E+0001   -0.39389559E+0001    0.56683495E+0000         1
 27450   -0.39386989E+0001   -0.39386989E+0001    0.60848793E+0000         1
 27500   -0.39382892E+0001   -0.39382892E+0001    0.71566406E+0000         1
 27550   -0.39389798E+0001   -0.39389798E+0001    0.50386766E+0000         1
 27600   -0.39393615E+0001   -0.39393615E+0001    0.35773620E+0000         1
 27650   -0.39391797E+0001   -0.39391797E+0001    0.50484416E+0000         1
 27700   -0.39384760E+0001   -0.39384760E+0001    0.61236338E+0000         1
 27750   -0.39387127E+0001   -0.39387127E+0001    0.57870050E+0000         1
 27800   -0.39391679E+0001   -0.39391679E+0001    0.53218316E+0000         1
 27850   -0.39388615E+0001   -0.39388615E+0001    0.62459159E+0000         1
 27900   -0.39390128E+0001   -0.39390128E+0001    0.52140776E+0000         1
 27950   -0.39392917E+0001   -0.39392917E+0001    0.38091974E+0000         1
 28000   -0.39390739E+0001   -0.39390739E+0001    0.47542391E+0000         1
 28050   -0.39392651E+0001   -0.39392651E+0001    0.42893656E+0000         1
 28100   -0.39390391E+0001   -0.39390391E+0001    0.49958152E+0000         1
 28150   -0.39388143E+0001   -0.39388143E+0001    0.58215425E+0000         1
 28200   -0.39387580E+0001   -0.39387580E+0001    0.54030202E+0000         1
 28250   -0.39392247E+0001   -0.39392247E+0001    0.47442135E+0000         1
 28300   -0.39389354E+0001   -0.39389354E+0001    0.50269346E+0000         1
 28350   -0.39395734E+0001   -0.39395734E+0001    0.36118226E+0000         1
 28400   -0.39388139E+0001   -0.39388139E+0001    0.62804958E+0000         1
 28450   -0.39382586E+0001   -0.39382586E+0001    0.76820777E+0000         1
 28500   -0.39391308E+0001   -0.39391308E+0001    0.52584338E+0000         1
 28550   -0.39394693E+0001   -0.39394693E+0001    0.33202886E+0000         1
 28600   -0.39393910E+0001   -0.39393910E+0001    0.39061983E+0000         1
 28650   -0.39386232E+0001   -0.39386232E+0001    0.66641429E+0000         1
 28700   -0.39384452E+0001   -0.39384452E+0001    0.75972677E+0000         1
 28750   -0.39383866E+0001   -0.39383866E+0001    0.66144917E+0000         1
 28800   -0.39387488E+0001   -0.39387488E+0001    0.60475822E+0000         1
 28850   -0.39396965E+0001   -0.39396965E+0001    0.31029441E+0000         1
 28900   -0.39395512E+0001   -0.39395512E+0001    0.38093119E+0000         1
 28950   -0.39394101E+0001   -0.39394101E+0001    0.48130527E+0000         1
 29000   -0.39392855E+0001   -0.39392855E+0001    0.49751627E+0000         1
 29050   -0.39390990E+0001   -0.39390990E+0001    0.51589501E+0000         1
 29100   -0.39391448E+0001   -0.39391448E+0001    0.52034485E+0000         1
 29150   -0.39389429E+0001   -0.39389429E+0001    0.51933182E+0000         1
 29200   -0.39388671E+0001   -0.39388671E+0001    0.53338660E+0000         1
 29250   -0.39390261E+0001   -0.39390261E+0001    0.52537552E+0000         1
 29300   -0.39387804E+0001   -0.39387804E+0001    0.53012603E+0000         1
 29350   -0.39382460E+0001   -0.39382460E+0001    0.65777701E+0000         1
 29400   -0.39395893E+0001   -0.39395893E+0001    0.38206686E+0000         1
 29450   -0.39395520E+0001   -0.39395520E+0001    0.37412105E+0000         1
 29500   -0.39394355E+0001   -0.39394355E+0001    0.44119567E+0000         1
 29550   -0.39393981E+0001   -0.39393981E+0001    0.40861259E+0000         1
 29600   -0.39392205E+0001   -0.39392205E+0001    0.55088148E+0000         1
 29650   -0.39390518E+0001   -0.39390518E+0001    0.57885109E+0000         1
 29700   -0.39393240E+0001   -0.39393240E+0001    0.50294122E+0000         1
 29750   -0.39393948E+0001   -0.39393948E+0001    0.34486428E+0000         1
 29800   -0.39394699E+0001   -0.39394699E+0001    0.38193722E+0000         1
 29850   -0.39391400E+0001   -0.39391400E+0001    0.54299993E+0000         1
 29900   -0.39392254E+0001   -0.39392254E+0001    0.52213520E+0000         1
 29950   -0.39394190E+0001   -0.39394190E+0001    0.40144588E+0000         1
 30000   -0.39390040E+0001   -0.39390040E+0001    0.51537656E+0000         1
 30050   -0.39389404E+0001   -0.39389404E+0001    0.51066362E+0000         1
 30100   -0.39394117E+0001   -0.39394117E+0001    0.40153073E+0000         1
 30150   -0.39392713E+0001   -0.39392713E+0001    0.46871529E+0000         1
 30200   -0.39391270E+0001   -0.39391270E+0001    0.54605391E+0000         1
 30250   -0.39395532E+0001   -0.39395532E+0001    0.36431366E+0000         1
 30300   -0.39396414E+0001   -0.39396414E+0001    0.33831496E+0000         1
 30350   -0.39394098E+0001   -0.39394098E+0001    0.35079710E+0000         1
 30400   -0.39390753E+0001   -0.39390753E+0001    0.45484058E+0000         1
 30450   -0.39389693E+0001   -0.39389693E+0001    0.50193116E+0000         1
 30500   -0.39384218E+0001   -0.39384218E+0001    0.61879106E+0000         1
 30550   -0.39389365E+0001   -0.39389365E+0001    0.51599840E+0000         1
 30600   -0.39394224E+0001   -0.39394224E+0001    0.42956360E+0000         1
 30650   -0.39394643E+0001   -0.39394643E+0001    0.44880552E+0000         1
 30700   -0.39395212E+0001   -0.39395212E+0001    0.47007964E+0000         1
 30750   -0.39391182E+0001   -0.39391182E+0001    0.55860275E+0000         1
 30800   -0.39393352E+0001   -0.39393352E+0001    0.48166884E+0000         1
 30850   -0.39391382E+0001   -0.39391382E+0001    0.51161991E+0000         1
 30900   -0.39395393E+0001   -0.39395393E+0001    0.35184228E+0000         1
 30950   -0.39387880E+0001   -0.39387880E+0001    0.53846386E+0000         1
 31000   -0.39387698E+0001   -0.39387698E+0001    0.52969158E+0000         1
 31050   -0.39383094E+0001   -0.39383094E+0001    0.59302318E+0000         1
 31100   -0.39386859E+0001   -0.39386859E+0001    0.64720883E+0000         1
 31150   -0.39389452E+0001   -0.39389452E+0001    0.59452135E+0000         1
 31200   -0.39392984E+0001   -0.39392984E+0001    0.37468786E+0000         1
 31250   -0.39392809E+0001   -0.39392809E+0001    0.43800560E+0000         1
 31300   -0.39386697E+0001   -0.39386697E+0001    0.54449010E+0000         1
 31350   -0.39373681E+0001   -0.39373681E+0001    0.87702337E+0000         1
 31400   -0.39387456E+0001   -0.39387456E+0001    0.55035321E+0000         1
 31450   -0.39388413E+0001   -0.39388413E+0001    0.60421544E+0000         1
 31500   -0.39381499E+0001   -0.39381499E+0001    0.79722378E+0000         1
 31550   -0.39384857E+0001   -0.39384857E+0001    0.66058464E+0000         1
 31600   -0.39388297E+0001   -0.39388297E+0001    0.57649778E+0000         1
 31650   -0.39389264E+0001   -0.39389264E+0001    0.50633575E+0000         1
 31700   -0.39384707E+0001   -0.39384707E+0001    0.59834671E+0000         1
 31750   -0.39390271E+0001   -0.39390271E+0001    0.50474065E+0000         1
 31800   -0.39387557E+0001   -0.39387557E+0001    0.51598229E+0000         1
 31850   -0.39391430E+0001   -0.39391430E+0001    0.45617410E+0000         1
 31900   -0.39387822E+0001   -0.39387822E+0001    0.50316670E+0000         1
 31950   -0.39387224E+0001   -0.39387224E+0001    0.46566096E+0000         1
 32000   -0.39390448E+0001   -0.39390448E+0001    0.52438354E+0000         1
 32050   -0.39391360E+0001   -0.39391360E+0001    0.45594066E+0000         1
 32100   -0.39389106E+0001   -0.39389106E+0001    0.59876954E+0000         1
 32150   -0.39394237E+0001   -0.39394237E+0001    0.35539396E+0000         1
 32200   -0.39387042E+0001   -0.39387042E+0001    0.66163275E+0000         1
 32250   -0.39386867E+0001   -0.39386867E+0001    0.60166147E+0000         1
 32300   -0.39393685E+0001   -0.39393685E+0001    0.39536113E+0000         1
 32350   -0.39391383E+0001   -0.39391383E+0001    0.49918328E+0000         1
 32400   -0.39391296E+0001   -0.39391296E+0001    0.51669880E+0000         1
 32450   -0.39387610E+0001   -0.39387610E+0001    0.58369909E+0000         1
 32500   -0.39386962E+0001   -0.39386962E+0001    0.65426496E+0000         1
 32550   -0.39389153E+0001   -0.39389153E+0001    0.59319058E+0000         1
 32600   -0.39390494E+0001   -0.39390494E+0001    0.59370392E+0000         1
 32650   -0.39396668E+0001   -0.39396668E+0001    0.29037414E+0000         1
 32700   -0.39391853E+0001   -0.39391853E+0001    0.48154804E+0000         1
 32750   -0.39391362E+0001   -0.39391362E+0001    0.47226268E+0000         1
 32800   -0.39391753E+0001   -0.39391753E+0001    0.46447701E+0000         1
 32850   -0.39393262E+0001   -0.39393262E+0001    0.41107734E+0000         1
 32900   -0.39392717E+0001   -0.39392717E+0001    0.43815469E+0000         1
 32950   -0.39393668E+0001   -0.39393668E+0001    0.37957866E+0000         1
 33000   -0.39393646E+0001   -0.39393646E+0001    0.38869116E+0000         1
 33050   -0.39394626E+0001   -0.39394626E+0001    0.38134737E+0000         1
 33100   -0.39387382E+0001   -0.39387382E+0001    0.63523234E+0000         1
 33150   -0.39389734E+0001   -0.39389734E+0001    0.52384871E+0000         1
 33200   -0.39389218E+0001   -0.39389218E+0001    0.54568904E+0000         1
 33250   -0.39391174E+0001   -0.39391174E+0001    0.49904846E+0000         1
 33300   -0.39390320E+0001   -0.39390320E+0001    0.57043792E+0000         1
 33350   -0.39395300E+0001   -0.39395300E+0001    0.36884511E+0000         1
 33400   -0.39392791E+0001   -0.39392791E+0001    0.46264316E+0000         1
 33450   -0.39394819E+0001   -0.39394819E+0001    0.40299483E+0000         1
 33500   -0.39391406E+0001   -0.39391406E+0001    0.46948729E+0000         1
 33550   -0.39392636E+0001   -0.39392636E+0001    0.36222621E+0000         1
 33600   -0.39390468E+0001   -0.39390468E+0001    0.50697745E+0000         1
 33650   -0.39389121E+0001   -0.39389121E+0001    0.55756152E+0000         1
 33700   -0.39389192E+0001   -0.39389192E+0001    0.55494198E+0000         1
 33750   -0.39393423E+0001   -0.39393423E+0001    0.43801720E+0000         1
 33800   -0.39394393E+0001   -0.39394393E+0001    0.31210289E+0000         1
 33850   -0.39392148E+0001   -0.39392148E+0001    0.44018567E+0000         1
 33900   -0.39393910E+0001   -0.39393910E+0001    0.39029595E+0000         1
 33950   -0.39390543E+0001   -0.39390543E+0001    0.45212295E+0000         1
 34000   -0.39392822E+0001   -0.39392822E+0001    0.37987651E+0000         1
 34050   -0.39388843E+0001   -0.39388843E+0001    0.44623796E+0000         1
 34100   -0.39382425E+0001   -0.39382425E+0001    0.67307117E+0000         1
 34150   -0.39392614E+0001   -0.39392614E+0001    0.45022417E+0000         1
 34200   -0.39389658E+0001   -0.39389658E+0001    0.50761071E+0000         1
 34250   -0.39391064E+0001   -0.39391064E+0001    0.51994063E+0000         1
 34300   -0.39389921E+0001   -0.39389921E+0001    0.48366902E+0000         1
 34350   -0.39394702E+0001   -0.39394702E+0001    0.38009117E+0000         1
 34400   -0.39394472E+0001   -0.39394472E+0001    0.38612118E+0000         1
 34450   -0.39391041E+0001   -0.39391041E+0001    0.49444583E+0000         1
 34500   -0.39394048E+0001   -0.39394048E+0001    0.40372835E+0000         1
 34550   -0.39389834E+0001   -0.39389834E+0001    0.56104335E+0000         1
 34600   -0.39393477E+0001   -0.39393477E+0001    0.40166438E+0000         1
 34650   -0.39389102E+0001   -0.39389102E+0001    0.54939725E+0000         1
 34700   -0.39394284E+0001   -0.39394284E+0001    0.37097712E+0000         1
 34750   -0.39390145E+0001   -0.39390145E+0001    0.60550976E+0000         1
 34800   -0.39388084E+0001   -0.39388084E+0001    0.65317083E+0000         1
 34850   -0.39393109E+0001   -0.39393109E+0001    0.43700408E+0000         1
 34900   -0.39382331E+0001   -0.39382331E+0001    0.61512667E+0000         1
 34950   -0.39385291E+0001   -0.39385291E+0001    0.59981970E+0000         1
 35000   -0.39389419E+0001   -0.39389419E+0001    0.53132885E+0000         1
 35050   -0.39389382E+0001   -0.39389382E+0001    0.54168641E+0000         1
 35100   -0.39392203E+0001   -0.39392203E+0001    0.38741839E+0000         1
 35150   -0.39387611E+0001   -0.39387611E+0001    0.54175577E+0000         1
 35200   -0.39387197E+0001   -0.39387197E+0001    0.44362666E+0000         1
 35250   -0.39385123E+0001   -0.39385123E+0001    0.59315060E+0000         1
 35300   -0.39389280E+0001   -0.39389280E+0001    0.49228201E+0000         1
 35350   -0.39392865E+0001   -0.39392865E+0001    0.40753754E+0000         1
 35400   -0.39395122E+0001   -0.39395122E+0001    0.35546826E+0000         1
 35450   -0.39392250E+0001   -0.39392250E+0001    0.49032721E+0000         1
 35500   -0.39392546E+0001   -0.39392546E+0001    0.48332947E+0000         1
 35550   -0.39388885E+0001   -0.39388885E+0001    0.50137300E+0000         1
 35600   -0.39388638E+0001   -0.39388638E+0001    0.56835315E+0000         1
 35650   -0.39384107E+0001   -0.39384107E+0001    0.68378935E+0000         1
 35700   -0.39386610E+0001   -0.39386610E+0001    0.64941592E+0000         1
 35750   -0.39388483E+0001   -0.39388483E+0001    0.58207141E+0000         1
 35800   -0.39395976E+0001   -0.39395976E+0001    0.38934668E+0000         1
 35850   -0.39390354E+0001   -0.39390354E+0001    0.51623085E+0000         1
 35900   -0.39390134E+0001   -0.39390134E+0001    0.59888975E+0000         1
 35950   -0.39394652E+0001   -0.39394652E+0001    0.42430753E+0000         1
 36000   -0.39394441E+0001   -0.39394441E+0001    0.42148966E+0000         1
 36050   -0.39388909E+0001   -0.39388909E+0001    0.57226736E+0000         1
 36100   -0.39396681E+0001   -0.39396681E+0001    0.37514052E+0000         1
 36150   -0.39387348E+0001   -0.39387348E+0001    0.69397142E+0000         1
 36200   -0.39388272E+0001   -0.39388272E+0001    0.60726828E+0000         1
 36250   -0.39393496E+0001   -0.39393496E+0001    0.44663383E+0000         1
 36300   -0.39389874E+0001   -0.39389874E+0001    0.54827767E+0000         1
 36350   -0.39393871E+0001   -0.39393871E+0001    0.44422588E+0000         1
 36400   -0.39385626E+0001   -0.39385626E+0001    0.60348699E+0000         1
 36450   -0.39386400E+0001   -0.39386400E+0001    0.55056650E+0000         1
 36500   -0.39381622E+0001   -0.39381622E+0001    0.67196032E+0000         1
 36550   -0.39390156E+0001   -0.39390156E+0001    0.52522718E+0000         1
 36600   -0.39387360E+0001   -0.39387360E+0001    0.60667910E+0000         1
 36650   -0.39389233E+0001   -0.39389233E+0001    0.57413989E+0000         1
 36700   -0.39387241E+0001   -0.39387241E+0001    0.51668829E+0000         1
 36750   -0.39387438E+0001   -0.39387438E+0001    0.50593045E+0000         1
 36800   -0.39394694E+0001   -0.39394694E+0001    0.37129558E+0000         1
 36850   -0.39395329E+0001   -0.39395329E+0001    0.35733811E+0000         1
 36900   -0.39386075E+0001   -0.39386075E+0001    0.64434389E+0000         1
 36950   -0.39392245E+0001   -0.39392245E+0001    0.53216086E+0000         1
 37000   -0.39392359E+0001   -0.39392359E+0001    0.46274822E+0000         1
 37050   -0.39392817E+0001   -0.39392817E+0001    0.39794688E+0000         1
 37100   -0.39390180E+0001   -0.39390180E+0001    0.52476275E+0000         1
 37150   -0.39398272E+0001   -0.39398272E+0001    0.25671214E+0000         1
 37200   -0.39393102E+0001   -0.39393102E+0001    0.51475256E+0000         1
 37250   -0.39389942E+0001   -0.39389942E+0001    0.57161833E+0000         1
 37300   -0.39393215E+0001   -0.39393215E+0001    0.53040339E+0000         1
 37350   -0.39392418E+0001   -0.39392418E+0001    0.52369048E+0000         1
 37400   -0.39396772E+0001   -0.39396772E+0001    0.28361608E+0000         1
 37450   -0.39396097E+0001   -0.39396097E+0001    0.32118895E+0000         1
 37500   -0.39388893E+0001   -0.39388893E+0001    0.60172980E+0000         1
 37550   -0.39389942E+0001   -0.39389942E+0001    0.56332518E+0000         1
 37600   -0.39389987E+0001   -0.39389987E+0001    0.51727302E+0000         1
 37650   -0.39393185E+0001   -0.39393185E+0001    0.46631605E+0000         1
 37700   -0.39392108E+0001   -0.39392108E+0001    0.48069840E+0000         1
 37750   -0.39387642E+0001   -0.39387642E+0001    0.56700992E+0000         1
 37800   -0.39383638E+0001   -0.39383638E+0001    0.69300604E+0000         1
 37850   -0.39391697E+0001   -0.39391697E+0001    0.38857315E+0000         1
 37900   -0.39390557E+0001   -0.39390557E+0001    0.43140737E+0000         1
 37950   -0.39382154E+0001   -0.39382154E+0001    0.65710277E+0000         1
 38000   -0.39385794E+0001   -0.39385794E+0001    0.54042344E+0000         1
 38050   -0.39393766E+0001   -0.39393766E+0001    0.36352703E+0000         1
 38100   -0.39395296E+0001   -0.39395296E+0001    0.36607049E+0000         1
 38150   -0.39393523E+0001   -0.39393523E+0001    0.37393610E+0000         1
 38200   -0.39380489E+0001   -0.39380489E+0001    0.73585096E+0000         1
 38250   -0.39380399E+0001   -0.39380399E+0001    0.64687212E+0000         1
 38300   -0.39390895E+0001   -0.39390895E+0001    0.51806362E+0000         1
 38350   -0.39381840E+0001   -0.39381840E+0001    0.79494109E+0000         1
 38400   -0.39391283E+0001   -0.39391283E+0001    0.47271516E+0000         1
 38450   -0.39393441E+0001   -0.39393441E+0001    0.41626738E+0000         1
 38500   -0.39392759E+0001   -0.39392759E+0001    0.44159659E+0000         1
 38550   -0.39386326E+0001   -0.39386326E+0001    0.73224226E+0000         1
 38600   -0.39380462E+0001   -0.39380462E+0001    0.89088441E+0000         1
 38650   -0.39388617E+0001   -0.39388617E+0001    0.60891702E+0000         1
 38700   -0.39393852E+0001   -0.39393852E+0001    0.43885142E+0000         1
 38750   -0.39394777E+0001   -0.39394777E+0001    0.32728146E+0000         1
 38800   -0.39393359E+0001   -0.39393359E+0001    0.39004265E+0000         1
 38850   -0.39395893E+0001   -0.39395893E+0001    0.35198497E+0000         1
 38900   -0.39390688E+0001   -0.39390688E+0001    0.62047652E+0000         1
 38950   -0.39389092E+0001   -0.39389092E+0001    0.60881148E+0000         1
 39000   -0.39391307E+0001   -0.39391307E+0001    0.57635376E+0000         1
 39050   -0.39392334E+0001   -0.39392334E+0001    0.46545731E+0000         1
 39100   -0.39383984E+0001   -0.39383984E+0001    0.79037960E+0000         1
 39150   -0.39395588E+0001   -0.39395588E+0001    0.28269230E+0000         1
 39200   -0.39393665E+0001   -0.39393665E+0001    0.39601438E+0000         1
 39250   -0.39392094E+0001   -0.39392094E+0001    0.40888483E+0000         1
 39300   -0.39390194E+0001   -0.39390194E+0001    0.40591941E+0000         1
 39350   -0.39388912E+0001   -0.39388912E+0001    0.51302323E+0000         1
 39400   -0.39380338E+0001   -0.39380338E+0001    0.74241038E+0000         1
 39450   -0.39382697E+0001   -0.39382697E+0001    0.69775856E+0000         1
 39500   -0.39387845E+0001   -0.39387845E+0001    0.65761442E+0000         1
 39550   -0.39386108E+0001   -0.39386108E+0001    0.63527570E+0000         1
 39600   -0.39389488E+0001   -0.39389488E+0001    0.51334196E+0000         1
 39650   -0.39384641E+0001   -0.39384641E+0001    0.60146767E+0000         1
 39700   -0.39387450E+0001   -0.39387450E+0001    0.58930192E+0000         1
 39750   -0.39380236E+0001   -0.39380236E+0001    0.65233773E+0000         1
 39800   -0.39385792E+0001   -0.39385792E+0001    0.60029843E+0000         1
 39850   -0.39388662E+0001   -0.39388662E+0001    0.50321556E+0000         1
 39900   -0.39389779E+0001   -0.39389779E+0001    0.49379468E+0000         1
 39950   -0.39392378E+0001   -0.39392378E+0001    0.43061185E+0000         1
 40000   -0.39390798E+0001   -0.39390798E+0001    0.54457953E+0000         1
 40050   -0.39391270E+0001   -0.39391270E+0001    0.47469146E+0000         1
 40100   -0.39383262E+0001   -0.39383262E+0001    0.72886217E+0000         1
 40150   -0.39385592E+0001   -0.39385592E+0001    0.62385578E+0000         1
 40200   -0.39387533E+0001   -0.39387533E+0001    0.54673609E+0000         1
 40250   -0.39387045E+0001   -0.39387045E+0001    0.58454128E+0000         1
 40300   -0.39391577E+0001   -0.39391577E+0001    0.48341723E+0000         1
 40350   -0.39392421E+0001   -0.39392421E+0001    0.46433393E+0000         1
 40400   -0.39392578E+0001   -0.39392578E+0001    0.41343135E+0000         1
 40450   -0.39386441E+0001   -0.39386441E+0001    0.62903833E+0000         1
 40500   -0.39383615E+0001   -0.39383615E+0001    0.79214457E+0000         1
 40550   -0.39389770E+0001   -0.39389770E+0001    0.49073299E+0000         1
 40600   -0.39394527E+0001   -0.39394527E+0001    0.30247025E+0000         1
 40650   -0.39393483E+0001   -0.39393483E+0001    0.35810469E+0000         1
 40700   -0.39384788E+0001   -0.39384788E+0001    0.59800417E+0000         1
 40750   -0.39388565E+0001   -0.39388565E+0001    0.56207152E+0000         1
 40800   -0.39385861E+0001   -0.39385861E+0001    0.52576221E+0000         1
 40850   -0.39388588E+0001   -0.39388588E+0001    0.50268194E+0000         1
 40900   -0.39392872E+0001   -0.39392872E+0001    0.38796675E+0000         1
 40950   -0.39392321E+0001   -0.39392321E+0001    0.43104923E+0000         1
 41000   -0.39390558E+0001   -0.39390558E+0001    0.41342825E+0000         1
 41050   -0.39388044E+0001   -0.39388044E+0001    0.63156555E+0000         1
 41100   -0.39388668E+0001   -0.39388668E+0001    0.63962934E+0000         1
 41150   -0.39384711E+0001   -0.39384711E+0001    0.75999347E+0000         1
 41200   -0.39389201E+0001   -0.39389201E+0001    0.70255123E+0000         1
 41250   -0.39390645E+0001   -0.39390645E+0001    0.46080092E+0000         1
 41300   -0.39390270E+0001   -0.39390270E+0001    0.54093946E+0000         1
 41350   -0.39387419E+0001   -0.39387419E+0001    0.57868799E+0000         1
 41400   -0.39392199E+0001   -0.39392199E+0001    0.37773662E+0000         1
 41450   -0.39385378E+0001   -0.39385378E+0001    0.51851978E+0000         1
 41500   -0.39385643E+0001   -0.39385643E+0001    0.44153440E+0000         1
 41550   -0.39381758E+0001   -0.39381758E+0001    0.58853189E+0000         1
 41600   -0.39385233E+0001   -0.39385233E+0001    0.57678331E+0000         1
 41650   -0.39387161E+0001   -0.39387161E+0001    0.62568561E+0000         1
 41700   -0.39387667E+0001   -0.39387667E+0001    0.60248743E+0000         1
 41750   -0.39391016E+0001   -0.39391016E+0001    0.47547900E+0000         1
 41800   -0.39389583E+0001   -0.39389583E+0001    0.57479423E+0000         1
 41850   -0.39394577E+0001   -0.39394577E+0001    0.39882265E+0000         1
 41900   -0.39393358E+0001   -0.39393358E+0001    0.41190138E+0000         1
 41950   -0.39389318E+0001   -0.39389318E+0001    0.48630717E+0000         1
 42000   -0.39384253E+0001   -0.39384253E+0001    0.62291501E+0000         1
 42050   -0.39391108E+0001   -0.39391108E+0001    0.49575103E+0000         1
 42100   -0.39388609E+0001   -0.39388609E+0001    0.50554213E+0000         1
 42150   -0.39385683E+0001   -0.39385683E+0001    0.60031464E+0000         1
 42200   -0.39388177E+0001   -0.39388177E+0001    0.50890194E+0000         1
 42250   -0.39392072E+0001   -0.39392072E+0001    0.39994074E+0000         1
 42300   -0.39391021E+0001   -0.39391021E+0001    0.50155064E+0000         1
 42350   -0.39394558E+0001   -0.39394558E+0001    0.39643763E+0000         1
 42400   -0.39392083E+0001   -0.39392083E+0001    0.47560177E+0000         1
 42450   -0.39392339E+0001   -0.39392339E+0001    0.45831555E+0000         1
 42500   -0.39395827E+0001   -0.39395827E+0001    0.38793874E+0000         1
 42550   -0.39391028E+0001   -0.39391028E+0001    0.46393350E+0000         1
 42600   -0.39389810E+0001   -0.39389810E+0001    0.47158853E+0000         1
 42650   -0.39390366E+0001   -0.39390366E+0001    0.52213095E+0000         1
 42700   -0.39392790E+0001   -0.39392790E+0001    0.42965457E+0000         1
 42750   -0.39389363E+0001   -0.39389363E+0001    0.56054972E+0000         1
 42800   -0.39391312E+0001   -0.39391312E+0001    0.57460055E+0000         1
 42850   -0.39380650E+0001   -0.39380650E+0001    0.76366453E+0000         1
 42900   -0.39384088E+0001   -0.39384088E+0001    0.67724787E+0000         1
 42950   -0.39382973E+0001   -0.39382973E+0001    0.67590918E+0000         1
 43000   -0.39390468E+0001   -0.39390468E+0001    0.51896595E+0000         1
 43050   -0.39386717E+0001   -0.39386717E+0001    0.68027601E+0000         1
 43100   -0.39390212E+0001   -0.39390212E+0001    0.48926807E+0000         1
 43150   -0.39389682E+0001   -0.39389682E+0001    0.44202365E+0000         1
 43200   -0.39387147E+0001   -0.39387147E+0001    0.43723214E+0000         1
 43250   -0.39387115E+0001   -0.39387115E+0001    0.52930510E+0000         1
 43300   -0.39393357E+0001   -0.39393357E+0001    0.40103312E+0000         1
 43350   -0.39392952E+0001   -0.39392952E+0001    0.37953273E+0000         1
 43400   -0.39390694E+0001   -0.39390694E+0001    0.55901951E+0000         1
 43450   -0.39391878E+0001   -0.39391878E+0001    0.43607576E+0000         1
 43500   -0.39389606E+0001   -0.39389606E+0001    0.43268542E+0000         1
 43550   -0.39391412E+0001   -0.39391412E+0001    0.37303406E+0000         1
 43600   -0.39394092E+0001   -0.39394092E+0001    0.35313917E+0000         1
 43650   -0.39390589E+0001   -0.39390589E+0001    0.51163586E+0000         1
 43700   -0.39387693E+0001   -0.39387693E+0001    0.56381241E+0000         1
 43750   -0.39390813E+0001   -0.39390813E+0001    0.50670359E+0000         1
 43800   -0.39390888E+0001   -0.39390888E+0001    0.46010137E+0000         1
 43850   -0.39393391E+0001   -0.39393391E+0001    0.46780396E+0000         1
 43900   -0.39394064E+0001   -0.39394064E+0001    0.46994759E+0000         1
 43950   -0.39395479E+0001   -0.39395479E+0001    0.45581884E+0000         1
 44000   -0.39396768E+0001   -0.39396768E+0001    0.24825274E+0000         1
 44050   -0.39392676E+0001   -0.39392676E+0001    0.46302593E+0000         1
 44100   -0.39393575E+0001   -0.39393575E+0001    0.52054147E+0000         1
 44150   -0.39393517E+0001   -0.39393517E+0001    0.51794165E+0000         1
 44200   -0.39392955E+0001   -0.39392955E+0001    0.49274725E+0000         1
 44250   -0.39394022E+0001   -0.39394022E+0001    0.38740354E+0000         1
 44300   -0.39387964E+0001   -0.39387964E+0001    0.64009834E+0000         1
 44350   -0.39390315E+0001   -0.39390315E+0001    0.60714228E+0000         1
 44400   -0.39389846E+0001   -0.39389846E+0001    0.59402471E+0000         1
 44450   -0.39393031E+0001   -0.39393031E+0001    0.45032213E+0000         1
 44500   -0.39391318E+0001   -0.39391318E+0001    0.46828332E+0000         1
 44550   -0.39394947E+0001   -0.39394947E+0001    0.45236581E+0000         1
 44600   -0.39395408E+0001   -0.39395408E+0001    0.37295288E+0000         1
 44650   -0.39394856E+0001   -0.39394856E+0001    0.39209690E+0000         1
 44700   -0.39393527E+0001   -0.39393527E+0001    0.44572179E+0000         1
 44750   -0.39391604E+0001   -0.39391604E+0001    0.57550726E+0000         1
 44800   -0.39394208E+0001   -0.39394208E+0001    0.37555070E+0000         1
 44850   -0.39391237E+0001   -0.39391237E+0001    0.45827956E+0000         1
 44900   -0.39396732E+0001   -0.39396732E+0001    0.28221095E+0000         1
 44950   -0.39394462E+0001   -0.39394462E+0001    0.42181523E+0000         1
 45000   -0.39393337E+0001   -0.39393337E+0001    0.48925307E+0000         1
 45050   -0.39393143E+0001   -0.39393143E+0001    0.39625828E+0000         1
 45100   -0.39393360E+0001   -0.39393360E+0001    0.39920196E+0000         1
 45150   -0.39389875E+0001   -0.39389875E+0001    0.61416735E+0000         1
 45200   -0.39392788E+0001   -0.39392788E+0001    0.45526176E+0000         1
 45250   -0.39390558E+0001   -0.39390558E+0001    0.57714923E+0000         1
 45300   -0.39388729E+0001   -0.39388729E+0001    0.59067763E+0000         1
 45350   -0.39390409E+0001   -0.39390409E+0001    0.51931100E+0000         1
 45400   -0.39390551E+0001   -0.39390551E+0001    0.48203871E+0000         1
 45450   -0.39384372E+0001   -0.39384372E+0001    0.59545285E+0000         1
 45500   -0.39383485E+0001   -0.39383485E+0001    0.62776388E+0000         1
 45550   -0.39382628E+0001   -0.39382628E+0001    0.59219991E+0000         1
 45600   -0.39386411E+0001   -0.39386411E+0001    0.51143545E+0000         1
 45650   -0.39389323E+0001   -0.39389323E+0001    0.55026414E+0000         1
 45700   -0.39383540E+0001   -0.39383540E+0001    0.64079678E+0000         1
 45750   -0.39385712E+0001   -0.39385712E+0001    0.60860041E+0000         1
 45800   -0.39383574E+0001   -0.39383574E+0001    0.63605965E+0000         1
 45850   -0.39388342E+0001   -0.39388342E+0001    0.60000772E+0000         1
 45900   -0.39392816E+0001   -0.39392816E+0001    0.43504136E+0000         1
 45950   -0.39393148E+0001   -0.39393148E+0001    0.44582458E+0000         1
 46000   -0.39395030E+0001   -0.39395030E+0001    0.42523159E+0000         1
 46050   -0.39392713E+0001   -0.39392713E+0001    0.41373984E+0000         1
 46100   -0.39395254E+0001   -0.39395254E+0001    0.32462386E+0000         1
 46150   -0.39395498E+0001   -0.39395498E+0001    0.38410705E+0000         1
 46200   -0.39397080E+0001   -0.39397080E+0001    0.27475624E+0000         1
 46250   -0.39391611E+0001   -0.39391611E+0001    0.48756472E+0000         1
 46300   -0.39388223E+0001   -0.39388223E+0001    0.68033728E+0000         1
 46350   -0.39391858E+0001   -0.39391858E+0001    0.51126537E+0000         1
 46400   -0.39391063E+0001   -0.39391063E+0001    0.54816643E+0000         1
 46450   -0.39395602E+0001   -0.39395602E+0001    0.33385196E+0000         1
 46500   -0.39397785E+0001   -0.39397785E+0001    0.27668798E+0000         1
 46550   -0.39392328E+0001   -0.39392328E+0001    0.53715093E+0000         1
 46600   -0.39393602E+0001   -0.39393602E+0001    0.48390170E+0000         1
 46650   -0.39392460E+0001   -0.39392460E+0001    0.52715675E+0000         1
 46700   -0.39392074E+0001   -0.39392074E+0001    0.46478063E+0000         1
 46750   -0.39391230E+0001   -0.39391230E+0001    0.49276135E+0000         1
 46800   -0.39390767E+0001   -0.39390767E+0001    0.50230487E+0000         1
 46850   -0.39390030E+0001   -0.39390030E+0001    0.53832328E+0000         1
 46900   -0.39385987E+0001   -0.39385987E+0001    0.64863508E+0000         1
 46950   -0.39390202E+0001   -0.39390202E+0001    0.62602376E+0000         1
 47000   -0.39395509E+0001   -0.39395509E+0001    0.42072724E+0000         1
 47050   -0.39392160E+0001   -0.39392160E+0001    0.50202729E+0000         1
 47100   -0.39388123E+0001   -0.39388123E+0001    0.58397416E+0000         1
 47150   -0.39387090E+0001   -0.39387090E+0001    0.58627877E+0000         1
 47200   -0.39392019E+0001   -0.39392019E+0001    0.50488938E+0000         1
 47250   -0.39390436E+0001   -0.39390436E+0001    0.50348571E+0000         1
 47300   -0.39389604E+0001   -0.39389604E+0001    0.48167159E+0000         1
 47350   -0.39387195E+0001   -0.39387195E+0001    0.59709830E+0000         1
 47400   -0.39384829E+0001   -0.39384829E+0001    0.61803884E+0000         1
 47450   -0.39390041E+0001   -0.39390041E+0001    0.53067181E+0000         1
 47500   -0.39393155E+0001   -0.39393155E+0001    0.44442346E+0000         1
 47550   -0.39393991E+0001   -0.39393991E+0001    0.44015061E+0000         1
 47600   -0.39395659E+0001   -0.39395659E+0001    0.40407770E+0000         1
 47650   -0.39395975E+0001   -0.39395975E+0001    0.43692838E+0000         1
 47700   -0.39395597E+0001   -0.39395597E+0001    0.39681114E+0000         1
 47750   -0.39394707E+0001   -0.39394707E+0001    0.43862385E+0000         1
 47800   -0.39394415E+0001   -0.39394415E+0001    0.41414095E+0000         1
 47850   -0.39392242E+0001   -0.39392242E+0001    0.48641075E+0000         1
 47900   -0.39395315E+0001   -0.39395315E+0001    0.29412481E+0000         1
 47950   -0.39395034E+0001   -0.39395034E+0001    0.46145939E+0000         1
 48000   -0.39392093E+0001   -0.39392093E+0001    0.51661470E+0000         1
