     1   -0.39239929E+0001   -0.39243135E+0001    0.14007888E+0001     12004
    50   -0.39234854E+0001   -0.39279387E+0001    0.12110599E+0001     12150
   100   -0.39244222E+0001   -0.39291973E+0001    0.11408069E+0001     12281
   150   -0.39258742E+0001   -0.39306932E+0001    0.10221412E+0001     12475
   200   -0.39276129E+0001   -0.39318464E+0001    0.99198330E+0000     12798
   250   -0.39291466E+0001   -0.39328738E+0001    0.88988989E+0000     12863
   300   -0.39303033E+0001   -0.39343075E+0001    0.83951818E+0000     13195
   350   -0.39313571E+0001   -0.39349081E+0001    0.72654862E+0000     13628
   400   -0.39324286E+0001   -0.39363629E+0001    0.69123501E+0000     13714
     1   -0.39239964E+0001   -0.39243609E+0001    0.14007888E+0001     12000
    50   -0.39232397E+0001   -0.39275039E+0001    0.11976051E+0001     11925
   100   -0.39238564E+0001   -0.39293656E+0001    0.11161149E+0001     12278
   150   -0.39259604E+0001   -0.39313595E+0001    0.97344170E+0000     12739
   200   -0.39284789E+0001   -0.39324322E+0001    0.90566062E+0000     13113
   250   -0.39293593E+0001   -0.39328002E+0001    0.91755806E+0000     13474
   300   -0.39300211E+0001   -0.39336159E+0001    0.88063913E+0000     13605
   350   -0.39306328E+0001   -0.39345663E+0001    0.86019491E+0000     13766
   400   -0.39313232E+0001   -0.39347381E+0001    0.78706984E+0000     14219
     1   -0.39239884E+0001   -0.39243344E+0001    0.14007888E+0001     11999
    50   -0.39230439E+0001   -0.39279146E+0001    0.11910336E+0001     12124
   100   -0.39237355E+0001   -0.39290358E+0001    0.11407699E+0001     12392
   150   -0.39254767E+0001   -0.39299549E+0001    0.10853468E+0001     12538
   200   -0.39265741E+0001   -0.39313489E+0001    0.10193235E+0001     12685
   250   -0.39274590E+0001   -0.39321411E+0001    0.94936080E+0000     13056
   300   -0.39287714E+0001   -0.39332423E+0001    0.87160162E+0000     13582
   350   -0.39300400E+0001   -0.39336574E+0001    0.86436286E+0000     13884
   400   -0.39308844E+0001   -0.39344519E+0001    0.80135875E+0000     14286
     1   -0.39239831E+0001   -0.39243248E+0001    0.14007888E+0001     11993
    50   -0.39228261E+0001   -0.39270075E+0001    0.12379116E+0001     11897
   100   -0.39230949E+0001   -0.39278127E+0001    0.12037128E+0001     12265
   150   -0.39242315E+0001   -0.39284757E+0001    0.11440582E+0001     12241
   200   -0.39252284E+0001   -0.39298153E+0001    0.10891274E+0001     12535
   250   -0.39260016E+0001   -0.39302798E+0001    0.10439721E+0001     12830
   300   -0.39269348E+0001   -0.39315265E+0001    0.94841789E+0000     13033
   350   -0.39283521E+0001   -0.39329229E+0001    0.90676494E+0000     13139
   400   -0.39295696E+0001   -0.39338965E+0001    0.85624614E+0000     13280
     1   -0.39239770E+0001   -0.39243342E+0001    0.14007888E+0001     11996
    50   -0.39225798E+0001   -0.39271912E+0001    0.12468027E+0001     12199
   100   -0.39227642E+0001   -0.39280237E+0001    0.11885997E+0001     12299
   150   -0.39239771E+0001   -0.39294023E+0001    0.11457743E+0001     12796
   200   -0.39248617E+0001   -0.39295737E+0001    0.10733183E+0001     13249
   250   -0.39256847E+0001   -0.39301967E+0001    0.10315480E+0001     13611
   300   -0.39266565E+0001   -0.39308750E+0001    0.95897746E+0000     13835
   350   -0.39274555E+0001   -0.39311073E+0001    0.93477824E+0000     14311
   400   -0.39279011E+0001   -0.39321607E+0001    0.88790678E+0000     14723
     1   -0.39239735E+0001   -0.39243343E+0001    0.14007888E+0001     12006
    50   -0.39224146E+0001   -0.39271426E+0001    0.12351349E+0001     12243
   100   -0.39225795E+0001   -0.39283231E+0001    0.11891938E+0001     12579
   150   -0.39236804E+0001   -0.39299170E+0001    0.11421758E+0001     12640
   200   -0.39247949E+0001   -0.39303756E+0001    0.10004448E+0001     13087
   250   -0.39270106E+0001   -0.39318962E+0001    0.92880242E+0000     13367
   300   -0.39287899E+0001   -0.39328764E+0001    0.87722081E+0000     13652
   350   -0.39293454E+0001   -0.39327318E+0001    0.86629236E+0000     14102
   400   -0.39297942E+0001   -0.39335972E+0001    0.81744882E+0000     14637
     1   -0.39239721E+0001   -0.39243814E+0001    0.14007888E+0001     12000
    50   -0.39221979E+0001   -0.39272942E+0001    0.12648520E+0001     11983
   100   -0.39219464E+0001   -0.39280978E+0001    0.12305288E+0001     12248
   150   -0.39226309E+0001   -0.39277980E+0001    0.12213082E+0001     12458
   200   -0.39227815E+0001   -0.39275901E+0001    0.11781157E+0001     12875
   250   -0.39227120E+0001   -0.39276573E+0001    0.11988783E+0001     13316
   300   -0.39230097E+0001   -0.39277574E+0001    0.11409269E+0001     13467
   350   -0.39229636E+0001   -0.39272446E+0001    0.11516685E+0001     13732
   400   -0.39224833E+0001   -0.39270790E+0001    0.10892831E+0001     14242
   450   -0.39224039E+0001   -0.39272682E+0001    0.11124655E+0001     15046
   500   -0.39225575E+0001   -0.39282197E+0001    0.10874553E+0001     15254
   550   -0.39226451E+0001   -0.39289161E+0001    0.10871047E+0001     15521
   600   -0.39225758E+0001   -0.39294918E+0001    0.10554971E+0001     15939
   650   -0.39226708E+0001   -0.39286464E+0001    0.10709977E+0001     16499
   700   -0.39225902E+0001   -0.39288687E+0001    0.10829426E+0001     16657
   750   -0.39227769E+0001   -0.39293751E+0001    0.10406915E+0001     17259
     1   -0.39239681E+0001   -0.39243677E+0001    0.14007888E+0001     12006
    50   -0.39220522E+0001   -0.39274325E+0001    0.12408151E+0001     12335
   100   -0.39219903E+0001   -0.39275072E+0001    0.11978502E+0001     12592
   150   -0.39234150E+0001   -0.39280953E+0001    0.11821442E+0001     13087
   200   -0.39240085E+0001   -0.39293189E+0001    0.10916232E+0001     13860
   250   -0.39247405E+0001   -0.39302777E+0001    0.10421677E+0001     14535
   300   -0.39268400E+0001   -0.39308355E+0001    0.96474981E+0000     14994
   350   -0.39279250E+0001   -0.39312855E+0001    0.91702761E+0000     15229
   400   -0.39282094E+0001   -0.39318819E+0001    0.90081031E+0000     15565
     1   -0.39239664E+0001   -0.39243300E+0001    0.14007888E+0001     12003
    50   -0.39219183E+0001   -0.39260276E+0001    0.12708114E+0001     12119
   100   -0.39213998E+0001   -0.39269508E+0001    0.12046614E+0001     12434
   150   -0.39222761E+0001   -0.39279226E+0001    0.10881171E+0001     12944
   200   -0.39236180E+0001   -0.39283882E+0001    0.10853033E+0001     13205
   250   -0.39232834E+0001   -0.39287858E+0001    0.10159032E+0001     13734
   300   -0.39231029E+0001   -0.39286604E+0001    0.10078044E+0001     14010
   350   -0.39235671E+0001   -0.39296106E+0001    0.10113120E+0001     14635
   400   -0.39251987E+0001   -0.39301187E+0001    0.93549920E+0000     14998
     1   -0.39239671E+0001   -0.39243588E+0001    0.14007888E+0001     11998
    50   -0.39218507E+0001   -0.39264821E+0001    0.12889388E+0001     12161
   100   -0.39212030E+0001   -0.39265056E+0001    0.12609204E+0001     12433
   150   -0.39215947E+0001   -0.39268560E+0001    0.12230787E+0001     12819
   200   -0.39221694E+0001   -0.39275080E+0001    0.12043390E+0001     13228
   250   -0.39227943E+0001   -0.39280608E+0001    0.12103779E+0001     13607
   300   -0.39227251E+0001   -0.39276736E+0001    0.11594575E+0001     13879
   350   -0.39227588E+0001   -0.39282027E+0001    0.11368110E+0001     14288
   400   -0.39233980E+0001   -0.39286881E+0001    0.11187591E+0001     14761
     1   -0.39239670E+0001   -0.39243655E+0001    0.14007888E+0001     12002
    50   -0.39216313E+0001   -0.39263791E+0001    0.12860192E+0001     11990
   100   -0.39208787E+0001   -0.39265002E+0001    0.12743961E+0001     12549
   150   -0.39215726E+0001   -0.39273555E+0001    0.12334148E+0001     12923
   200   -0.39216981E+0001   -0.39272549E+0001    0.12476277E+0001     13292
   250   -0.39213839E+0001   -0.39271609E+0001    0.12310783E+0001     13546
   300   -0.39207264E+0001   -0.39256992E+0001    0.12089640E+0001     13878
   350   -0.39200173E+0001   -0.39260320E+0001    0.12020253E+0001     14330
   400   -0.39196464E+0001   -0.39256078E+0001    0.12206595E+0001     14663
   450   -0.39189392E+0001   -0.39248924E+0001    0.12533469E+0001     14849
   500   -0.39182633E+0001   -0.39245867E+0001    0.12530934E+0001     15262
   550   -0.39178368E+0001   -0.39235920E+0001    0.12411084E+0001     15439
   600   -0.39177567E+0001   -0.39232940E+0001    0.12584874E+0001     15689
   650   -0.39170188E+0001   -0.39230894E+0001    0.12180308E+0001     16152
   700   -0.39163659E+0001   -0.39216950E+0001    0.12233839E+0001     16794
   750   -0.39157240E+0001   -0.39219412E+0001    0.12219132E+0001     17433
   800   -0.39152328E+0001   -0.39204890E+0001    0.12306372E+0001     17861
   850   -0.39146439E+0001   -0.39209353E+0001    0.12082580E+0001     18444
   900   -0.39142398E+0001   -0.39203569E+0001    0.12589390E+0001     18966
   950   -0.39138226E+0001   -0.39196513E+0001    0.12922921E+0001     19200
  1000   -0.39128065E+0001   -0.39204627E+0001    0.12820809E+0001     19675
  1050   -0.39116877E+0001   -0.39196575E+0001    0.13127803E+0001     19895
  1100   -0.39107615E+0001   -0.39190762E+0001    0.12914419E+0001     20160
  1150   -0.39099347E+0001   -0.39184485E+0001    0.13179995E+0001     20572
  1200   -0.39093539E+0001   -0.39170663E+0001    0.13184631E+0001     21255
  1250   -0.39092205E+0001   -0.39182144E+0001    0.12850281E+0001     21833
  1300   -0.39094617E+0001   -0.39194536E+0001    0.12724439E+0001     22581
  1350   -0.39103510E+0001   -0.39187666E+0001    0.12902038E+0001     23292
  1400   -0.39113389E+0001   -0.39187139E+0001    0.12951500E+0001     23827
  1450   -0.39110270E+0001   -0.39178121E+0001    0.12877565E+0001     24392
  1500   -0.39102482E+0001   -0.39162387E+0001    0.13193275E+0001     25001
  1550   -0.39094291E+0001   -0.39157660E+0001    0.13514095E+0001     25634
  1600   -0.39082483E+0001   -0.39144986E+0001    0.13582561E+0001     26460
  1601   -0.39083879E+0001   -0.39083879E+0001    0.13909785E+0001     12000
  1650   -0.39113052E+0001   -0.39154029E+0001    0.12928430E+0001     12012
  1700   -0.39093914E+0001   -0.39154453E+0001    0.13299284E+0001     12105
  1750   -0.39079668E+0001   -0.39132602E+0001    0.13372415E+0001     12225
  1800   -0.39067796E+0001   -0.39136698E+0001    0.13807128E+0001     12478
  1850   -0.39057951E+0001   -0.39132672E+0001    0.14031126E+0001     12589
  1900   -0.39049000E+0001   -0.39131902E+0001    0.14127106E+0001     12949
  1950   -0.39034740E+0001   -0.39128724E+0001    0.14256482E+0001     13303
  2000   -0.39020517E+0001   -0.39099760E+0001    0.14451774E+0001     13797
  2050   -0.39007157E+0001   -0.39108778E+0001    0.14405303E+0001     14470
  2100   -0.38994586E+0001   -0.39096763E+0001    0.14821888E+0001     14824
  2150   -0.38982433E+0001   -0.39086358E+0001    0.14805064E+0001     15550
  2200   -0.38972027E+0001   -0.39086347E+0001    0.14636644E+0001     15709
  2250   -0.38965937E+0001   -0.39079423E+0001    0.15093272E+0001     15948
  2300   -0.38969949E+0001   -0.39078221E+0001    0.14761092E+0001     16248
  2350   -0.38967625E+0001   -0.39066733E+0001    0.15025954E+0001     16779
  2400   -0.38965466E+0001   -0.39068932E+0001    0.15086918E+0001     17036
  2450   -0.38959509E+0001   -0.39058846E+0001    0.15160185E+0001     17664
  2500   -0.38951404E+0001   -0.39027566E+0001    0.15408267E+0001     18135
  2550   -0.38940149E+0001   -0.39025937E+0001    0.15387999E+0001     18369
  2600   -0.38924818E+0001   -0.39012384E+0001    0.15554165E+0001     18950
  2650   -0.38905410E+0001   -0.39009192E+0001    0.15348398E+0001     18847
  2700   -0.38887406E+0001   -0.39008509E+0001    0.15601740E+0001     19169
  2750   -0.38874867E+0001   -0.38989348E+0001    0.15642082E+0001     19792
  2800   -0.38861301E+0001   -0.38971134E+0001    0.16280812E+0001     20265
  2850   -0.38842334E+0001   -0.38957106E+0001    0.15973964E+0001     20787
  2900   -0.38822395E+0001   -0.38947881E+0001    0.16115786E+0001     21313
  2950   -0.38804272E+0001   -0.38924062E+0001    0.16099867E+0001     21920
  3000   -0.38793946E+0001   -0.38922357E+0001    0.16287112E+0001     22362
  3050   -0.38781987E+0001   -0.38911937E+0001    0.16442983E+0001     23028
  3100   -0.38759549E+0001   -0.38890523E+0001    0.16581658E+0001     23860
  3150   -0.38735285E+0001   -0.38850342E+0001    0.16525799E+0001     24742
  3200   -0.38709407E+0001   -0.38837994E+0001    0.16626804E+0001     25505
  3201   -0.38711416E+0001   -0.38711416E+0001    0.16772556E+0001     12000
  3250   -0.38754781E+0001   -0.38817602E+0001    0.16365685E+0001     11960
  3300   -0.38721474E+0001   -0.38813442E+0001    0.16500267E+0001     11954
  3350   -0.38689987E+0001   -0.38784418E+0001    0.16471143E+0001     12155
  3400   -0.38660244E+0001   -0.38775490E+0001    0.16688608E+0001     12471
  3450   -0.38632157E+0001   -0.38763909E+0001    0.16760342E+0001     12878
  3500   -0.38603253E+0001   -0.38736459E+0001    0.16814063E+0001     13190
  3550   -0.38569736E+0001   -0.38692895E+0001    0.16756734E+0001     13534
  3600   -0.38533219E+0001   -0.38667383E+0001    0.16715245E+0001     13649
  3650   -0.38501501E+0001   -0.38639262E+0001    0.16631342E+0001     14012
  3700   -0.38464721E+0001   -0.38624906E+0001    0.16594025E+0001     14418
  3750   -0.38426740E+0001   -0.38601016E+0001    0.16255772E+0001     14749
  3800   -0.38385820E+0001   -0.38572592E+0001    0.16199654E+0001     14970
  3850   -0.38338290E+0001   -0.38525842E+0001    0.16137774E+0001     15328
  3900   -0.38286968E+0001   -0.38479029E+0001    0.15926001E+0001     15377
  3950   -0.38235943E+0001   -0.38447838E+0001    0.15781901E+0001     15414
  4000   -0.38185764E+0001   -0.38410814E+0001    0.15657880E+0001     15572
  4050   -0.38140275E+0001   -0.38381280E+0001    0.15523357E+0001     16138
  4100   -0.38096347E+0001   -0.38292134E+0001    0.15129437E+0001     16616
  4150   -0.38061131E+0001   -0.38241990E+0001    0.15137261E+0001     16925
  4200   -0.38027032E+0001   -0.38184877E+0001    0.14833771E+0001     17434
  4250   -0.37995021E+0001   -0.38138682E+0001    0.14737834E+0001     18069
  4300   -0.37964755E+0001   -0.38111370E+0001    0.14381029E+0001     18644
  4350   -0.37936895E+0001   -0.38070432E+0001    0.14352517E+0001     19295
  4400   -0.37906651E+0001   -0.38005868E+0001    0.14209416E+0001     19754
  4450   -0.37875179E+0001   -0.37989656E+0001    0.13782019E+0001     20227
  4500   -0.37841723E+0001   -0.37953810E+0001    0.13713908E+0001     20579
  4550   -0.37807302E+0001   -0.37919498E+0001    0.13376653E+0001     20852
  4600   -0.37774520E+0001   -0.37885708E+0001    0.13098322E+0001     21299
  4650   -0.37739288E+0001   -0.37863773E+0001    0.12839672E+0001     21253
  4700   -0.37699528E+0001   -0.37833617E+0001    0.12717234E+0001     21497
  4750   -0.37662976E+0001   -0.37800525E+0001    0.12510263E+0001     21698
  4800   -0.37629608E+0001   -0.37773229E+0001    0.12272802E+0001     21991
  4801   -0.37630672E+0001   -0.37630672E+0001    0.12137638E+0001     12000
  4850   -0.37653356E+0001   -0.37692078E+0001    0.12230495E+0001     12011
  4900   -0.37632498E+0001   -0.37698432E+0001    0.12310635E+0001     12099
  4950   -0.37611271E+0001   -0.37674297E+0001    0.12127275E+0001     12372
  5000   -0.37589723E+0001   -0.37657460E+0001    0.11946718E+0001     12306
  5050   -0.37567014E+0001   -0.37648715E+0001    0.11934887E+0001     12577
  5100   -0.37545380E+0001   -0.37624704E+0001    0.11744732E+0001     12975
  5150   -0.37523045E+0001   -0.37599084E+0001    0.11152593E+0001     13319
  5200   -0.37499003E+0001   -0.37580884E+0001    0.11284298E+0001     13470
  5250   -0.37473930E+0001   -0.37571050E+0001    0.10781768E+0001     13985
  5300   -0.37450216E+0001   -0.37571970E+0001    0.10772655E+0001     13934
  5350   -0.37424642E+0001   -0.37517217E+0001    0.10734099E+0001     14258
  5400   -0.37400173E+0001   -0.37506780E+0001    0.10330831E+0001     14306
  5450   -0.37378465E+0001   -0.37471474E+0001    0.10204773E+0001     14743
  5500   -0.37358210E+0001   -0.37458955E+0001    0.10179737E+0001     14638
  5550   -0.37339072E+0001   -0.37434326E+0001    0.98913308E+0000     14807
  5600   -0.37320908E+0001   -0.37426938E+0001    0.96497698E+0000     15023
  5650   -0.37301722E+0001   -0.37398739E+0001    0.97160724E+0000     15086
  5700   -0.37285668E+0001   -0.37386494E+0001    0.95276217E+0000     15542
  5750   -0.37271322E+0001   -0.37370415E+0001    0.92037103E+0000     15995
  5800   -0.37257896E+0001   -0.37361478E+0001    0.91902635E+0000     16357
  5850   -0.37245157E+0001   -0.37347601E+0001    0.90376909E+0000     16511
  5900   -0.37232256E+0001   -0.37321378E+0001    0.89871560E+0000     16676
  5950   -0.37220296E+0001   -0.37327309E+0001    0.87109972E+0000     17056
  6000   -0.37209827E+0001   -0.37289716E+0001    0.89050170E+0000     17549
  6050   -0.37199099E+0001   -0.37272255E+0001    0.85970255E+0000     17641
  6100   -0.37187289E+0001   -0.37252513E+0001    0.83981918E+0000     18017
  6150   -0.37176434E+0001   -0.37233295E+0001    0.83897324E+0000     18397
  6200   -0.37166816E+0001   -0.37228680E+0001    0.83930169E+0000     18744
  6250   -0.37157421E+0001   -0.37213792E+0001    0.78041148E+0000     19327
  6300   -0.37147104E+0001   -0.37210797E+0001    0.79250451E+0000     19575
  6350   -0.37136359E+0001   -0.37191526E+0001    0.76721688E+0000     19693
  6400   -0.37124998E+0001   -0.37178976E+0001    0.72381223E+0000     20207
  6401   -0.37125391E+0001   -0.37125391E+0001    0.72578968E+0000     12000
  6450   -0.37133730E+0001   -0.37160007E+0001    0.73343264E+0000     11968
  6500   -0.37126835E+0001   -0.37159280E+0001    0.73655752E+0000     12080
  6550   -0.37120151E+0001   -0.37155265E+0001    0.74254289E+0000     11981
  6600   -0.37112772E+0001   -0.37153977E+0001    0.75656075E+0000     11867
  6650   -0.37105407E+0001   -0.37149405E+0001    0.75092911E+0000     11985
  6700   -0.37098015E+0001   -0.37142200E+0001    0.73846774E+0000     12041
  6750   -0.37090744E+0001   -0.37131813E+0001    0.70565031E+0000     11934
  6800   -0.37082948E+0001   -0.37125005E+0001    0.72828452E+0000     12214
  6850   -0.37075955E+0001   -0.37125839E+0001    0.69085902E+0000     12627
  6900   -0.37069210E+0001   -0.37120559E+0001    0.63878806E+0000     12682
  6950   -0.37061409E+0001   -0.37117076E+0001    0.67079369E+0000     12753
  7000   -0.37052338E+0001   -0.37115446E+0001    0.65689475E+0000     12839
  7050   -0.37043370E+0001   -0.37096090E+0001    0.67942770E+0000     13035
  7100   -0.37034106E+0001   -0.37088356E+0001    0.65015833E+0000     13683
  7150   -0.37025471E+0001   -0.37086406E+0001    0.62704970E+0000     13804
  7200   -0.37017805E+0001   -0.37083504E+0001    0.62629003E+0000     14050
  7250   -0.37011839E+0001   -0.37074649E+0001    0.56749500E+0000     14362
  7300   -0.37006585E+0001   -0.37056312E+0001    0.62438779E+0000     14555
  7350   -0.37000810E+0001   -0.37058571E+0001    0.57494155E+0000     15029
  7400   -0.36994396E+0001   -0.37045908E+0001    0.57167466E+0000     15305
  7450   -0.36987203E+0001   -0.37040676E+0001    0.55949071E+0000     15541
  7500   -0.36981657E+0001   -0.37037874E+0001    0.52569475E+0000     15872
  7550   -0.36977082E+0001   -0.37034266E+0001    0.51163341E+0000     16442
  7600   -0.36973300E+0001   -0.37015680E+0001    0.53276817E+0000     16573
  7650   -0.36969652E+0001   -0.37014741E+0001    0.49785631E+0000     17019
  7700   -0.36965757E+0001   -0.37012024E+0001    0.49461017E+0000     17481
  7750   -0.36960623E+0001   -0.37006036E+0001    0.49331762E+0000     17563
  7800   -0.36955262E+0001   -0.37000903E+0001    0.42140478E+0000     18052
  7850   -0.36949905E+0001   -0.36995613E+0001    0.48701449E+0000     18637
  7900   -0.36945010E+0001   -0.36988559E+0001    0.48253323E+0000     18810
  7950   -0.36941189E+0001   -0.36989711E+0001    0.43220662E+0000     19091
  8000   -0.36937256E+0001   -0.36987196E+0001    0.43094468E+0000     19477
  8001   -0.36937353E+0001   -0.36937353E+0001    0.38000091E+0000     12000
  8050   -0.36939688E+0001   -0.36952004E+0001    0.39722149E+0000     12038
  8100   -0.36937941E+0001   -0.36952642E+0001    0.41998840E+0000     12136
  8150   -0.36935950E+0001   -0.36951937E+0001    0.43138301E+0000     12345
  8200   -0.36933987E+0001   -0.36951158E+0001    0.42353385E+0000     12851
  8250   -0.36932218E+0001   -0.36946987E+0001    0.43910176E+0000     12987
  8300   -0.36930091E+0001   -0.36953808E+0001    0.47432412E+0000     13204
  8350   -0.36928021E+0001   -0.36947721E+0001    0.45049801E+0000     13405
  8400   -0.36926040E+0001   -0.36947335E+0001    0.41635198E+0000     13607
  8450   -0.36923647E+0001   -0.36940957E+0001    0.44169906E+0000     13948
  8500   -0.36921039E+0001   -0.36945016E+0001    0.44542482E+0000     14132
  8550   -0.36919026E+0001   -0.36940801E+0001    0.43279562E+0000     14595
  8600   -0.36917809E+0001   -0.36939889E+0001    0.43670543E+0000     15091
  8650   -0.36916583E+0001   -0.36943109E+0001    0.41101268E+0000     15058
  8700   -0.36915334E+0001   -0.36942914E+0001    0.44332180E+0000     15389
  8750   -0.36914179E+0001   -0.36935017E+0001    0.41253201E+0000     15637
  8800   -0.36912122E+0001   -0.36935835E+0001    0.40557102E+0000     15940
  8850   -0.36909858E+0001   -0.36935006E+0001    0.41000647E+0000     16017
  8900   -0.36907654E+0001   -0.36938669E+0001    0.41785990E+0000     16211
  8950   -0.36905821E+0001   -0.36930252E+0001    0.43025567E+0000     16142
  9000   -0.36903783E+0001   -0.36932455E+0001    0.43361090E+0000     16564
  9050   -0.36902033E+0001   -0.36929114E+0001    0.41039084E+0000     16868
  9100   -0.36900599E+0001   -0.36927923E+0001    0.39869162E+0000     17141
  9150   -0.36898493E+0001   -0.36926963E+0001    0.39935672E+0000     17398
  9200   -0.36896858E+0001   -0.36929126E+0001    0.37784674E+0000     17462
  9250   -0.36895426E+0001   -0.36927769E+0001    0.37827870E+0000     17780
  9300   -0.36894168E+0001   -0.36924353E+0001    0.36223106E+0000     18041
  9350   -0.36892845E+0001   -0.36920469E+0001    0.36383513E+0000     18238
  9400   -0.36891707E+0001   -0.36916555E+0001    0.29489856E+0000     18691
  9450   -0.36890512E+0001   -0.36915686E+0001    0.27836967E+0000     19123
  9500   -0.36888772E+0001   -0.36912980E+0001    0.32268425E+0000     19273
  9550   -0.36886486E+0001   -0.36914303E+0001    0.34957251E+0000     19620
  9600   -0.36884361E+0001   -0.36906784E+0001    0.33107629E+0000     20013
  9601   -0.36884388E+0001   -0.36884388E+0001    0.19268394E+0000     12000
  9650   -0.36885010E+0001   -0.36888640E+0001    0.24016754E+0000     11977
  9700   -0.36884717E+0001   -0.36891944E+0001    0.29824080E+0000     12012
  9750   -0.36884314E+0001   -0.36891157E+0001    0.30703305E+0000     12155
  9800   -0.36883845E+0001   -0.36890962E+0001    0.33479171E+0000     12223
  9850   -0.36883325E+0001   -0.36893063E+0001    0.33856315E+0000     12343
  9900   -0.36882922E+0001   -0.36892183E+0001    0.35208838E+0000     12409
  9950   -0.36882467E+0001   -0.36890907E+0001    0.34007415E+0000     12674
 10000   -0.36882132E+0001   -0.36890069E+0001    0.34329551E+0000     12748
 10050   -0.36881755E+0001   -0.36892800E+0001    0.34639949E+0000     12962
 10100   -0.36881318E+0001   -0.36892455E+0001    0.33689693E+0000     13122
 10150   -0.36880880E+0001   -0.36892675E+0001    0.34607629E+0000     13529
 10200   -0.36880461E+0001   -0.36890211E+0001    0.30137813E+0000     13676
 10250   -0.36880088E+0001   -0.36891725E+0001    0.31933644E+0000     13936
 10300   -0.36879865E+0001   -0.36889122E+0001    0.34834191E+0000     14316
 10350   -0.36879806E+0001   -0.36891369E+0001    0.31022934E+0000     14632
 10400   -0.36879522E+0001   -0.36889095E+0001    0.27815416E+0000     14908
 10450   -0.36879240E+0001   -0.36887965E+0001    0.33523785E+0000     15294
 10500   -0.36879037E+0001   -0.36889404E+0001    0.31752622E+0000     15541
 10550   -0.36878768E+0001   -0.36888897E+0001    0.28934791E+0000     15814
 10600   -0.36878540E+0001   -0.36887650E+0001    0.29455719E+0000     16019
 10650   -0.36878317E+0001   -0.36887879E+0001    0.31681543E+0000     16349
 10700   -0.36878292E+0001   -0.36885998E+0001    0.31400976E+0000     16841
 10750   -0.36877807E+0001   -0.36887759E+0001    0.34556005E+0000     16978
 10800   -0.36877633E+0001   -0.36891013E+0001    0.31223494E+0000     17826
 10850   -0.36877636E+0001   -0.36888989E+0001    0.28754088E+0000     18372
 10900   -0.36877441E+0001   -0.36889398E+0001    0.31693187E+0000     18854
 10950   -0.36877023E+0001   -0.36890602E+0001    0.31841568E+0000     19026
 11000   -0.36876703E+0001   -0.36892006E+0001    0.29337369E+0000     19277
 11050   -0.36876366E+0001   -0.36888868E+0001    0.31209117E+0000     19381
 11100   -0.36875958E+0001   -0.36887339E+0001    0.31894290E+0000     19669
 11150   -0.36875509E+0001   -0.36887031E+0001    0.36742226E+0000     20093
 11200   -0.36875088E+0001   -0.36886855E+0001    0.31787850E+0000     20173
 11201   -0.36875099E+0001   -0.36875099E+0001    0.12881400E+0000     12000
 11250   -0.36875366E+0001   -0.36877004E+0001    0.19117671E+0000     12034
 11300   -0.36875203E+0001   -0.36877986E+0001    0.26161150E+0000     11974
 11350   -0.36875076E+0001   -0.36879541E+0001    0.31613416E+0000     12076
 11400   -0.36874876E+0001   -0.36879378E+0001    0.31211806E+0000     12149
 11450   -0.36874704E+0001   -0.36880995E+0001    0.32010396E+0000     12350
 11500   -0.36874386E+0001   -0.36882151E+0001    0.30824936E+0000     12670
 11550   -0.36874060E+0001   -0.36881751E+0001    0.28628914E+0000     12526
 11600   -0.36873677E+0001   -0.36879815E+0001    0.32275228E+0000     12684
 11650   -0.36873302E+0001   -0.36880730E+0001    0.28556473E+0000     12702
 11700   -0.36873157E+0001   -0.36881084E+0001    0.32604261E+0000     12944
 11750   -0.36873034E+0001   -0.36880106E+0001    0.29827579E+0000     13135
 11800   -0.36872871E+0001   -0.36882961E+0001    0.29496077E+0000     13365
 11850   -0.36872682E+0001   -0.36880247E+0001    0.30829130E+0000     13447
 11900   -0.36872542E+0001   -0.36879731E+0001    0.32138319E+0000     13702
 11950   -0.36872581E+0001   -0.36883061E+0001    0.29712394E+0000     13904
 12000   -0.36872508E+0001   -0.36880827E+0001    0.28587617E+0000     14235
 12050   -0.36872151E+0001   -0.36881526E+0001    0.30346554E+0000     14509
 12100   -0.36871801E+0001   -0.36881781E+0001    0.32386244E+0000     14761
 12150   -0.36871417E+0001   -0.36881852E+0001    0.29178702E+0000     15057
 12200   -0.36871041E+0001   -0.36883665E+0001    0.28462755E+0000     15423
 12250   -0.36870873E+0001   -0.36877780E+0001    0.32896026E+0000     15558
 12300   -0.36870713E+0001   -0.36878131E+0001    0.34328301E+0000     15799
 12350   -0.36870618E+0001   -0.36879196E+0001    0.32156628E+0000     16058
 12400   -0.36870570E+0001   -0.36878269E+0001    0.29827156E+0000     16251
 12450   -0.36870440E+0001   -0.36876389E+0001    0.34536816E+0000     16507
 12500   -0.36870271E+0001   -0.36875736E+0001    0.33118111E+0000     16996
 12550   -0.36870205E+0001   -0.36875354E+0001    0.29652247E+0000     17070
 12600   -0.36870125E+0001   -0.36876914E+0001    0.30816524E+0000     17537
 12650   -0.36870041E+0001   -0.36876694E+0001    0.28215706E+0000     18001
 12700   -0.36869922E+0001   -0.36875922E+0001    0.22358517E+0000     18138
 12750   -0.36869889E+0001   -0.36877703E+0001    0.26070581E+0000     18390
 12800   -0.36869938E+0001   -0.36878084E+0001    0.32460752E+0000     18844
 12801   -0.36869941E+0001   -0.36869941E+0001    0.71744893E-0001     12000
 12850   -0.36870030E+0001   -0.36870393E+0001    0.14336504E+0000     12102
 12900   -0.36870008E+0001   -0.36870585E+0001    0.19616535E+0000     12132
 12950   -0.36869973E+0001   -0.36870721E+0001    0.21815472E+0000     12229
 13000   -0.36869939E+0001   -0.36871703E+0001    0.24356606E+0000     12425
 13050   -0.36869940E+0001   -0.36871050E+0001    0.24601927E+0000     12660
 13100   -0.36869940E+0001   -0.36871399E+0001    0.29434446E+0000     12715
 13150   -0.36869972E+0001   -0.36872411E+0001    0.29544433E+0000     12958
 13200   -0.36869991E+0001   -0.36871762E+0001    0.28523768E+0000     13231
 13250   -0.36869937E+0001   -0.36874225E+0001    0.28529479E+0000     13187
 13300   -0.36869873E+0001   -0.36873558E+0001    0.32651130E+0000     13491
 13350   -0.36869801E+0001   -0.36871980E+0001    0.24722651E+0000     13829
 13400   -0.36869669E+0001   -0.36870825E+0001    0.30383443E+0000     14047
 13450   -0.36869616E+0001   -0.36872732E+0001    0.32290289E+0000     14299
 13500   -0.36869555E+0001   -0.36873252E+0001    0.32110512E+0000     14628
 13550   -0.36869444E+0001   -0.36871753E+0001    0.31685019E+0000     14499
 13600   -0.36869366E+0001   -0.36870517E+0001    0.28045172E+0000     14505
 13650   -0.36869259E+0001   -0.36871107E+0001    0.20962275E+0000     14749
 13700   -0.36869151E+0001   -0.36870813E+0001    0.25678688E+0000     15119
 13750   -0.36869103E+0001   -0.36870219E+0001    0.29528173E+0000     15529
 13800   -0.36869008E+0001   -0.36870473E+0001    0.23150341E+0000     15808
 13850   -0.36868949E+0001   -0.36872481E+0001    0.33292534E+0000     15861
 13900   -0.36868911E+0001   -0.36872089E+0001    0.23661593E+0000     16149
 13950   -0.36868960E+0001   -0.36873199E+0001    0.23344925E+0000     16469
 14000   -0.36869019E+0001   -0.36873763E+0001    0.27220917E+0000     16756
 14050   -0.36869035E+0001   -0.36873904E+0001    0.27120160E+0000     16824
 14100   -0.36869024E+0001   -0.36872764E+0001    0.25746933E+0000     17039
 14150   -0.36868965E+0001   -0.36872967E+0001    0.28215313E+0000     17518
 14200   -0.36868931E+0001   -0.36872469E+0001    0.29567184E+0000     18139
 14250   -0.36868870E+0001   -0.36873228E+0001    0.23886010E+0000     18565
 14300   -0.36868872E+0001   -0.36873158E+0001    0.25507944E+0000     19037
 14350   -0.36868884E+0001   -0.36872940E+0001    0.26956867E+0000     19548
 14400   -0.36868944E+0001   -0.36873477E+0001    0.30939599E+0000     20046
 14450   -0.36868933E+0001   -0.36869395E+0001    0.29238992E+0000     20356
 14500   -0.36868919E+0001   -0.36869593E+0001    0.25985053E+0000     20782
 14550   -0.36868882E+0001   -0.36870153E+0001    0.30071879E+0000     21256
 14600   -0.36868827E+0001   -0.36874102E+0001    0.28056225E+0000     21924
 14650   -0.36868785E+0001   -0.36868904E+0001    0.31461342E+0000     22183
 14700   -0.36868745E+0001   -0.36869606E+0001    0.30268524E+0000     22344
 14750   -0.36868733E+0001   -0.36871136E+0001    0.32277365E+0000     22758
 14800   -0.36868736E+0001   -0.36872471E+0001    0.31387673E+0000     22927
 14850   -0.36868726E+0001   -0.36870002E+0001    0.23318907E+0000     23260
 14900   -0.36868746E+0001   -0.36870858E+0001    0.27198489E+0000     23547
 14950   -0.36868756E+0001   -0.36871407E+0001    0.30946984E+0000     23694
 15000   -0.36868746E+0001   -0.36873705E+0001    0.21737449E+0000     24201
 15050   -0.36868768E+0001   -0.36872017E+0001    0.23997184E+0000     24440
 15100   -0.36868757E+0001   -0.36871882E+0001    0.20489507E+0000     24985
 15150   -0.36868747E+0001   -0.36872066E+0001    0.29087821E+0000     25290
 15200   -0.36868728E+0001   -0.36872137E+0001    0.23530332E+0000     25909
 15250   -0.36868747E+0001   -0.36871634E+0001    0.30138629E+0000     26144
 15300   -0.36868760E+0001   -0.36873070E+0001    0.24714306E+0000     26536
 15350   -0.36868771E+0001   -0.36873489E+0001    0.28217761E+0000     26859
 15400   -0.36868803E+0001   -0.36873252E+0001    0.32472263E+0000     26988
 15450   -0.36868820E+0001   -0.36871568E+0001    0.30753872E+0000     27387
 15500   -0.36868835E+0001   -0.36871825E+0001    0.29431616E+0000     27788
 15550   -0.36868823E+0001   -0.36871349E+0001    0.29038622E+0000     28287
 15600   -0.36868826E+0001   -0.36870956E+0001    0.26776048E+0000     28640
 15650   -0.36868855E+0001   -0.36871647E+0001    0.22279863E+0000     29153
 15700   -0.36868883E+0001   -0.36870896E+0001    0.25361312E+0000     29553
 15750   -0.36868904E+0001   -0.36872030E+0001    0.26234430E+0000     30258
 15800   -0.36868902E+0001   -0.36871318E+0001    0.22959883E+0000     30516
 15850   -0.36868889E+0001   -0.36871305E+0001    0.27850295E+0000     30855
 15900   -0.36868863E+0001   -0.36870288E+0001    0.28120080E+0000     31554
 15950   -0.36868829E+0001   -0.36875001E+0001    0.28128177E+0000     32079
 16000   -0.36868809E+0001   -0.36872547E+0001    0.28688715E+0000     32599
 16001   -0.36868508E+0001   -0.36868508E+0001    0.42666465E-0001         1
 16050   -0.36858839E+0001   -0.36858839E+0001    0.47505471E+0000         1
 16100   -0.36862104E+0001   -0.36862104E+0001    0.39049350E+0000         1
 16150   -0.36860352E+0001   -0.36860352E+0001    0.44440589E+0000         1
 16200   -0.36859420E+0001   -0.36859420E+0001    0.46066457E+0000         1
 16250   -0.36856651E+0001   -0.36856651E+0001    0.49113169E+0000         1
 16300   -0.36855958E+0001   -0.36855958E+0001    0.59852908E+0000         1
 16350   -0.36852305E+0001   -0.36852305E+0001    0.64631797E+0000         1
 16400   -0.36855252E+0001   -0.36855252E+0001    0.56754848E+0000         1
 16450   -0.36847862E+0001   -0.36847862E+0001    0.75199479E+0000         1
 16500   -0.36860230E+0001   -0.36860230E+0001    0.46160137E+0000         1
 16550   -0.36860399E+0001   -0.36860399E+0001    0.44767506E+0000         1
 16600   -0.36863685E+0001   -0.36863685E+0001    0.40177428E+0000         1
 16650   -0.36861830E+0001   -0.36861830E+0001    0.45562431E+0000         1
 16700   -0.36866384E+0001   -0.36866384E+0001    0.36854439E+0000         1
 16750   -0.36868583E+0001   -0.36868583E+0001    0.22643730E+0000         1
 16800   -0.36864519E+0001   -0.36864519E+0001    0.46467846E+0000         1
 16850   -0.36867291E+0001   -0.36867291E+0001    0.36577406E+0000         1
 16900   -0.36868745E+0001   -0.36868745E+0001    0.26247004E+0000         1
 16950   -0.36864594E+0001   -0.36864594E+0001    0.46591455E+0000         1
 17000   -0.36867299E+0001   -0.36867299E+0001    0.33947045E+0000         1
 17050   -0.36864412E+0001   -0.36864412E+0001    0.41459430E+0000         1
 17100   -0.36860421E+0001   -0.36860421E+0001    0.61305732E+0000         1
 17150   -0.36857903E+0001   -0.36857903E+0001    0.71364555E+0000         1
 17200   -0.36855848E+0001   -0.36855848E+0001    0.77264100E+0000         1
 17250   -0.36866469E+0001   -0.36866469E+0001    0.44847145E+0000         1
 17300   -0.36863437E+0001   -0.36863437E+0001    0.53781616E+0000         1
 17350   -0.36869873E+0001   -0.36869873E+0001    0.37906006E+0000         1
 17400   -0.36863963E+0001   -0.36863963E+0001    0.53469785E+0000         1
 17450   -0.36867670E+0001   -0.36867670E+0001    0.43543986E+0000         1
 17500   -0.36866882E+0001   -0.36866882E+0001    0.43265086E+0000         1
 17550   -0.36872469E+0001   -0.36872469E+0001    0.28688169E+0000         1
 17600   -0.36867471E+0001   -0.36867471E+0001    0.55661474E+0000         1
 17650   -0.36867676E+0001   -0.36867676E+0001    0.54459561E+0000         1
 17700   -0.36869873E+0001   -0.36869873E+0001    0.52596528E+0000         1
 17750   -0.36869334E+0001   -0.36869334E+0001    0.54998740E+0000         1
 17800   -0.36876583E+0001   -0.36876583E+0001    0.27174262E+0000         1
 17850   -0.36877416E+0001   -0.36877416E+0001    0.37424374E+0000         1
 17900   -0.36879235E+0001   -0.36879235E+0001    0.37148353E+0000         1
 17950   -0.36874621E+0001   -0.36874621E+0001    0.55657803E+0000         1
 18000   -0.36878795E+0001   -0.36878795E+0001    0.36108775E+0000         1
 18050   -0.36873140E+0001   -0.36873140E+0001    0.58323176E+0000         1
 18100   -0.36871673E+0001   -0.36871673E+0001    0.64814713E+0000         1
 18150   -0.36876925E+0001   -0.36876925E+0001    0.63349840E+0000         1
 18200   -0.36875656E+0001   -0.36875656E+0001    0.58939435E+0000         1
 18250   -0.36876655E+0001   -0.36876655E+0001    0.81517003E+0000         1
 18300   -0.36876129E+0001   -0.36876129E+0001    0.74238532E+0000         1
 18350   -0.36887129E+0001   -0.36887129E+0001    0.64822935E+0000         1
 18400   -0.36898356E+0001   -0.36898356E+0001    0.47766539E+0000         1
 18450   -0.36899082E+0001   -0.36899082E+0001    0.64904330E+0000         1
 18500   -0.36906811E+0001   -0.36906811E+0001    0.61428759E+0000         1
 18550   -0.36911165E+0001   -0.36911165E+0001    0.48730286E+0000         1
 18600   -0.36906648E+0001   -0.36906648E+0001    0.74640984E+0000         1
 18650   -0.36917566E+0001   -0.36917566E+0001    0.57360545E+0000         1
 18700   -0.36928968E+0001   -0.36928968E+0001    0.53777676E+0000         1
 18750   -0.36926769E+0001   -0.36926769E+0001    0.63725788E+0000         1
 18800   -0.36936950E+0001   -0.36936950E+0001    0.63294535E+0000         1
 18850   -0.36951888E+0001   -0.36951888E+0001    0.52420561E+0000         1
 18900   -0.36953386E+0001   -0.36953386E+0001    0.61336475E+0000         1
 18950   -0.36957068E+0001   -0.36957068E+0001    0.67602748E+0000         1
 19000   -0.36955501E+0001   -0.36955501E+0001    0.63496972E+0000         1
 19050   -0.36969630E+0001   -0.36969630E+0001    0.62827461E+0000         1
 19100   -0.36978321E+0001   -0.36978321E+0001    0.61408654E+0000         1
 19150   -0.36984189E+0001   -0.36984189E+0001    0.69975529E+0000         1
 19200   -0.36992382E+0001   -0.36992382E+0001    0.67379922E+0000         1
 19250   -0.36998079E+0001   -0.36998079E+0001    0.82380970E+0000         1
 19300   -0.37018177E+0001   -0.37018177E+0001    0.74899706E+0000         1
 19350   -0.37030944E+0001   -0.37030944E+0001    0.90992692E+0000         1
 19400   -0.37054366E+0001   -0.37054366E+0001    0.81377321E+0000         1
 19450   -0.37072868E+0001   -0.37072868E+0001    0.79423186E+0000         1
 19500   -0.37091994E+0001   -0.37091994E+0001    0.79476628E+0000         1
 19550   -0.37116417E+0001   -0.37116417E+0001    0.80736568E+0000         1
 19600   -0.37135549E+0001   -0.37135549E+0001    0.89792720E+0000         1
 19650   -0.37158137E+0001   -0.37158137E+0001    0.87837318E+0000         1
 19700   -0.37172326E+0001   -0.37172326E+0001    0.91433346E+0000         1
 19750   -0.37181035E+0001   -0.37181035E+0001    0.10728727E+0001         1
 19800   -0.37222068E+0001   -0.37222068E+0001    0.10224426E+0001         1
 19850   -0.37243111E+0001   -0.37243111E+0001    0.95725734E+0000         1
 19900   -0.37267182E+0001   -0.37267182E+0001    0.98758619E+0000         1
 19950   -0.37298531E+0001   -0.37298531E+0001    0.97980864E+0000         1
 20000   -0.37334597E+0001   -0.37334597E+0001    0.10788175E+0001         1
 20050   -0.37352791E+0001   -0.37352791E+0001    0.10661974E+0001         1
 20100   -0.37393116E+0001   -0.37393116E+0001    0.11217499E+0001         1
 20150   -0.37425249E+0001   -0.37425249E+0001    0.12298440E+0001         1
 20200   -0.37456693E+0001   -0.37456693E+0001    0.12298424E+0001         1
 20250   -0.37509276E+0001   -0.37509276E+0001    0.12960968E+0001         1
 20300   -0.37560092E+0001   -0.37560092E+0001    0.12713942E+0001         1
 20350   -0.37594010E+0001   -0.37594010E+0001    0.12700615E+0001         1
 20400   -0.37648634E+0001   -0.37648634E+0001    0.13935757E+0001         1
 20450   -0.37727482E+0001   -0.37727482E+0001    0.13809938E+0001         1
 20500   -0.37804071E+0001   -0.37804071E+0001    0.14034274E+0001         1
 20550   -0.37877607E+0001   -0.37877607E+0001    0.14717530E+0001         1
 20600   -0.37947492E+0001   -0.37947492E+0001    0.14971956E+0001         1
 20650   -0.38022756E+0001   -0.38022756E+0001    0.15450542E+0001         1
 20700   -0.38120085E+0001   -0.38120085E+0001    0.15995951E+0001         1
 20750   -0.38234962E+0001   -0.38234962E+0001    0.16117851E+0001         1
 20800   -0.38327570E+0001   -0.38327570E+0001    0.16839464E+0001         1
 20850   -0.38425203E+0001   -0.38425203E+0001    0.16673681E+0001         1
 20900   -0.38503628E+0001   -0.38503628E+0001    0.16726492E+0001         1
 20950   -0.38581809E+0001   -0.38581809E+0001    0.17373769E+0001         1
 21000   -0.38699671E+0001   -0.38699671E+0001    0.16841624E+0001         1
 21050   -0.38767787E+0001   -0.38767787E+0001    0.17606488E+0001         1
 21100   -0.38870058E+0001   -0.38870058E+0001    0.16287364E+0001         1
 21150   -0.38950941E+0001   -0.38950941E+0001    0.16053922E+0001         1
 21200   -0.39031983E+0001   -0.39031983E+0001    0.15598309E+0001         1
 21250   -0.39119602E+0001   -0.39119602E+0001    0.14698602E+0001         1
 21300   -0.39177641E+0001   -0.39177641E+0001    0.13128874E+0001         1
 21350   -0.39200706E+0001   -0.39200706E+0001    0.12767265E+0001         1
 21400   -0.39254312E+0001   -0.39254312E+0001    0.10975704E+0001         1
 21450   -0.39275976E+0001   -0.39275976E+0001    0.10850474E+0001         1
 21500   -0.39309216E+0001   -0.39309216E+0001    0.92661501E+0000         1
 21550   -0.39329656E+0001   -0.39329656E+0001    0.78600312E+0000         1
 21600   -0.39350327E+0001   -0.39350327E+0001    0.67189934E+0000         1
 21650   -0.39349139E+0001   -0.39349139E+0001    0.76185827E+0000         1
 21700   -0.39354562E+0001   -0.39354562E+0001    0.69425292E+0000         1
 21750   -0.39360161E+0001   -0.39360161E+0001    0.67888182E+0000         1
 21800   -0.39370765E+0001   -0.39370765E+0001    0.68002758E+0000         1
 21850   -0.39381549E+0001   -0.39381549E+0001    0.46901333E+0000         1
 21900   -0.39382674E+0001   -0.39382674E+0001    0.57863369E+0000         1
 21950   -0.39382945E+0001   -0.39382945E+0001    0.55178056E+0000         1
 22000   -0.39384914E+0001   -0.39384914E+0001    0.49997054E+0000         1
 22050   -0.39385607E+0001   -0.39385607E+0001    0.62998934E+0000         1
 22100   -0.39381757E+0001   -0.39381757E+0001    0.67128510E+0000         1
 22150   -0.39388697E+0001   -0.39388697E+0001    0.45895407E+0000         1
 22200   -0.39391579E+0001   -0.39391579E+0001    0.36763890E+0000         1
 22250   -0.39392787E+0001   -0.39392787E+0001    0.44009581E+0000         1
 22300   -0.39389811E+0001   -0.39389811E+0001    0.53097512E+0000         1
 22350   -0.39391927E+0001   -0.39391927E+0001    0.42369614E+0000         1
 22400   -0.39392118E+0001   -0.39392118E+0001    0.44030877E+0000         1
 22450   -0.39394893E+0001   -0.39394893E+0001    0.29661479E+0000         1
 22500   -0.39389824E+0001   -0.39389824E+0001    0.54102126E+0000         1
 22550   -0.39389550E+0001   -0.39389550E+0001    0.47469621E+0000         1
 22600   -0.39393848E+0001   -0.39393848E+0001    0.40129434E+0000         1
 22650   -0.39391081E+0001   -0.39391081E+0001    0.43186332E+0000         1
 22700   -0.39390693E+0001   -0.39390693E+0001    0.48854479E+0000         1
 22750   -0.39390156E+0001   -0.39390156E+0001    0.57702072E+0000         1
 22800   -0.39394879E+0001   -0.39394879E+0001    0.41348324E+0000         1
 22850   -0.39393115E+0001   -0.39393115E+0001    0.45609466E+0000         1
 22900   -0.39393164E+0001   -0.39393164E+0001    0.44670566E+0000         1
 22950   -0.39388338E+0001   -0.39388338E+0001    0.56958077E+0000         1
 23000   -0.39389127E+0001   -0.39389127E+0001    0.57657463E+0000         1
 23050   -0.39387426E+0001   -0.39387426E+0001    0.53388080E+0000         1
 23100   -0.39389450E+0001   -0.39389450E+0001    0.53315299E+0000         1
 23150   -0.39388892E+0001   -0.39388892E+0001    0.52117164E+0000         1
 23200   -0.39382617E+0001   -0.39382617E+0001    0.76899998E+0000         1
 23250   -0.39390491E+0001   -0.39390491E+0001    0.52923391E+0000         1
 23300   -0.39392389E+0001   -0.39392389E+0001    0.54674331E+0000         1
 23350   -0.39392622E+0001   -0.39392622E+0001    0.39520847E+0000         1
 23400   -0.39392853E+0001   -0.39392853E+0001    0.39168647E+0000         1
 23450   -0.39393888E+0001   -0.39393888E+0001    0.39533658E+0000         1
 23500   -0.39387147E+0001   -0.39387147E+0001    0.60127567E+0000         1
 23550   -0.39387091E+0001   -0.39387091E+0001    0.56523770E+0000         1
 23600   -0.39391172E+0001   -0.39391172E+0001    0.51783165E+0000         1
 23650   -0.39387148E+0001   -0.39387148E+0001    0.58172937E+0000         1
 23700   -0.39382696E+0001   -0.39382696E+0001    0.59863990E+0000         1
 23750   -0.39381559E+0001   -0.39381559E+0001    0.67117255E+0000         1
 23800   -0.39376499E+0001   -0.39376499E+0001    0.71880897E+0000         1
 23850   -0.39385433E+0001   -0.39385433E+0001    0.47891163E+0000         1
 23900   -0.39383603E+0001   -0.39383603E+0001    0.61539512E+0000         1
 23950   -0.39386859E+0001   -0.39386859E+0001    0.51295015E+0000         1
 24000   -0.39385985E+0001   -0.39385985E+0001    0.53916851E+0000         1
 24050   -0.39388455E+0001   -0.39388455E+0001    0.45799330E+0000         1
 24100   -0.39384806E+0001   -0.39384806E+0001    0.56653499E+0000         1
 24150   -0.39385826E+0001   -0.39385826E+0001    0.57734491E+0000         1
 24200   -0.39383201E+0001   -0.39383201E+0001    0.62392937E+0000         1
 24250   -0.39389932E+0001   -0.39389932E+0001    0.41514433E+0000         1
 24300   -0.39382236E+0001   -0.39382236E+0001    0.62566240E+0000         1
 24350   -0.39383097E+0001   -0.39383097E+0001    0.62057423E+0000         1
 24400   -0.39384872E+0001   -0.39384872E+0001    0.54965887E+0000         1
 24450   -0.39391682E+0001   -0.39391682E+0001    0.41808773E+0000         1
 24500   -0.39389363E+0001   -0.39389363E+0001    0.52288137E+0000         1
 24550   -0.39387921E+0001   -0.39387921E+0001    0.58428596E+0000         1
 24600   -0.39392342E+0001   -0.39392342E+0001    0.54985888E+0000         1
 24650   -0.39395164E+0001   -0.39395164E+0001    0.35341402E+0000         1
 24700   -0.39387639E+0001   -0.39387639E+0001    0.64457358E+0000         1
 24750   -0.39392389E+0001   -0.39392389E+0001    0.47321331E+0000         1
 24800   -0.39384047E+0001   -0.39384047E+0001    0.88846627E+0000         1
 24850   -0.39388513E+0001   -0.39388513E+0001    0.64237568E+0000         1
 24900   -0.39388454E+0001   -0.39388454E+0001    0.71832613E+0000         1
 24950   -0.39391156E+0001   -0.39391156E+0001    0.52814978E+0000         1
 25000   -0.39392515E+0001   -0.39392515E+0001    0.42133648E+0000         1
 25050   -0.39391376E+0001   -0.39391376E+0001    0.46755234E+0000         1
 25100   -0.39392066E+0001   -0.39392066E+0001    0.50013394E+0000         1
 25150   -0.39390315E+0001   -0.39390315E+0001    0.50992126E+0000         1
 25200   -0.39387452E+0001   -0.39387452E+0001    0.59127077E+0000         1
 25250   -0.39388929E+0001   -0.39388929E+0001    0.58806793E+0000         1
 25300   -0.39393378E+0001   -0.39393378E+0001    0.44145322E+0000         1
 25350   -0.39391324E+0001   -0.39391324E+0001    0.45450788E+0000         1
 25400   -0.39389001E+0001   -0.39389001E+0001    0.51667876E+0000         1
 25450   -0.39391840E+0001   -0.39391840E+0001    0.41580193E+0000         1
 25500   -0.39388841E+0001   -0.39388841E+0001    0.53597046E+0000         1
 25550   -0.39389356E+0001   -0.39389356E+0001    0.64074904E+0000         1
 25600   -0.39395748E+0001   -0.39395748E+0001    0.37286140E+0000         1
 25650   -0.39390743E+0001   -0.39390743E+0001    0.58908279E+0000         1
 25700   -0.39387353E+0001   -0.39387353E+0001    0.62918633E+0000         1
 25750   -0.39391407E+0001   -0.39391407E+0001    0.45874705E+0000         1
 25800   -0.39385940E+0001   -0.39385940E+0001    0.76222734E+0000         1
 25850   -0.39392201E+0001   -0.39392201E+0001    0.52778357E+0000         1
 25900   -0.39396341E+0001   -0.39396341E+0001    0.28356478E+0000         1
 25950   -0.39395031E+0001   -0.39395031E+0001    0.41750501E+0000         1
 26000   -0.39396590E+0001   -0.39396590E+0001    0.36009713E+0000         1
 26050   -0.39397038E+0001   -0.39397038E+0001    0.35986038E+0000         1
 26100   -0.39392961E+0001   -0.39392961E+0001    0.42373111E+0000         1
 26150   -0.39392278E+0001   -0.39392278E+0001    0.48145109E+0000         1
 26200   -0.39390967E+0001   -0.39390967E+0001    0.47448526E+0000         1
 26250   -0.39389449E+0001   -0.39389449E+0001    0.49984192E+0000         1
 26300   -0.39389000E+0001   -0.39389000E+0001    0.69153265E+0000         1
 26350   -0.39389650E+0001   -0.39389650E+0001    0.57556196E+0000         1
 26400   -0.39386414E+0001   -0.39386414E+0001    0.67024169E+0000         1
 26450   -0.39385531E+0001   -0.39385531E+0001    0.72995369E+0000         1
 26500   -0.39386267E+0001   -0.39386267E+0001    0.60759549E+0000         1
 26550   -0.39393491E+0001   -0.39393491E+0001    0.40925844E+0000         1
 26600   -0.39395160E+0001   -0.39395160E+0001    0.36754580E+0000         1
 26650   -0.39397188E+0001   -0.39397188E+0001    0.28860432E+0000         1
 26700   -0.39396779E+0001   -0.39396779E+0001    0.37748555E+0000         1
 26750   -0.39390455E+0001   -0.39390455E+0001    0.50037612E+0000         1
 26800   -0.39386640E+0001   -0.39386640E+0001    0.48498856E+0000         1
 26850   -0.39388912E+0001   -0.39388912E+0001    0.49813273E+0000         1
 26900   -0.39391999E+0001   -0.39391999E+0001    0.47085611E+0000         1
 26950   -0.39387377E+0001   -0.39387377E+0001    0.54829826E+0000         1
 27000   -0.39386825E+0001   -0.39386825E+0001    0.66294786E+0000         1
 27050   -0.39385293E+0001   -0.39385293E+0001    0.68134062E+0000         1
 27100   -0.39391525E+0001   -0.39391525E+0001    0.49527342E+0000         1
 27150   -0.39390497E+0001   -0.39390497E+0001    0.52202958E+0000         1
 27200   -0.39389813E+0001   -0.39389813E+0001    0.52068683E+0000         1
 27250   -0.39388505E+0001   -0.39388505E+0001    0.48163817E+0000         1
 27300   -0.39390208E+0001   -0.39390208E+0001    0.42368074E+0000         1
 27350   -0.39392082E+0001   -0.39392082E+0001    0.39949712E+0000         1
 27400   -0.39387074E+0001   -0.39387074E+0001    0.62616108E+0000         1
 27450   -0.39387849E+0001   -0.39387849E+0001    0.60074571E+0000         1
 27500   -0.39398507E+0001   -0.39398507E+0001    0.24802950E+0000         1
 27550   -0.39392653E+0001   -0.39392653E+0001    0.47779724E+0000         1
 27600   -0.39395503E+0001   -0.39395503E+0001    0.36695793E+0000         1
 27650   -0.39395190E+0001   -0.39395190E+0001    0.40373441E+0000         1
 27700   -0.39390410E+0001   -0.39390410E+0001    0.52621182E+0000         1
 27750   -0.39393429E+0001   -0.39393429E+0001    0.45847040E+0000         1
 27800   -0.39389094E+0001   -0.39389094E+0001    0.54188002E+0000         1
 27850   -0.39393683E+0001   -0.39393683E+0001    0.41419266E+0000         1
 27900   -0.39389932E+0001   -0.39389932E+0001    0.51401357E+0000         1
 27950   -0.39394714E+0001   -0.39394714E+0001    0.40989222E+0000         1
 28000   -0.39394607E+0001   -0.39394607E+0001    0.36104064E+0000         1
 28050   -0.39393810E+0001   -0.39393810E+0001    0.37543973E+0000         1
 28100   -0.39390806E+0001   -0.39390806E+0001    0.46158859E+0000         1
 28150   -0.39387942E+0001   -0.39387942E+0001    0.48026227E+0000         1
 28200   -0.39392734E+0001   -0.39392734E+0001    0.38017650E+0000         1
 28250   -0.39394632E+0001   -0.39394632E+0001    0.45030201E+0000         1
 28300   -0.39385947E+0001   -0.39385947E+0001    0.57181772E+0000         1
 28350   -0.39389219E+0001   -0.39389219E+0001    0.54337401E+0000         1
 28400   -0.39386663E+0001   -0.39386663E+0001    0.59412993E+0000         1
 28450   -0.39388672E+0001   -0.39388672E+0001    0.51983463E+0000         1
 28500   -0.39395014E+0001   -0.39395014E+0001    0.38827632E+0000         1
 28550   -0.39390421E+0001   -0.39390421E+0001    0.48273312E+0000         1
 28600   -0.39387026E+0001   -0.39387026E+0001    0.70152824E+0000         1
 28650   -0.39388031E+0001   -0.39388031E+0001    0.62512310E+0000         1
 28700   -0.39392502E+0001   -0.39392502E+0001    0.46742213E+0000         1
 28750   -0.39391879E+0001   -0.39391879E+0001    0.49495364E+0000         1
 28800   -0.39391199E+0001   -0.39391199E+0001    0.46270546E+0000         1
 28850   -0.39392275E+0001   -0.39392275E+0001    0.40508816E+0000         1
 28900   -0.39390250E+0001   -0.39390250E+0001    0.48443373E+0000         1
 28950   -0.39385662E+0001   -0.39385662E+0001    0.58334551E+0000         1
 29000   -0.39387278E+0001   -0.39387278E+0001    0.46708947E+0000         1
 29050   -0.39388464E+0001   -0.39388464E+0001    0.53047034E+0000         1
 29100   -0.39388456E+0001   -0.39388456E+0001    0.63482636E+0000         1
 29150   -0.39393063E+0001   -0.39393063E+0001    0.37282058E+0000         1
 29200   -0.39394560E+0001   -0.39394560E+0001    0.40678243E+0000         1
 29250   -0.39392464E+0001   -0.39392464E+0001    0.37251835E+0000         1
 29300   -0.39388358E+0001   -0.39388358E+0001    0.46590769E+0000         1
 29350   -0.39386163E+0001   -0.39386163E+0001    0.57597938E+0000         1
 29400   -0.39384569E+0001   -0.39384569E+0001    0.60977504E+0000         1
 29450   -0.39387640E+0001   -0.39387640E+0001    0.65238752E+0000         1
 29500   -0.39390378E+0001   -0.39390378E+0001    0.52239771E+0000         1
 29550   -0.39392073E+0001   -0.39392073E+0001    0.43520227E+0000         1
 29600   -0.39381990E+0001   -0.39381990E+0001    0.70460829E+0000         1
 29650   -0.39387692E+0001   -0.39387692E+0001    0.50364371E+0000         1
 29700   -0.39388166E+0001   -0.39388166E+0001    0.52561555E+0000         1
 29750   -0.39375951E+0001   -0.39375951E+0001    0.71615576E+0000         1
 29800   -0.39377152E+0001   -0.39377152E+0001    0.68912184E+0000         1
 29850   -0.39381330E+0001   -0.39381330E+0001    0.68179646E+0000         1
 29900   -0.39390712E+0001   -0.39390712E+0001    0.43265538E+0000         1
 29950   -0.39390750E+0001   -0.39390750E+0001    0.44294842E+0000         1
 30000   -0.39390992E+0001   -0.39390992E+0001    0.51351821E+0000         1
 30050   -0.39397436E+0001   -0.39397436E+0001    0.33040160E+0000         1
 30100   -0.39390726E+0001   -0.39390726E+0001    0.55470921E+0000         1
 30150   -0.39392813E+0001   -0.39392813E+0001    0.46112231E+0000         1
 30200   -0.39392776E+0001   -0.39392776E+0001    0.45200353E+0000         1
 30250   -0.39394107E+0001   -0.39394107E+0001    0.39834703E+0000         1
 30300   -0.39390394E+0001   -0.39390394E+0001    0.40718190E+0000         1
 30350   -0.39391840E+0001   -0.39391840E+0001    0.43165124E+0000         1
 30400   -0.39386819E+0001   -0.39386819E+0001    0.56298025E+0000         1
 30450   -0.39384292E+0001   -0.39384292E+0001    0.72232983E+0000         1
 30500   -0.39393470E+0001   -0.39393470E+0001    0.35555356E+0000         1
 30550   -0.39393271E+0001   -0.39393271E+0001    0.44862710E+0000         1
 30600   -0.39394305E+0001   -0.39394305E+0001    0.39479714E+0000         1
 30650   -0.39393096E+0001   -0.39393096E+0001    0.46848049E+0000         1
 30700   -0.39392521E+0001   -0.39392521E+0001    0.46214319E+0000         1
 30750   -0.39388257E+0001   -0.39388257E+0001    0.60568999E+0000         1
 30800   -0.39391335E+0001   -0.39391335E+0001    0.46065185E+0000         1
 30850   -0.39392948E+0001   -0.39392948E+0001    0.49569020E+0000         1
 30900   -0.39389962E+0001   -0.39389962E+0001    0.58845296E+0000         1
 30950   -0.39395035E+0001   -0.39395035E+0001    0.40831344E+0000         1
 31000   -0.39391860E+0001   -0.39391860E+0001    0.47558208E+0000         1
 31050   -0.39392956E+0001   -0.39392956E+0001    0.50204552E+0000         1
 31100   -0.39391338E+0001   -0.39391338E+0001    0.52206600E+0000         1
 31150   -0.39397226E+0001   -0.39397226E+0001    0.29233889E+0000         1
 31200   -0.39396223E+0001   -0.39396223E+0001    0.25748520E+0000         1
 31250   -0.39395086E+0001   -0.39395086E+0001    0.38473297E+0000         1
 31300   -0.39394377E+0001   -0.39394377E+0001    0.33242242E+0000         1
 31350   -0.39381585E+0001   -0.39381585E+0001    0.65195777E+0000         1
 31400   -0.39380316E+0001   -0.39380316E+0001    0.79045641E+0000         1
 31450   -0.39381887E+0001   -0.39381887E+0001    0.78267743E+0000         1
 31500   -0.39386982E+0001   -0.39386982E+0001    0.57727543E+0000         1
 31550   -0.39389693E+0001   -0.39389693E+0001    0.58140601E+0000         1
 31600   -0.39388642E+0001   -0.39388642E+0001    0.59234104E+0000         1
 31650   -0.39394677E+0001   -0.39394677E+0001    0.35874246E+0000         1
 31700   -0.39394481E+0001   -0.39394481E+0001    0.43585437E+0000         1
 31750   -0.39395433E+0001   -0.39395433E+0001    0.38644342E+0000         1
 31800   -0.39393716E+0001   -0.39393716E+0001    0.43610956E+0000         1
 31850   -0.39397126E+0001   -0.39397126E+0001    0.32607260E+0000         1
 31900   -0.39391077E+0001   -0.39391077E+0001    0.50927281E+0000         1
 31950   -0.39391779E+0001   -0.39391779E+0001    0.53472778E+0000         1
 32000   -0.39393839E+0001   -0.39393839E+0001    0.40685109E+0000         1
 32050   -0.39393613E+0001   -0.39393613E+0001    0.47438162E+0000         1
 32100   -0.39395851E+0001   -0.39395851E+0001    0.36993689E+0000         1
 32150   -0.39396321E+0001   -0.39396321E+0001    0.34318234E+0000         1
 32200   -0.39392752E+0001   -0.39392752E+0001    0.44716326E+0000         1
 32250   -0.39390886E+0001   -0.39390886E+0001    0.54323074E+0000         1
 32300   -0.39395523E+0001   -0.39395523E+0001    0.41540239E+0000         1
 32350   -0.39394568E+0001   -0.39394568E+0001    0.37593214E+0000         1
 32400   -0.39392950E+0001   -0.39392950E+0001    0.46974513E+0000         1
 32450   -0.39393997E+0001   -0.39393997E+0001    0.45797649E+0000         1
 32500   -0.39390415E+0001   -0.39390415E+0001    0.43414930E+0000         1
 32550   -0.39392337E+0001   -0.39392337E+0001    0.40819171E+0000         1
 32600   -0.39392202E+0001   -0.39392202E+0001    0.42349123E+0000         1
 32650   -0.39388757E+0001   -0.39388757E+0001    0.55865390E+0000         1
 32700   -0.39393983E+0001   -0.39393983E+0001    0.41714439E+0000         1
 32750   -0.39394033E+0001   -0.39394033E+0001    0.48191796E+0000         1
 32800   -0.39394683E+0001   -0.39394683E+0001    0.43233505E+0000         1
 32850   -0.39390566E+0001   -0.39390566E+0001    0.48793314E+0000         1
 32900   -0.39394113E+0001   -0.39394113E+0001    0.43000040E+0000         1
 32950   -0.39390805E+0001   -0.39390805E+0001    0.60956514E+0000         1
 33000   -0.39385884E+0001   -0.39385884E+0001    0.61101705E+0000         1
 33050   -0.39390124E+0001   -0.39390124E+0001    0.52532872E+0000         1
 33100   -0.39389408E+0001   -0.39389408E+0001    0.49091529E+0000         1
 33150   -0.39382082E+0001   -0.39382082E+0001    0.78536565E+0000         1
 33200   -0.39389430E+0001   -0.39389430E+0001    0.56539012E+0000         1
 33250   -0.39390601E+0001   -0.39390601E+0001    0.46261425E+0000         1
 33300   -0.39390048E+0001   -0.39390048E+0001    0.50805583E+0000         1
 33350   -0.39386666E+0001   -0.39386666E+0001    0.50861096E+0000         1
 33400   -0.39384347E+0001   -0.39384347E+0001    0.52420185E+0000         1
 33450   -0.39381445E+0001   -0.39381445E+0001    0.64543307E+0000         1
 33500   -0.39387383E+0001   -0.39387383E+0001    0.50000512E+0000         1
 33550   -0.39388390E+0001   -0.39388390E+0001    0.52564611E+0000         1
 33600   -0.39385319E+0001   -0.39385319E+0001    0.65425778E+0000         1
 33650   -0.39392284E+0001   -0.39392284E+0001    0.57564629E+0000         1
 33700   -0.39394968E+0001   -0.39394968E+0001    0.42932850E+0000         1
 33750   -0.39390231E+0001   -0.39390231E+0001    0.61574129E+0000         1
 33800   -0.39395692E+0001   -0.39395692E+0001    0.38198267E+0000         1
 33850   -0.39395590E+0001   -0.39395590E+0001    0.39990510E+0000         1
 33900   -0.39391110E+0001   -0.39391110E+0001    0.49881067E+0000         1
 33950   -0.39384590E+0001   -0.39384590E+0001    0.70245357E+0000         1
 34000   -0.39393793E+0001   -0.39393793E+0001    0.37385286E+0000         1
 34050   -0.39392902E+0001   -0.39392902E+0001    0.41746009E+0000         1
 34100   -0.39393550E+0001   -0.39393550E+0001    0.48331400E+0000         1
 34150   -0.39388054E+0001   -0.39388054E+0001    0.50199215E+0000         1
 34200   -0.39390928E+0001   -0.39390928E+0001    0.39026133E+0000         1
 34250   -0.39391960E+0001   -0.39391960E+0001    0.45748627E+0000         1
 34300   -0.39389845E+0001   -0.39389845E+0001    0.48659113E+0000         1
 34350   -0.39387770E+0001   -0.39387770E+0001    0.61531221E+0000         1
 34400   -0.39387573E+0001   -0.39387573E+0001    0.54963055E+0000         1
 34450   -0.39386013E+0001   -0.39386013E+0001    0.51998085E+0000         1
 34500   -0.39389103E+0001   -0.39389103E+0001    0.48108024E+0000         1
 34550   -0.39386300E+0001   -0.39386300E+0001    0.52518923E+0000         1
 34600   -0.39389500E+0001   -0.39389500E+0001    0.49866690E+0000         1
 34650   -0.39393711E+0001   -0.39393711E+0001    0.37407189E+0000         1
 34700   -0.39394883E+0001   -0.39394883E+0001    0.33913107E+0000         1
 34750   -0.39390122E+0001   -0.39390122E+0001    0.45403170E+0000         1
 34800   -0.39390418E+0001   -0.39390418E+0001    0.48099562E+0000         1
 34850   -0.39393937E+0001   -0.39393937E+0001    0.32600805E+0000         1
 34900   -0.39390791E+0001   -0.39390791E+0001    0.39648184E+0000         1
 34950   -0.39390471E+0001   -0.39390471E+0001    0.47560851E+0000         1
 35000   -0.39389967E+0001   -0.39389967E+0001    0.53553076E+0000         1
 35050   -0.39392141E+0001   -0.39392141E+0001    0.45809333E+0000         1
 35100   -0.39393895E+0001   -0.39393895E+0001    0.35385257E+0000         1
 35150   -0.39392526E+0001   -0.39392526E+0001    0.40460128E+0000         1
 35200   -0.39392826E+0001   -0.39392826E+0001    0.43453160E+0000         1
 35250   -0.39394283E+0001   -0.39394283E+0001    0.38793556E+0000         1
 35300   -0.39388754E+0001   -0.39388754E+0001    0.61133381E+0000         1
 35350   -0.39388133E+0001   -0.39388133E+0001    0.61287770E+0000         1
 35400   -0.39380439E+0001   -0.39380439E+0001    0.76165972E+0000         1
 35450   -0.39383458E+0001   -0.39383458E+0001    0.70808447E+0000         1
 35500   -0.39395229E+0001   -0.39395229E+0001    0.30090031E+0000         1
 35550   -0.39390048E+0001   -0.39390048E+0001    0.56410249E+0000         1
 35600   -0.39389211E+0001   -0.39389211E+0001    0.49871588E+0000         1
 35650   -0.39386971E+0001   -0.39386971E+0001    0.54205549E+0000         1
 35700   -0.39387493E+0001   -0.39387493E+0001    0.60381554E+0000         1
 35750   -0.39394160E+0001   -0.39394160E+0001    0.32131498E+0000         1
 35800   -0.39389801E+0001   -0.39389801E+0001    0.53992012E+0000         1
 35850   -0.39384894E+0001   -0.39384894E+0001    0.62668794E+0000         1
 35900   -0.39388669E+0001   -0.39388669E+0001    0.48456510E+0000         1
 35950   -0.39390350E+0001   -0.39390350E+0001    0.45866191E+0000         1
 36000   -0.39393796E+0001   -0.39393796E+0001    0.42340443E+0000         1
 36050   -0.39391787E+0001   -0.39391787E+0001    0.56190971E+0000         1
 36100   -0.39394331E+0001   -0.39394331E+0001    0.44020938E+0000         1
 36150   -0.39394730E+0001   -0.39394730E+0001    0.38206529E+0000         1
 36200   -0.39392276E+0001   -0.39392276E+0001    0.57174338E+0000         1
 36250   -0.39390444E+0001   -0.39390444E+0001    0.61266802E+0000         1
 36300   -0.39390167E+0001   -0.39390167E+0001    0.54111327E+0000         1
 36350   -0.39389324E+0001   -0.39389324E+0001    0.59625027E+0000         1
 36400   -0.39382437E+0001   -0.39382437E+0001    0.72906937E+0000         1
 36450   -0.39381029E+0001   -0.39381029E+0001    0.70062741E+0000         1
 36500   -0.39386458E+0001   -0.39386458E+0001    0.66851997E+0000         1
 36550   -0.39385801E+0001   -0.39385801E+0001    0.46754149E+0000         1
 36600   -0.39384840E+0001   -0.39384840E+0001    0.59332506E+0000         1
 36650   -0.39378602E+0001   -0.39378602E+0001    0.83615804E+0000         1
 36700   -0.39390415E+0001   -0.39390415E+0001    0.48266751E+0000         1
 36750   -0.39392290E+0001   -0.39392290E+0001    0.46806874E+0000         1
 36800   -0.39393888E+0001   -0.39393888E+0001    0.44272187E+0000         1
 36850   -0.39389932E+0001   -0.39389932E+0001    0.50891773E+0000         1
 36900   -0.39389210E+0001   -0.39389210E+0001    0.51397334E+0000         1
 36950   -0.39387329E+0001   -0.39387329E+0001    0.50784293E+0000         1
 37000   -0.39384662E+0001   -0.39384662E+0001    0.51613787E+0000         1
 37050   -0.39390004E+0001   -0.39390004E+0001    0.48278164E+0000         1
 37100   -0.39392722E+0001   -0.39392722E+0001    0.41417960E+0000         1
 37150   -0.39383227E+0001   -0.39383227E+0001    0.80405663E+0000         1
 37200   -0.39390425E+0001   -0.39390425E+0001    0.48279095E+0000         1
 37250   -0.39388317E+0001   -0.39388317E+0001    0.58422158E+0000         1
 37300   -0.39395430E+0001   -0.39395430E+0001    0.40859615E+0000         1
 37350   -0.39394323E+0001   -0.39394323E+0001    0.45405065E+0000         1
 37400   -0.39394026E+0001   -0.39394026E+0001    0.43558937E+0000         1
 37450   -0.39395410E+0001   -0.39395410E+0001    0.39795303E+0000         1
 37500   -0.39397354E+0001   -0.39397354E+0001    0.35506986E+0000         1
 37550   -0.39392887E+0001   -0.39392887E+0001    0.51441218E+0000         1
 37600   -0.39392764E+0001   -0.39392764E+0001    0.38670905E+0000         1
 37650   -0.39392191E+0001   -0.39392191E+0001    0.45370095E+0000         1
 37700   -0.39393096E+0001   -0.39393096E+0001    0.41171329E+0000         1
 37750   -0.39390981E+0001   -0.39390981E+0001    0.48591999E+0000         1
 37800   -0.39378549E+0001   -0.39378549E+0001    0.76558958E+0000         1
 37850   -0.39385704E+0001   -0.39385704E+0001    0.61845863E+0000         1
 37900   -0.39384635E+0001   -0.39384635E+0001    0.51124713E+0000         1
 37950   -0.39380624E+0001   -0.39380624E+0001    0.62616120E+0000         1
 38000   -0.39391017E+0001   -0.39391017E+0001    0.46831353E+0000         1
 38050   -0.39386128E+0001   -0.39386128E+0001    0.63380809E+0000         1
 38100   -0.39383225E+0001   -0.39383225E+0001    0.73004411E+0000         1
 38150   -0.39390773E+0001   -0.39390773E+0001    0.53478272E+0000         1
 38200   -0.39386972E+0001   -0.39386972E+0001    0.60369955E+0000         1
 38250   -0.39395450E+0001   -0.39395450E+0001    0.35560246E+0000         1
 38300   -0.39392182E+0001   -0.39392182E+0001    0.46194924E+0000         1
 38350   -0.39389624E+0001   -0.39389624E+0001    0.47603823E+0000         1
 38400   -0.39386512E+0001   -0.39386512E+0001    0.65742897E+0000         1
 38450   -0.39389905E+0001   -0.39389905E+0001    0.53777214E+0000         1
 38500   -0.39385847E+0001   -0.39385847E+0001    0.54377483E+0000         1
 38550   -0.39383936E+0001   -0.39383936E+0001    0.61955293E+0000         1
 38600   -0.39386341E+0001   -0.39386341E+0001    0.48575319E+0000         1
 38650   -0.39385021E+0001   -0.39385021E+0001    0.53222100E+0000         1
 38700   -0.39389480E+0001   -0.39389480E+0001    0.47205281E+0000         1
 38750   -0.39386973E+0001   -0.39386973E+0001    0.48499015E+0000         1
 38800   -0.39377153E+0001   -0.39377153E+0001    0.68524833E+0000         1
 38850   -0.39381973E+0001   -0.39381973E+0001    0.64375482E+0000         1
 38900   -0.39387015E+0001   -0.39387015E+0001    0.59776258E+0000         1
 38950   -0.39393508E+0001   -0.39393508E+0001    0.48718750E+0000         1
 39000   -0.39393145E+0001   -0.39393145E+0001    0.50508440E+0000         1
 39050   -0.39391498E+0001   -0.39391498E+0001    0.43952822E+0000         1
 39100   -0.39390782E+0001   -0.39390782E+0001    0.54713048E+0000         1
 39150   -0.39389040E+0001   -0.39389040E+0001    0.55998681E+0000         1
 39200   -0.39390782E+0001   -0.39390782E+0001    0.49930491E+0000         1
 39250   -0.39395015E+0001   -0.39395015E+0001    0.33357307E+0000         1
 39300   -0.39391336E+0001   -0.39391336E+0001    0.48553122E+0000         1
 39350   -0.39390530E+0001   -0.39390530E+0001    0.47987782E+0000         1
 39400   -0.39395876E+0001   -0.39395876E+0001    0.33932466E+0000         1
 39450   -0.39393202E+0001   -0.39393202E+0001    0.39226453E+0000         1
 39500   -0.39388212E+0001   -0.39388212E+0001    0.60568084E+0000         1
 39550   -0.39390593E+0001   -0.39390593E+0001    0.52686175E+0000         1
 39600   -0.39388953E+0001   -0.39388953E+0001    0.53084536E+0000         1
 39650   -0.39391053E+0001   -0.39391053E+0001    0.53866066E+0000         1
 39700   -0.39387402E+0001   -0.39387402E+0001    0.62337902E+0000         1
 39750   -0.39389923E+0001   -0.39389923E+0001    0.48822998E+0000         1
 39800   -0.39389526E+0001   -0.39389526E+0001    0.58494398E+0000         1
 39850   -0.39390557E+0001   -0.39390557E+0001    0.48720648E+0000         1
 39900   -0.39389104E+0001   -0.39389104E+0001    0.55445503E+0000         1
 39950   -0.39390808E+0001   -0.39390808E+0001    0.46484569E+0000         1
 40000   -0.39390803E+0001   -0.39390803E+0001    0.42868552E+0000         1
 40050   -0.39390073E+0001   -0.39390073E+0001    0.50519630E+0000         1
 40100   -0.39391827E+0001   -0.39391827E+0001    0.47640919E+0000         1
 40150   -0.39393298E+0001   -0.39393298E+0001    0.41295086E+0000         1
 40200   -0.39390826E+0001   -0.39390826E+0001    0.47847296E+0000         1
 40250   -0.39389873E+0001   -0.39389873E+0001    0.51312305E+0000         1
 40300   -0.39395804E+0001   -0.39395804E+0001    0.36010859E+0000         1
 40350   -0.39396627E+0001   -0.39396627E+0001    0.31996934E+0000         1
 40400   -0.39394713E+0001   -0.39394713E+0001    0.40194311E+0000         1
 40450   -0.39394800E+0001   -0.39394800E+0001    0.41234259E+0000         1
 40500   -0.39396308E+0001   -0.39396308E+0001    0.31404761E+0000         1
 40550   -0.39389473E+0001   -0.39389473E+0001    0.52796059E+0000         1
 40600   -0.39393920E+0001   -0.39393920E+0001    0.36559435E+0000         1
 40650   -0.39387462E+0001   -0.39387462E+0001    0.60955030E+0000         1
 40700   -0.39391083E+0001   -0.39391083E+0001    0.60750846E+0000         1
 40750   -0.39389010E+0001   -0.39389010E+0001    0.50923224E+0000         1
 40800   -0.39392894E+0001   -0.39392894E+0001    0.44807876E+0000         1
 40850   -0.39388263E+0001   -0.39388263E+0001    0.54009280E+0000         1
 40900   -0.39388275E+0001   -0.39388275E+0001    0.57826963E+0000         1
 40950   -0.39391528E+0001   -0.39391528E+0001    0.48687652E+0000         1
 41000   -0.39385673E+0001   -0.39385673E+0001    0.66027687E+0000         1
 41050   -0.39388848E+0001   -0.39388848E+0001    0.69870916E+0000         1
 41100   -0.39388022E+0001   -0.39388022E+0001    0.63876696E+0000         1
 41150   -0.39390133E+0001   -0.39390133E+0001    0.53120626E+0000         1
 41200   -0.39378119E+0001   -0.39378119E+0001    0.70418059E+0000         1
 41250   -0.39385163E+0001   -0.39385163E+0001    0.55316305E+0000         1
 41300   -0.39390407E+0001   -0.39390407E+0001    0.47851657E+0000         1
 41350   -0.39386322E+0001   -0.39386322E+0001    0.59843199E+0000         1
 41400   -0.39391032E+0001   -0.39391032E+0001    0.50121783E+0000         1
 41450   -0.39394019E+0001   -0.39394019E+0001    0.37634226E+0000         1
 41500   -0.39394364E+0001   -0.39394364E+0001    0.40718657E+0000         1
 41550   -0.39397253E+0001   -0.39397253E+0001    0.34434298E+0000         1
 41600   -0.39392737E+0001   -0.39392737E+0001    0.49631820E+0000         1
 41650   -0.39392289E+0001   -0.39392289E+0001    0.51627062E+0000         1
 41700   -0.39390505E+0001   -0.39390505E+0001    0.47314447E+0000         1
 41750   -0.39391079E+0001   -0.39391079E+0001    0.48382865E+0000         1
 41800   -0.39388829E+0001   -0.39388829E+0001    0.52822849E+0000         1
 41850   -0.39386630E+0001   -0.39386630E+0001    0.55937573E+0000         1
 41900   -0.39385664E+0001   -0.39385664E+0001    0.53278927E+0000         1
 41950   -0.39387833E+0001   -0.39387833E+0001    0.55084550E+0000         1
 42000   -0.39390643E+0001   -0.39390643E+0001    0.55074933E+0000         1
 42050   -0.39391229E+0001   -0.39391229E+0001    0.48587215E+0000         1
 42100   -0.39393669E+0001   -0.39393669E+0001    0.44146224E+0000         1
 42150   -0.39389208E+0001   -0.39389208E+0001    0.53736946E+0000         1
 42200   -0.39390749E+0001   -0.39390749E+0001    0.51695815E+0000         1
 42250   -0.39393885E+0001   -0.39393885E+0001    0.46115266E+0000         1
 42300   -0.39387794E+0001   -0.39387794E+0001    0.58462712E+0000         1
 42350   -0.39391792E+0001   -0.39391792E+0001    0.47674983E+0000         1
 42400   -0.39392288E+0001   -0.39392288E+0001    0.55047708E+0000         1
 42450   -0.39391621E+0001   -0.39391621E+0001    0.54870900E+0000         1
 42500   -0.39387025E+0001   -0.39387025E+0001    0.63994562E+0000         1
 42550   -0.39389357E+0001   -0.39389357E+0001    0.44165339E+0000         1
 42600   -0.39388358E+0001   -0.39388358E+0001    0.55125912E+0000         1
 42650   -0.39388643E+0001   -0.39388643E+0001    0.50030050E+0000         1
 42700   -0.39385887E+0001   -0.39385887E+0001    0.62715936E+0000         1
 42750   -0.39390275E+0001   -0.39390275E+0001    0.44183271E+0000         1
 42800   -0.39389355E+0001   -0.39389355E+0001    0.44186275E+0000         1
 42850   -0.39387416E+0001   -0.39387416E+0001    0.55073718E+0000         1
 42900   -0.39391067E+0001   -0.39391067E+0001    0.36614015E+0000         1
 42950   -0.39390687E+0001   -0.39390687E+0001    0.37499928E+0000         1
 43000   -0.39393288E+0001   -0.39393288E+0001    0.35112749E+0000         1
 43050   -0.39393082E+0001   -0.39393082E+0001    0.40366535E+0000         1
 43100   -0.39389956E+0001   -0.39389956E+0001    0.50105549E+0000         1
 43150   -0.39389312E+0001   -0.39389312E+0001    0.58269488E+0000         1
 43200   -0.39389133E+0001   -0.39389133E+0001    0.52084119E+0000         1
 43250   -0.39393668E+0001   -0.39393668E+0001    0.41834526E+0000         1
 43300   -0.39394997E+0001   -0.39394997E+0001    0.39169525E+0000         1
 43350   -0.39396345E+0001   -0.39396345E+0001    0.36669159E+0000         1
 43400   -0.39391813E+0001   -0.39391813E+0001    0.48061586E+0000         1
 43450   -0.39388730E+0001   -0.39388730E+0001    0.57192501E+0000         1
 43500   -0.39385490E+0001   -0.39385490E+0001    0.58009042E+0000         1
 43550   -0.39381789E+0001   -0.39381789E+0001    0.63908660E+0000         1
 43600   -0.39378219E+0001   -0.39378219E+0001    0.81698632E+0000         1
 43650   -0.39386648E+0001   -0.39386648E+0001    0.50118525E+0000         1
 43700   -0.39389769E+0001   -0.39389769E+0001    0.41658355E+0000         1
 43750   -0.39391405E+0001   -0.39391405E+0001    0.44663893E+0000         1
 43800   -0.39392293E+0001   -0.39392293E+0001    0.48889035E+0000         1
 43850   -0.39392483E+0001   -0.39392483E+0001    0.41337370E+0000         1
 43900   -0.39390966E+0001   -0.39390966E+0001    0.52157722E+0000         1
 43950   -0.39389458E+0001   -0.39389458E+0001    0.57214751E+0000         1
 44000   -0.39388356E+0001   -0.39388356E+0001    0.58319979E+0000         1
 44050   -0.39391396E+0001   -0.39391396E+0001    0.52213169E+0000         1
 44100   -0.39391574E+0001   -0.39391574E+0001    0.46033245E+0000         1
 44150   -0.39388480E+0001   -0.39388480E+0001    0.55213601E+0000         1
 44200   -0.39394608E+0001   -0.39394608E+0001    0.36523022E+0000         1
 44250   -0.39394128E+0001   -0.39394128E+0001    0.41611135E+0000         1
 44300   -0.39394543E+0001   -0.39394543E+0001    0.38021148E+0000         1
 44350   -0.39394575E+0001   -0.39394575E+0001    0.34224306E+0000         1
 44400   -0.39392811E+0001   -0.39392811E+0001    0.42152357E+0000         1
 44450   -0.39393398E+0001   -0.39393398E+0001    0.44745246E+0000         1
 44500   -0.39393251E+0001   -0.39393251E+0001    0.45786607E+0000         1
 44550   -0.39393907E+0001   -0.39393907E+0001    0.43860884E+0000         1
 44600   -0.39394038E+0001   -0.39394038E+0001    0.41615045E+0000         1
 44650   -0.39387222E+0001   -0.39387222E+0001    0.64090903E+0000         1
 44700   -0.39388810E+0001   -0.39388810E+0001    0.49728239E+0000         1
 44750   -0.39389802E+0001   -0.39389802E+0001    0.57022750E+0000         1
 44800   -0.39394420E+0001   -0.39394420E+0001    0.43776102E+0000         1
 44850   -0.39397122E+0001   -0.39397122E+0001    0.29995583E+0000         1
 44900   -0.39397250E+0001   -0.39397250E+0001    0.29850682E+0000         1
 44950   -0.39393888E+0001   -0.39393888E+0001    0.40202576E+0000         1
 45000   -0.39393380E+0001   -0.39393380E+0001    0.41931790E+0000         1
 45050   -0.39385932E+0001   -0.39385932E+0001    0.59710765E+0000         1
 45100   -0.39391949E+0001   -0.39391949E+0001    0.52786606E+0000         1
 45150   -0.39390646E+0001   -0.39390646E+0001    0.56878784E+0000         1
 45200   -0.39393370E+0001   -0.39393370E+0001    0.43735644E+0000         1
 45250   -0.39389536E+0001   -0.39389536E+0001    0.57887465E+0000         1
 45300   -0.39386042E+0001   -0.39386042E+0001    0.66412886E+0000         1
 45350   -0.39388008E+0001   -0.39388008E+0001    0.60028056E+0000         1
 45400   -0.39390753E+0001   -0.39390753E+0001    0.53289850E+0000         1
 45450   -0.39394597E+0001   -0.39394597E+0001    0.42109798E+0000         1
 45500   -0.39393357E+0001   -0.39393357E+0001    0.45782548E+0000         1
 45550   -0.39394717E+0001   -0.39394717E+0001    0.34507659E+0000         1
 45600   -0.39394120E+0001   -0.39394120E+0001    0.36842707E+0000         1
 45650   -0.39390840E+0001   -0.39390840E+0001    0.52280594E+0000         1
 45700   -0.39391816E+0001   -0.39391816E+0001    0.47884647E+0000         1
 45750   -0.39387803E+0001   -0.39387803E+0001    0.60163749E+0000         1
 45800   -0.39390731E+0001   -0.39390731E+0001    0.48814433E+0000         1
 45850   -0.39384567E+0001   -0.39384567E+0001    0.71843044E+0000         1
 45900   -0.39387362E+0001   -0.39387362E+0001    0.57789604E+0000         1
 45950   -0.39390485E+0001   -0.39390485E+0001    0.54310524E+0000         1
 46000   -0.39388583E+0001   -0.39388583E+0001    0.65193017E+0000         1
 46050   -0.39391115E+0001   -0.39391115E+0001    0.42026393E+0000         1
 46100   -0.39391264E+0001   -0.39391264E+0001    0.44204723E+0000         1
 46150   -0.39393045E+0001   -0.39393045E+0001    0.44859612E+0000         1
 46200   -0.39389015E+0001   -0.39389015E+0001    0.45711534E+0000         1
 46250   -0.39385819E+0001   -0.39385819E+0001    0.64021078E+0000         1
 46300   -0.39383180E+0001   -0.39383180E+0001    0.77493270E+0000         1
 46350   -0.39388422E+0001   -0.39388422E+0001    0.55283239E+0000         1
 46400   -0.39388875E+0001   -0.39388875E+0001    0.47626626E+0000         1
 46450   -0.39378866E+0001   -0.39378866E+0001    0.75403809E+0000         1
 46500   -0.39385836E+0001   -0.39385836E+0001    0.58967786E+0000         1
 46550   -0.39386308E+0001   -0.39386308E+0001    0.62492554E+0000         1
 46600   -0.39379777E+0001   -0.39379777E+0001    0.77206385E+0000         1
 46650   -0.39377633E+0001   -0.39377633E+0001    0.71468832E+0000         1
 46700   -0.39390183E+0001   -0.39390183E+0001    0.49329631E+0000         1
 46750   -0.39390859E+0001   -0.39390859E+0001    0.46662298E+0000         1
 46800   -0.39390579E+0001   -0.39390579E+0001    0.63676918E+0000         1
 46850   -0.39392552E+0001   -0.39392552E+0001    0.45102744E+0000         1
 46900   -0.39390389E+0001   -0.39390389E+0001    0.57064818E+0000         1
 46950   -0.39393322E+0001   -0.39393322E+0001    0.45965104E+0000         1
 47000   -0.39386425E+0001   -0.39386425E+0001    0.59571296E+0000         1
 47050   -0.39384139E+0001   -0.39384139E+0001    0.59979986E+0000         1
 47100   -0.39386295E+0001   -0.39386295E+0001    0.52639838E+0000         1
 47150   -0.39388650E+0001   -0.39388650E+0001    0.49552804E+0000         1
 47200   -0.39390951E+0001   -0.39390951E+0001    0.51822484E+0000         1
 47250   -0.39389564E+0001   -0.39389564E+0001    0.53978118E+0000         1
 47300   -0.39392833E+0001   -0.39392833E+0001    0.48145794E+0000         1
 47350   -0.39392690E+0001   -0.39392690E+0001    0.50861510E+0000         1
 47400   -0.39392101E+0001   -0.39392101E+0001    0.54423415E+0000         1
 47450   -0.39392036E+0001   -0.39392036E+0001    0.41020323E+0000         1
 47500   -0.39392366E+0001   -0.39392366E+0001    0.46160302E+0000         1
 47550   -0.39394815E+0001   -0.39394815E+0001    0.27720596E+0000         1
 47600   -0.39386307E+0001   -0.39386307E+0001    0.65775135E+0000         1
 47650   -0.39393009E+0001   -0.39393009E+0001    0.49529774E+0000         1
 47700   -0.39392277E+0001   -0.39392277E+0001    0.48704367E+0000         1
 47750   -0.39395726E+0001   -0.39395726E+0001    0.32731928E+0000         1
 47800   -0.39393690E+0001   -0.39393690E+0001    0.42902369E+0000         1
 47850   -0.39396843E+0001   -0.39396843E+0001    0.38832073E+0000         1
 47900   -0.39395637E+0001   -0.39395637E+0001    0.35212146E+0000         1
 47950   -0.39389821E+0001   -0.39389821E+0001    0.49505581E+0000         1
 48000   -0.39387182E+0001   -0.39387182E+0001    0.58258367E+0000         1
