     1   -0.39239847E+0001   -0.39245497E+0001    0.17815462E+0001     12000
    50   -0.39238248E+0001   -0.39292609E+0001    0.14388418E+0001     12179
   100   -0.39270257E+0001   -0.39327102E+0001    0.12022415E+0001     12760
   150   -0.39303258E+0001   -0.39348802E+0001    0.98748879E+0000     13474
   200   -0.39328122E+0001   -0.39368598E+0001    0.80009487E+0000     13787
   250   -0.39347024E+0001   -0.39377258E+0001    0.69243377E+0000     14270
   300   -0.39362771E+0001   -0.39388563E+0001    0.43513688E+0000     14455
   350   -0.39374471E+0001   -0.39391438E+0001    0.44325327E+0000     14993
   400   -0.39381856E+0001   -0.39395271E+0001    0.45547422E+0000     15198
     1   -0.39239796E+0001   -0.39245164E+0001    0.17815462E+0001     12002
    50   -0.39233524E+0001   -0.39286989E+0001    0.14766001E+0001     12379
   100   -0.39261467E+0001   -0.39313188E+0001    0.13071523E+0001     12989
   150   -0.39287138E+0001   -0.39331497E+0001    0.11384443E+0001     13445
   200   -0.39305288E+0001   -0.39351588E+0001    0.96856720E+0000     13978
   250   -0.39328198E+0001   -0.39365078E+0001    0.85172731E+0000     14662
   300   -0.39348168E+0001   -0.39374040E+0001    0.66961386E+0000     15039
   350   -0.39361325E+0001   -0.39383047E+0001    0.60019303E+0000     15504
   400   -0.39370892E+0001   -0.39389358E+0001    0.49718001E+0000     15918
     1   -0.39239713E+0001   -0.39245045E+0001    0.17815462E+0001     12012
    50   -0.39229966E+0001   -0.39285703E+0001    0.14804117E+0001     12347
   100   -0.39255956E+0001   -0.39312029E+0001    0.13083482E+0001     12884
   150   -0.39286296E+0001   -0.39326748E+0001    0.11678879E+0001     13232
   200   -0.39302827E+0001   -0.39344112E+0001    0.99118280E+0000     13637
   250   -0.39320071E+0001   -0.39356489E+0001    0.89663688E+0000     14178
   300   -0.39335272E+0001   -0.39367625E+0001    0.70176712E+0000     14438
   350   -0.39348329E+0001   -0.39379799E+0001    0.59902928E+0000     14863
   400   -0.39360745E+0001   -0.39384864E+0001    0.58295928E+0000     15021
     1   -0.39239667E+0001   -0.39244881E+0001    0.17815462E+0001     12008
    50   -0.39226608E+0001   -0.39281224E+0001    0.15347592E+0001     12144
   100   -0.39249635E+0001   -0.39306512E+0001    0.13416996E+0001     12814
   150   -0.39277236E+0001   -0.39326519E+0001    0.11484933E+0001     13434
   200   -0.39295638E+0001   -0.39335234E+0001    0.10375891E+0001     14121
   250   -0.39311668E+0001   -0.39349023E+0001    0.95503094E+0000     14459
   300   -0.39324949E+0001   -0.39356623E+0001    0.82171524E+0000     14857
   350   -0.39336059E+0001   -0.39370904E+0001    0.73479866E+0000     15200
   400   -0.39349391E+0001   -0.39376133E+0001    0.64793237E+0000     15679
     1   -0.39239609E+0001   -0.39244970E+0001    0.17815462E+0001     12003
    50   -0.39222871E+0001   -0.39278142E+0001    0.15588615E+0001     12282
   100   -0.39234488E+0001   -0.39290687E+0001    0.15127152E+0001     12823
   150   -0.39253308E+0001   -0.39316340E+0001    0.12654557E+0001     13212
   200   -0.39291185E+0001   -0.39338964E+0001    0.10671116E+0001     14131
   250   -0.39316264E+0001   -0.39350951E+0001    0.95874613E+0000     14711
   300   -0.39327030E+0001   -0.39362769E+0001    0.82977762E+0000     15218
   350   -0.39337449E+0001   -0.39366256E+0001    0.78152863E+0000     15785
   400   -0.39348105E+0001   -0.39376865E+0001    0.65177464E+0000     16028
     1   -0.39239516E+0001   -0.39245085E+0001    0.17815462E+0001     11999
    50   -0.39219836E+0001   -0.39279760E+0001    0.15218005E+0001     12114
   100   -0.39235895E+0001   -0.39299748E+0001    0.13549206E+0001     12616
   150   -0.39263360E+0001   -0.39310561E+0001    0.12519588E+0001     13206
   200   -0.39276166E+0001   -0.39325512E+0001    0.11703688E+0001     13850
   250   -0.39289419E+0001   -0.39324605E+0001    0.10840904E+0001     14173
   300   -0.39300552E+0001   -0.39338838E+0001    0.10100315E+0001     14591
   350   -0.39311318E+0001   -0.39344059E+0001    0.94387246E+0000     15288
   400   -0.39319221E+0001   -0.39350593E+0001    0.92556726E+0000     15750
     1   -0.39239488E+0001   -0.39245256E+0001    0.17815462E+0001     11998
    50   -0.39216166E+0001   -0.39271405E+0001    0.16052019E+0001     12192
   100   -0.39229261E+0001   -0.39279044E+0001    0.14708247E+0001     12701
   150   -0.39241249E+0001   -0.39296523E+0001    0.13562928E+0001     13275
   200   -0.39254734E+0001   -0.39309794E+0001    0.12529990E+0001     13853
   250   -0.39270835E+0001   -0.39320090E+0001    0.11913733E+0001     14607
   300   -0.39290262E+0001   -0.39334667E+0001    0.10567877E+0001     15331
   350   -0.39307709E+0001   -0.39342445E+0001    0.90569955E+0000     15748
   400   -0.39319815E+0001   -0.39350439E+0001    0.82267716E+0000     16232
     1   -0.39239451E+0001   -0.39245249E+0001    0.17815462E+0001     12005
    50   -0.39214012E+0001   -0.39267491E+0001    0.15627318E+0001     12073
   100   -0.39225907E+0001   -0.39290743E+0001    0.14547405E+0001     12372
   150   -0.39244423E+0001   -0.39297968E+0001    0.13670189E+0001     13120
   200   -0.39254044E+0001   -0.39303959E+0001    0.13032623E+0001     13546
   250   -0.39264158E+0001   -0.39314717E+0001    0.12191207E+0001     14259
   300   -0.39281961E+0001   -0.39325457E+0001    0.11203337E+0001     14701
   350   -0.39295801E+0001   -0.39337858E+0001    0.10313602E+0001     15290
   400   -0.39302765E+0001   -0.39342835E+0001    0.96314207E+0000     15861
     1   -0.39239433E+0001   -0.39245129E+0001    0.17815462E+0001     12000
    50   -0.39211385E+0001   -0.39265285E+0001    0.15972117E+0001     12285
   100   -0.39217025E+0001   -0.39279076E+0001    0.15567864E+0001     12847
   150   -0.39229038E+0001   -0.39284183E+0001    0.14815337E+0001     13501
   200   -0.39235511E+0001   -0.39291337E+0001    0.14102195E+0001     14175
   250   -0.39246895E+0001   -0.39304507E+0001    0.12416758E+0001     14972
   300   -0.39269300E+0001   -0.39317053E+0001    0.11169389E+0001     15479
   350   -0.39284669E+0001   -0.39332725E+0001    0.94612090E+0000     16301
   400   -0.39297502E+0001   -0.39337615E+0001    0.94128137E+0000     16876
     1   -0.39239357E+0001   -0.39246717E+0001    0.17815462E+0001     11999
    50   -0.39209436E+0001   -0.39280612E+0001    0.15542303E+0001     11997
   100   -0.39224173E+0001   -0.39291862E+0001    0.14643107E+0001     12500
   150   -0.39246671E+0001   -0.39299069E+0001    0.13897946E+0001     13161
   200   -0.39256172E+0001   -0.39312340E+0001    0.13016740E+0001     13809
   250   -0.39266462E+0001   -0.39328367E+0001    0.11411262E+0001     14215
   300   -0.39288796E+0001   -0.39337250E+0001    0.10939658E+0001     14518
   350   -0.39309302E+0001   -0.39344580E+0001    0.10591505E+0001     15224
   400   -0.39317488E+0001   -0.39350012E+0001    0.99441525E+0000     15891
     1   -0.39239355E+0001   -0.39245435E+0001    0.17815462E+0001     12004
    50   -0.39205438E+0001   -0.39263415E+0001    0.16434160E+0001     12406
   100   -0.39206281E+0001   -0.39271679E+0001    0.15923463E+0001     13169
   150   -0.39218072E+0001   -0.39283240E+0001    0.14869890E+0001     13868
   200   -0.39238442E+0001   -0.39298816E+0001    0.13925975E+0001     14655
   250   -0.39252855E+0001   -0.39305947E+0001    0.12965655E+0001     15108
   300   -0.39259869E+0001   -0.39311263E+0001    0.12510869E+0001     15536
   350   -0.39275092E+0001   -0.39319601E+0001    0.11250890E+0001     16649
   400   -0.39283056E+0001   -0.39326709E+0001    0.10716848E+0001     17558
     1   -0.39239377E+0001   -0.39245753E+0001    0.17815462E+0001     12004
    50   -0.39205306E+0001   -0.39265916E+0001    0.16185689E+0001     12421
   100   -0.39207699E+0001   -0.39271407E+0001    0.16324936E+0001     12733
   150   -0.39206946E+0001   -0.39266892E+0001    0.15880199E+0001     13433
   200   -0.39210227E+0001   -0.39268600E+0001    0.15902167E+0001     14185
   250   -0.39221091E+0001   -0.39273198E+0001    0.15641669E+0001     14960
   300   -0.39226966E+0001   -0.39276543E+0001    0.15169841E+0001     15788
   350   -0.39230941E+0001   -0.39296573E+0001    0.13667544E+0001     16500
   400   -0.39241108E+0001   -0.39301414E+0001    0.12914046E+0001     16833
     1   -0.39239272E+0001   -0.39245465E+0001    0.17815462E+0001     12010
    50   -0.39203008E+0001   -0.39260275E+0001    0.16665501E+0001     12125
   100   -0.39202040E+0001   -0.39266951E+0001    0.15662913E+0001     12752
   150   -0.39209609E+0001   -0.39267008E+0001    0.15719170E+0001     13566
   200   -0.39211048E+0001   -0.39279306E+0001    0.14680738E+0001     13979
   250   -0.39221881E+0001   -0.39281868E+0001    0.14092238E+0001     14431
   300   -0.39232548E+0001   -0.39289710E+0001    0.13701360E+0001     14850
   350   -0.39242447E+0001   -0.39290198E+0001    0.12782483E+0001     15698
   400   -0.39250535E+0001   -0.39297535E+0001    0.12372203E+0001     16598
     1   -0.39239261E+0001   -0.39245081E+0001    0.17815462E+0001     11993
    50   -0.39201753E+0001   -0.39256240E+0001    0.16782486E+0001     12246
   100   -0.39195981E+0001   -0.39275912E+0001    0.14984862E+0001     12724
   150   -0.39231909E+0001   -0.39287980E+0001    0.13684493E+0001     13633
   200   -0.39237591E+0001   -0.39295074E+0001    0.13215737E+0001     14197
   250   -0.39245591E+0001   -0.39293831E+0001    0.13075244E+0001     14899
   300   -0.39250062E+0001   -0.39302897E+0001    0.13151268E+0001     15173
   350   -0.39245943E+0001   -0.39298897E+0001    0.13357192E+0001     16050
   400   -0.39238928E+0001   -0.39293364E+0001    0.12570776E+0001     16666
   450   -0.39237965E+0001   -0.39300083E+0001    0.12429930E+0001     17242
     1   -0.39239204E+0001   -0.39245052E+0001    0.17815462E+0001     11994
    50   -0.39198930E+0001   -0.39258628E+0001    0.16245428E+0001     12218
   100   -0.39194543E+0001   -0.39253236E+0001    0.15822269E+0001     12930
   150   -0.39200848E+0001   -0.39258992E+0001    0.15691412E+0001     13664
   200   -0.39197728E+0001   -0.39283588E+0001    0.14667231E+0001     14248
   250   -0.39191070E+0001   -0.39280916E+0001    0.15446662E+0001     14761
   300   -0.39198990E+0001   -0.39295774E+0001    0.13768026E+0001     15421
   350   -0.39248581E+0001   -0.39311152E+0001    0.12809941E+0001     16108
   400   -0.39261480E+0001   -0.39309329E+0001    0.12323746E+0001     17056
     1   -0.39239236E+0001   -0.39245961E+0001    0.17815462E+0001     11996
    50   -0.39198561E+0001   -0.39274629E+0001    0.16024421E+0001     11979
   100   -0.39194034E+0001   -0.39270605E+0001    0.16067903E+0001     12555
   150   -0.39213241E+0001   -0.39287720E+0001    0.14531028E+0001     13150
   200   -0.39230498E+0001   -0.39296011E+0001    0.13973007E+0001     13927
   250   -0.39237231E+0001   -0.39297965E+0001    0.14139765E+0001     14427
   300   -0.39248536E+0001   -0.39301025E+0001    0.13487902E+0001     14653
   350   -0.39256414E+0001   -0.39308570E+0001    0.13157906E+0001     15084
   400   -0.39263223E+0001   -0.39316625E+0001    0.12469781E+0001     15384
     1   -0.39239219E+0001   -0.39245397E+0001    0.17815462E+0001     12004
    50   -0.39197790E+0001   -0.39256093E+0001    0.16368623E+0001     12254
   100   -0.39188162E+0001   -0.39272156E+0001    0.16465658E+0001     12934
   150   -0.39196892E+0001   -0.39264746E+0001    0.15972318E+0001     13746
   200   -0.39198693E+0001   -0.39271089E+0001    0.15740765E+0001     14018
   250   -0.39200612E+0001   -0.39278636E+0001    0.15133751E+0001     14937
   300   -0.39210748E+0001   -0.39274715E+0001    0.14581969E+0001     15784
   350   -0.39226350E+0001   -0.39271345E+0001    0.14232539E+0001     16150
   400   -0.39237537E+0001   -0.39286092E+0001    0.13639446E+0001     16821
   450   -0.39235141E+0001   -0.39292542E+0001    0.12993660E+0001     17780
   500   -0.39234392E+0001   -0.39300332E+0001    0.11732922E+0001     18453
     1   -0.39239178E+0001   -0.39245164E+0001    0.17815462E+0001     12006
    50   -0.39196543E+0001   -0.39261319E+0001    0.16151794E+0001     12229
   100   -0.39192402E+0001   -0.39261205E+0001    0.15799863E+0001     12694
   150   -0.39203721E+0001   -0.39258901E+0001    0.15922064E+0001     13092
   200   -0.39199232E+0001   -0.39258214E+0001    0.15908003E+0001     14017
   250   -0.39190428E+0001   -0.39255724E+0001    0.15703832E+0001     14658
   300   -0.39191328E+0001   -0.39260003E+0001    0.15953919E+0001     15484
   350   -0.39196664E+0001   -0.39242140E+0001    0.16018429E+0001     16286
   400   -0.39189605E+0001   -0.39245795E+0001    0.15226045E+0001     16568
   450   -0.39189150E+0001   -0.39240629E+0001    0.15389759E+0001     17729
   500   -0.39171422E+0001   -0.39229024E+0001    0.14930061E+0001     18461
   550   -0.39153051E+0001   -0.39233622E+0001    0.15111251E+0001     19094
   600   -0.39137886E+0001   -0.39216636E+0001    0.15909096E+0001     19758
   650   -0.39123391E+0001   -0.39222687E+0001    0.15804394E+0001     20589
   700   -0.39104841E+0001   -0.39202832E+0001    0.16404288E+0001     20818
   750   -0.39091778E+0001   -0.39180076E+0001    0.16616706E+0001     21722
   800   -0.39069083E+0001   -0.39167688E+0001    0.16861125E+0001     22704
   850   -0.39030874E+0001   -0.39153513E+0001    0.16880157E+0001     23453
   900   -0.38983128E+0001   -0.39160138E+0001    0.17413736E+0001     24308
   950   -0.38942550E+0001   -0.39141425E+0001    0.17376758E+0001     24932
  1000   -0.38912274E+0001   -0.39104449E+0001    0.17795855E+0001     25537
  1050   -0.38880758E+0001   -0.39051802E+0001    0.17782211E+0001     26024
  1100   -0.38842957E+0001   -0.38972493E+0001    0.18108727E+0001     26722
  1150   -0.38802995E+0001   -0.38920307E+0001    0.18222454E+0001     27029
  1200   -0.38755997E+0001   -0.38872089E+0001    0.18312177E+0001     27714
  1250   -0.38705922E+0001   -0.38835139E+0001    0.18432404E+0001     28184
  1300   -0.38653644E+0001   -0.38795528E+0001    0.18301820E+0001     28528
  1350   -0.38603584E+0001   -0.38729420E+0001    0.18800090E+0001     29163
  1400   -0.38555708E+0001   -0.38686932E+0001    0.18828083E+0001     30209
  1450   -0.38508373E+0001   -0.38654338E+0001    0.19024459E+0001     31077
  1500   -0.38459336E+0001   -0.38596825E+0001    0.18960430E+0001     32079
  1550   -0.38407868E+0001   -0.38547757E+0001    0.19025143E+0001     33031
  1600   -0.38355179E+0001   -0.38503265E+0001    0.18907715E+0001     33812
  1601   -0.38357724E+0001   -0.38357724E+0001    0.18963617E+0001     12000
  1650   -0.38408672E+0001   -0.38481076E+0001    0.18827127E+0001     11966
  1700   -0.38351123E+0001   -0.38447442E+0001    0.19062534E+0001     12020
  1750   -0.38293537E+0001   -0.38412980E+0001    0.19074405E+0001     12241
  1800   -0.38235910E+0001   -0.38342730E+0001    0.19182115E+0001     12547
  1850   -0.38177247E+0001   -0.38300723E+0001    0.19240378E+0001     12880
  1900   -0.38118904E+0001   -0.38250421E+0001    0.19186329E+0001     13144
  1950   -0.38060801E+0001   -0.38197137E+0001    0.19295101E+0001     13189
  2000   -0.37997459E+0001   -0.38138286E+0001    0.19277727E+0001     13433
  2050   -0.37937547E+0001   -0.38116083E+0001    0.19210392E+0001     13796
  2100   -0.37882701E+0001   -0.38073166E+0001    0.19105006E+0001     14160
  2150   -0.37830087E+0001   -0.37994304E+0001    0.19295479E+0001     14566
  2200   -0.37774775E+0001   -0.37941631E+0001    0.19421503E+0001     15206
  2250   -0.37716366E+0001   -0.37868075E+0001    0.19381053E+0001     15439
  2300   -0.37661399E+0001   -0.37805590E+0001    0.19412036E+0001     15575
  2350   -0.37610827E+0001   -0.37755393E+0001    0.19365998E+0001     16001
  2400   -0.37565098E+0001   -0.37718213E+0001    0.19372796E+0001     16514
  2450   -0.37517924E+0001   -0.37657692E+0001    0.19424825E+0001     16752
  2500   -0.37468177E+0001   -0.37625517E+0001    0.19588848E+0001     17059
  2550   -0.37413406E+0001   -0.37593524E+0001    0.19530425E+0001     17280
  2600   -0.37355527E+0001   -0.37529700E+0001    0.19519052E+0001     17646
  2650   -0.37298957E+0001   -0.37475303E+0001    0.19373745E+0001     18087
  2700   -0.37243590E+0001   -0.37406167E+0001    0.19370553E+0001     18373
  2750   -0.37199744E+0001   -0.37384333E+0001    0.19411239E+0001     18976
  2800   -0.37159029E+0001   -0.37338142E+0001    0.19418145E+0001     19358
  2850   -0.37110061E+0001   -0.37277049E+0001    0.19245226E+0001     19742
  2900   -0.37060027E+0001   -0.37229654E+0001    0.19307034E+0001     20250
  2950   -0.37008130E+0001   -0.37167948E+0001    0.19298920E+0001     20911
  3000   -0.36949247E+0001   -0.37117305E+0001    0.19384221E+0001     21094
  3050   -0.36882096E+0001   -0.37069347E+0001    0.19344338E+0001     21840
  3100   -0.36817044E+0001   -0.37005460E+0001    0.19322805E+0001     22134
  3150   -0.36755106E+0001   -0.36953131E+0001    0.19487544E+0001     22412
  3200   -0.36696717E+0001   -0.36928012E+0001    0.19307474E+0001     22577
  3201   -0.36699440E+0001   -0.36699440E+0001    0.19450633E+0001     12000
  3250   -0.36754567E+0001   -0.36823704E+0001    0.19266971E+0001     11893
  3300   -0.36697984E+0001   -0.36800911E+0001    0.19386622E+0001     11880
  3350   -0.36642143E+0001   -0.36756251E+0001    0.19507645E+0001     12043
  3400   -0.36588899E+0001   -0.36722317E+0001    0.19283012E+0001     12288
  3450   -0.36540233E+0001   -0.36675105E+0001    0.19225477E+0001     12468
  3500   -0.36501054E+0001   -0.36649645E+0001    0.19170249E+0001     12556
  3550   -0.36473756E+0001   -0.36621580E+0001    0.19254677E+0001     12746
  3600   -0.36452332E+0001   -0.36584938E+0001    0.19292986E+0001     13014
  3650   -0.36421759E+0001   -0.36544648E+0001    0.19077580E+0001     13527
  3700   -0.36382510E+0001   -0.36494560E+0001    0.19089077E+0001     13907
  3750   -0.36338521E+0001   -0.36463727E+0001    0.19036442E+0001     14282
  3800   -0.36298396E+0001   -0.36423210E+0001    0.19224463E+0001     14373
  3850   -0.36257172E+0001   -0.36377220E+0001    0.19154858E+0001     14670
  3900   -0.36209002E+0001   -0.36361757E+0001    0.19142137E+0001     14995
  3950   -0.36163134E+0001   -0.36314585E+0001    0.19008037E+0001     15414
  4000   -0.36119343E+0001   -0.36276403E+0001    0.19014851E+0001     15527
  4050   -0.36081793E+0001   -0.36247407E+0001    0.18966824E+0001     15863
  4100   -0.36048702E+0001   -0.36248325E+0001    0.19070842E+0001     16121
  4150   -0.36012616E+0001   -0.36190609E+0001    0.18995753E+0001     16350
  4200   -0.35972199E+0001   -0.36168615E+0001    0.18925580E+0001     16763
  4250   -0.35932309E+0001   -0.36126773E+0001    0.19033953E+0001     17520
  4300   -0.35893965E+0001   -0.36119273E+0001    0.18815866E+0001     17856
  4350   -0.35858637E+0001   -0.36032747E+0001    0.18743255E+0001     18216
  4400   -0.35827578E+0001   -0.35987197E+0001    0.18625654E+0001     18579
  4450   -0.35791999E+0001   -0.35911815E+0001    0.18583635E+0001     18970
  4500   -0.35752718E+0001   -0.35865053E+0001    0.18335803E+0001     19451
  4550   -0.35710710E+0001   -0.35841118E+0001    0.18294909E+0001     19568
  4600   -0.35669270E+0001   -0.35792149E+0001    0.18422492E+0001     20375
  4650   -0.35628869E+0001   -0.35752958E+0001    0.18387076E+0001     20649
  4700   -0.35590421E+0001   -0.35713594E+0001    0.18460549E+0001     21264
  4750   -0.35548628E+0001   -0.35675893E+0001    0.18393140E+0001     21928
  4800   -0.35505876E+0001   -0.35665670E+0001    0.18463774E+0001     22403
  4801   -0.35508350E+0001   -0.35508350E+0001    0.18725145E+0001     12000
  4850   -0.35561294E+0001   -0.35624065E+0001    0.18186389E+0001     12042
  4900   -0.35517346E+0001   -0.35610130E+0001    0.18418042E+0001     12114
  4950   -0.35476414E+0001   -0.35575514E+0001    0.18502388E+0001     12387
  5000   -0.35437545E+0001   -0.35547566E+0001    0.18424536E+0001     12728
  5050   -0.35402578E+0001   -0.35525936E+0001    0.18658244E+0001     13182
  5100   -0.35369174E+0001   -0.35491932E+0001    0.18586708E+0001     13640
  5150   -0.35342078E+0001   -0.35486125E+0001    0.18664458E+0001     13766
  5200   -0.35314627E+0001   -0.35441004E+0001    0.18767528E+0001     14018
  5250   -0.35282737E+0001   -0.35425940E+0001    0.18773996E+0001     14257
  5300   -0.35251647E+0001   -0.35396317E+0001    0.18893840E+0001     14456
  5350   -0.35222496E+0001   -0.35374635E+0001    0.18819156E+0001     14619
  5400   -0.35196760E+0001   -0.35339211E+0001    0.18584084E+0001     14826
  5450   -0.35174030E+0001   -0.35323002E+0001    0.18762430E+0001     15196
  5500   -0.35160693E+0001   -0.35326746E+0001    0.18519433E+0001     15616
  5550   -0.35145498E+0001   -0.35289130E+0001    0.18567016E+0001     16009
  5600   -0.35118018E+0001   -0.35244328E+0001    0.18555016E+0001     16291
  5650   -0.35082782E+0001   -0.35218194E+0001    0.18616234E+0001     16761
  5700   -0.35046699E+0001   -0.35197705E+0001    0.18648906E+0001     16911
  5750   -0.35018117E+0001   -0.35174154E+0001    0.18504795E+0001     17320
  5800   -0.34991317E+0001   -0.35134150E+0001    0.18459912E+0001     17711
  5850   -0.34963371E+0001   -0.35112934E+0001    0.18475663E+0001     18381
  5900   -0.34938404E+0001   -0.35090661E+0001    0.18498152E+0001     18688
  5950   -0.34907749E+0001   -0.35070864E+0001    0.18691159E+0001     19262
  6000   -0.34873271E+0001   -0.35047979E+0001    0.18703097E+0001     19428
  6050   -0.34842458E+0001   -0.35037635E+0001    0.18790299E+0001     19711
  6100   -0.34812324E+0001   -0.34992888E+0001    0.18795607E+0001     20312
  6150   -0.34778404E+0001   -0.34960440E+0001    0.18713371E+0001     20686
  6200   -0.34740204E+0001   -0.34925957E+0001    0.18782043E+0001     21058
  6250   -0.34703926E+0001   -0.34862397E+0001    0.18716168E+0001     21621
  6300   -0.34668713E+0001   -0.34821411E+0001    0.18626748E+0001     22003
  6350   -0.34635224E+0001   -0.34797546E+0001    0.18830555E+0001     22624
  6400   -0.34602706E+0001   -0.34772096E+0001    0.18715320E+0001     22938
  6401   -0.34605334E+0001   -0.34605334E+0001    0.19197358E+0001     12000
  6450   -0.34662698E+0001   -0.34729679E+0001    0.18539795E+0001     11995
  6500   -0.34620858E+0001   -0.34704590E+0001    0.18568647E+0001     12074
  6550   -0.34582787E+0001   -0.34682659E+0001    0.18781181E+0001     12523
  6600   -0.34546868E+0001   -0.34664561E+0001    0.18810354E+0001     12710
  6650   -0.34513138E+0001   -0.34678615E+0001    0.18711037E+0001     13153
  6700   -0.34480957E+0001   -0.34608624E+0001    0.18677595E+0001     13649
  6750   -0.34448279E+0001   -0.34580149E+0001    0.18627535E+0001     13889
  6800   -0.34411109E+0001   -0.34537875E+0001    0.18530722E+0001     14344
  6850   -0.34374228E+0001   -0.34504944E+0001    0.18409360E+0001     14529
  6900   -0.34335208E+0001   -0.34464001E+0001    0.18338474E+0001     14952
  6950   -0.34297920E+0001   -0.34435669E+0001    0.17974737E+0001     15268
  7000   -0.34259256E+0001   -0.34404701E+0001    0.18089359E+0001     15610
  7050   -0.34218866E+0001   -0.34358187E+0001    0.17874302E+0001     15742
  7100   -0.34177884E+0001   -0.34313577E+0001    0.17704557E+0001     16130
  7150   -0.34139974E+0001   -0.34284844E+0001    0.17446064E+0001     16575
  7200   -0.34098395E+0001   -0.34269185E+0001    0.17181981E+0001     17035
  7250   -0.34054751E+0001   -0.34222908E+0001    0.17035780E+0001     17590
  7300   -0.34015224E+0001   -0.34194807E+0001    0.16720661E+0001     18070
  7350   -0.33985547E+0001   -0.34142618E+0001    0.16298077E+0001     18184
  7400   -0.33964600E+0001   -0.34112194E+0001    0.16055434E+0001     18871
  7450   -0.33943257E+0001   -0.34093163E+0001    0.15701540E+0001     19461
  7500   -0.33919777E+0001   -0.34056748E+0001    0.15588057E+0001     19623
  7550   -0.33894317E+0001   -0.34030686E+0001    0.15310339E+0001     19765
  7600   -0.33865839E+0001   -0.33999360E+0001    0.14879606E+0001     20159
  7650   -0.33838675E+0001   -0.33967570E+0001    0.14803087E+0001     20530
  7700   -0.33810054E+0001   -0.33943991E+0001    0.14449894E+0001     20705
  7750   -0.33775750E+0001   -0.33922516E+0001    0.14333863E+0001     21307
  7800   -0.33740979E+0001   -0.33889400E+0001    0.14019055E+0001     21551
  7850   -0.33706589E+0001   -0.33845781E+0001    0.13883123E+0001     22032
  7900   -0.33672714E+0001   -0.33803000E+0001    0.13679276E+0001     22375
  7950   -0.33638447E+0001   -0.33773953E+0001    0.13449240E+0001     22664
  8000   -0.33604851E+0001   -0.33762511E+0001    0.13247116E+0001     22970
  8001   -0.33606140E+0001   -0.33606140E+0001    0.13375054E+0001     12000
  8050   -0.33634452E+0001   -0.33686481E+0001    0.13383464E+0001     12018
  8100   -0.33611559E+0001   -0.33674985E+0001    0.13259085E+0001     12035
  8150   -0.33588557E+0001   -0.33663694E+0001    0.13272978E+0001     12237
  8200   -0.33564697E+0001   -0.33654040E+0001    0.13052071E+0001     12664
  8250   -0.33539708E+0001   -0.33646199E+0001    0.13014766E+0001     13013
  8300   -0.33514116E+0001   -0.33613084E+0001    0.12872412E+0001     13186
  8350   -0.33490789E+0001   -0.33610659E+0001    0.12573469E+0001     13479
  8400   -0.33467318E+0001   -0.33576077E+0001    0.12605059E+0001     13655
  8450   -0.33447506E+0001   -0.33579590E+0001    0.12537882E+0001     13977
  8500   -0.33427938E+0001   -0.33552163E+0001    0.12335932E+0001     14382
  8550   -0.33407196E+0001   -0.33540490E+0001    0.12271290E+0001     14917
  8600   -0.33384693E+0001   -0.33499362E+0001    0.12021391E+0001     15046
  8650   -0.33358965E+0001   -0.33478758E+0001    0.11930949E+0001     15339
  8700   -0.33332924E+0001   -0.33462858E+0001    0.11688631E+0001     15675
  8750   -0.33310695E+0001   -0.33433167E+0001    0.11518218E+0001     16085
  8800   -0.33289920E+0001   -0.33418972E+0001    0.11508228E+0001     16228
  8850   -0.33266092E+0001   -0.33394284E+0001    0.11272002E+0001     16216
  8900   -0.33243642E+0001   -0.33374567E+0001    0.11175452E+0001     16496
  8950   -0.33221158E+0001   -0.33358060E+0001    0.11065307E+0001     16440
  9000   -0.33195036E+0001   -0.33334474E+0001    0.10813300E+0001     16855
  9050   -0.33166768E+0001   -0.33326988E+0001    0.10784397E+0001     17337
  9100   -0.33139121E+0001   -0.33309836E+0001    0.10684727E+0001     17677
  9150   -0.33113531E+0001   -0.33305831E+0001    0.10546001E+0001     18044
  9200   -0.33087661E+0001   -0.33255472E+0001    0.10317386E+0001     18557
  9250   -0.33065783E+0001   -0.33239240E+0001    0.10306466E+0001     18524
  9300   -0.33042973E+0001   -0.33210298E+0001    0.10259549E+0001     18808
  9350   -0.33023512E+0001   -0.33183297E+0001    0.10109956E+0001     19466
  9400   -0.33005531E+0001   -0.33147405E+0001    0.10169670E+0001     19815
  9450   -0.32988081E+0001   -0.33125424E+0001    0.98736385E+0000     20274
  9500   -0.32970514E+0001   -0.33119545E+0001    0.96913815E+0000     21012
  9550   -0.32953151E+0001   -0.33101899E+0001    0.97885018E+0000     21232
  9600   -0.32936097E+0001   -0.33088199E+0001    0.98156575E+0000     21887
  9601   -0.32936727E+0001   -0.32936727E+0001    0.95229388E+0000     12000
  9650   -0.32951585E+0001   -0.32982868E+0001    0.95949959E+0000     11981
  9700   -0.32940932E+0001   -0.32990836E+0001    0.96797671E+0000     12045
  9750   -0.32930444E+0001   -0.32987508E+0001    0.96138907E+0000     12306
  9800   -0.32918970E+0001   -0.32979791E+0001    0.96898766E+0000     12413
  9850   -0.32907291E+0001   -0.32970921E+0001    0.95683038E+0000     12531
  9900   -0.32895227E+0001   -0.32973017E+0001    0.93843663E+0000     12524
  9950   -0.32882891E+0001   -0.32952824E+0001    0.94595892E+0000     12578
 10000   -0.32872042E+0001   -0.32937612E+0001    0.92921473E+0000     12953
 10050   -0.32859886E+0001   -0.32931697E+0001    0.91817103E+0000     13205
 10100   -0.32846510E+0001   -0.32918686E+0001    0.92026094E+0000     13425
 10150   -0.32833694E+0001   -0.32911267E+0001    0.92645642E+0000     13825
 10200   -0.32821885E+0001   -0.32908834E+0001    0.91990236E+0000     13940
 10250   -0.32810496E+0001   -0.32900202E+0001    0.90930451E+0000     14186
 10300   -0.32800119E+0001   -0.32900944E+0001    0.89121632E+0000     14543
 10350   -0.32787680E+0001   -0.32878053E+0001    0.89869752E+0000     14805
 10400   -0.32775574E+0001   -0.32882056E+0001    0.88870704E+0000     14928
 10450   -0.32763924E+0001   -0.32871298E+0001    0.87358082E+0000     15050
 10500   -0.32752080E+0001   -0.32865550E+0001    0.86944506E+0000     15415
 10550   -0.32739753E+0001   -0.32849461E+0001    0.85162267E+0000     15781
 10600   -0.32727418E+0001   -0.32836140E+0001    0.84918183E+0000     15940
 10650   -0.32716293E+0001   -0.32811862E+0001    0.84644049E+0000     16497
 10700   -0.32705917E+0001   -0.32801117E+0001    0.83843960E+0000     17128
 10750   -0.32694854E+0001   -0.32799346E+0001    0.86478851E+0000     17445
 10800   -0.32683657E+0001   -0.32791101E+0001    0.82338037E+0000     17789
 10850   -0.32672813E+0001   -0.32766710E+0001    0.83082441E+0000     18055
 10900   -0.32660326E+0001   -0.32754783E+0001    0.82867891E+0000     18389
 10950   -0.32648155E+0001   -0.32750718E+0001    0.80885497E+0000     18877
 11000   -0.32636259E+0001   -0.32737231E+0001    0.80059590E+0000     19091
 11050   -0.32624221E+0001   -0.32736629E+0001    0.80266468E+0000     19611
 11100   -0.32611591E+0001   -0.32724358E+0001    0.81997156E+0000     19992
 11150   -0.32599383E+0001   -0.32721240E+0001    0.80211159E+0000     20168
 11200   -0.32587762E+0001   -0.32722922E+0001    0.80471757E+0000     20445
 11201   -0.32588180E+0001   -0.32588180E+0001    0.76520189E+0000     12000
 11250   -0.32597990E+0001   -0.32625341E+0001    0.77491400E+0000     12104
 11300   -0.32591983E+0001   -0.32624473E+0001    0.78022619E+0000     12092
 11350   -0.32585919E+0001   -0.32628922E+0001    0.79096167E+0000     12048
 11400   -0.32579619E+0001   -0.32626053E+0001    0.78551394E+0000     12223
 11450   -0.32572511E+0001   -0.32627613E+0001    0.78995309E+0000     12316
 11500   -0.32565153E+0001   -0.32627033E+0001    0.78901744E+0000     12447
 11550   -0.32557575E+0001   -0.32617210E+0001    0.78441353E+0000     12944
 11600   -0.32549780E+0001   -0.32613590E+0001    0.77166537E+0000     13169
 11650   -0.32540907E+0001   -0.32612152E+0001    0.75856843E+0000     13412
 11700   -0.32531413E+0001   -0.32608524E+0001    0.77268465E+0000     13594
 11750   -0.32523399E+0001   -0.32611029E+0001    0.77916157E+0000     13760
 11800   -0.32514822E+0001   -0.32598992E+0001    0.76909559E+0000     13988
 11850   -0.32507345E+0001   -0.32587458E+0001    0.75515427E+0000     14305
 11900   -0.32497477E+0001   -0.32582416E+0001    0.74797811E+0000     14327
 11950   -0.32488150E+0001   -0.32581396E+0001    0.74191013E+0000     14501
 12000   -0.32479044E+0001   -0.32578272E+0001    0.72224718E+0000     14727
 12050   -0.32470360E+0001   -0.32577117E+0001    0.71318945E+0000     14945
 12100   -0.32462124E+0001   -0.32546912E+0001    0.71626683E+0000     15057
 12150   -0.32455115E+0001   -0.32537405E+0001    0.73376578E+0000     15109
 12200   -0.32448263E+0001   -0.32531152E+0001    0.72500006E+0000     15499
 12250   -0.32441563E+0001   -0.32531016E+0001    0.72527452E+0000     15677
 12300   -0.32434796E+0001   -0.32510294E+0001    0.69939253E+0000     15930
 12350   -0.32428239E+0001   -0.32514528E+0001    0.68475521E+0000     16137
 12400   -0.32421417E+0001   -0.32514266E+0001    0.70399455E+0000     16178
 12450   -0.32413580E+0001   -0.32498624E+0001    0.69686946E+0000     16783
 12500   -0.32406232E+0001   -0.32484303E+0001    0.68508741E+0000     16842
 12550   -0.32398691E+0001   -0.32476576E+0001    0.68658991E+0000     17285
 12600   -0.32392037E+0001   -0.32478494E+0001    0.71346899E+0000     17385
 12650   -0.32385478E+0001   -0.32468754E+0001    0.68729341E+0000     17591
 12700   -0.32378397E+0001   -0.32463185E+0001    0.69629447E+0000     17674
 12750   -0.32372363E+0001   -0.32465830E+0001    0.67585293E+0000     17858
 12800   -0.32367161E+0001   -0.32451984E+0001    0.67324671E+0000     18160
 12801   -0.32367450E+0001   -0.32367450E+0001    0.63810768E+0000     12000
 12850   -0.32374508E+0001   -0.32395863E+0001    0.65110327E+0000     12049
 12900   -0.32371013E+0001   -0.32400475E+0001    0.66332595E+0000     12166
 12950   -0.32366806E+0001   -0.32397913E+0001    0.65515437E+0000     12381
 13000   -0.32362756E+0001   -0.32397803E+0001    0.66643427E+0000     12577
 13050   -0.32358735E+0001   -0.32398799E+0001    0.66895902E+0000     12720
 13100   -0.32354688E+0001   -0.32404705E+0001    0.68022284E+0000     12930
 13150   -0.32350410E+0001   -0.32396535E+0001    0.67695715E+0000     13270
 13200   -0.32346362E+0001   -0.32389138E+0001    0.68070978E+0000     13320
 13250   -0.32341983E+0001   -0.32386963E+0001    0.65573821E+0000     13387
 13300   -0.32337497E+0001   -0.32386919E+0001    0.66767616E+0000     13418
 13350   -0.32332825E+0001   -0.32387392E+0001    0.65432305E+0000     13646
 13400   -0.32326954E+0001   -0.32389498E+0001    0.63192710E+0000     13766
 13450   -0.32320146E+0001   -0.32394646E+0001    0.65071313E+0000     14072
 13500   -0.32313048E+0001   -0.32388705E+0001    0.64514757E+0000     14562
 13550   -0.32306701E+0001   -0.32376619E+0001    0.62986542E+0000     14907
 13600   -0.32300926E+0001   -0.32376288E+0001    0.62755468E+0000     15011
 13650   -0.32296485E+0001   -0.32364727E+0001    0.64985413E+0000     15397
 13700   -0.32291684E+0001   -0.32357116E+0001    0.62783150E+0000     15436
 13750   -0.32286828E+0001   -0.32365194E+0001    0.62736766E+0000     15774
 13800   -0.32281622E+0001   -0.32363931E+0001    0.63007787E+0000     16233
 13850   -0.32277238E+0001   -0.32357994E+0001    0.62142864E+0000     16250
 13900   -0.32272701E+0001   -0.32351325E+0001    0.61866389E+0000     16489
 13950   -0.32268745E+0001   -0.32338750E+0001    0.62249308E+0000     16838
 14000   -0.32265518E+0001   -0.32335412E+0001    0.60748578E+0000     17248
 14050   -0.32261715E+0001   -0.32322880E+0001    0.61724388E+0000     17407
 14100   -0.32257724E+0001   -0.32320905E+0001    0.60825373E+0000     17788
 14150   -0.32253457E+0001   -0.32318337E+0001    0.60982187E+0000     17891
 14200   -0.32249618E+0001   -0.32315510E+0001    0.59988332E+0000     18083
 14250   -0.32245590E+0001   -0.32315379E+0001    0.60895858E+0000     18186
 14300   -0.32241346E+0001   -0.32312174E+0001    0.58995179E+0000     18479
 14350   -0.32237663E+0001   -0.32307100E+0001    0.58172925E+0000     18499
 14400   -0.32233565E+0001   -0.32307722E+0001    0.58222670E+0000     18860
 14450   -0.32229263E+0001   -0.32306672E+0001    0.60951317E+0000     19180
 14500   -0.32225128E+0001   -0.32298099E+0001    0.57806147E+0000     19176
 14550   -0.32220916E+0001   -0.32296028E+0001    0.57040758E+0000     19629
 14600   -0.32216675E+0001   -0.32291864E+0001    0.56945200E+0000     20316
 14650   -0.32211703E+0001   -0.32290018E+0001    0.55539874E+0000     20488
 14700   -0.32206750E+0001   -0.32279762E+0001    0.57151317E+0000     20720
 14750   -0.32202586E+0001   -0.32272511E+0001    0.57173956E+0000     21109
 14800   -0.32198586E+0001   -0.32268499E+0001    0.56733295E+0000     21595
 14850   -0.32195113E+0001   -0.32260924E+0001    0.55860898E+0000     22329
 14900   -0.32191350E+0001   -0.32265430E+0001    0.54766929E+0000     22912
 14950   -0.32187484E+0001   -0.32256592E+0001    0.55117832E+0000     23171
 15000   -0.32182755E+0001   -0.32260502E+0001    0.56076570E+0000     23633
 15050   -0.32177723E+0001   -0.32258513E+0001    0.54788214E+0000     24132
 15100   -0.32173327E+0001   -0.32257143E+0001    0.55143593E+0000     24877
 15150   -0.32169481E+0001   -0.32255662E+0001    0.53737906E+0000     25199
 15200   -0.32165555E+0001   -0.32260465E+0001    0.55583172E+0000     25847
 15250   -0.32160988E+0001   -0.32259720E+0001    0.54555292E+0000     26128
 15300   -0.32157302E+0001   -0.32248994E+0001    0.53700373E+0000     26464
 15350   -0.32153396E+0001   -0.32242782E+0001    0.52943272E+0000     26859
 15400   -0.32149079E+0001   -0.32235399E+0001    0.52261986E+0000     27539
 15450   -0.32143879E+0001   -0.32233645E+0001    0.54289745E+0000     27597
 15500   -0.32139095E+0001   -0.32208938E+0001    0.47872864E+0000     28106
 15550   -0.32133787E+0001   -0.32214729E+0001    0.49201663E+0000     29014
 15600   -0.32128248E+0001   -0.32219033E+0001    0.49752690E+0000     28959
 15650   -0.32122827E+0001   -0.32210271E+0001    0.49958248E+0000     29321
 15700   -0.32117737E+0001   -0.32195430E+0001    0.49082019E+0000     29583
 15750   -0.32113392E+0001   -0.32197786E+0001    0.49368586E+0000     30226
 15800   -0.32109414E+0001   -0.32196907E+0001    0.50273895E+0000     30833
 15850   -0.32105329E+0001   -0.32197475E+0001    0.49503471E+0000     31142
 15900   -0.32101741E+0001   -0.32191192E+0001    0.46913173E+0000     31921
 15950   -0.32098205E+0001   -0.32188293E+0001    0.49075704E+0000     32801
 16000   -0.32094318E+0001   -0.32179979E+0001    0.49063599E+0000     32966
 16001   -0.32095281E+0001   -0.32095281E+0001    0.43599645E+0000         1
 16050   -0.32107662E+0001   -0.32107662E+0001    0.59661670E+0000         1
 16100   -0.32116312E+0001   -0.32116312E+0001    0.55223008E+0000         1
 16150   -0.32115566E+0001   -0.32115566E+0001    0.62607542E+0000         1
 16200   -0.32127296E+0001   -0.32127296E+0001    0.59591156E+0000         1
 16250   -0.32135808E+0001   -0.32135808E+0001    0.67820727E+0000         1
 16300   -0.32142527E+0001   -0.32142527E+0001    0.76815504E+0000         1
 16350   -0.32149516E+0001   -0.32149516E+0001    0.66945938E+0000         1
 16400   -0.32156209E+0001   -0.32156209E+0001    0.72845237E+0000         1
 16450   -0.32151375E+0001   -0.32151375E+0001    0.76301456E+0000         1
 16500   -0.32168749E+0001   -0.32168749E+0001    0.79331937E+0000         1
 16550   -0.32184039E+0001   -0.32184039E+0001    0.76634932E+0000         1
 16600   -0.32191486E+0001   -0.32191486E+0001    0.71899038E+0000         1
 16650   -0.32187482E+0001   -0.32187482E+0001    0.78676137E+0000         1
 16700   -0.32209552E+0001   -0.32209552E+0001    0.70135500E+0000         1
 16750   -0.32221605E+0001   -0.32221605E+0001    0.78494804E+0000         1
 16800   -0.32229655E+0001   -0.32229655E+0001    0.84921829E+0000         1
 16850   -0.32245419E+0001   -0.32245419E+0001    0.73254025E+0000         1
 16900   -0.32262787E+0001   -0.32262787E+0001    0.67619027E+0000         1
 16950   -0.32268860E+0001   -0.32268860E+0001    0.78125637E+0000         1
 17000   -0.32279073E+0001   -0.32279073E+0001    0.82907272E+0000         1
 17050   -0.32306010E+0001   -0.32306010E+0001    0.75122212E+0000         1
 17100   -0.32324889E+0001   -0.32324889E+0001    0.72719606E+0000         1
 17150   -0.32352045E+0001   -0.32352045E+0001    0.78000425E+0000         1
 17200   -0.32352842E+0001   -0.32352842E+0001    0.91016830E+0000         1
 17250   -0.32383775E+0001   -0.32383775E+0001    0.92012298E+0000         1
 17300   -0.32394281E+0001   -0.32394281E+0001    0.82620310E+0000         1
 17350   -0.32399717E+0001   -0.32399717E+0001    0.77546195E+0000         1
 17400   -0.32417003E+0001   -0.32417003E+0001    0.84882106E+0000         1
 17450   -0.32440806E+0001   -0.32440806E+0001    0.86704209E+0000         1
 17500   -0.32453557E+0001   -0.32453557E+0001    0.88194147E+0000         1
 17550   -0.32458103E+0001   -0.32458103E+0001    0.99599752E+0000         1
 17600   -0.32490205E+0001   -0.32490205E+0001    0.86510316E+0000         1
 17650   -0.32518598E+0001   -0.32518598E+0001    0.79714531E+0000         1
 17700   -0.32538114E+0001   -0.32538114E+0001    0.85350733E+0000         1
 17750   -0.32565540E+0001   -0.32565540E+0001    0.84463904E+0000         1
 17800   -0.32578882E+0001   -0.32578882E+0001    0.90817798E+0000         1
 17850   -0.32600269E+0001   -0.32600269E+0001    0.90673326E+0000         1
 17900   -0.32640403E+0001   -0.32640403E+0001    0.84647569E+0000         1
 17950   -0.32652349E+0001   -0.32652349E+0001    0.89852714E+0000         1
 18000   -0.32674885E+0001   -0.32674885E+0001    0.90181409E+0000         1
 18050   -0.32694288E+0001   -0.32694288E+0001    0.88475271E+0000         1
 18100   -0.32731097E+0001   -0.32731097E+0001    0.86980253E+0000         1
 18150   -0.32765142E+0001   -0.32765142E+0001    0.87562197E+0000         1
 18200   -0.32788848E+0001   -0.32788848E+0001    0.93885714E+0000         1
 18250   -0.32796717E+0001   -0.32796717E+0001    0.88809170E+0000         1
 18300   -0.32821066E+0001   -0.32821066E+0001    0.85600257E+0000         1
 18350   -0.32842224E+0001   -0.32842224E+0001    0.92920540E+0000         1
 18400   -0.32859229E+0001   -0.32859229E+0001    0.92114939E+0000         1
 18450   -0.32891587E+0001   -0.32891587E+0001    0.96002086E+0000         1
 18500   -0.32913900E+0001   -0.32913900E+0001    0.89745087E+0000         1
 18550   -0.32940887E+0001   -0.32940887E+0001    0.85181191E+0000         1
 18600   -0.32959506E+0001   -0.32959506E+0001    0.92535155E+0000         1
 18650   -0.32988580E+0001   -0.32988580E+0001    0.99696744E+0000         1
 18700   -0.33000717E+0001   -0.33000717E+0001    0.12061630E+0001         1
 18750   -0.33028102E+0001   -0.33028102E+0001    0.11281188E+0001         1
 18800   -0.33052363E+0001   -0.33052363E+0001    0.96974345E+0000         1
 18850   -0.33075676E+0001   -0.33075676E+0001    0.92506210E+0000         1
 18900   -0.33101146E+0001   -0.33101146E+0001    0.10304460E+0001         1
 18950   -0.33137319E+0001   -0.33137319E+0001    0.10011288E+0001         1
 19000   -0.33175567E+0001   -0.33175567E+0001    0.94042620E+0000         1
 19050   -0.33207825E+0001   -0.33207825E+0001    0.10090200E+0001         1
 19100   -0.33229740E+0001   -0.33229740E+0001    0.10440942E+0001         1
 19150   -0.33264369E+0001   -0.33264369E+0001    0.98834173E+0000         1
 19200   -0.33289501E+0001   -0.33289501E+0001    0.10424837E+0001         1
 19250   -0.33332612E+0001   -0.33332612E+0001    0.10294690E+0001         1
 19300   -0.33359334E+0001   -0.33359334E+0001    0.11552511E+0001         1
 19350   -0.33389200E+0001   -0.33389200E+0001    0.11114059E+0001         1
 19400   -0.33456248E+0001   -0.33456248E+0001    0.11274251E+0001         1
 19450   -0.33495579E+0001   -0.33495579E+0001    0.11134143E+0001         1
 19500   -0.33530844E+0001   -0.33530844E+0001    0.12290243E+0001         1
 19550   -0.33583157E+0001   -0.33583157E+0001    0.13131686E+0001         1
 19600   -0.33634595E+0001   -0.33634595E+0001    0.13029999E+0001         1
 19650   -0.33689729E+0001   -0.33689729E+0001    0.13531158E+0001         1
 19700   -0.33748271E+0001   -0.33748271E+0001    0.12882530E+0001         1
 19750   -0.33801704E+0001   -0.33801704E+0001    0.13181720E+0001         1
 19800   -0.33838064E+0001   -0.33838064E+0001    0.14197426E+0001         1
 19850   -0.33913526E+0001   -0.33913526E+0001    0.14996605E+0001         1
 19900   -0.33992542E+0001   -0.33992542E+0001    0.14914560E+0001         1
 19950   -0.34058763E+0001   -0.34058763E+0001    0.14384833E+0001         1
 20000   -0.34132053E+0001   -0.34132053E+0001    0.15131225E+0001         1
 20050   -0.34192659E+0001   -0.34192659E+0001    0.15600896E+0001         1
 20100   -0.34290427E+0001   -0.34290427E+0001    0.15616172E+0001         1
 20150   -0.34369368E+0001   -0.34369368E+0001    0.15794182E+0001         1
 20200   -0.34438136E+0001   -0.34438136E+0001    0.17178450E+0001         1
 20250   -0.34573071E+0001   -0.34573071E+0001    0.16534392E+0001         1
 20300   -0.34687709E+0001   -0.34687709E+0001    0.17024658E+0001         1
 20350   -0.34804425E+0001   -0.34804425E+0001    0.18022063E+0001         1
 20400   -0.34897990E+0001   -0.34897990E+0001    0.17779935E+0001         1
 20450   -0.34985733E+0001   -0.34985733E+0001    0.18141113E+0001         1
 20500   -0.35062847E+0001   -0.35062847E+0001    0.18410455E+0001         1
 20550   -0.35184215E+0001   -0.35184215E+0001    0.19286966E+0001         1
 20600   -0.35323107E+0001   -0.35323107E+0001    0.18335853E+0001         1
 20650   -0.35459078E+0001   -0.35459078E+0001    0.18672112E+0001         1
 20700   -0.35566224E+0001   -0.35566224E+0001    0.18785957E+0001         1
 20750   -0.35678984E+0001   -0.35678984E+0001    0.18525290E+0001         1
 20800   -0.35772376E+0001   -0.35772376E+0001    0.18135665E+0001         1
 20850   -0.35881453E+0001   -0.35881453E+0001    0.17659210E+0001         1
 20900   -0.35962407E+0001   -0.35962407E+0001    0.17372686E+0001         1
 20950   -0.36060388E+0001   -0.36060388E+0001    0.17118163E+0001         1
 21000   -0.36163196E+0001   -0.36163196E+0001    0.16418149E+0001         1
 21050   -0.36263326E+0001   -0.36263326E+0001    0.16258160E+0001         1
 21100   -0.36337906E+0001   -0.36337906E+0001    0.15701509E+0001         1
 21150   -0.36432054E+0001   -0.36432054E+0001    0.15969911E+0001         1
 21200   -0.36485128E+0001   -0.36485128E+0001    0.15185120E+0001         1
 21250   -0.36542757E+0001   -0.36542757E+0001    0.15584687E+0001         1
 21300   -0.36602634E+0001   -0.36602634E+0001    0.15606081E+0001         1
 21350   -0.36671780E+0001   -0.36671780E+0001    0.15627995E+0001         1
 21400   -0.36745180E+0001   -0.36745180E+0001    0.16071373E+0001         1
 21450   -0.36817578E+0001   -0.36817578E+0001    0.15694181E+0001         1
 21500   -0.36908087E+0001   -0.36908087E+0001    0.16476928E+0001         1
 21550   -0.36978983E+0001   -0.36978983E+0001    0.16258622E+0001         1
 21600   -0.37074004E+0001   -0.37074004E+0001    0.16898873E+0001         1
 21650   -0.37153320E+0001   -0.37153320E+0001    0.17518768E+0001         1
 21700   -0.37271158E+0001   -0.37271158E+0001    0.17623883E+0001         1
 21750   -0.37355197E+0001   -0.37355197E+0001    0.17966793E+0001         1
 21800   -0.37443114E+0001   -0.37443114E+0001    0.18241736E+0001         1
 21850   -0.37549241E+0001   -0.37549241E+0001    0.18523863E+0001         1
 21900   -0.37663591E+0001   -0.37663591E+0001    0.19336345E+0001         1
 21950   -0.37791064E+0001   -0.37791064E+0001    0.19589559E+0001         1
 22000   -0.37898188E+0001   -0.37898188E+0001    0.19703936E+0001         1
 22050   -0.38039635E+0001   -0.38039635E+0001    0.19604883E+0001         1
 22100   -0.38189979E+0001   -0.38189979E+0001    0.19800859E+0001         1
 22150   -0.38336951E+0001   -0.38336951E+0001    0.20194037E+0001         1
 22200   -0.38456974E+0001   -0.38456974E+0001    0.19969641E+0001         1
 22250   -0.38565863E+0001   -0.38565863E+0001    0.19924558E+0001         1
 22300   -0.38670759E+0001   -0.38670759E+0001    0.20204378E+0001         1
 22350   -0.38776323E+0001   -0.38776323E+0001    0.19055358E+0001         1
 22400   -0.38888979E+0001   -0.38888979E+0001    0.18288747E+0001         1
 22450   -0.39023751E+0001   -0.39023751E+0001    0.16762908E+0001         1
 22500   -0.39124888E+0001   -0.39124888E+0001    0.14914846E+0001         1
 22550   -0.39180647E+0001   -0.39180647E+0001    0.13677882E+0001         1
 22600   -0.39233172E+0001   -0.39233172E+0001    0.12729101E+0001         1
 22650   -0.39260909E+0001   -0.39260909E+0001    0.11543417E+0001         1
 22700   -0.39296368E+0001   -0.39296368E+0001    0.10321542E+0001         1
 22750   -0.39325810E+0001   -0.39325810E+0001    0.90897134E+0000         1
 22800   -0.39347102E+0001   -0.39347102E+0001    0.78674948E+0000         1
 22850   -0.39362440E+0001   -0.39362440E+0001    0.66267617E+0000         1
 22900   -0.39356242E+0001   -0.39356242E+0001    0.80912942E+0000         1
 22950   -0.39375781E+0001   -0.39375781E+0001    0.52944489E+0000         1
 23000   -0.39384367E+0001   -0.39384367E+0001    0.48434691E+0000         1
 23050   -0.39382444E+0001   -0.39382444E+0001    0.46698304E+0000         1
 23100   -0.39375881E+0001   -0.39375881E+0001    0.71225490E+0000         1
 23150   -0.39386238E+0001   -0.39386238E+0001    0.46556653E+0000         1
 23200   -0.39386381E+0001   -0.39386381E+0001    0.56852162E+0000         1
 23250   -0.39384302E+0001   -0.39384302E+0001    0.60899152E+0000         1
 23300   -0.39385334E+0001   -0.39385334E+0001    0.63392131E+0000         1
 23350   -0.39393931E+0001   -0.39393931E+0001    0.40945631E+0000         1
 23400   -0.39390250E+0001   -0.39390250E+0001    0.49114276E+0000         1
 23450   -0.39394561E+0001   -0.39394561E+0001    0.44072391E+0000         1
 23500   -0.39385671E+0001   -0.39385671E+0001    0.63657316E+0000         1
 23550   -0.39385232E+0001   -0.39385232E+0001    0.58892255E+0000         1
 23600   -0.39392053E+0001   -0.39392053E+0001    0.46631824E+0000         1
 23650   -0.39391871E+0001   -0.39391871E+0001    0.53706188E+0000         1
 23700   -0.39387019E+0001   -0.39387019E+0001    0.61225691E+0000         1
 23750   -0.39379774E+0001   -0.39379774E+0001    0.74293421E+0000         1
 23800   -0.39384338E+0001   -0.39384338E+0001    0.69636338E+0000         1
 23850   -0.39387971E+0001   -0.39387971E+0001    0.64385578E+0000         1
 23900   -0.39395965E+0001   -0.39395965E+0001    0.41963724E+0000         1
 23950   -0.39393232E+0001   -0.39393232E+0001    0.48924793E+0000         1
 24000   -0.39392578E+0001   -0.39392578E+0001    0.45036750E+0000         1
 24050   -0.39393918E+0001   -0.39393918E+0001    0.38662963E+0000         1
 24100   -0.39389396E+0001   -0.39389396E+0001    0.49821243E+0000         1
 24150   -0.39391843E+0001   -0.39391843E+0001    0.42103053E+0000         1
 24200   -0.39391972E+0001   -0.39391972E+0001    0.54360722E+0000         1
 24250   -0.39394549E+0001   -0.39394549E+0001    0.41743235E+0000         1
 24300   -0.39389446E+0001   -0.39389446E+0001    0.53426027E+0000         1
 24350   -0.39382120E+0001   -0.39382120E+0001    0.72889027E+0000         1
 24400   -0.39389760E+0001   -0.39389760E+0001    0.54511197E+0000         1
 24450   -0.39387249E+0001   -0.39387249E+0001    0.58354985E+0000         1
 24500   -0.39383465E+0001   -0.39383465E+0001    0.65956127E+0000         1
 24550   -0.39382969E+0001   -0.39382969E+0001    0.69573599E+0000         1
 24600   -0.39387703E+0001   -0.39387703E+0001    0.46955307E+0000         1
 24650   -0.39391268E+0001   -0.39391268E+0001    0.45126176E+0000         1
 24700   -0.39386138E+0001   -0.39386138E+0001    0.59032381E+0000         1
 24750   -0.39383162E+0001   -0.39383162E+0001    0.70995758E+0000         1
 24800   -0.39385102E+0001   -0.39385102E+0001    0.57928849E+0000         1
 24850   -0.39385727E+0001   -0.39385727E+0001    0.55899981E+0000         1
 24900   -0.39389751E+0001   -0.39389751E+0001    0.50968579E+0000         1
 24950   -0.39390266E+0001   -0.39390266E+0001    0.48391156E+0000         1
 25000   -0.39395280E+0001   -0.39395280E+0001    0.36087494E+0000         1
 25050   -0.39389004E+0001   -0.39389004E+0001    0.57521248E+0000         1
 25100   -0.39395076E+0001   -0.39395076E+0001    0.34850535E+0000         1
 25150   -0.39394999E+0001   -0.39394999E+0001    0.33034829E+0000         1
 25200   -0.39388459E+0001   -0.39388459E+0001    0.63451254E+0000         1
 25250   -0.39393852E+0001   -0.39393852E+0001    0.39101080E+0000         1
 25300   -0.39392716E+0001   -0.39392716E+0001    0.48896958E+0000         1
 25350   -0.39394360E+0001   -0.39394360E+0001    0.43648745E+0000         1
 25400   -0.39394842E+0001   -0.39394842E+0001    0.35371337E+0000         1
 25450   -0.39388924E+0001   -0.39388924E+0001    0.56962871E+0000         1
 25500   -0.39384403E+0001   -0.39384403E+0001    0.65532094E+0000         1
 25550   -0.39388341E+0001   -0.39388341E+0001    0.45777309E+0000         1
 25600   -0.39390178E+0001   -0.39390178E+0001    0.44198862E+0000         1
 25650   -0.39390231E+0001   -0.39390231E+0001    0.51239044E+0000         1
 25700   -0.39388925E+0001   -0.39388925E+0001    0.57388840E+0000         1
 25750   -0.39386979E+0001   -0.39386979E+0001    0.59046602E+0000         1
 25800   -0.39392690E+0001   -0.39392690E+0001    0.48759657E+0000         1
 25850   -0.39390250E+0001   -0.39390250E+0001    0.48055854E+0000         1
 25900   -0.39390733E+0001   -0.39390733E+0001    0.48264160E+0000         1
 25950   -0.39385682E+0001   -0.39385682E+0001    0.56918118E+0000         1
 26000   -0.39391457E+0001   -0.39391457E+0001    0.44763250E+0000         1
 26050   -0.39391250E+0001   -0.39391250E+0001    0.50731788E+0000         1
 26100   -0.39390824E+0001   -0.39390824E+0001    0.51605973E+0000         1
 26150   -0.39393196E+0001   -0.39393196E+0001    0.47117492E+0000         1
 26200   -0.39390889E+0001   -0.39390889E+0001    0.51642781E+0000         1
 26250   -0.39394205E+0001   -0.39394205E+0001    0.39866089E+0000         1
 26300   -0.39391195E+0001   -0.39391195E+0001    0.51273959E+0000         1
 26350   -0.39391860E+0001   -0.39391860E+0001    0.45135402E+0000         1
 26400   -0.39389774E+0001   -0.39389774E+0001    0.50617755E+0000         1
 26450   -0.39385935E+0001   -0.39385935E+0001    0.64628774E+0000         1
 26500   -0.39384512E+0001   -0.39384512E+0001    0.69457716E+0000         1
 26550   -0.39377859E+0001   -0.39377859E+0001    0.82878697E+0000         1
 26600   -0.39379640E+0001   -0.39379640E+0001    0.81318227E+0000         1
 26650   -0.39389598E+0001   -0.39389598E+0001    0.50516940E+0000         1
 26700   -0.39381265E+0001   -0.39381265E+0001    0.77652529E+0000         1
 26750   -0.39382049E+0001   -0.39382049E+0001    0.77814249E+0000         1
 26800   -0.39387206E+0001   -0.39387206E+0001    0.64947944E+0000         1
 26850   -0.39394839E+0001   -0.39394839E+0001    0.29457062E+0000         1
 26900   -0.39395295E+0001   -0.39395295E+0001    0.36959150E+0000         1
 26950   -0.39393762E+0001   -0.39393762E+0001    0.40288057E+0000         1
 27000   -0.39393573E+0001   -0.39393573E+0001    0.42191668E+0000         1
 27050   -0.39387941E+0001   -0.39387941E+0001    0.68112254E+0000         1
 27100   -0.39393320E+0001   -0.39393320E+0001    0.48976710E+0000         1
 27150   -0.39392369E+0001   -0.39392369E+0001    0.46138888E+0000         1
 27200   -0.39392726E+0001   -0.39392726E+0001    0.47665960E+0000         1
 27250   -0.39391537E+0001   -0.39391537E+0001    0.47585406E+0000         1
 27300   -0.39393206E+0001   -0.39393206E+0001    0.42384414E+0000         1
 27350   -0.39393593E+0001   -0.39393593E+0001    0.41227179E+0000         1
 27400   -0.39392945E+0001   -0.39392945E+0001    0.54221727E+0000         1
 27450   -0.39388475E+0001   -0.39388475E+0001    0.54158407E+0000         1
 27500   -0.39387878E+0001   -0.39387878E+0001    0.63477200E+0000         1
 27550   -0.39390082E+0001   -0.39390082E+0001    0.51000003E+0000         1
 27600   -0.39390242E+0001   -0.39390242E+0001    0.51299383E+0000         1
 27650   -0.39392379E+0001   -0.39392379E+0001    0.59794143E+0000         1
 27700   -0.39392511E+0001   -0.39392511E+0001    0.43643609E+0000         1
 27750   -0.39392673E+0001   -0.39392673E+0001    0.47617213E+0000         1
 27800   -0.39387929E+0001   -0.39387929E+0001    0.58160618E+0000         1
 27850   -0.39393563E+0001   -0.39393563E+0001    0.45975999E+0000         1
 27900   -0.39389424E+0001   -0.39389424E+0001    0.56052642E+0000         1
 27950   -0.39385797E+0001   -0.39385797E+0001    0.56989743E+0000         1
 28000   -0.39386471E+0001   -0.39386471E+0001    0.56338703E+0000         1
 28050   -0.39390368E+0001   -0.39390368E+0001    0.49892276E+0000         1
 28100   -0.39389692E+0001   -0.39389692E+0001    0.53800742E+0000         1
 28150   -0.39385275E+0001   -0.39385275E+0001    0.62497347E+0000         1
 28200   -0.39383746E+0001   -0.39383746E+0001    0.66770428E+0000         1
 28250   -0.39391934E+0001   -0.39391934E+0001    0.41640919E+0000         1
 28300   -0.39391355E+0001   -0.39391355E+0001    0.53983656E+0000         1
 28350   -0.39390192E+0001   -0.39390192E+0001    0.63134095E+0000         1
 28400   -0.39395528E+0001   -0.39395528E+0001    0.39623198E+0000         1
 28450   -0.39391039E+0001   -0.39391039E+0001    0.50296041E+0000         1
 28500   -0.39390694E+0001   -0.39390694E+0001    0.49922833E+0000         1
 28550   -0.39392593E+0001   -0.39392593E+0001    0.48971866E+0000         1
 28600   -0.39391470E+0001   -0.39391470E+0001    0.46873867E+0000         1
 28650   -0.39387279E+0001   -0.39387279E+0001    0.55824430E+0000         1
 28700   -0.39392267E+0001   -0.39392267E+0001    0.43920700E+0000         1
 28750   -0.39386401E+0001   -0.39386401E+0001    0.66305732E+0000         1
 28800   -0.39385490E+0001   -0.39385490E+0001    0.64310502E+0000         1
 28850   -0.39389695E+0001   -0.39389695E+0001    0.56174072E+0000         1
 28900   -0.39389333E+0001   -0.39389333E+0001    0.56659786E+0000         1
 28950   -0.39393874E+0001   -0.39393874E+0001    0.37428708E+0000         1
 29000   -0.39388263E+0001   -0.39388263E+0001    0.60738937E+0000         1
 29050   -0.39393650E+0001   -0.39393650E+0001    0.50875873E+0000         1
 29100   -0.39389470E+0001   -0.39389470E+0001    0.57184842E+0000         1
 29150   -0.39386736E+0001   -0.39386736E+0001    0.69727062E+0000         1
 29200   -0.39392480E+0001   -0.39392480E+0001    0.52482110E+0000         1
 29250   -0.39393265E+0001   -0.39393265E+0001    0.48625377E+0000         1
 29300   -0.39393969E+0001   -0.39393969E+0001    0.46830958E+0000         1
 29350   -0.39389136E+0001   -0.39389136E+0001    0.61377400E+0000         1
 29400   -0.39389252E+0001   -0.39389252E+0001    0.56666823E+0000         1
 29450   -0.39392359E+0001   -0.39392359E+0001    0.48209877E+0000         1
 29500   -0.39391591E+0001   -0.39391591E+0001    0.38728005E+0000         1
 29550   -0.39384772E+0001   -0.39384772E+0001    0.58263726E+0000         1
 29600   -0.39382662E+0001   -0.39382662E+0001    0.65330137E+0000         1
 29650   -0.39386752E+0001   -0.39386752E+0001    0.58299806E+0000         1
 29700   -0.39390355E+0001   -0.39390355E+0001    0.58283334E+0000         1
 29750   -0.39390898E+0001   -0.39390898E+0001    0.43529019E+0000         1
 29800   -0.39395012E+0001   -0.39395012E+0001    0.31757296E+0000         1
 29850   -0.39392173E+0001   -0.39392173E+0001    0.44934332E+0000         1
 29900   -0.39394034E+0001   -0.39394034E+0001    0.36362640E+0000         1
 29950   -0.39392972E+0001   -0.39392972E+0001    0.46401425E+0000         1
 30000   -0.39391211E+0001   -0.39391211E+0001    0.55867272E+0000         1
 30050   -0.39389904E+0001   -0.39389904E+0001    0.61064348E+0000         1
 30100   -0.39396766E+0001   -0.39396766E+0001    0.32931584E+0000         1
 30150   -0.39393244E+0001   -0.39393244E+0001    0.40657127E+0000         1
 30200   -0.39390824E+0001   -0.39390824E+0001    0.54776803E+0000         1
 30250   -0.39392107E+0001   -0.39392107E+0001    0.41146794E+0000         1
 30300   -0.39389958E+0001   -0.39389958E+0001    0.45636504E+0000         1
 30350   -0.39389250E+0001   -0.39389250E+0001    0.51321963E+0000         1
 30400   -0.39387091E+0001   -0.39387091E+0001    0.49992485E+0000         1
 30450   -0.39388486E+0001   -0.39388486E+0001    0.51055864E+0000         1
 30500   -0.39389558E+0001   -0.39389558E+0001    0.50560394E+0000         1
 30550   -0.39392874E+0001   -0.39392874E+0001    0.43317625E+0000         1
 30600   -0.39391358E+0001   -0.39391358E+0001    0.48777435E+0000         1
 30650   -0.39390129E+0001   -0.39390129E+0001    0.49317618E+0000         1
 30700   -0.39384630E+0001   -0.39384630E+0001    0.66035848E+0000         1
 30750   -0.39392748E+0001   -0.39392748E+0001    0.48553760E+0000         1
 30800   -0.39387569E+0001   -0.39387569E+0001    0.64909042E+0000         1
 30850   -0.39386869E+0001   -0.39386869E+0001    0.63476438E+0000         1
 30900   -0.39393414E+0001   -0.39393414E+0001    0.40701506E+0000         1
 30950   -0.39387970E+0001   -0.39387970E+0001    0.59192679E+0000         1
 31000   -0.39388974E+0001   -0.39388974E+0001    0.49912471E+0000         1
 31050   -0.39384871E+0001   -0.39384871E+0001    0.68304252E+0000         1
 31100   -0.39383148E+0001   -0.39383148E+0001    0.69783933E+0000         1
 31150   -0.39382859E+0001   -0.39382859E+0001    0.67430725E+0000         1
 31200   -0.39381932E+0001   -0.39381932E+0001    0.79263035E+0000         1
 31250   -0.39392630E+0001   -0.39392630E+0001    0.42712167E+0000         1
 31300   -0.39390347E+0001   -0.39390347E+0001    0.60205977E+0000         1
 31350   -0.39389812E+0001   -0.39389812E+0001    0.55859246E+0000         1
 31400   -0.39375946E+0001   -0.39375946E+0001    0.82678489E+0000         1
 31450   -0.39385084E+0001   -0.39385084E+0001    0.67717984E+0000         1
 31500   -0.39393007E+0001   -0.39393007E+0001    0.51610583E+0000         1
 31550   -0.39394837E+0001   -0.39394837E+0001    0.37635554E+0000         1
 31600   -0.39389361E+0001   -0.39389361E+0001    0.64439037E+0000         1
 31650   -0.39388369E+0001   -0.39388369E+0001    0.60843337E+0000         1
 31700   -0.39393915E+0001   -0.39393915E+0001    0.37076858E+0000         1
 31750   -0.39389723E+0001   -0.39389723E+0001    0.49334833E+0000         1
 31800   -0.39392045E+0001   -0.39392045E+0001    0.49019211E+0000         1
 31850   -0.39384377E+0001   -0.39384377E+0001    0.64082693E+0000         1
 31900   -0.39383110E+0001   -0.39383110E+0001    0.67342174E+0000         1
 31950   -0.39393753E+0001   -0.39393753E+0001    0.31741016E+0000         1
 32000   -0.39392349E+0001   -0.39392349E+0001    0.32959602E+0000         1
 32050   -0.39384259E+0001   -0.39384259E+0001    0.57309420E+0000         1
 32100   -0.39384297E+0001   -0.39384297E+0001    0.54318286E+0000         1
 32150   -0.39384441E+0001   -0.39384441E+0001    0.54566295E+0000         1
 32200   -0.39385192E+0001   -0.39385192E+0001    0.56118835E+0000         1
 32250   -0.39385932E+0001   -0.39385932E+0001    0.59566474E+0000         1
 32300   -0.39382260E+0001   -0.39382260E+0001    0.63383193E+0000         1
 32350   -0.39380001E+0001   -0.39380001E+0001    0.74973254E+0000         1
 32400   -0.39387492E+0001   -0.39387492E+0001    0.57820530E+0000         1
 32450   -0.39390984E+0001   -0.39390984E+0001    0.38663637E+0000         1
 32500   -0.39384523E+0001   -0.39384523E+0001    0.62458872E+0000         1
 32550   -0.39387522E+0001   -0.39387522E+0001    0.60055309E+0000         1
 32600   -0.39391531E+0001   -0.39391531E+0001    0.52058371E+0000         1
 32650   -0.39391928E+0001   -0.39391928E+0001    0.47913840E+0000         1
 32700   -0.39390559E+0001   -0.39390559E+0001    0.53321882E+0000         1
 32750   -0.39383902E+0001   -0.39383902E+0001    0.71704722E+0000         1
 32800   -0.39385151E+0001   -0.39385151E+0001    0.62640631E+0000         1
 32850   -0.39391008E+0001   -0.39391008E+0001    0.47887050E+0000         1
 32900   -0.39384275E+0001   -0.39384275E+0001    0.70483944E+0000         1
 32950   -0.39384792E+0001   -0.39384792E+0001    0.62232993E+0000         1
 33000   -0.39384510E+0001   -0.39384510E+0001    0.57018231E+0000         1
 33050   -0.39384561E+0001   -0.39384561E+0001    0.48724652E+0000         1
 33100   -0.39385748E+0001   -0.39385748E+0001    0.65789936E+0000         1
 33150   -0.39385344E+0001   -0.39385344E+0001    0.63035559E+0000         1
 33200   -0.39387198E+0001   -0.39387198E+0001    0.57057458E+0000         1
 33250   -0.39388853E+0001   -0.39388853E+0001    0.52822066E+0000         1
 33300   -0.39386280E+0001   -0.39386280E+0001    0.54282540E+0000         1
 33350   -0.39388958E+0001   -0.39388958E+0001    0.51035666E+0000         1
 33400   -0.39392173E+0001   -0.39392173E+0001    0.47836421E+0000         1
 33450   -0.39387421E+0001   -0.39387421E+0001    0.57193233E+0000         1
 33500   -0.39379262E+0001   -0.39379262E+0001    0.80739355E+0000         1
 33550   -0.39386759E+0001   -0.39386759E+0001    0.65177885E+0000         1
 33600   -0.39387368E+0001   -0.39387368E+0001    0.50954976E+0000         1
 33650   -0.39381243E+0001   -0.39381243E+0001    0.66365309E+0000         1
 33700   -0.39389179E+0001   -0.39389179E+0001    0.58573094E+0000         1
 33750   -0.39382562E+0001   -0.39382562E+0001    0.75389030E+0000         1
 33800   -0.39389690E+0001   -0.39389690E+0001    0.52021722E+0000         1
 33850   -0.39388207E+0001   -0.39388207E+0001    0.57913405E+0000         1
 33900   -0.39388790E+0001   -0.39388790E+0001    0.66562050E+0000         1
 33950   -0.39391282E+0001   -0.39391282E+0001    0.58334743E+0000         1
 34000   -0.39387099E+0001   -0.39387099E+0001    0.57575645E+0000         1
 34050   -0.39388311E+0001   -0.39388311E+0001    0.55433334E+0000         1
 34100   -0.39396180E+0001   -0.39396180E+0001    0.36523618E+0000         1
 34150   -0.39392635E+0001   -0.39392635E+0001    0.55399948E+0000         1
 34200   -0.39393470E+0001   -0.39393470E+0001    0.50232359E+0000         1
 34250   -0.39388231E+0001   -0.39388231E+0001    0.54718407E+0000         1
 34300   -0.39387894E+0001   -0.39387894E+0001    0.49938775E+0000         1
 34350   -0.39389426E+0001   -0.39389426E+0001    0.56620339E+0000         1
 34400   -0.39387425E+0001   -0.39387425E+0001    0.54781817E+0000         1
 34450   -0.39382388E+0001   -0.39382388E+0001    0.74876050E+0000         1
 34500   -0.39393090E+0001   -0.39393090E+0001    0.47357040E+0000         1
 34550   -0.39394347E+0001   -0.39394347E+0001    0.43423698E+0000         1
 34600   -0.39387082E+0001   -0.39387082E+0001    0.57309059E+0000         1
 34650   -0.39380760E+0001   -0.39380760E+0001    0.70290767E+0000         1
 34700   -0.39389798E+0001   -0.39389798E+0001    0.54361055E+0000         1
 34750   -0.39387189E+0001   -0.39387189E+0001    0.59813964E+0000         1
 34800   -0.39391471E+0001   -0.39391471E+0001    0.39811928E+0000         1
 34850   -0.39390660E+0001   -0.39390660E+0001    0.33473596E+0000         1
 34900   -0.39389425E+0001   -0.39389425E+0001    0.44930095E+0000         1
 34950   -0.39395181E+0001   -0.39395181E+0001    0.31736566E+0000         1
 35000   -0.39392095E+0001   -0.39392095E+0001    0.46889786E+0000         1
 35050   -0.39392370E+0001   -0.39392370E+0001    0.35324826E+0000         1
 35100   -0.39385687E+0001   -0.39385687E+0001    0.63431844E+0000         1
 35150   -0.39387898E+0001   -0.39387898E+0001    0.55654676E+0000         1
 35200   -0.39383146E+0001   -0.39383146E+0001    0.74897920E+0000         1
 35250   -0.39388979E+0001   -0.39388979E+0001    0.51049535E+0000         1
 35300   -0.39386141E+0001   -0.39386141E+0001    0.61636301E+0000         1
 35350   -0.39375340E+0001   -0.39375340E+0001    0.78314658E+0000         1
 35400   -0.39385220E+0001   -0.39385220E+0001    0.59236658E+0000         1
 35450   -0.39386712E+0001   -0.39386712E+0001    0.55907517E+0000         1
 35500   -0.39389176E+0001   -0.39389176E+0001    0.58150987E+0000         1
 35550   -0.39392510E+0001   -0.39392510E+0001    0.42236684E+0000         1
 35600   -0.39390158E+0001   -0.39390158E+0001    0.49962469E+0000         1
 35650   -0.39391902E+0001   -0.39391902E+0001    0.43896379E+0000         1
 35700   -0.39390840E+0001   -0.39390840E+0001    0.49974621E+0000         1
 35750   -0.39392838E+0001   -0.39392838E+0001    0.40743395E+0000         1
 35800   -0.39389689E+0001   -0.39389689E+0001    0.51746838E+0000         1
 35850   -0.39381392E+0001   -0.39381392E+0001    0.63901006E+0000         1
 35900   -0.39383912E+0001   -0.39383912E+0001    0.57526302E+0000         1
 35950   -0.39380925E+0001   -0.39380925E+0001    0.70106161E+0000         1
 36000   -0.39379065E+0001   -0.39379065E+0001    0.69564704E+0000         1
 36050   -0.39385587E+0001   -0.39385587E+0001    0.61088054E+0000         1
 36100   -0.39386647E+0001   -0.39386647E+0001    0.55068623E+0000         1
 36150   -0.39384220E+0001   -0.39384220E+0001    0.58046133E+0000         1
 36200   -0.39381284E+0001   -0.39381284E+0001    0.66519080E+0000         1
 36250   -0.39384802E+0001   -0.39384802E+0001    0.72539545E+0000         1
 36300   -0.39387944E+0001   -0.39387944E+0001    0.58736914E+0000         1
 36350   -0.39393434E+0001   -0.39393434E+0001    0.52847805E+0000         1
 36400   -0.39391177E+0001   -0.39391177E+0001    0.51530176E+0000         1
 36450   -0.39394324E+0001   -0.39394324E+0001    0.36557576E+0000         1
 36500   -0.39394171E+0001   -0.39394171E+0001    0.38754853E+0000         1
 36550   -0.39387680E+0001   -0.39387680E+0001    0.61480343E+0000         1
 36600   -0.39394514E+0001   -0.39394514E+0001    0.49181987E+0000         1
 36650   -0.39393036E+0001   -0.39393036E+0001    0.48567567E+0000         1
 36700   -0.39390560E+0001   -0.39390560E+0001    0.58451239E+0000         1
 36750   -0.39393436E+0001   -0.39393436E+0001    0.46049976E+0000         1
 36800   -0.39389406E+0001   -0.39389406E+0001    0.64780869E+0000         1
 36850   -0.39394045E+0001   -0.39394045E+0001    0.44400618E+0000         1
 36900   -0.39393277E+0001   -0.39393277E+0001    0.51513295E+0000         1
 36950   -0.39388516E+0001   -0.39388516E+0001    0.63844090E+0000         1
 37000   -0.39393183E+0001   -0.39393183E+0001    0.46531504E+0000         1
 37050   -0.39395262E+0001   -0.39395262E+0001    0.38825355E+0000         1
 37100   -0.39394418E+0001   -0.39394418E+0001    0.38746020E+0000         1
 37150   -0.39387142E+0001   -0.39387142E+0001    0.69601441E+0000         1
 37200   -0.39391665E+0001   -0.39391665E+0001    0.52253899E+0000         1
 37250   -0.39390659E+0001   -0.39390659E+0001    0.62759162E+0000         1
 37300   -0.39393387E+0001   -0.39393387E+0001    0.44703222E+0000         1
 37350   -0.39387827E+0001   -0.39387827E+0001    0.63606752E+0000         1
 37400   -0.39389226E+0001   -0.39389226E+0001    0.49800935E+0000         1
 37450   -0.39393584E+0001   -0.39393584E+0001    0.38374434E+0000         1
 37500   -0.39388055E+0001   -0.39388055E+0001    0.59236326E+0000         1
 37550   -0.39385777E+0001   -0.39385777E+0001    0.54010234E+0000         1
 37600   -0.39382514E+0001   -0.39382514E+0001    0.67891904E+0000         1
 37650   -0.39386209E+0001   -0.39386209E+0001    0.60717247E+0000         1
 37700   -0.39384767E+0001   -0.39384767E+0001    0.61692835E+0000         1
 37750   -0.39382831E+0001   -0.39382831E+0001    0.65658629E+0000         1
 37800   -0.39386824E+0001   -0.39386824E+0001    0.55623795E+0000         1
 37850   -0.39386885E+0001   -0.39386885E+0001    0.60023017E+0000         1
 37900   -0.39389512E+0001   -0.39389512E+0001    0.49171490E+0000         1
 37950   -0.39388984E+0001   -0.39388984E+0001    0.54232136E+0000         1
 38000   -0.39387772E+0001   -0.39387772E+0001    0.59881269E+0000         1
 38050   -0.39386903E+0001   -0.39386903E+0001    0.71965411E+0000         1
 38100   -0.39388480E+0001   -0.39388480E+0001    0.59202836E+0000         1
 38150   -0.39388056E+0001   -0.39388056E+0001    0.51760781E+0000         1
 38200   -0.39387786E+0001   -0.39387786E+0001    0.59638738E+0000         1
 38250   -0.39376082E+0001   -0.39376082E+0001    0.85569005E+0000         1
 38300   -0.39383754E+0001   -0.39383754E+0001    0.67555577E+0000         1
 38350   -0.39383921E+0001   -0.39383921E+0001    0.64595599E+0000         1
 38400   -0.39391697E+0001   -0.39391697E+0001    0.44232761E+0000         1
 38450   -0.39391319E+0001   -0.39391319E+0001    0.52283661E+0000         1
 38500   -0.39390002E+0001   -0.39390002E+0001    0.54062381E+0000         1
 38550   -0.39390536E+0001   -0.39390536E+0001    0.51666531E+0000         1
 38600   -0.39387387E+0001   -0.39387387E+0001    0.64669739E+0000         1
 38650   -0.39388317E+0001   -0.39388317E+0001    0.72815645E+0000         1
 38700   -0.39386045E+0001   -0.39386045E+0001    0.63456857E+0000         1
 38750   -0.39390046E+0001   -0.39390046E+0001    0.44579053E+0000         1
 38800   -0.39385638E+0001   -0.39385638E+0001    0.58811177E+0000         1
 38850   -0.39388139E+0001   -0.39388139E+0001    0.59854565E+0000         1
 38900   -0.39392616E+0001   -0.39392616E+0001    0.45773702E+0000         1
 38950   -0.39388263E+0001   -0.39388263E+0001    0.53284328E+0000         1
 39000   -0.39383181E+0001   -0.39383181E+0001    0.68258939E+0000         1
 39050   -0.39385962E+0001   -0.39385962E+0001    0.68610958E+0000         1
 39100   -0.39388767E+0001   -0.39388767E+0001    0.59515308E+0000         1
 39150   -0.39381758E+0001   -0.39381758E+0001    0.73030762E+0000         1
 39200   -0.39386403E+0001   -0.39386403E+0001    0.60641672E+0000         1
 39250   -0.39388950E+0001   -0.39388950E+0001    0.56839256E+0000         1
 39300   -0.39395104E+0001   -0.39395104E+0001    0.34257259E+0000         1
 39350   -0.39394951E+0001   -0.39394951E+0001    0.40065881E+0000         1
 39400   -0.39394103E+0001   -0.39394103E+0001    0.44078117E+0000         1
 39450   -0.39391667E+0001   -0.39391667E+0001    0.54515101E+0000         1
 39500   -0.39390238E+0001   -0.39390238E+0001    0.62092194E+0000         1
 39550   -0.39386960E+0001   -0.39386960E+0001    0.63752137E+0000         1
 39600   -0.39386558E+0001   -0.39386558E+0001    0.60895822E+0000         1
 39650   -0.39395275E+0001   -0.39395275E+0001    0.37835649E+0000         1
 39700   -0.39392803E+0001   -0.39392803E+0001    0.36242848E+0000         1
 39750   -0.39394880E+0001   -0.39394880E+0001    0.31326324E+0000         1
 39800   -0.39392490E+0001   -0.39392490E+0001    0.39901357E+0000         1
 39850   -0.39394872E+0001   -0.39394872E+0001    0.28980825E+0000         1
 39900   -0.39389845E+0001   -0.39389845E+0001    0.45086514E+0000         1
 39950   -0.39378340E+0001   -0.39378340E+0001    0.78588944E+0000         1
 40000   -0.39385881E+0001   -0.39385881E+0001    0.56585669E+0000         1
 40050   -0.39392254E+0001   -0.39392254E+0001    0.47795423E+0000         1
 40100   -0.39392581E+0001   -0.39392581E+0001    0.39635353E+0000         1
 40150   -0.39394876E+0001   -0.39394876E+0001    0.31022645E+0000         1
 40200   -0.39392411E+0001   -0.39392411E+0001    0.45497140E+0000         1
 40250   -0.39393780E+0001   -0.39393780E+0001    0.42893145E+0000         1
 40300   -0.39393068E+0001   -0.39393068E+0001    0.38849501E+0000         1
 40350   -0.39386061E+0001   -0.39386061E+0001    0.57164593E+0000         1
 40400   -0.39389911E+0001   -0.39389911E+0001    0.56427853E+0000         1
 40450   -0.39392221E+0001   -0.39392221E+0001    0.45479038E+0000         1
 40500   -0.39385283E+0001   -0.39385283E+0001    0.71256917E+0000         1
 40550   -0.39395395E+0001   -0.39395395E+0001    0.32861618E+0000         1
 40600   -0.39393924E+0001   -0.39393924E+0001    0.44969179E+0000         1
 40650   -0.39391150E+0001   -0.39391150E+0001    0.54582333E+0000         1
 40700   -0.39390744E+0001   -0.39390744E+0001    0.49128638E+0000         1
 40750   -0.39390488E+0001   -0.39390488E+0001    0.57582298E+0000         1
 40800   -0.39392195E+0001   -0.39392195E+0001    0.38875859E+0000         1
 40850   -0.39388863E+0001   -0.39388863E+0001    0.49425083E+0000         1
 40900   -0.39382067E+0001   -0.39382067E+0001    0.68109293E+0000         1
 40950   -0.39393139E+0001   -0.39393139E+0001    0.43949192E+0000         1
 41000   -0.39386525E+0001   -0.39386525E+0001    0.61298336E+0000         1
 41050   -0.39393134E+0001   -0.39393134E+0001    0.41121624E+0000         1
 41100   -0.39389952E+0001   -0.39389952E+0001    0.51182397E+0000         1
 41150   -0.39390126E+0001   -0.39390126E+0001    0.50622375E+0000         1
 41200   -0.39380495E+0001   -0.39380495E+0001    0.72726737E+0000         1
 41250   -0.39387213E+0001   -0.39387213E+0001    0.49260710E+0000         1
 41300   -0.39389476E+0001   -0.39389476E+0001    0.47129781E+0000         1
 41350   -0.39389828E+0001   -0.39389828E+0001    0.43276567E+0000         1
 41400   -0.39388276E+0001   -0.39388276E+0001    0.56559931E+0000         1
 41450   -0.39385508E+0001   -0.39385508E+0001    0.61446519E+0000         1
 41500   -0.39382321E+0001   -0.39382321E+0001    0.59061876E+0000         1
 41550   -0.39388330E+0001   -0.39388330E+0001    0.58678529E+0000         1
 41600   -0.39391906E+0001   -0.39391906E+0001    0.48465057E+0000         1
 41650   -0.39391255E+0001   -0.39391255E+0001    0.49604460E+0000         1
 41700   -0.39384340E+0001   -0.39384340E+0001    0.76397541E+0000         1
 41750   -0.39386846E+0001   -0.39386846E+0001    0.69160895E+0000         1
 41800   -0.39390848E+0001   -0.39390848E+0001    0.46801162E+0000         1
 41850   -0.39396678E+0001   -0.39396678E+0001    0.37305094E+0000         1
 41900   -0.39392491E+0001   -0.39392491E+0001    0.54689816E+0000         1
 41950   -0.39392190E+0001   -0.39392190E+0001    0.48712031E+0000         1
 42000   -0.39385951E+0001   -0.39385951E+0001    0.61573981E+0000         1
 42050   -0.39392363E+0001   -0.39392363E+0001    0.51184744E+0000         1
 42100   -0.39394765E+0001   -0.39394765E+0001    0.38603596E+0000         1
 42150   -0.39394693E+0001   -0.39394693E+0001    0.49304788E+0000         1
 42200   -0.39391864E+0001   -0.39391864E+0001    0.47754187E+0000         1
 42250   -0.39390424E+0001   -0.39390424E+0001    0.58120296E+0000         1
 42300   -0.39392623E+0001   -0.39392623E+0001    0.45525313E+0000         1
 42350   -0.39390670E+0001   -0.39390670E+0001    0.51574006E+0000         1
 42400   -0.39392064E+0001   -0.39392064E+0001    0.45642053E+0000         1
 42450   -0.39393819E+0001   -0.39393819E+0001    0.45177064E+0000         1
 42500   -0.39395011E+0001   -0.39395011E+0001    0.36956357E+0000         1
 42550   -0.39392162E+0001   -0.39392162E+0001    0.44954939E+0000         1
 42600   -0.39393225E+0001   -0.39393225E+0001    0.49569478E+0000         1
 42650   -0.39391609E+0001   -0.39391609E+0001    0.55154673E+0000         1
 42700   -0.39391982E+0001   -0.39391982E+0001    0.51360599E+0000         1
 42750   -0.39395567E+0001   -0.39395567E+0001    0.28467861E+0000         1
 42800   -0.39392402E+0001   -0.39392402E+0001    0.45270512E+0000         1
 42850   -0.39390833E+0001   -0.39390833E+0001    0.53279468E+0000         1
 42900   -0.39385829E+0001   -0.39385829E+0001    0.54561969E+0000         1
 42950   -0.39394115E+0001   -0.39394115E+0001    0.38537304E+0000         1
 43000   -0.39387942E+0001   -0.39387942E+0001    0.58267579E+0000         1
 43050   -0.39391916E+0001   -0.39391916E+0001    0.46607160E+0000         1
 43100   -0.39394933E+0001   -0.39394933E+0001    0.31359025E+0000         1
 43150   -0.39392319E+0001   -0.39392319E+0001    0.39800018E+0000         1
 43200   -0.39394817E+0001   -0.39394817E+0001    0.35203235E+0000         1
 43250   -0.39391656E+0001   -0.39391656E+0001    0.51847397E+0000         1
 43300   -0.39394107E+0001   -0.39394107E+0001    0.36667558E+0000         1
 43350   -0.39393773E+0001   -0.39393773E+0001    0.38610901E+0000         1
 43400   -0.39388422E+0001   -0.39388422E+0001    0.54679392E+0000         1
 43450   -0.39392094E+0001   -0.39392094E+0001    0.49771030E+0000         1
 43500   -0.39396261E+0001   -0.39396261E+0001    0.31203841E+0000         1
 43550   -0.39390662E+0001   -0.39390662E+0001    0.55964570E+0000         1
 43600   -0.39393898E+0001   -0.39393898E+0001    0.38264340E+0000         1
 43650   -0.39386860E+0001   -0.39386860E+0001    0.58773575E+0000         1
 43700   -0.39387591E+0001   -0.39387591E+0001    0.51315463E+0000         1
 43750   -0.39391410E+0001   -0.39391410E+0001    0.48826248E+0000         1
 43800   -0.39391341E+0001   -0.39391341E+0001    0.52483952E+0000         1
 43850   -0.39393194E+0001   -0.39393194E+0001    0.41608916E+0000         1
 43900   -0.39391999E+0001   -0.39391999E+0001    0.57339835E+0000         1
 43950   -0.39390373E+0001   -0.39390373E+0001    0.40169346E+0000         1
 44000   -0.39386664E+0001   -0.39386664E+0001    0.58965071E+0000         1
 44050   -0.39387824E+0001   -0.39387824E+0001    0.52648673E+0000         1
 44100   -0.39385849E+0001   -0.39385849E+0001    0.54263354E+0000         1
 44150   -0.39386888E+0001   -0.39386888E+0001    0.48032296E+0000         1
 44200   -0.39392792E+0001   -0.39392792E+0001    0.42537094E+0000         1
 44250   -0.39393974E+0001   -0.39393974E+0001    0.33165921E+0000         1
 44300   -0.39391635E+0001   -0.39391635E+0001    0.36981479E+0000         1
 44350   -0.39392508E+0001   -0.39392508E+0001    0.46596940E+0000         1
 44400   -0.39392056E+0001   -0.39392056E+0001    0.49292441E+0000         1
 44450   -0.39390219E+0001   -0.39390219E+0001    0.46142508E+0000         1
 44500   -0.39393641E+0001   -0.39393641E+0001    0.34466918E+0000         1
 44550   -0.39382439E+0001   -0.39382439E+0001    0.65864123E+0000         1
 44600   -0.39390020E+0001   -0.39390020E+0001    0.49654387E+0000         1
 44650   -0.39393093E+0001   -0.39393093E+0001    0.39784917E+0000         1
 44700   -0.39390302E+0001   -0.39390302E+0001    0.51021946E+0000         1
 44750   -0.39385121E+0001   -0.39385121E+0001    0.69981501E+0000         1
 44800   -0.39383865E+0001   -0.39383865E+0001    0.73152694E+0000         1
 44850   -0.39379984E+0001   -0.39379984E+0001    0.69830838E+0000         1
 44900   -0.39393108E+0001   -0.39393108E+0001    0.44513584E+0000         1
 44950   -0.39391665E+0001   -0.39391665E+0001    0.49516397E+0000         1
 45000   -0.39389648E+0001   -0.39389648E+0001    0.62909841E+0000         1
 45050   -0.39387740E+0001   -0.39387740E+0001    0.66857687E+0000         1
 45100   -0.39391660E+0001   -0.39391660E+0001    0.49026669E+0000         1
 45150   -0.39390471E+0001   -0.39390471E+0001    0.47635175E+0000         1
 45200   -0.39389411E+0001   -0.39389411E+0001    0.56147351E+0000         1
 45250   -0.39389950E+0001   -0.39389950E+0001    0.52910469E+0000         1
 45300   -0.39393942E+0001   -0.39393942E+0001    0.49332379E+0000         1
 45350   -0.39393957E+0001   -0.39393957E+0001    0.39958507E+0000         1
 45400   -0.39383477E+0001   -0.39383477E+0001    0.75334843E+0000         1
 45450   -0.39388081E+0001   -0.39388081E+0001    0.60641952E+0000         1
 45500   -0.39382523E+0001   -0.39382523E+0001    0.74837515E+0000         1
 45550   -0.39391914E+0001   -0.39391914E+0001    0.46312858E+0000         1
 45600   -0.39386527E+0001   -0.39386527E+0001    0.58410949E+0000         1
 45650   -0.39392091E+0001   -0.39392091E+0001    0.42582064E+0000         1
 45700   -0.39389230E+0001   -0.39389230E+0001    0.53242782E+0000         1
 45750   -0.39390169E+0001   -0.39390169E+0001    0.52168818E+0000         1
 45800   -0.39388753E+0001   -0.39388753E+0001    0.49468114E+0000         1
 45850   -0.39389186E+0001   -0.39389186E+0001    0.52609965E+0000         1
 45900   -0.39386850E+0001   -0.39386850E+0001    0.57727637E+0000         1
 45950   -0.39386136E+0001   -0.39386136E+0001    0.62658753E+0000         1
 46000   -0.39384970E+0001   -0.39384970E+0001    0.60591241E+0000         1
 46050   -0.39381965E+0001   -0.39381965E+0001    0.74508735E+0000         1
 46100   -0.39378057E+0001   -0.39378057E+0001    0.94561413E+0000         1
 46150   -0.39382881E+0001   -0.39382881E+0001    0.68285660E+0000         1
 46200   -0.39381985E+0001   -0.39381985E+0001    0.60380014E+0000         1
 46250   -0.39385623E+0001   -0.39385623E+0001    0.56739975E+0000         1
 46300   -0.39389483E+0001   -0.39389483E+0001    0.54101698E+0000         1
 46350   -0.39396080E+0001   -0.39396080E+0001    0.37623427E+0000         1
 46400   -0.39391394E+0001   -0.39391394E+0001    0.47089370E+0000         1
 46450   -0.39384746E+0001   -0.39384746E+0001    0.69646922E+0000         1
 46500   -0.39388659E+0001   -0.39388659E+0001    0.73259523E+0000         1
 46550   -0.39397755E+0001   -0.39397755E+0001    0.30711540E+0000         1
 46600   -0.39393768E+0001   -0.39393768E+0001    0.31251754E+0000         1
 46650   -0.39389838E+0001   -0.39389838E+0001    0.52897670E+0000         1
 46700   -0.39391059E+0001   -0.39391059E+0001    0.53010766E+0000         1
 46750   -0.39395668E+0001   -0.39395668E+0001    0.31184310E+0000         1
 46800   -0.39393436E+0001   -0.39393436E+0001    0.45150893E+0000         1
 46850   -0.39388901E+0001   -0.39388901E+0001    0.52449014E+0000         1
 46900   -0.39392700E+0001   -0.39392700E+0001    0.43519144E+0000         1
 46950   -0.39388868E+0001   -0.39388868E+0001    0.61644933E+0000         1
 47000   -0.39389404E+0001   -0.39389404E+0001    0.53970908E+0000         1
 47050   -0.39393618E+0001   -0.39393618E+0001    0.37489134E+0000         1
 47100   -0.39393017E+0001   -0.39393017E+0001    0.36496277E+0000         1
 47150   -0.39387108E+0001   -0.39387108E+0001    0.66944752E+0000         1
 47200   -0.39384791E+0001   -0.39384791E+0001    0.64885287E+0000         1
 47250   -0.39381306E+0001   -0.39381306E+0001    0.71341221E+0000         1
 47300   -0.39385211E+0001   -0.39385211E+0001    0.56135492E+0000         1
 47350   -0.39389204E+0001   -0.39389204E+0001    0.50492097E+0000         1
 47400   -0.39388223E+0001   -0.39388223E+0001    0.53846063E+0000         1
 47450   -0.39394437E+0001   -0.39394437E+0001    0.32568535E+0000         1
 47500   -0.39386278E+0001   -0.39386278E+0001    0.51424430E+0000         1
 47550   -0.39388317E+0001   -0.39388317E+0001    0.41839265E+0000         1
 47600   -0.39386273E+0001   -0.39386273E+0001    0.53484647E+0000         1
 47650   -0.39387952E+0001   -0.39387952E+0001    0.54804752E+0000         1
 47700   -0.39384966E+0001   -0.39384966E+0001    0.57543087E+0000         1
 47750   -0.39388426E+0001   -0.39388426E+0001    0.51201574E+0000         1
 47800   -0.39385216E+0001   -0.39385216E+0001    0.69333466E+0000         1
 47850   -0.39386589E+0001   -0.39386589E+0001    0.57240406E+0000         1
 47900   -0.39385597E+0001   -0.39385597E+0001    0.63980625E+0000         1
 47950   -0.39386388E+0001   -0.39386388E+0001    0.65426378E+0000         1
 48000   -0.39391266E+0001   -0.39391266E+0001    0.47944653E+0000         1
