     1   -0.74600534E+0001   -0.74602111E+0001    0.12582080E+0002      1728
    50   -0.74604249E+0001   -0.74604067E+0001    0.11960287E+0002      1728
   100   -0.74605521E+0001   -0.74601416E+0001    0.11836499E+0002      1728
   150   -0.74598389E+0001   -0.74597408E+0001    0.12052924E+0002      1728
   200   -0.74603432E+0001   -0.74604063E+0001    0.12572276E+0002      1728
   250   -0.74601123E+0001   -0.74607475E+0001    0.12998161E+0002      1728
   300   -0.74605085E+0001   -0.74605998E+0001    0.12783823E+0002      1728
   350   -0.74603845E+0001   -0.74603843E+0001    0.12687038E+0002      1728
   400   -0.74604760E+0001   -0.74601348E+0001    0.12891367E+0002      1728
     1   -0.74600513E+0001   -0.74602367E+0001    0.12586773E+0002      1728
    50   -0.74601811E+0001   -0.74603859E+0001    0.11976212E+0002      1728
   100   -0.74588472E+0001   -0.74591119E+0001    0.12395470E+0002      1728
   150   -0.74592470E+0001   -0.74593340E+0001    0.12212800E+0002      1728
   200   -0.74591022E+0001   -0.74586281E+0001    0.12516888E+0002      1728
   250   -0.74589886E+0001   -0.74590578E+0001    0.12948633E+0002      1728
   300   -0.74588123E+0001   -0.74597830E+0001    0.13108634E+0002      1728
   350   -0.74582837E+0001   -0.74588398E+0001    0.12897578E+0002      1728
   400   -0.74580071E+0001   -0.74581160E+0001    0.12875133E+0002      1728
   450   -0.74579955E+0001   -0.74579083E+0001    0.12522336E+0002      1728
   500   -0.74581660E+0001   -0.74577658E+0001    0.12292630E+0002      1728
   550   -0.74576525E+0001   -0.74579339E+0001    0.12274742E+0002      1728
   600   -0.74565702E+0001   -0.74568829E+0001    0.12757772E+0002      1728
   650   -0.74563486E+0001   -0.74563215E+0001    0.12900555E+0002      1728
   700   -0.74556738E+0001   -0.74560073E+0001    0.13443987E+0002      1728
   750   -0.74554224E+0001   -0.74554853E+0001    0.13392647E+0002      1728
   800   -0.74553509E+0001   -0.74559096E+0001    0.13270894E+0002      1728
   850   -0.74542773E+0001   -0.74549665E+0001    0.13403253E+0002      1728
   900   -0.74542919E+0001   -0.74538968E+0001    0.13127511E+0002      1728
   950   -0.74521898E+0001   -0.74531253E+0001    0.14119583E+0002      1728
  1000   -0.74524221E+0001   -0.74524825E+0001    0.13878464E+0002      1728
  1050   -0.74523192E+0001   -0.74521100E+0001    0.13431036E+0002      1728
  1100   -0.74522666E+0001   -0.74526565E+0001    0.13754353E+0002      1728
  1150   -0.74524893E+0001   -0.74524187E+0001    0.13639283E+0002      1728
  1200   -0.74520902E+0001   -0.74521794E+0001    0.13968839E+0002      1728
  1250   -0.74516588E+0001   -0.74517906E+0001    0.13696500E+0002      1728
  1300   -0.74515572E+0001   -0.74515793E+0001    0.13718446E+0002      1728
  1350   -0.74517018E+0001   -0.74520470E+0001    0.13949283E+0002      1728
  1400   -0.74522106E+0001   -0.74521754E+0001    0.13639418E+0002      1728
  1450   -0.74519114E+0001   -0.74526220E+0001    0.13758038E+0002      1728
  1500   -0.74521521E+0001   -0.74528731E+0001    0.13643976E+0002      1728
  1550   -0.74513994E+0001   -0.74526184E+0001    0.13960376E+0002      1728
  1600   -0.74510286E+0001   -0.74511943E+0001    0.13722180E+0002      1728
  1650   -0.74505484E+0001   -0.74507739E+0001    0.13521650E+0002      1728
  1700   -0.74499651E+0001   -0.74505712E+0001    0.13699982E+0002      1728
  1750   -0.74486505E+0001   -0.74491376E+0001    0.14086028E+0002      1728
  1800   -0.74491865E+0001   -0.74493100E+0001    0.13886503E+0002      1728
  1850   -0.74491959E+0001   -0.74497285E+0001    0.14038664E+0002      1728
  1900   -0.74499422E+0001   -0.74509291E+0001    0.13499663E+0002      1728
  1950   -0.74499445E+0001   -0.74508699E+0001    0.13258432E+0002      1728
  2000   -0.74486094E+0001   -0.74488215E+0001    0.13871858E+0002      1728
  2050   -0.74484822E+0001   -0.74482818E+0001    0.13797706E+0002      1728
  2100   -0.74479625E+0001   -0.74489343E+0001    0.13842720E+0002      1728
  2150   -0.74476915E+0001   -0.74476863E+0001    0.13806203E+0002      1728
  2200   -0.74480604E+0001   -0.74486909E+0001    0.13799214E+0002      1728
  2250   -0.74483010E+0001   -0.74488451E+0001    0.13737532E+0002      1728
  2300   -0.74485721E+0001   -0.74493313E+0001    0.13192617E+0002      1728
  2350   -0.74488365E+0001   -0.74494875E+0001    0.13592515E+0002      1728
  2400   -0.74494620E+0001   -0.74496650E+0001    0.13419323E+0002      1728
  2450   -0.74497708E+0001   -0.74498305E+0001    0.12888735E+0002      1728
  2500   -0.74504224E+0001   -0.74507559E+0001    0.13476678E+0002      1728
  2550   -0.74513446E+0001   -0.74514647E+0001    0.12777777E+0002      1728
  2600   -0.74509596E+0001   -0.74510936E+0001    0.13065980E+0002      1728
  2650   -0.74506202E+0001   -0.74501150E+0001    0.12436843E+0002      1728
  2700   -0.74502269E+0001   -0.74505080E+0001    0.13491758E+0002      1728
  2750   -0.74506709E+0001   -0.74513052E+0001    0.12870315E+0002      1728
  2800   -0.74505021E+0001   -0.74502120E+0001    0.12603369E+0002      1728
  2850   -0.74500455E+0001   -0.74500855E+0001    0.13562321E+0002      1728
  2900   -0.74503144E+0001   -0.74501720E+0001    0.13063423E+0002      1728
  2950   -0.74486723E+0001   -0.74502865E+0001    0.13604148E+0002      1728
  3000   -0.74477965E+0001   -0.74479712E+0001    0.13137669E+0002      1728
  3050   -0.74483433E+0001   -0.74485204E+0001    0.12671118E+0002      1728
  3100   -0.74482537E+0001   -0.74489393E+0001    0.12888160E+0002      1728
  3150   -0.74478919E+0001   -0.74485557E+0001    0.13178164E+0002      1728
  3200   -0.74472543E+0001   -0.74482765E+0001    0.12930615E+0002      1728
  3250   -0.74469949E+0001   -0.74473905E+0001    0.12825584E+0002      1728
  3300   -0.74460458E+0001   -0.74461375E+0001    0.13188269E+0002      1728
  3350   -0.74461615E+0001   -0.74463333E+0001    0.12722673E+0002      1728
  3400   -0.74457819E+0001   -0.74462488E+0001    0.13611412E+0002      1728
  3450   -0.74465778E+0001   -0.74468584E+0001    0.13081298E+0002      1728
  3500   -0.74468612E+0001   -0.74469122E+0001    0.13471567E+0002      1728
  3550   -0.74469061E+0001   -0.74472252E+0001    0.12755807E+0002      1728
  3600   -0.74465595E+0001   -0.74467961E+0001    0.12825275E+0002      1728
  3650   -0.74470649E+0001   -0.74471597E+0001    0.12606917E+0002      1728
  3700   -0.74474004E+0001   -0.74476571E+0001    0.12351732E+0002      1728
  3750   -0.74465440E+0001   -0.74471346E+0001    0.12735355E+0002      1728
  3800   -0.74467486E+0001   -0.74465958E+0001    0.12876412E+0002      1728
  3850   -0.74472789E+0001   -0.74467924E+0001    0.12444667E+0002      1728
  3900   -0.74466021E+0001   -0.74466388E+0001    0.13010505E+0002      1728
  3950   -0.74468672E+0001   -0.74462235E+0001    0.12523935E+0002      1728
  4000   -0.74460405E+0001   -0.74461362E+0001    0.13327070E+0002      1728
  4050   -0.74464865E+0001   -0.74470268E+0001    0.13338400E+0002      1728
  4100   -0.74464423E+0001   -0.74463634E+0001    0.13069862E+0002      1728
  4150   -0.74466342E+0001   -0.74468271E+0001    0.12639173E+0002      1728
  4200   -0.74456315E+0001   -0.74457222E+0001    0.13167875E+0002      1728
  4250   -0.74463007E+0001   -0.74466344E+0001    0.13032494E+0002      1728
  4300   -0.74465357E+0001   -0.74469604E+0001    0.12668703E+0002      1728
  4350   -0.74461327E+0001   -0.74467723E+0001    0.12586996E+0002      1728
  4400   -0.74464561E+0001   -0.74456348E+0001    0.11992580E+0002      1728
  4450   -0.74451037E+0001   -0.74448753E+0001    0.12818244E+0002      1728
  4500   -0.74442580E+0001   -0.74448013E+0001    0.13161020E+0002      1728
  4550   -0.74447958E+0001   -0.74444513E+0001    0.12523032E+0002      1728
  4600   -0.74430182E+0001   -0.74432163E+0001    0.13377236E+0002      1728
  4650   -0.74430777E+0001   -0.74431122E+0001    0.13268601E+0002      1728
  4700   -0.74435750E+0001   -0.74442105E+0001    0.12502964E+0002      1728
  4750   -0.74436429E+0001   -0.74437634E+0001    0.12566335E+0002      1728
  4800   -0.74432860E+0001   -0.74435838E+0001    0.13213527E+0002      1728
  4850   -0.74437773E+0001   -0.74433244E+0001    0.12645695E+0002      1728
  4900   -0.74436718E+0001   -0.74438127E+0001    0.12775090E+0002      1728
  4950   -0.74436592E+0001   -0.74433154E+0001    0.12977999E+0002      1728
  5000   -0.74439770E+0001   -0.74438215E+0001    0.12497066E+0002      1728
  5050   -0.74428658E+0001   -0.74425819E+0001    0.13315293E+0002      1728
  5100   -0.74429381E+0001   -0.74428801E+0001    0.13236625E+0002      1728
  5150   -0.74425731E+0001   -0.74425625E+0001    0.13428412E+0002      1728
  5200   -0.74430611E+0001   -0.74431276E+0001    0.13187241E+0002      1728
  5250   -0.74432663E+0001   -0.74434471E+0001    0.13061832E+0002      1728
  5300   -0.74429569E+0001   -0.74433783E+0001    0.12700922E+0002      1728
  5350   -0.74435058E+0001   -0.74437183E+0001    0.12985742E+0002      1728
  5400   -0.74439041E+0001   -0.74442796E+0001    0.12348081E+0002      1728
  5450   -0.74423435E+0001   -0.74438804E+0001    0.13367405E+0002      1728
  5500   -0.74427784E+0001   -0.74429303E+0001    0.12695442E+0002      1728
  5550   -0.74426539E+0001   -0.74427653E+0001    0.12641841E+0002      1728
  5600   -0.74414340E+0001   -0.74419447E+0001    0.12813651E+0002      1728
  5650   -0.74421231E+0001   -0.74424263E+0001    0.13303395E+0002      1728
  5700   -0.74420246E+0001   -0.74419980E+0001    0.13277710E+0002      1728
  5750   -0.74417254E+0001   -0.74420946E+0001    0.13131650E+0002      1728
  5800   -0.74418300E+0001   -0.74417983E+0001    0.12583483E+0002      1728
  5850   -0.74419674E+0001   -0.74419920E+0001    0.12588421E+0002      1728
  5900   -0.74424426E+0001   -0.74429757E+0001    0.13517089E+0002      1728
  5950   -0.74430781E+0001   -0.74431487E+0001    0.13380132E+0002      1728
  6000   -0.74434614E+0001   -0.74440482E+0001    0.13085369E+0002      1728
  6050   -0.74435440E+0001   -0.74443304E+0001    0.12911478E+0002      1728
  6100   -0.74433853E+0001   -0.74442780E+0001    0.12410437E+0002      1728
  6150   -0.74428188E+0001   -0.74432899E+0001    0.12975289E+0002      1728
  6200   -0.74425984E+0001   -0.74434286E+0001    0.12768339E+0002      1728
  6250   -0.74422665E+0001   -0.74421773E+0001    0.12641746E+0002      1728
  6300   -0.74417843E+0001   -0.74414868E+0001    0.12805422E+0002      1728
  6350   -0.74417191E+0001   -0.74416049E+0001    0.13045769E+0002      1728
  6400   -0.74413215E+0001   -0.74412108E+0001    0.13139762E+0002      1728
  6450   -0.74413484E+0001   -0.74421676E+0001    0.12810577E+0002      1728
  6500   -0.74406881E+0001   -0.74405708E+0001    0.13068242E+0002      1728
  6550   -0.74406986E+0001   -0.74407880E+0001    0.12490933E+0002      1728
  6600   -0.74392422E+0001   -0.74394011E+0001    0.12961396E+0002      1728
  6650   -0.74392921E+0001   -0.74400561E+0001    0.12872202E+0002      1728
  6700   -0.74383896E+0001   -0.74391642E+0001    0.13334083E+0002      1728
  6750   -0.74388645E+0001   -0.74388880E+0001    0.12683426E+0002      1728
  6800   -0.74389279E+0001   -0.74380835E+0001    0.12566724E+0002      1728
  6850   -0.74380829E+0001   -0.74377393E+0001    0.12728870E+0002      1728
  6900   -0.74380552E+0001   -0.74383214E+0001    0.13302771E+0002      1728
  6950   -0.74388890E+0001   -0.74386762E+0001    0.12658281E+0002      1728
  7000   -0.74387922E+0001   -0.74391027E+0001    0.12458693E+0002      1728
  7050   -0.74378814E+0001   -0.74376730E+0001    0.12860269E+0002      1728
  7100   -0.74356877E+0001   -0.74375407E+0001    0.13156282E+0002      1728
  7150   -0.74348253E+0001   -0.74369967E+0001    0.12726101E+0002      1728
  7200   -0.74345897E+0001   -0.74358271E+0001    0.12538557E+0002      1728
  7250   -0.74335657E+0001   -0.74357396E+0001    0.13228521E+0002      1728
  7300   -0.74333745E+0001   -0.74351736E+0001    0.12557331E+0002      1728
  7350   -0.74335096E+0001   -0.74364654E+0001    0.12641549E+0002      1728
  7400   -0.74334134E+0001   -0.74356823E+0001    0.12371255E+0002      1728
  7450   -0.74350560E+0001   -0.74365027E+0001    0.12463330E+0002      1728
  7500   -0.74337143E+0001   -0.74347170E+0001    0.13185753E+0002      1728
  7550   -0.74331839E+0001   -0.74337597E+0001    0.13117931E+0002      1728
  7600   -0.74329619E+0001   -0.74340532E+0001    0.13098893E+0002      1728
  7650   -0.74335259E+0001   -0.74337873E+0001    0.13115215E+0002      1728
  7700   -0.74331734E+0001   -0.74335439E+0001    0.13576285E+0002      1728
  7750   -0.74333368E+0001   -0.74328707E+0001    0.12887524E+0002      1728
  7800   -0.74315979E+0001   -0.74328878E+0001    0.13281050E+0002      1728
  7850   -0.74301911E+0001   -0.74332857E+0001    0.13336159E+0002      1728
  7900   -0.74302129E+0001   -0.74325751E+0001    0.13109934E+0002      1728
  7950   -0.74299722E+0001   -0.74321024E+0001    0.12771938E+0002      1728
  8000   -0.74287434E+0001   -0.74322053E+0001    0.12603742E+0002      1728
  8050   -0.74301685E+0001   -0.74314973E+0001    0.12083534E+0002      1728
  8100   -0.74284826E+0001   -0.74300589E+0001    0.12851338E+0002      1728
  8150   -0.74274211E+0001   -0.74295280E+0001    0.12259693E+0002      1728
  8200   -0.74241521E+0001   -0.74287116E+0001    0.12597974E+0002      1728
  8250   -0.74268795E+0001   -0.74296476E+0001    0.12290776E+0002      1728
  8300   -0.74292162E+0001   -0.74300804E+0001    0.12676155E+0002      1728
  8350   -0.74257469E+0001   -0.74293429E+0001    0.12899241E+0002      1728
  8400   -0.74227440E+0001   -0.74285696E+0001    0.13498935E+0002      1728
  8450   -0.74225655E+0001   -0.74274209E+0001    0.12935140E+0002      1728
  8500   -0.74232209E+0001   -0.74258570E+0001    0.12766662E+0002      1728
  8550   -0.74228392E+0001   -0.74251553E+0001    0.13368362E+0002      1728
  8600   -0.74214057E+0001   -0.74249386E+0001    0.12752308E+0002      1728
  8650   -0.74193385E+0001   -0.74242206E+0001    0.13078208E+0002      1728
  8700   -0.74190163E+0001   -0.74215208E+0001    0.12759846E+0002      1728
  8750   -0.74158419E+0001   -0.74206463E+0001    0.12768154E+0002      1728
  8800   -0.74162591E+0001   -0.74215084E+0001    0.12243046E+0002      1728
  8850   -0.74165028E+0001   -0.74184919E+0001    0.12640421E+0002      1728
  8900   -0.74169726E+0001   -0.74188813E+0001    0.12317201E+0002      1728
  8950   -0.74161295E+0001   -0.74176355E+0001    0.12998802E+0002      1728
  9000   -0.74148983E+0001   -0.74181753E+0001    0.12679138E+0002      1728
  9050   -0.74151726E+0001   -0.74186495E+0001    0.12313509E+0002      1728
  9100   -0.74162615E+0001   -0.74190443E+0001    0.12825830E+0002      1728
  9150   -0.74175409E+0001   -0.74203512E+0001    0.12177042E+0002      1728
  9200   -0.74172676E+0001   -0.74195809E+0001    0.12775921E+0002      1728
  9250   -0.74168603E+0001   -0.74186320E+0001    0.12675678E+0002      1728
  9300   -0.74169586E+0001   -0.74193751E+0001    0.12812022E+0002      1728
  9350   -0.74150903E+0001   -0.74177998E+0001    0.12922761E+0002      1728
  9400   -0.74135266E+0001   -0.74160548E+0001    0.12691062E+0002      1728
  9450   -0.74150749E+0001   -0.74168067E+0001    0.12284333E+0002      1728
  9500   -0.74165962E+0001   -0.74189465E+0001    0.12846559E+0002      1728
  9550   -0.74149313E+0001   -0.74180354E+0001    0.12476741E+0002      1728
  9600   -0.74160231E+0001   -0.74193034E+0001    0.12500340E+0002      1728
  9650   -0.74178760E+0001   -0.74197588E+0001    0.12837322E+0002      1728
  9700   -0.74181656E+0001   -0.74207589E+0001    0.12296969E+0002      1728
  9750   -0.74199058E+0001   -0.74229056E+0001    0.12641883E+0002      1728
  9800   -0.74195354E+0001   -0.74231446E+0001    0.12787360E+0002      1728
  9850   -0.74184638E+0001   -0.74219403E+0001    0.11927256E+0002      1728
  9900   -0.74179892E+0001   -0.74222073E+0001    0.12481359E+0002      1728
  9950   -0.74178461E+0001   -0.74220943E+0001    0.12457138E+0002      1728
 10000   -0.74172384E+0001   -0.74211575E+0001    0.12802126E+0002      1728
 10050   -0.74185651E+0001   -0.74228766E+0001    0.12568964E+0002      1728
 10100   -0.74219103E+0001   -0.74244666E+0001    0.13348243E+0002      1728
 10150   -0.74221068E+0001   -0.74245581E+0001    0.12746514E+0002      1728
 10200   -0.74220499E+0001   -0.74229014E+0001    0.12379975E+0002      1728
 10250   -0.74213008E+0001   -0.74237503E+0001    0.12092473E+0002      1728
 10300   -0.74218374E+0001   -0.74236232E+0001    0.12959388E+0002      1728
 10350   -0.74216640E+0001   -0.74243327E+0001    0.12513769E+0002      1728
 10400   -0.74210879E+0001   -0.74235040E+0001    0.12674785E+0002      1728
 10450   -0.74206593E+0001   -0.74227781E+0001    0.12784468E+0002      1728
 10500   -0.74212898E+0001   -0.74237064E+0001    0.12695491E+0002      1728
 10550   -0.74218818E+0001   -0.74246728E+0001    0.12128124E+0002      1728
 10600   -0.74220877E+0001   -0.74242438E+0001    0.12354816E+0002      1728
 10650   -0.74222763E+0001   -0.74237035E+0001    0.12074381E+0002      1728
 10700   -0.74222009E+0001   -0.74221890E+0001    0.12084560E+0002      1728
 10750   -0.74183327E+0001   -0.74238222E+0001    0.12668070E+0002      1728
 10800   -0.74198862E+0001   -0.74253279E+0001    0.12484991E+0002      1728
 10850   -0.74191390E+0001   -0.74236721E+0001    0.12438185E+0002      1728
 10900   -0.74195929E+0001   -0.74238905E+0001    0.12025063E+0002      1728
 10950   -0.74236465E+0001   -0.74253807E+0001    0.12398763E+0002      1728
 11000   -0.74215142E+0001   -0.74252561E+0001    0.12453047E+0002      1728
 11050   -0.74240462E+0001   -0.74251935E+0001    0.12003008E+0002      1728
 11100   -0.74231756E+0001   -0.74255104E+0001    0.11602746E+0002      1728
 11150   -0.74171934E+0001   -0.74232116E+0001    0.11767184E+0002      1728
 11200   -0.74135650E+0001   -0.74219016E+0001    0.12354086E+0002      1728
 11250   -0.74097799E+0001   -0.74154124E+0001    0.12393184E+0002      1728
 11300   -0.74106984E+0001   -0.74165717E+0001    0.12304644E+0002      1728
 11350   -0.74110363E+0001   -0.74163279E+0001    0.11814715E+0002      1728
 11400   -0.74142752E+0001   -0.74173263E+0001    0.12970916E+0002      1728
 11450   -0.74139994E+0001   -0.74175652E+0001    0.12640873E+0002      1728
 11500   -0.74143475E+0001   -0.74162320E+0001    0.11876786E+0002      1728
 11550   -0.74143684E+0001   -0.74163821E+0001    0.11903774E+0002      1728
 11600   -0.74146739E+0001   -0.74166279E+0001    0.13056660E+0002      1728
 11650   -0.74150985E+0001   -0.74170058E+0001    0.12271668E+0002      1728
 11700   -0.74133606E+0001   -0.74155887E+0001    0.12497230E+0002      1728
 11750   -0.74121473E+0001   -0.74146469E+0001    0.11898252E+0002      1728
 11800   -0.74093980E+0001   -0.74120534E+0001    0.12490434E+0002      1728
 11850   -0.74098901E+0001   -0.74116216E+0001    0.11876711E+0002      1728
 11900   -0.74071468E+0001   -0.74123735E+0001    0.12077399E+0002      1728
 11950   -0.74087335E+0001   -0.74113778E+0001    0.11510788E+0002      1728
 12000   -0.74085191E+0001   -0.74121497E+0001    0.11311373E+0002      1728
 12050   -0.74127161E+0001   -0.74126078E+0001    0.11604973E+0002      1728
 12100   -0.74107555E+0001   -0.74145566E+0001    0.12182671E+0002      1728
 12150   -0.74093595E+0001   -0.74145929E+0001    0.12104580E+0002      1728
 12200   -0.74092809E+0001   -0.74117939E+0001    0.12025851E+0002      1728
 12250   -0.74054548E+0001   -0.74119347E+0001    0.12343375E+0002      1728
 12300   -0.74035936E+0001   -0.74094832E+0001    0.12013174E+0002      1728
 12350   -0.74030722E+0001   -0.74068206E+0001    0.12165399E+0002      1728
 12400   -0.74029486E+0001   -0.74052983E+0001    0.11477193E+0002      1728
 12450   -0.74025469E+0001   -0.74043865E+0001    0.12188948E+0002      1728
 12500   -0.74020494E+0001   -0.74038861E+0001    0.12184422E+0002      1728
 12550   -0.74022066E+0001   -0.74067073E+0001    0.12022301E+0002      1728
 12600   -0.74065272E+0001   -0.74068946E+0001    0.11817184E+0002      1728
 12650   -0.74046599E+0001   -0.74077626E+0001    0.12434468E+0002      1728
 12700   -0.74045054E+0001   -0.74058851E+0001    0.12022258E+0002      1728
 12750   -0.74041706E+0001   -0.74061238E+0001    0.12117789E+0002      1728
 12800   -0.74055950E+0001   -0.74069963E+0001    0.12647894E+0002      1728
 12850   -0.74059802E+0001   -0.74069200E+0001    0.11862771E+0002      1728
 12900   -0.74050463E+0001   -0.74049927E+0001    0.12057231E+0002      1728
 12950   -0.74033493E+0001   -0.74044936E+0001    0.11745955E+0002      1728
 13000   -0.74024665E+0001   -0.74044226E+0001    0.11736146E+0002      1728
 13050   -0.74007234E+0001   -0.74030326E+0001    0.11761134E+0002      1728
 13100   -0.73995917E+0001   -0.74026743E+0001    0.11573470E+0002      1728
 13150   -0.74023623E+0001   -0.74019990E+0001    0.11987442E+0002      1728
 13200   -0.74007987E+0001   -0.74024866E+0001    0.12107325E+0002      1728
 13250   -0.73996062E+0001   -0.74004666E+0001    0.12572069E+0002      1728
 13300   -0.73997171E+0001   -0.74000430E+0001    0.12163251E+0002      1728
 13350   -0.73981921E+0001   -0.73992121E+0001    0.11845195E+0002      1728
 13400   -0.73999742E+0001   -0.73996853E+0001    0.11534683E+0002      1728
 13450   -0.73986356E+0001   -0.73992622E+0001    0.12114402E+0002      1728
 13500   -0.73960465E+0001   -0.73994026E+0001    0.11823539E+0002      1728
 13550   -0.73936154E+0001   -0.73981156E+0001    0.12227403E+0002      1728
 13600   -0.73945952E+0001   -0.73961926E+0001    0.12236752E+0002      1728
 13650   -0.73948692E+0001   -0.73960163E+0001    0.11941183E+0002      1728
 13700   -0.73966539E+0001   -0.73961508E+0001    0.11413210E+0002      1728
 13750   -0.73950432E+0001   -0.73961190E+0001    0.11781873E+0002      1728
 13800   -0.73948134E+0001   -0.73967936E+0001    0.12010761E+0002      1728
 13850   -0.73950318E+0001   -0.73964813E+0001    0.11978605E+0002      1728
 13900   -0.73950064E+0001   -0.73956261E+0001    0.11410365E+0002      1728
 13950   -0.73927849E+0001   -0.73940141E+0001    0.12028947E+0002      1728
 14000   -0.73920598E+0001   -0.73941995E+0001    0.11826980E+0002      1728
 14050   -0.73920343E+0001   -0.73944443E+0001    0.12413238E+0002      1728
 14100   -0.73916405E+0001   -0.73926332E+0001    0.11982038E+0002      1728
 14150   -0.73933674E+0001   -0.73940839E+0001    0.11751636E+0002      1728
 14200   -0.73916670E+0001   -0.73930179E+0001    0.11810384E+0002      1728
 14250   -0.73908605E+0001   -0.73925575E+0001    0.12130956E+0002      1728
 14300   -0.73927880E+0001   -0.73923682E+0001    0.11559208E+0002      1728
 14350   -0.73926177E+0001   -0.73936604E+0001    0.11973817E+0002      1728
 14400   -0.73910794E+0001   -0.73931273E+0001    0.12412076E+0002      1728
 14450   -0.73918773E+0001   -0.73925986E+0001    0.11830130E+0002      1728
 14500   -0.73906431E+0001   -0.73931616E+0001    0.11347817E+0002      1728
 14550   -0.73931616E+0001   -0.73931752E+0001    0.11569243E+0002      1728
 14600   -0.73931484E+0001   -0.73932399E+0001    0.11229192E+0002      1728
 14650   -0.73922198E+0001   -0.73925439E+0001    0.11719843E+0002      1728
 14700   -0.73905281E+0001   -0.73915541E+0001    0.11976497E+0002      1728
 14750   -0.73893408E+0001   -0.73911716E+0001    0.11415129E+0002      1728
 14800   -0.73893688E+0001   -0.73916620E+0001    0.12158204E+0002      1728
 14850   -0.73895645E+0001   -0.73918357E+0001    0.11561107E+0002      1728
 14900   -0.73873272E+0001   -0.73904927E+0001    0.11692957E+0002      1728
 14950   -0.73878249E+0001   -0.73898273E+0001    0.11647099E+0002      1728
 15000   -0.73873666E+0001   -0.73886304E+0001    0.11794275E+0002      1728
 15050   -0.73878730E+0001   -0.73882928E+0001    0.11175907E+0002      1728
 15100   -0.73872212E+0001   -0.73876629E+0001    0.11795813E+0002      1728
 15150   -0.73870373E+0001   -0.73876729E+0001    0.11598553E+0002      1728
 15200   -0.73855643E+0001   -0.73867604E+0001    0.11191707E+0002      1728
 15250   -0.73851258E+0001   -0.73857993E+0001    0.10970952E+0002      1728
 15300   -0.73846012E+0001   -0.73855591E+0001    0.11276102E+0002      1728
 15350   -0.73842865E+0001   -0.73855937E+0001    0.11433717E+0002      1728
 15400   -0.73833553E+0001   -0.73847428E+0001    0.11862036E+0002      1728
 15450   -0.73832818E+0001   -0.73853352E+0001    0.11613826E+0002      1728
 15500   -0.73834263E+0001   -0.73841100E+0001    0.11803839E+0002      1728
 15550   -0.73834242E+0001   -0.73866188E+0001    0.11457131E+0002      1728
 15600   -0.73828506E+0001   -0.73857721E+0001    0.11521272E+0002      1728
 15650   -0.73816635E+0001   -0.73829832E+0001    0.12060824E+0002      1728
 15700   -0.73810376E+0001   -0.73835008E+0001    0.12049805E+0002      1728
 15750   -0.73811178E+0001   -0.73828647E+0001    0.12064872E+0002      1728
 15800   -0.73817854E+0001   -0.73838611E+0001    0.11944434E+0002      1728
 15850   -0.73819070E+0001   -0.73840678E+0001    0.11525578E+0002      1728
 15900   -0.73816699E+0001   -0.73819541E+0001    0.11858137E+0002      1728
 15950   -0.73811446E+0001   -0.73827872E+0001    0.12157218E+0002      1728
 16000   -0.73808948E+0001   -0.73816494E+0001    0.11509318E+0002      1728
 16050   -0.73809557E+0001   -0.73818753E+0001    0.11398992E+0002      1728
 16100   -0.73808471E+0001   -0.73803076E+0001    0.11400549E+0002      1728
 16150   -0.73809924E+0001   -0.73815814E+0001    0.11776292E+0002      1728
 16200   -0.73812782E+0001   -0.73814575E+0001    0.11751560E+0002      1728
 16250   -0.73810550E+0001   -0.73812290E+0001    0.11762911E+0002      1728
 16300   -0.73802717E+0001   -0.73805149E+0001    0.11839215E+0002      1728
 16350   -0.73802592E+0001   -0.73815669E+0001    0.11328791E+0002      1728
 16400   -0.73798306E+0001   -0.73833016E+0001    0.10910793E+0002      1728
 16450   -0.73795996E+0001   -0.73803013E+0001    0.11953163E+0002      1728
 16500   -0.73795593E+0001   -0.73807744E+0001    0.11034665E+0002      1728
 16550   -0.73790979E+0001   -0.73806327E+0001    0.10628662E+0002      1728
 16600   -0.73786458E+0001   -0.73803157E+0001    0.10699993E+0002      1728
 16650   -0.73781826E+0001   -0.73795310E+0001    0.11103806E+0002      1728
 16700   -0.73776972E+0001   -0.73793370E+0001    0.11421490E+0002      1728
 16750   -0.73776372E+0001   -0.73795840E+0001    0.11137194E+0002      1728
 16800   -0.73772032E+0001   -0.73792899E+0001    0.11567910E+0002      1728
 16850   -0.73768579E+0001   -0.73777517E+0001    0.11752163E+0002      1728
 16900   -0.73766478E+0001   -0.73779102E+0001    0.11870247E+0002      1728
 16950   -0.73768597E+0001   -0.73778378E+0001    0.11747046E+0002      1728
 17000   -0.73772742E+0001   -0.73780782E+0001    0.11009991E+0002      1728
 17050   -0.73769890E+0001   -0.73780686E+0001    0.11174556E+0002      1728
 17100   -0.73770414E+0001   -0.73775826E+0001    0.11081292E+0002      1728
 17150   -0.73775725E+0001   -0.73780775E+0001    0.11583703E+0002      1728
 17200   -0.73761909E+0001   -0.73788210E+0001    0.11787403E+0002      1728
 17250   -0.73763220E+0001   -0.73774387E+0001    0.11447848E+0002      1728
 17300   -0.73761478E+0001   -0.73758619E+0001    0.11477497E+0002      1728
 17350   -0.73760676E+0001   -0.73763763E+0001    0.12001077E+0002      1728
 17400   -0.73763879E+0001   -0.73770610E+0001    0.11421954E+0002      1728
 17450   -0.73764749E+0001   -0.73752580E+0001    0.11321710E+0002      1728
 17500   -0.73763720E+0001   -0.73776828E+0001    0.11252951E+0002      1728
 17550   -0.73761761E+0001   -0.73783125E+0001    0.11675324E+0002      1728
 17600   -0.73752953E+0001   -0.73794628E+0001    0.12446984E+0002      1728
 17650   -0.73750591E+0001   -0.73788302E+0001    0.12443832E+0002      1728
 17700   -0.73750969E+0001   -0.73779450E+0001    0.12178467E+0002      1728
 17750   -0.73743945E+0001   -0.73765893E+0001    0.12205753E+0002      1728
 17800   -0.73743972E+0001   -0.73761625E+0001    0.11551373E+0002      1728
 17850   -0.73743286E+0001   -0.73769090E+0001    0.11332353E+0002      1728
 17900   -0.73735085E+0001   -0.73768317E+0001    0.11730117E+0002      1728
 17950   -0.73742541E+0001   -0.73759948E+0001    0.11243997E+0002      1728
 18000   -0.73737290E+0001   -0.73762344E+0001    0.12709731E+0002      1728
 18050   -0.73749911E+0001   -0.73760737E+0001    0.12064011E+0002      1728
 18100   -0.73751736E+0001   -0.73769497E+0001    0.11643537E+0002      1728
 18150   -0.73759360E+0001   -0.73762546E+0001    0.12224263E+0002      1728
 18200   -0.73756965E+0001   -0.73754501E+0001    0.12032557E+0002      1728
 18250   -0.73740787E+0001   -0.73750588E+0001    0.12880501E+0002      1728
 18300   -0.73746597E+0001   -0.73761411E+0001    0.12140209E+0002      1728
 18350   -0.73744123E+0001   -0.73737167E+0001    0.12452466E+0002      1728
 18400   -0.73748919E+0001   -0.73761324E+0001    0.12261577E+0002      1728
 18450   -0.73752165E+0001   -0.73785063E+0001    0.12064608E+0002      1728
 18500   -0.73760759E+0001   -0.73783672E+0001    0.11462061E+0002      1728
 18550   -0.73767636E+0001   -0.73786555E+0001    0.11600533E+0002      1728
 18600   -0.73767396E+0001   -0.73793112E+0001    0.11271271E+0002      1728
 18650   -0.73766802E+0001   -0.73781674E+0001    0.11073535E+0002      1728
 18700   -0.73751007E+0001   -0.73787462E+0001    0.12038930E+0002      1728
 18750   -0.73769787E+0001   -0.73807175E+0001    0.11188750E+0002      1728
 18800   -0.73768423E+0001   -0.73794322E+0001    0.10919719E+0002      1728
 18850   -0.73764288E+0001   -0.73792746E+0001    0.11021168E+0002      1728
 18900   -0.73762756E+0001   -0.73788678E+0001    0.11634601E+0002      1728
 18950   -0.73764701E+0001   -0.73785757E+0001    0.11933590E+0002      1728
 19000   -0.73737585E+0001   -0.73776449E+0001    0.11421726E+0002      1728
 19050   -0.73737060E+0001   -0.73776983E+0001    0.11124694E+0002      1728
 19100   -0.73753161E+0001   -0.73780413E+0001    0.11348352E+0002      1728
 19150   -0.73755584E+0001   -0.73790438E+0001    0.11929692E+0002      1728
 19200   -0.73757291E+0001   -0.73790407E+0001    0.11782947E+0002      1728
 19250   -0.73755758E+0001   -0.73782400E+0001    0.11757800E+0002      1728
 19300   -0.73756691E+0001   -0.73772453E+0001    0.11458939E+0002      1728
 19350   -0.73750152E+0001   -0.73778910E+0001    0.11994902E+0002      1728
 19400   -0.73751418E+0001   -0.73784828E+0001    0.11485737E+0002      1728
 19450   -0.73765642E+0001   -0.73787918E+0001    0.10913792E+0002      1728
 19500   -0.73769417E+0001   -0.73788872E+0001    0.11607859E+0002      1728
 19550   -0.73755144E+0001   -0.73791699E+0001    0.11301156E+0002      1728
 19600   -0.73750837E+0001   -0.73783390E+0001    0.11184337E+0002      1728
 19650   -0.73724326E+0001   -0.73763486E+0001    0.11020788E+0002      1728
 19700   -0.73734133E+0001   -0.73762484E+0001    0.11291904E+0002      1728
 19750   -0.73718088E+0001   -0.73756998E+0001    0.10768713E+0002      1728
 19800   -0.73716787E+0001   -0.73772994E+0001    0.11438514E+0002      1728
 19850   -0.73722406E+0001   -0.73775074E+0001    0.11116248E+0002      1728
 19900   -0.73736927E+0001   -0.73765287E+0001    0.10612103E+0002      1728
 19950   -0.73749077E+0001   -0.73785894E+0001    0.10758627E+0002      1728
 20000   -0.73757882E+0001   -0.73803089E+0001    0.11533678E+0002      1728
 20050   -0.73739965E+0001   -0.73784374E+0001    0.11145913E+0002      1728
 20100   -0.73728549E+0001   -0.73794309E+0001    0.10741872E+0002      1728
 20150   -0.73719070E+0001   -0.73769101E+0001    0.10973243E+0002      1728
 20200   -0.73713958E+0001   -0.73760859E+0001    0.11051494E+0002      1728
 20250   -0.73732781E+0001   -0.73776181E+0001    0.11106687E+0002      1728
 20300   -0.73748948E+0001   -0.73759047E+0001    0.10287314E+0002      1728
 20350   -0.73750964E+0001   -0.73774779E+0001    0.11137621E+0002      1728
 20400   -0.73726403E+0001   -0.73786642E+0001    0.10687513E+0002      1728
 20450   -0.73720674E+0001   -0.73771490E+0001    0.10885412E+0002      1728
 20500   -0.73767760E+0001   -0.73785108E+0001    0.10450788E+0002      1728
 20550   -0.73726134E+0001   -0.73758290E+0001    0.10725938E+0002      1728
 20600   -0.73724031E+0001   -0.73748705E+0001    0.10749798E+0002      1728
 20650   -0.73738606E+0001   -0.73769592E+0001    0.10198818E+0002      1728
 20700   -0.73736567E+0001   -0.73767905E+0001    0.10425420E+0002      1728
 20750   -0.73716146E+0001   -0.73755983E+0001    0.10464996E+0002      1728
 20800   -0.73713894E+0001   -0.73755751E+0001    0.10768024E+0002      1728
 20850   -0.73701965E+0001   -0.73759386E+0001    0.10318221E+0002      1728
 20900   -0.73684013E+0001   -0.73726184E+0001    0.10533160E+0002      1728
 20950   -0.73691003E+0001   -0.73731703E+0001    0.10814157E+0002      1728
 21000   -0.73706716E+0001   -0.73729244E+0001    0.10566732E+0002      1728
 21050   -0.73695834E+0001   -0.73746948E+0001    0.10510230E+0002      1728
 21100   -0.73700559E+0001   -0.73741015E+0001    0.10076352E+0002      1728
 21150   -0.73704505E+0001   -0.73745051E+0001    0.10874919E+0002      1728
 21200   -0.73699159E+0001   -0.73741193E+0001    0.10681298E+0002      1728
 21250   -0.73707976E+0001   -0.73742540E+0001    0.10547654E+0002      1728
 21300   -0.73705509E+0001   -0.73763234E+0001    0.10494230E+0002      1728
 21350   -0.73717314E+0001   -0.73757001E+0001    0.10708298E+0002      1728
 21400   -0.73696400E+0001   -0.73737970E+0001    0.10521280E+0002      1728
 21450   -0.73706338E+0001   -0.73720710E+0001    0.10670830E+0002      1728
 21500   -0.73708793E+0001   -0.73726039E+0001    0.11255029E+0002      1728
 21550   -0.73708097E+0001   -0.73736648E+0001    0.11232019E+0002      1728
 21600   -0.73712610E+0001   -0.73741479E+0001    0.10884768E+0002      1728
 21650   -0.73706900E+0001   -0.73727448E+0001    0.11286637E+0002      1728
 21700   -0.73707490E+0001   -0.73731624E+0001    0.10843396E+0002      1728
 21750   -0.73720215E+0001   -0.73726749E+0001    0.10931366E+0002      1728
 21800   -0.73710352E+0001   -0.73730597E+0001    0.10390248E+0002      1728
 21850   -0.73685445E+0001   -0.73738336E+0001    0.11124415E+0002      1728
 21900   -0.73683997E+0001   -0.73730541E+0001    0.10893338E+0002      1728
 21950   -0.73684372E+0001   -0.73733991E+0001    0.10867415E+0002      1728
 22000   -0.73676551E+0001   -0.73747009E+0001    0.43506536E+0004      1728
 22050   -0.73718694E+0001   -0.73764222E+0001    0.10425564E+0002      1728
 22100   -0.73714593E+0001   -0.73742720E+0001    0.10745071E+0002      1728
 22150   -0.73688133E+0001   -0.73745897E+0001    0.10570068E+0002      1728
 22200   -0.73692526E+0001   -0.73745516E+0001    0.10270229E+0002      1728
 22250   -0.73702026E+0001   -0.73764396E+0001    0.99179115E+0001      1728
 22300   -0.73698863E+0001   -0.73748063E+0001    0.11115299E+0002      1728
 22350   -0.73710651E+0001   -0.73738423E+0001    0.10900759E+0002      1728
 22400   -0.73713111E+0001   -0.73749002E+0001    0.10132690E+0002      1728
 22450   -0.73728958E+0001   -0.73754664E+0001    0.10730209E+0002      1728
 22500   -0.73725919E+0001   -0.73763713E+0001    0.10595613E+0002      1728
 22550   -0.73718631E+0001   -0.73750649E+0001    0.10056613E+0002      1728
 22600   -0.73711301E+0001   -0.73740659E+0001    0.10390388E+0002      1728
 22650   -0.73723946E+0001   -0.73736134E+0001    0.10452404E+0002      1728
 22700   -0.73712608E+0001   -0.73732342E+0001    0.10241038E+0002      1728
 22750   -0.73684464E+0001   -0.73722985E+0001    0.10627493E+0002      1728
 22800   -0.73684996E+0001   -0.73733757E+0001    0.10359439E+0002      1728
 22850   -0.73673620E+0001   -0.73709186E+0001    0.99668884E+0001      1728
 22900   -0.73670315E+0001   -0.73707128E+0001    0.98832347E+0001      1728
 22950   -0.73668688E+0001   -0.73707514E+0001    0.10341401E+0002      1728
 23000   -0.73687476E+0001   -0.73707796E+0001    0.10329156E+0002      1728
 23050   -0.73670494E+0001   -0.73704537E+0001    0.10704814E+0002      1728
 23100   -0.73686212E+0001   -0.73694626E+0001    0.10129739E+0002      1728
 23150   -0.73683804E+0001   -0.73712312E+0001    0.10453023E+0002      1728
 23200   -0.73642585E+0001   -0.73680822E+0001    0.10018737E+0002      1728
 23250   -0.73652216E+0001   -0.73687583E+0001    0.97081876E+0001      1728
 23300   -0.73610391E+0001   -0.73656136E+0001    0.95869980E+0001      1728
 23350   -0.73595467E+0001   -0.73673046E+0001    0.97152307E+0001      1728
 23400   -0.73595217E+0001   -0.73646991E+0001    0.10392906E+0002      1728
 23450   -0.73585979E+0001   -0.73676212E+0001    0.10109432E+0002      1728
 23500   -0.73601423E+0001   -0.73654992E+0001    0.99674023E+0001      1728
 23550   -0.73620421E+0001   -0.73655552E+0001    0.92945781E+0001      1728
 23600   -0.73622501E+0001   -0.73665230E+0001    0.96324214E+0001      1728
 23650   -0.73616577E+0001   -0.73651453E+0001    0.96495385E+0001      1728
 23700   -0.73637969E+0001   -0.73672170E+0001    0.99425338E+0001      1728
 23750   -0.73626134E+0001   -0.73661268E+0001    0.98836524E+0001      1728
 23800   -0.73614832E+0001   -0.73666309E+0001    0.97928383E+0001      1728
 23850   -0.73614461E+0001   -0.73655856E+0001    0.10015442E+0002      1728
 23900   -0.73628421E+0001   -0.73659693E+0001    0.96506792E+0001      1728
 23950   -0.73623379E+0001   -0.73655672E+0001    0.10259026E+0002      1728
 24000   -0.73615734E+0001   -0.73670539E+0001    0.97253219E+0001      1728
 24050   -0.73600578E+0001   -0.73660290E+0001    0.99878967E+0001      1728
 24100   -0.73618958E+0001   -0.73666539E+0001    0.95352947E+0001      1728
 24150   -0.73653645E+0001   -0.73691289E+0001    0.99283383E+0001      1728
 24200   -0.73644314E+0001   -0.73697210E+0001    0.94036649E+0001      1728
 24250   -0.73670737E+0001   -0.73706327E+0001    0.10527814E+0002      1728
 24300   -0.73674932E+0001   -0.73729144E+0001    0.98577093E+0001      1728
 24350   -0.73711202E+0001   -0.73735424E+0001    0.10368467E+0002      1728
 24400   -0.73724618E+0001   -0.73740467E+0001    0.98799293E+0001      1728
 24450   -0.73680750E+0001   -0.73734335E+0001    0.10363674E+0002      1728
 24500   -0.73697170E+0001   -0.73722029E+0001    0.99270823E+0001      1728
 24550   -0.73656368E+0001   -0.73710674E+0001    0.10046529E+0002      1728
 24600   -0.73644612E+0001   -0.73719687E+0001    0.10924936E+0002      1728
 24650   -0.73666870E+0001   -0.73710772E+0001    0.10859489E+0002      1728
 24700   -0.73682539E+0001   -0.73715330E+0001    0.10457237E+0002      1728
 24750   -0.73697037E+0001   -0.73729208E+0001    0.10122432E+0002      1728
 24800   -0.73700829E+0001   -0.73731014E+0001    0.10184213E+0002      1728
 24850   -0.73691400E+0001   -0.73724147E+0001    0.10354598E+0002      1728
 24900   -0.73705480E+0001   -0.73724935E+0001    0.96098943E+0001      1728
 24950   -0.73696248E+0001   -0.73706663E+0001    0.10088774E+0002      1728
 25000   -0.73669388E+0001   -0.73726244E+0001    0.10208850E+0002      1728
 25050   -0.73650299E+0001   -0.73691229E+0001    0.10170063E+0002      1728
 25100   -0.73652099E+0001   -0.73688468E+0001    0.95159490E+0001      1728
 25150   -0.73676407E+0001   -0.73708524E+0001    0.97649901E+0001      1728
 25200   -0.73665303E+0001   -0.73716454E+0001    0.99567044E+0001      1728
 25250   -0.73650907E+0001   -0.73704024E+0001    0.98970768E+0001      1728
 25300   -0.73627267E+0001   -0.73687227E+0001    0.96987283E+0001      1728
 25350   -0.73623886E+0001   -0.73670149E+0001    0.98856079E+0001      1728
 25400   -0.73620715E+0001   -0.73667105E+0001    0.10301233E+0002      1728
 25450   -0.73615619E+0001   -0.73664122E+0001    0.10584224E+0002      1728
 25500   -0.73634459E+0001   -0.73670020E+0001    0.75360440E+0004      1728
 25550   -0.73590769E+0001   -0.73683583E+0001    0.10643027E+0002      1728
 25600   -0.73631629E+0001   -0.73676709E+0001    0.10240562E+0002      1728
 25650   -0.73646405E+0001   -0.73693149E+0001    0.10328353E+0002      1728
 25700   -0.73664606E+0001   -0.73696158E+0001    0.96898831E+0001      1728
 25750   -0.73642048E+0001   -0.73679450E+0001    0.96170421E+0001      1728
 25800   -0.73618265E+0001   -0.73680046E+0001    0.93560354E+0001      1728
 25850   -0.73627310E+0001   -0.73679961E+0001    0.95867640E+0001      1728
 25900   -0.73626319E+0001   -0.73695359E+0001    0.94077822E+0001      1728
 25950   -0.73628573E+0001   -0.73685490E+0001    0.88860238E+0001      1728
 26000   -0.73609078E+0001   -0.73683538E+0001    0.98271044E+0001      1728
 26050   -0.73622548E+0001   -0.73664661E+0001    0.91536218E+0001      1728
 26100   -0.73619025E+0001   -0.73679838E+0001    0.94853466E+0001      1728
 26150   -0.73640514E+0001   -0.73705602E+0001    0.96666242E+0001      1728
 26200   -0.73588691E+0001   -0.73682979E+0001    0.98160330E+0001      1728
 26250   -0.73598743E+0001   -0.73651928E+0001    0.10308245E+0002      1728
 26300   -0.73602296E+0001   -0.73656987E+0001    0.95855885E+0001      1728
 26350   -0.73631954E+0001   -0.73661341E+0001    0.93896276E+0001      1728
 26400   -0.73622821E+0001   -0.73650770E+0001    0.10214392E+0002      1728
 26450   -0.73608046E+0001   -0.73648565E+0001    0.10044301E+0002      1728
 26500   -0.73611351E+0001   -0.73652404E+0001    0.95843344E+0001      1728
 26550   -0.73623653E+0001   -0.73668727E+0001    0.98719017E+0001      1728
 26600   -0.73607416E+0001   -0.73636736E+0001    0.97595403E+0001      1728
 26650   -0.73594031E+0001   -0.73640592E+0001    0.96991162E+0001      1728
 26700   -0.73603888E+0001   -0.73630966E+0001    0.99048341E+0001      1728
 26750   -0.73570925E+0001   -0.73603371E+0001    0.10499725E+0002      1728
 26800   -0.73573224E+0001   -0.73618037E+0001    0.99431476E+0001      1728
 26850   -0.73582965E+0001   -0.73593187E+0001    0.10431287E+0002      1728
 26900   -0.73547611E+0001   -0.73601279E+0001    0.11321672E+0002      1728
 26950   -0.73576773E+0001   -0.73588612E+0001    0.10636816E+0002      1728
 27000   -0.73574742E+0001   -0.73605460E+0001    0.11090415E+0002      1728
 27050   -0.73592533E+0001   -0.73612492E+0001    0.10204192E+0002      1728
 27100   -0.73592795E+0001   -0.73614094E+0001    0.10339615E+0002      1728
 27150   -0.73597053E+0001   -0.73625684E+0001    0.10327262E+0002      1728
 27200   -0.73599738E+0001   -0.73627230E+0001    0.98506805E+0001      1728
 27250   -0.73611634E+0001   -0.73624135E+0001    0.96141670E+0001      1728
 27300   -0.73621533E+0001   -0.73631053E+0001    0.10572502E+0002      1728
 27350   -0.73626528E+0001   -0.73637132E+0001    0.93974652E+0001      1728
 27400   -0.73628725E+0001   -0.73654185E+0001    0.92062704E+0001      1728
 27450   -0.73623713E+0001   -0.73626007E+0001    0.97326751E+0001      1728
 27500   -0.73627614E+0001   -0.73628052E+0001    0.96544956E+0001      1728
 27550   -0.73621090E+0001   -0.73626562E+0001    0.10185563E+0002      1728
 27600   -0.73610018E+0001   -0.73625797E+0001    0.97485670E+0001      1728
 27650   -0.73625473E+0001   -0.73636460E+0001    0.10351778E+0002      1728
 27700   -0.73614749E+0001   -0.73627688E+0001    0.96045091E+0001      1728
 27750   -0.73600567E+0001   -0.73613184E+0001    0.97027990E+0001      1728
 27800   -0.73595738E+0001   -0.73614839E+0001    0.10097987E+0002      1728
 27850   -0.73595735E+0001   -0.73612824E+0001    0.96766451E+0001      1728
 27900   -0.73591303E+0001   -0.73611875E+0001    0.97812743E+0001      1728
 27950   -0.73587326E+0001   -0.73608198E+0001    0.10287913E+0002      1728
 28000   -0.73577994E+0001   -0.73592219E+0001    0.95385462E+0001      1728
 28050   -0.73574232E+0001   -0.73590970E+0001    0.10305389E+0002      1728
 28100   -0.73577416E+0001   -0.73596546E+0001    0.99869409E+0001      1728
 28150   -0.73573059E+0001   -0.73597972E+0001    0.10303894E+0002      1728
 28200   -0.73591619E+0001   -0.73607472E+0001    0.95822536E+0001      1728
 28250   -0.73582177E+0001   -0.73596521E+0001    0.10650578E+0002      1728
 28300   -0.73587218E+0001   -0.73588172E+0001    0.10060981E+0002      1728
 28350   -0.73567495E+0001   -0.73585272E+0001    0.10757546E+0002      1728
 28400   -0.73584975E+0001   -0.73593732E+0001    0.99546317E+0001      1728
 28450   -0.73586400E+0001   -0.73597267E+0001    0.10384488E+0002      1728
 28500   -0.73586114E+0001   -0.73601292E+0001    0.10024242E+0002      1728
 28550   -0.73559790E+0001   -0.73594898E+0001    0.10092644E+0002      1728
 28600   -0.73548718E+0001   -0.73575557E+0001    0.99315969E+0001      1728
 28650   -0.73545646E+0001   -0.73583757E+0001    0.10004529E+0002      1728
 28700   -0.73542604E+0001   -0.73570674E+0001    0.10487863E+0002      1728
 28750   -0.73557548E+0001   -0.73593778E+0001    0.10150624E+0002      1728
 28800   -0.73549039E+0001   -0.73559642E+0001    0.96467029E+0001      1728
 28850   -0.73531066E+0001   -0.73562342E+0001    0.10041160E+0002      1728
 28900   -0.73545487E+0001   -0.73567859E+0001    0.10323419E+0002      1728
 28950   -0.73547276E+0001   -0.73562652E+0001    0.10085847E+0002      1728
 29000   -0.73544605E+0001   -0.73570340E+0001    0.90226194E+0001      1728
 29050   -0.73550848E+0001   -0.73567117E+0001    0.96479548E+0001      1728
 29100   -0.73541308E+0001   -0.73559987E+0001    0.95625928E+0001      1728
 29150   -0.73537812E+0001   -0.73572383E+0001    0.96263353E+0001      1728
 29200   -0.73540352E+0001   -0.73564583E+0001    0.89970053E+0001      1728
 29250   -0.73549530E+0001   -0.73568829E+0001    0.98345247E+0001      1728
 29300   -0.73552829E+0001   -0.73577699E+0001    0.91538085E+0001      1728
 29350   -0.73551941E+0001   -0.73558391E+0001    0.89498323E+0001      1728
 29400   -0.73532034E+0001   -0.73544551E+0001    0.96588090E+0001      1728
 29450   -0.73533075E+0001   -0.73548020E+0001    0.95572672E+0001      1728
 29500   -0.73534976E+0001   -0.73544950E+0001    0.91994991E+0001      1728
 29550   -0.73532991E+0001   -0.73547411E+0001    0.93394400E+0001      1728
 29600   -0.73535172E+0001   -0.73533530E+0001    0.88050509E+0001      1728
 29650   -0.73528731E+0001   -0.73525969E+0001    0.94142189E+0001      1728
 29700   -0.73528614E+0001   -0.73530133E+0001    0.91622413E+0001      1728
 29750   -0.73520597E+0001   -0.73517946E+0001    0.96591154E+0001      1728
 29800   -0.73505949E+0001   -0.73530354E+0001    0.95620426E+0001      1728
 29850   -0.73510666E+0001   -0.73525190E+0001    0.10264365E+0002      1728
 29900   -0.73516072E+0001   -0.73512428E+0001    0.95088888E+0001      1728
 29950   -0.73514673E+0001   -0.73515463E+0001    0.96785500E+0001      1728
 30000   -0.73508179E+0001   -0.73521768E+0001    0.10055825E+0002      1728
 30050   -0.73500945E+0001   -0.73497567E+0001    0.10061566E+0002      1728
 30100   -0.73504985E+0001   -0.73508656E+0001    0.97896841E+0001      1728
 30150   -0.73502979E+0001   -0.73502544E+0001    0.10007403E+0002      1728
 30200   -0.73521745E+0001   -0.73518518E+0001    0.94867084E+0001      1728
 30250   -0.73506444E+0001   -0.73515528E+0001    0.99994702E+0001      1728
 30300   -0.73500593E+0001   -0.73517865E+0001    0.10435161E+0002      1728
 30350   -0.73500703E+0001   -0.73514561E+0001    0.10006901E+0002      1728
 30400   -0.73502611E+0001   -0.73514605E+0001    0.99220149E+0001      1728
 30450   -0.73494772E+0001   -0.73489140E+0001    0.93443251E+0001      1728
 30500   -0.73490090E+0001   -0.73497309E+0001    0.96201593E+0001      1728
 30550   -0.73491141E+0001   -0.73509760E+0001    0.94919329E+0001      1728
 30600   -0.73491876E+0001   -0.73492088E+0001    0.94355995E+0001      1728
 30650   -0.73495759E+0001   -0.73494872E+0001    0.94129752E+0001      1728
 30700   -0.73496196E+0001   -0.73497152E+0001    0.95510546E+0001      1728
 30750   -0.73493862E+0001   -0.73502888E+0001    0.10032433E+0002      1728
 30800   -0.73493022E+0001   -0.73508631E+0001    0.97698076E+0001      1728
 30850   -0.73496149E+0001   -0.73507831E+0001    0.95491921E+0001      1728
 30900   -0.73497394E+0001   -0.73513820E+0001    0.97023431E+0001      1728
 30950   -0.73497073E+0001   -0.73486823E+0001    0.98644493E+0001      1728
 31000   -0.73499899E+0001   -0.73488850E+0001    0.95714759E+0001      1728
 31050   -0.73504349E+0001   -0.73517488E+0001    0.96073303E+0001      1728
 31100   -0.73510649E+0001   -0.73526538E+0001    0.93139219E+0001      1728
 31150   -0.73510481E+0001   -0.73513837E+0001    0.10037855E+0002      1728
 31200   -0.73514922E+0001   -0.73516311E+0001    0.88684351E+0001      1728
 31250   -0.73516079E+0001   -0.73516955E+0001    0.88903046E+0001      1728
 31300   -0.73514812E+0001   -0.73523970E+0001    0.92034730E+0001      1728
 31350   -0.73515291E+0001   -0.73516111E+0001    0.89173786E+0001      1728
 31400   -0.73511740E+0001   -0.73525394E+0001    0.91800293E+0001      1728
 31450   -0.73509840E+0001   -0.73511468E+0001    0.99760371E+0001      1728
 31500   -0.73514673E+0001   -0.73500667E+0001    0.89996804E+0001      1728
 31550   -0.73516216E+0001   -0.73517091E+0001    0.86520019E+0001      1728
 31600   -0.73516014E+0001   -0.73511707E+0001    0.93434476E+0001      1728
 31650   -0.73515435E+0001   -0.73515337E+0001    0.97568065E+0001      1728
 31700   -0.73519631E+0001   -0.73515298E+0001    0.89846120E+0001      1728
 31750   -0.73521187E+0001   -0.73519788E+0001    0.90316810E+0001      1728
 31800   -0.73524434E+0001   -0.73512829E+0001    0.82478192E+0001      1728
 31850   -0.73516564E+0001   -0.73512842E+0001    0.93917786E+0001      1728
 31900   -0.73517662E+0001   -0.73519364E+0001    0.90073488E+0001      1728
 31950   -0.73520936E+0001   -0.73513087E+0001    0.84452160E+0001      1728
 32000   -0.73518290E+0001   -0.73515073E+0001    0.92659668E+0001      1728
 32050   -0.73519944E+0001   -0.73523277E+0001    0.92737732E+0001      1728
 32100   -0.73522365E+0001   -0.73526000E+0001    0.86312408E+0001      1728
 32150   -0.73523425E+0001   -0.73518818E+0001    0.83279426E+0001      1728
 32200   -0.73523949E+0001   -0.73522497E+0001    0.84846197E+0001      1728
 32250   -0.73524379E+0001   -0.73527264E+0001    0.83908293E+0001      1728
 32300   -0.73520418E+0001   -0.73519367E+0001    0.93267235E+0001      1728
 32350   -0.73528052E+0001   -0.73523422E+0001    0.80024567E+0001      1728
 32400   -0.73521666E+0001   -0.73529571E+0001    0.89784445E+0001      1728
 32450   -0.73518031E+0001   -0.73513530E+0001    0.89586916E+0001      1728
 32500   -0.73519292E+0001   -0.73512382E+0001    0.90064779E+0001      1728
 32550   -0.73518194E+0001   -0.73518582E+0001    0.89291918E+0001      1728
 32600   -0.73513653E+0001   -0.73501100E+0001    0.90158372E+0001      1728
 32650   -0.73514529E+0001   -0.73505619E+0001    0.87303192E+0001      1728
 32700   -0.73508800E+0001   -0.73510023E+0001    0.93916230E+0001      1728
 32750   -0.73507034E+0001   -0.73507825E+0001    0.91716729E+0001      1728
 32800   -0.73506110E+0001   -0.73500435E+0001    0.90028670E+0001      1728
 32850   -0.73506034E+0001   -0.73500351E+0001    0.87841626E+0001      1728
 32900   -0.73502696E+0001   -0.73496389E+0001    0.92593623E+0001      1728
 32950   -0.73500356E+0001   -0.73502333E+0001    0.91766773E+0001      1728
 33000   -0.73498357E+0001   -0.73496880E+0001    0.97195140E+0001      1728
 33050   -0.73491624E+0001   -0.73491483E+0001    0.10165618E+0002      1728
 33100   -0.73487467E+0001   -0.73485616E+0001    0.99825899E+0001      1728
 33150   -0.73492030E+0001   -0.73482092E+0001    0.93082117E+0001      1728
 33200   -0.73493676E+0001   -0.73494055E+0001    0.90749162E+0001      1728
 33250   -0.73495588E+0001   -0.73497065E+0001    0.89188774E+0001      1728
 33300   -0.73489377E+0001   -0.73485558E+0001    0.96564959E+0001      1728
 33350   -0.73485190E+0001   -0.73487102E+0001    0.10204740E+0002      1728
 33400   -0.73492183E+0001   -0.73485399E+0001    0.91154660E+0001      1728
 33450   -0.73486158E+0001   -0.73473476E+0001    0.10019597E+0002      1728
 33500   -0.73481557E+0001   -0.73483778E+0001    0.99092735E+0001      1728
 33550   -0.73486156E+0001   -0.73487150E+0001    0.89239862E+0001      1728
 33600   -0.73485149E+0001   -0.73487988E+0001    0.95286519E+0001      1728
 33650   -0.73487456E+0001   -0.73495247E+0001    0.88364784E+0001      1728
 33700   -0.73489748E+0001   -0.73494407E+0001    0.90137356E+0001      1728
 33750   -0.73491635E+0001   -0.73500620E+0001    0.85247601E+0001      1728
 33800   -0.73486698E+0001   -0.73493423E+0001    0.92245719E+0001      1728
 33850   -0.73488124E+0001   -0.73492533E+0001    0.91467963E+0001      1728
 33900   -0.73488140E+0001   -0.73485293E+0001    0.91083978E+0001      1728
 33950   -0.73484576E+0001   -0.73481646E+0001    0.94417917E+0001      1728
 34000   -0.73485134E+0001   -0.73481733E+0001    0.94377966E+0001      1728
 34050   -0.73483531E+0001   -0.73481763E+0001    0.93491495E+0001      1728
 34100   -0.73488155E+0001   -0.73479999E+0001    0.86775867E+0001      1728
 34150   -0.73489508E+0001   -0.73487011E+0001    0.86673329E+0001      1728
 34200   -0.73487630E+0001   -0.73490205E+0001    0.10105911E+0002      1728
 34250   -0.73491992E+0001   -0.73490453E+0001    0.98368941E+0001      1728
 34300   -0.73495735E+0001   -0.73499067E+0001    0.91919226E+0001      1728
 34350   -0.73493421E+0001   -0.73490039E+0001    0.91078796E+0001      1728
 34400   -0.73489699E+0001   -0.73487748E+0001    0.94851927E+0001      1728
 34450   -0.73493671E+0001   -0.73490555E+0001    0.88948447E+0001      1728
 34500   -0.73491005E+0001   -0.73492159E+0001    0.89365542E+0001      1728
 34550   -0.73489238E+0001   -0.73485236E+0001    0.88737874E+0001      1728
 34600   -0.73489787E+0001   -0.73490267E+0001    0.86906923E+0001      1728
 34650   -0.73486913E+0001   -0.73482971E+0001    0.89992138E+0001      1728
 34700   -0.73485317E+0001   -0.73472254E+0001    0.89749871E+0001      1728
 34750   -0.73488578E+0001   -0.73486502E+0001    0.87802545E+0001      1728
 34800   -0.73480248E+0001   -0.73477625E+0001    0.96593111E+0001      1728
 34850   -0.73479014E+0001   -0.73481351E+0001    0.97597873E+0001      1728
 34900   -0.73482447E+0001   -0.73477484E+0001    0.89548234E+0001      1728
 34950   -0.73480812E+0001   -0.73480118E+0001    0.90133033E+0001      1728
 35000   -0.73473111E+0001   -0.73475675E+0001    0.10332804E+0002      1728
 35050   -0.73475977E+0001   -0.73487439E+0001    0.10162453E+0002      1728
 35100   -0.73480903E+0001   -0.73488124E+0001    0.94831324E+0001      1728
 35150   -0.73495352E+0001   -0.73495908E+0001    0.95247746E+0001      1728
 35200   -0.73476666E+0001   -0.73491341E+0001    0.10230014E+0002      1728
 35250   -0.73490229E+0001   -0.73490191E+0001    0.10150950E+0002      1728
 35300   -0.73490736E+0001   -0.73489702E+0001    0.95488042E+0001      1728
 35350   -0.73477368E+0001   -0.73485112E+0001    0.95158784E+0001      1728
 35400   -0.73485768E+0001   -0.73485112E+0001    0.97133748E+0001      1728
 35450   -0.73487344E+0001   -0.73486382E+0001    0.91412419E+0001      1728
 35500   -0.73489395E+0001   -0.73493753E+0001    0.88133976E+0001      1728
 35550   -0.73490909E+0001   -0.73491205E+0001    0.85714268E+0001      1728
 35600   -0.73469678E+0001   -0.73484420E+0001    0.98821944E+0001      1728
 35650   -0.73473919E+0001   -0.73478190E+0001    0.95059701E+0001      1728
 35700   -0.73472901E+0001   -0.73478983E+0001    0.91300421E+0001      1728
 35750   -0.73468105E+0001   -0.73468094E+0001    0.95972508E+0001      1728
 35800   -0.73465462E+0001   -0.73466480E+0001    0.97374743E+0001      1728
 35850   -0.73470270E+0001   -0.73472285E+0001    0.88836932E+0001      1728
 35900   -0.73467980E+0001   -0.73465065E+0001    0.92955184E+0001      1728
 35950   -0.73460400E+0001   -0.73456384E+0001    0.99531690E+0001      1728
 36000   -0.73460916E+0001   -0.73481987E+0001    0.93516070E+0001      1728
 36050   -0.73474968E+0001   -0.73485409E+0001    0.93025193E+0001      1728
 36100   -0.73467849E+0001   -0.73486323E+0001    0.88420883E+0001      1728
 36150   -0.73483420E+0001   -0.73494276E+0001    0.81675784E+0001      1728
 36200   -0.73492790E+0001   -0.73497015E+0001    0.86733604E+0001      1728
 36250   -0.73467469E+0001   -0.73492341E+0001    0.91307163E+0001      1728
 36300   -0.73465019E+0001   -0.73493817E+0001    0.93687732E+0001      1728
 36350   -0.73468080E+0001   -0.73495837E+0001    0.86861237E+0001      1728
 36400   -0.73467735E+0001   -0.73487169E+0001    0.90574483E+0001      1728
 36450   -0.73467279E+0001   -0.73481715E+0001    0.90662290E+0001      1728
 36500   -0.73463189E+0001   -0.73483419E+0001    0.98622534E+0001      1728
 36550   -0.73467997E+0001   -0.73487277E+0001    0.90392338E+0001      1728
 36600   -0.73464172E+0001   -0.73476385E+0001    0.95729737E+0001      1728
 36650   -0.73479854E+0001   -0.73472036E+0001    0.87397577E+0001      1728
 36700   -0.73474484E+0001   -0.73472881E+0001    0.91691002E+0001      1728
 36750   -0.73475482E+0001   -0.73470315E+0001    0.89071218E+0001      1728
 36800   -0.73477150E+0001   -0.73481827E+0001    0.89655514E+0001      1728
 36850   -0.73451805E+0001   -0.73466618E+0001    0.10190210E+0002      1728
 36900   -0.73452362E+0001   -0.73464800E+0001    0.99820046E+0001      1728
 36950   -0.73454649E+0001   -0.73473998E+0001    0.97462769E+0001      1728
 37000   -0.73467598E+0001   -0.73479645E+0001    0.97385708E+0001      1728
 37050   -0.73469812E+0001   -0.73474697E+0001    0.91799197E+0001      1728
 37100   -0.73463384E+0001   -0.73470514E+0001    0.10097409E+0002      1728
 37150   -0.73478240E+0001   -0.73472177E+0001    0.97331625E+0001      1728
 37200   -0.73477842E+0001   -0.73479795E+0001    0.99190403E+0001      1728
 37250   -0.73477122E+0001   -0.73476453E+0001    0.10120837E+0002      1728
 37300   -0.73477873E+0001   -0.73478610E+0001    0.10237517E+0002      1728
 37350   -0.73470604E+0001   -0.73475010E+0001    0.92326076E+0001      1728
 37400   -0.73460283E+0001   -0.73481797E+0001    0.91425689E+0001      1728
 37450   -0.73460569E+0001   -0.73476372E+0001    0.91110732E+0001      1728
 37500   -0.73453090E+0001   -0.73466358E+0001    0.10506407E+0002      1728
 37550   -0.73457783E+0001   -0.73466777E+0001    0.10437090E+0002      1728
 37600   -0.73461225E+0001   -0.73456383E+0001    0.10241945E+0002      1728
 37650   -0.73461329E+0001   -0.73469658E+0001    0.98805021E+0001      1728
 37700   -0.73460977E+0001   -0.73471306E+0001    0.98004799E+0001      1728
 37750   -0.73458199E+0001   -0.73483077E+0001    0.10020785E+0002      1728
 37800   -0.73457066E+0001   -0.73474072E+0001    0.10318705E+0002      1728
 37850   -0.73459396E+0001   -0.73469902E+0001    0.10206203E+0002      1728
 37900   -0.73462505E+0001   -0.73475804E+0001    0.10009002E+0002      1728
 37950   -0.73478316E+0001   -0.73484739E+0001    0.95169901E+0001      1728
 38000   -0.73472983E+0001   -0.73490623E+0001    0.89034545E+0001      1728
 38050   -0.73471547E+0001   -0.73500753E+0001    0.93318136E+0001      1728
 38100   -0.73481032E+0001   -0.73502647E+0001    0.94466786E+0001      1728
 38150   -0.73480719E+0001   -0.73499739E+0001    0.91738324E+0001      1728
 38200   -0.73482289E+0001   -0.73507585E+0001    0.88749681E+0001      1728
 38250   -0.73476344E+0001   -0.73517152E+0001    0.90043455E+0001      1728
 38300   -0.73477796E+0001   -0.73493412E+0001    0.96369949E+0001      1728
 38350   -0.73484469E+0001   -0.73504270E+0001    0.87605124E+0001      1728
 38400   -0.73484659E+0001   -0.73491156E+0001    0.91648587E+0001      1728
 38450   -0.73488629E+0001   -0.73501829E+0001    0.86622144E+0001      1728
 38500   -0.73489200E+0001   -0.73509088E+0001    0.95785712E+0001      1728
 38550   -0.73492058E+0001   -0.73491698E+0001    0.87096777E+0001      1728
 38600   -0.73489780E+0001   -0.73496262E+0001    0.93678447E+0001      1728
 38650   -0.73493683E+0001   -0.73494533E+0001    0.84616762E+0001      1728
 38700   -0.73489666E+0001   -0.73495159E+0001    0.90395125E+0001      1728
 38750   -0.73489765E+0001   -0.73498784E+0001    0.89959652E+0001      1728
 38800   -0.73489114E+0001   -0.73497563E+0001    0.89186546E+0001      1728
 38850   -0.73494615E+0001   -0.73498763E+0001    0.94941112E+0001      1728
 38900   -0.73484728E+0001   -0.73489032E+0001    0.91653179E+0001      1728
 38950   -0.73484380E+0001   -0.73492766E+0001    0.95097644E+0001      1728
 39000   -0.73487910E+0001   -0.73499777E+0001    0.89550090E+0001      1728
 39050   -0.73488400E+0001   -0.73501037E+0001    0.93888491E+0001      1728
 39100   -0.73491313E+0001   -0.73504179E+0001    0.89016683E+0001      1728
 39150   -0.73496466E+0001   -0.73501143E+0001    0.86824993E+0001      1728
 39200   -0.73497586E+0001   -0.73504026E+0001    0.85503869E+0001      1728
 39250   -0.73495823E+0001   -0.73509944E+0001    0.88229484E+0001      1728
 39300   -0.73495099E+0001   -0.73507733E+0001    0.84275378E+0001      1728
 39350   -0.73493303E+0001   -0.73506721E+0001    0.83267618E+0001      1728
 39400   -0.73492084E+0001   -0.73499436E+0001    0.86522947E+0001      1728
 39450   -0.73489891E+0001   -0.73502341E+0001    0.89507900E+0001      1728
 39500   -0.73491092E+0001   -0.73497506E+0001    0.83706584E+0001      1728
 39550   -0.73482133E+0001   -0.73484564E+0001    0.95926830E+0001      1728
 39600   -0.73484677E+0001   -0.73487525E+0001    0.93214343E+0001      1728
 39650   -0.73483141E+0001   -0.73491625E+0001    0.96858800E+0001      1728
 39700   -0.73485295E+0001   -0.73495790E+0001    0.90815169E+0001      1728
 39750   -0.73490658E+0001   -0.73505353E+0001    0.86083281E+0001      1728
 39800   -0.73503111E+0001   -0.73498467E+0001    0.87294169E+0001      1728
 39850   -0.73510525E+0001   -0.73511764E+0001    0.99090609E+0001      1728
 39900   -0.73512908E+0001   -0.73508312E+0001    0.94110788E+0001      1728
 39950   -0.73498466E+0001   -0.73507399E+0001    0.96881358E+0001      1728
 40000   -0.73489084E+0001   -0.73507685E+0001    0.93368741E+0001      1728
 40050   -0.73500944E+0001   -0.73504529E+0001    0.10106974E+0002      1728
 40100   -0.73504664E+0001   -0.73516296E+0001    0.92600530E+0001      1728
 40150   -0.73505723E+0001   -0.73511043E+0001    0.91272709E+0001      1728
 40200   -0.73508415E+0001   -0.73526814E+0001    0.88525359E+0001      1728
 40250   -0.73507033E+0001   -0.73524763E+0001    0.98944272E+0001      1728
 40300   -0.73507440E+0001   -0.73525897E+0001    0.94688362E+0001      1728
 40350   -0.73507713E+0001   -0.73524687E+0001    0.93506867E+0001      1728
 40400   -0.73493464E+0001   -0.73516794E+0001    0.92608567E+0001      1728
 40450   -0.73487723E+0001   -0.73502472E+0001    0.95761688E+0001      1728
 40500   -0.73486798E+0001   -0.73509241E+0001    0.92397981E+0001      1728
 40550   -0.73484630E+0001   -0.73507191E+0001    0.95297949E+0001      1728
 40600   -0.73484627E+0001   -0.73512149E+0001    0.91055632E+0001      1728
 40650   -0.73482951E+0001   -0.73474090E+0001    0.96478839E+0001      1728
 40700   -0.73483092E+0001   -0.73493748E+0001    0.93965016E+0001      1728
 40750   -0.73482736E+0001   -0.73502213E+0001    0.91640430E+0001      1728
 40800   -0.73486452E+0001   -0.73506537E+0001    0.87990134E+0001      1728
 40850   -0.73487833E+0001   -0.73518045E+0001    0.88123195E+0001      1728
 40900   -0.73516588E+0001   -0.73524851E+0001    0.95560896E+0001      1728
 40950   -0.73499537E+0001   -0.73518932E+0001    0.10280888E+0002      1728
 41000   -0.73488359E+0001   -0.73513020E+0001    0.99589710E+0001      1728
 41050   -0.73518498E+0001   -0.73525856E+0001    0.94075124E+0001      1728
 41100   -0.73509245E+0001   -0.73512302E+0001    0.91438045E+0001      1728
 41150   -0.73507281E+0001   -0.73513024E+0001    0.93959474E+0001      1728
 41200   -0.73490087E+0001   -0.73510388E+0001    0.10582608E+0002      1728
 41250   -0.73506621E+0001   -0.73508078E+0001    0.95442792E+0001      1728
 41300   -0.73507246E+0001   -0.73542299E+0001    0.94134608E+0001      1728
 41350   -0.73498194E+0001   -0.73511650E+0001    0.10065819E+0002      1728
 41400   -0.73495659E+0001   -0.73507304E+0001    0.10177064E+0002      1728
 41450   -0.73508497E+0001   -0.73511416E+0001    0.10429186E+0002      1728
 41500   -0.73509353E+0001   -0.73519547E+0001    0.10095327E+0002      1728
 41550   -0.73509716E+0001   -0.73502042E+0001    0.97013960E+0001      1728
 41600   -0.73507736E+0001   -0.73503794E+0001    0.10003576E+0002      1728
 41650   -0.73508477E+0001   -0.73513335E+0001    0.99663761E+0001      1728
 41700   -0.73513152E+0001   -0.73512048E+0001    0.95774864E+0001      1728
 41750   -0.73516963E+0001   -0.73522234E+0001    0.93213203E+0001      1728
 41800   -0.73502489E+0001   -0.73510898E+0001    0.96095047E+0001      1728
 41850   -0.73499181E+0001   -0.73505522E+0001    0.98710185E+0001      1728
 41900   -0.73501130E+0001   -0.73512187E+0001    0.95067501E+0001      1728
 41950   -0.73502849E+0001   -0.73508820E+0001    0.95410150E+0001      1728
 42000   -0.73504757E+0001   -0.73515773E+0001    0.91789894E+0001      1728
 42050   -0.73492917E+0001   -0.73525317E+0001    0.91653359E+0001      1728
 42100   -0.73487117E+0001   -0.73512736E+0001    0.10201402E+0002      1728
 42150   -0.73495456E+0001   -0.73515524E+0001    0.91225785E+0001      1728
 42200   -0.73508590E+0001   -0.73520338E+0001    0.90444365E+0001      1728
 42250   -0.73507884E+0001   -0.73522099E+0001    0.93884668E+0001      1728
 42300   -0.73497238E+0001   -0.73526595E+0001    0.93208010E+0001      1728
 42350   -0.73508536E+0001   -0.73527540E+0001    0.95087553E+0001      1728
 42400   -0.73518944E+0001   -0.73523042E+0001    0.96289661E+0001      1728
 42450   -0.73532454E+0001   -0.73530963E+0001    0.99704520E+0001      1728
 42500   -0.73509184E+0001   -0.73530701E+0001    0.96930447E+0001      1728
 42550   -0.73496481E+0001   -0.73519530E+0001    0.93212470E+0001      1728
 42600   -0.73501050E+0001   -0.73513852E+0001    0.89890538E+0001      1728
 42650   -0.73503605E+0001   -0.73513744E+0001    0.88401662E+0001      1728
 42700   -0.73492245E+0001   -0.73511269E+0001    0.98135528E+0001      1728
 42750   -0.73486693E+0001   -0.73493747E+0001    0.10181713E+0002      1728
 42800   -0.73487368E+0001   -0.73513745E+0001    0.99668725E+0001      1728
 42850   -0.73482795E+0001   -0.73520953E+0001    0.10470065E+0002      1728
 42900   -0.73494513E+0001   -0.73520382E+0001    0.10323373E+0002      1728
 42950   -0.73486208E+0001   -0.73521408E+0001    0.96673131E+0001      1728
 43000   -0.73499585E+0001   -0.73522403E+0001    0.99402527E+0001      1728
 43050   -0.73492415E+0001   -0.73507303E+0001    0.10605944E+0002      1728
 43100   -0.73493599E+0001   -0.73501257E+0001    0.99150295E+0001      1728
 43150   -0.73496614E+0001   -0.73521533E+0001    0.96340575E+0001      1728
 43200   -0.73501821E+0001   -0.73516423E+0001    0.98614866E+0001      1728
 43250   -0.73504042E+0001   -0.73509507E+0001    0.10184765E+0002      1728
 43300   -0.73502210E+0001   -0.73497079E+0001    0.10594234E+0002      1728
 43350   -0.73506264E+0001   -0.73525865E+0001    0.10385436E+0002      1728
 43400   -0.73510430E+0001   -0.73525067E+0001    0.95700985E+0001      1728
 43450   -0.73490447E+0001   -0.73507885E+0001    0.10187395E+0002      1728
 43500   -0.73477438E+0001   -0.73505788E+0001    0.10286860E+0002      1728
 43550   -0.73477874E+0001   -0.73521596E+0001    0.10030317E+0002      1728
 43600   -0.73495744E+0001   -0.73522134E+0001    0.96341810E+0001      1728
 43650   -0.73494622E+0001   -0.73543610E+0001    0.99892092E+0001      1728
 43700   -0.73494689E+0001   -0.73537391E+0001    0.98674082E+0001      1728
 43750   -0.73494093E+0001   -0.73551376E+0001    0.98905836E+0001      1728
 43800   -0.73517840E+0001   -0.73556967E+0001    0.10117899E+0002      1728
 43850   -0.73511210E+0001   -0.73535494E+0001    0.98820333E+0001      1728
 43900   -0.73507947E+0001   -0.73551636E+0001    0.10227960E+0002      1728
 43950   -0.73501179E+0001   -0.73531269E+0001    0.98288688E+0001      1728
 44000   -0.73509693E+0001   -0.73508518E+0001    0.98609704E+0001      1728
 44050   -0.73508483E+0001   -0.73532201E+0001    0.95844980E+0001      1728
 44100   -0.73503372E+0001   -0.73558979E+0001    0.10262460E+0002      1728
 44150   -0.73506370E+0001   -0.73519612E+0001    0.98032356E+0001      1728
 44200   -0.73483184E+0001   -0.73514608E+0001    0.95839268E+0001      1728
 44250   -0.73490177E+0001   -0.73519060E+0001    0.98827115E+0001      1728
 44300   -0.73509782E+0001   -0.73521538E+0001    0.93880255E+0001      1728
 44350   -0.73510010E+0001   -0.73520864E+0001    0.91502050E+0001      1728
 44400   -0.73492911E+0001   -0.73526316E+0001    0.94776503E+0001      1728
 44450   -0.73483098E+0001   -0.73519317E+0001    0.99747163E+0001      1728
 44500   -0.73485094E+0001   -0.73511491E+0001    0.94297329E+0001      1728
 44550   -0.73518345E+0001   -0.73527505E+0001    0.61520247E+0004      1728
 44600   -0.73480133E+0001   -0.73508813E+0001    0.10427772E+0002      1728
 44650   -0.73497372E+0001   -0.73527286E+0001    0.10041930E+0002      1728
 44700   -0.73523723E+0001   -0.73537371E+0001    0.98165263E+0001      1728
 44750   -0.73513877E+0001   -0.73529094E+0001    0.97042603E+0001      1728
 44800   -0.73489189E+0001   -0.73528657E+0001    0.91911032E+0001      1728
 44850   -0.73471768E+0001   -0.73503322E+0001    0.10162132E+0002      1728
 44900   -0.73502615E+0001   -0.73528145E+0001    0.95591030E+0001      1728
 44950   -0.73473039E+0001   -0.73513502E+0001    0.10514621E+0002      1728
 45000   -0.73476001E+0001   -0.73500460E+0001    0.10116618E+0002      1728
 45050   -0.73477445E+0001   -0.73506506E+0001    0.97123217E+0001      1728
 45100   -0.73480216E+0001   -0.73511108E+0001    0.95810062E+0001      1728
 45150   -0.73489693E+0001   -0.73517957E+0001    0.10222189E+0002      1728
 45200   -0.73510142E+0001   -0.73533993E+0001    0.10259700E+0002      1728
 45250   -0.73507900E+0001   -0.73542424E+0001    0.10544256E+0002      1728
 45300   -0.73515065E+0001   -0.73540647E+0001    0.10073260E+0002      1728
 45350   -0.73488180E+0001   -0.73541112E+0001    0.10186392E+0002      1728
 45400   -0.73488817E+0001   -0.73535862E+0001    0.98764891E+0001      1728
 45450   -0.73479326E+0001   -0.73532632E+0001    0.92078097E+0001      1728
 45500   -0.73498364E+0001   -0.73530346E+0001    0.98240191E+0001      1728
 45550   -0.73500922E+0001   -0.73525701E+0001    0.91745636E+0001      1728
 45600   -0.73513812E+0001   -0.73552710E+0001    0.93000632E+0001      1728
 45650   -0.73494955E+0001   -0.73541366E+0001    0.10149584E+0002      1728
 45700   -0.73510296E+0001   -0.73542171E+0001    0.96544741E+0001      1728
 45750   -0.73495571E+0001   -0.73537410E+0001    0.99356600E+0001      1728
 45800   -0.73486325E+0001   -0.73530477E+0001    0.91462508E+0001      1728
 45850   -0.73472351E+0001   -0.73512151E+0001    0.99787735E+0001      1728
 45900   -0.73477679E+0001   -0.73521144E+0001    0.90994830E+0001      1728
 45950   -0.73474367E+0001   -0.73516431E+0001    0.99839695E+0001      1728
 46000   -0.73478091E+0001   -0.73506338E+0001    0.93034240E+0001      1728
 46050   -0.73463930E+0001   -0.73528720E+0001    0.98154136E+0001      1728
 46100   -0.73483404E+0001   -0.73529051E+0001    0.88926609E+0001      1728
 46150   -0.73468977E+0001   -0.73518564E+0001    0.98297894E+0001      1728
 46200   -0.73486063E+0001   -0.73513739E+0001    0.95427266E+0001      1728
 46250   -0.73474130E+0001   -0.73512092E+0001    0.95886707E+0001      1728
 46300   -0.73471357E+0001   -0.73505084E+0001    0.96478050E+0001      1728
 46350   -0.73472752E+0001   -0.73500658E+0001    0.91190159E+0001      1728
 46400   -0.73475433E+0001   -0.73501867E+0001    0.88738948E+0001      1728
 46450   -0.73475197E+0001   -0.73499629E+0001    0.88743996E+0001      1728
 46500   -0.73473229E+0001   -0.73508741E+0001    0.98303806E+0001      1728
 46550   -0.73476608E+0001   -0.73493970E+0001    0.89865130E+0001      1728
 46600   -0.73472407E+0001   -0.73467359E+0001    0.95097937E+0001      1728
 46650   -0.73470850E+0001   -0.73486160E+0001    0.93320180E+0001      1728
 46700   -0.73471814E+0001   -0.73473789E+0001    0.93542248E+0001      1728
 46750   -0.73471895E+0001   -0.73481791E+0001    0.89112056E+0001      1728
 46800   -0.73470731E+0001   -0.73462651E+0001    0.90232234E+0001      1728
 46850   -0.73468492E+0001   -0.73490526E+0001    0.96781067E+0001      1728
 46900   -0.73480730E+0001   -0.73503005E+0001    0.96746355E+0001      1728
 46950   -0.73468025E+0001   -0.73476845E+0001    0.97258685E+0001      1728
 47000   -0.73465808E+0001   -0.73494347E+0001    0.96997262E+0001      1728
 47050   -0.73477233E+0001   -0.73477908E+0001    0.95934292E+0001      1728
 47100   -0.73461012E+0001   -0.73478621E+0001    0.99935638E+0001      1728
 47150   -0.73466103E+0001   -0.73483623E+0001    0.97787000E+0001      1728
 47200   -0.73469602E+0001   -0.73481271E+0001    0.90172945E+0001      1728
 47250   -0.73467552E+0001   -0.73482560E+0001    0.91310133E+0001      1728
 47300   -0.73471953E+0001   -0.73509695E+0001    0.87256640E+0001      1728
 47350   -0.73470486E+0001   -0.73480721E+0001    0.86782506E+0001      1728
 47400   -0.73464881E+0001   -0.73477839E+0001    0.90397233E+0001      1728
 47450   -0.73461425E+0001   -0.73462674E+0001    0.94445921E+0001      1728
 47500   -0.73460274E+0001   -0.73468969E+0001    0.90300529E+0001      1728
 47550   -0.73459828E+0001   -0.73460679E+0001    0.94243058E+0001      1728
 47600   -0.73465529E+0001   -0.73461258E+0001    0.85757366E+0001      1728
 47650   -0.73460602E+0001   -0.73474436E+0001    0.90721692E+0001      1728
 47700   -0.73456025E+0001   -0.73459294E+0001    0.95367288E+0001      1728
 47750   -0.73456073E+0001   -0.73467815E+0001    0.91903496E+0001      1728
 47800   -0.73456664E+0001   -0.73472480E+0001    0.87563517E+0001      1728
 47850   -0.73460251E+0001   -0.73464477E+0001    0.81241966E+0001      1728
 47900   -0.73457880E+0001   -0.73463731E+0001    0.86281408E+0001      1728
 47950   -0.73464257E+0001   -0.73472097E+0001    0.98648661E+0001      1728
 48000   -0.73452446E+0001   -0.73474114E+0001    0.98125042E+0001      1728
 48050   -0.73462372E+0001   -0.73466843E+0001    0.98626373E+0001      1728
 48100   -0.73455465E+0001   -0.73478366E+0001    0.92549868E+0001      1728
 48150   -0.73458297E+0001   -0.73468535E+0001    0.90018078E+0001      1728
 48200   -0.73459115E+0001   -0.73473665E+0001    0.95716761E+0001      1728
 48250   -0.73454866E+0001   -0.73458938E+0001    0.98343279E+0001      1728
 48300   -0.73456948E+0001   -0.73454725E+0001    0.93160443E+0001      1728
 48350   -0.73455415E+0001   -0.73470190E+0001    0.92951793E+0001      1728
 48400   -0.73453628E+0001   -0.73452341E+0001    0.93222998E+0001      1728
 48450   -0.73452335E+0001   -0.73454125E+0001    0.97558934E+0001      1728
 48500   -0.73455680E+0001   -0.73451218E+0001    0.94158852E+0001      1728
 48550   -0.73457262E+0001   -0.73458925E+0001    0.92101574E+0001      1728
 48600   -0.73460637E+0001   -0.73456312E+0001    0.87998942E+0001      1728
 48650   -0.73458035E+0001   -0.73450385E+0001    0.98787116E+0001      1728
 48700   -0.73464503E+0001   -0.73448334E+0001    0.88961560E+0001      1728
 48750   -0.73465277E+0001   -0.73463957E+0001    0.88590011E+0001      1728
 48800   -0.73458590E+0001   -0.73469980E+0001    0.98925756E+0001      1728
 48850   -0.73464212E+0001   -0.73468103E+0001    0.90255548E+0001      1728
 48900   -0.73464403E+0001   -0.73470847E+0001    0.92681558E+0001      1728
 48950   -0.73460240E+0001   -0.73457865E+0001    0.96580234E+0001      1728
 49000   -0.73464082E+0001   -0.73453796E+0001    0.91871727E+0001      1728
 49050   -0.73466945E+0001   -0.73467363E+0001    0.89726926E+0001      1728
 49100   -0.73468884E+0001   -0.73474700E+0001    0.95247002E+0001      1728
 49150   -0.73468672E+0001   -0.73474072E+0001    0.93089274E+0001      1728
 49200   -0.73471343E+0001   -0.73469223E+0001    0.91011523E+0001      1728
 49250   -0.73469735E+0001   -0.73478606E+0001    0.92460049E+0001      1728
 49300   -0.73472001E+0001   -0.73470125E+0001    0.90386380E+0001      1728
 49350   -0.73477038E+0001   -0.73474387E+0001    0.83156055E+0001      1728
 49400   -0.73469156E+0001   -0.73471722E+0001    0.90277637E+0001      1728
 49450   -0.73472280E+0001   -0.73475451E+0001    0.89401869E+0001      1728
 49500   -0.73473978E+0001   -0.73469695E+0001    0.87278381E+0001      1728
 49550   -0.73471987E+0001   -0.73467844E+0001    0.87697535E+0001      1728
 49600   -0.73472735E+0001   -0.73480626E+0001    0.90558444E+0001      1728
 49650   -0.73474417E+0001   -0.73471496E+0001    0.88819187E+0001      1728
 49700   -0.73484343E+0001   -0.73491412E+0001    0.90692485E+0001      1728
 49750   -0.73486516E+0001   -0.73501804E+0001    0.89401957E+0001      1728
 49800   -0.73490224E+0001   -0.73486706E+0001    0.84401972E+0001      1728
 49850   -0.73482711E+0001   -0.73491327E+0001    0.90791956E+0001      1728
 49900   -0.73473238E+0001   -0.73490224E+0001    0.96056453E+0001      1728
 49950   -0.73477413E+0001   -0.73491776E+0001    0.88056775E+0001      1728
 50000   -0.73468548E+0001   -0.73492369E+0001    0.99949735E+0001      1728
 50050   -0.73471103E+0001   -0.73496327E+0001    0.94929216E+0001      1728
 50100   -0.73480404E+0001   -0.73491419E+0001    0.99840874E+0001      1728
 50150   -0.73493769E+0001   -0.73498508E+0001    0.94140817E+0001      1728
 50200   -0.73479753E+0001   -0.73492873E+0001    0.10013154E+0002      1728
 50250   -0.73482679E+0001   -0.73494994E+0001    0.95213400E+0001      1728
 50300   -0.73481299E+0001   -0.73501210E+0001    0.96151441E+0001      1728
 50350   -0.73486544E+0001   -0.73511897E+0001    0.89005171E+0001      1728
 50400   -0.73490013E+0001   -0.73510677E+0001    0.85166818E+0001      1728
 50450   -0.73468106E+0001   -0.73484527E+0001    0.99493700E+0001      1728
 50500   -0.73472066E+0001   -0.73491755E+0001    0.89811213E+0001      1728
 50550   -0.73474799E+0001   -0.73482552E+0001    0.86554556E+0001      1728
 50600   -0.73471360E+0001   -0.73474359E+0001    0.95921844E+0001      1728
 50650   -0.73461095E+0001   -0.73473616E+0001    0.94345909E+0001      1728
 50700   -0.73470507E+0001   -0.73486737E+0001    0.10031329E+0002      1728
 50750   -0.73488141E+0001   -0.73491317E+0001    0.94427989E+0001      1728
 50800   -0.73476238E+0001   -0.73485907E+0001    0.94986128E+0001      1728
 50850   -0.73481474E+0001   -0.73503999E+0001    0.89622615E+0001      1728
 50900   -0.73495945E+0001   -0.73523011E+0001    0.90396370E+0001      1728
 50950   -0.73499286E+0001   -0.73516962E+0001    0.82557978E+0001      1728
 51000   -0.73480690E+0001   -0.73510354E+0001    0.95922523E+0001      1728
 51050   -0.73484897E+0001   -0.73513885E+0001    0.91851755E+0001      1728
 51100   -0.73483874E+0001   -0.73500732E+0001    0.94158068E+0001      1728
 51150   -0.73486607E+0001   -0.73498254E+0001    0.90440098E+0001      1728
 51200   -0.73485961E+0001   -0.73519455E+0001    0.88891133E+0001      1728
 51250   -0.73482090E+0001   -0.73522775E+0001    0.95333879E+0001      1728
 51300   -0.73482839E+0001   -0.73516996E+0001    0.93267731E+0001      1728
 51350   -0.73482051E+0001   -0.73520796E+0001    0.90952452E+0001      1728
 51400   -0.73485154E+0001   -0.73502248E+0001    0.85971158E+0001      1728
 51450   -0.73491063E+0001   -0.73502291E+0001    0.95358692E+0001      1728
 51500   -0.73483825E+0001   -0.73502053E+0001    0.93692771E+0001      1728
 51550   -0.73488834E+0001   -0.73491948E+0001    0.86113270E+0001      1728
 51600   -0.73490119E+0001   -0.73512792E+0001    0.88986995E+0001      1728
 51650   -0.73493513E+0001   -0.73512797E+0001    0.84585690E+0001      1728
 51700   -0.73473072E+0001   -0.73493776E+0001    0.92416966E+0001      1728
 51750   -0.73485209E+0001   -0.73488141E+0001    0.92449232E+0001      1728
 51800   -0.73487063E+0001   -0.73499098E+0001    0.92963679E+0001      1728
 51850   -0.73483433E+0001   -0.73500394E+0001    0.92043558E+0001      1728
 51900   -0.73483791E+0001   -0.73484415E+0001    0.91532924E+0001      1728
 51950   -0.73490599E+0001   -0.73498068E+0001    0.10055729E+0002      1728
 52000   -0.73497606E+0001   -0.73486064E+0001    0.94804980E+0001      1728
 52050   -0.73498478E+0001   -0.73498117E+0001    0.93885684E+0001      1728
 52100   -0.73479978E+0001   -0.73495358E+0001    0.96775594E+0001      1728
 52150   -0.73483996E+0001   -0.73496316E+0001    0.88743191E+0001      1728
 52200   -0.73487588E+0001   -0.73498051E+0001    0.98004183E+0001      1728
 52250   -0.73493337E+0001   -0.73494246E+0001    0.87975495E+0001      1728
 52300   -0.73492465E+0001   -0.73501922E+0001    0.92560314E+0001      1728
 52350   -0.73487232E+0001   -0.73503732E+0001    0.95127612E+0001      1728
 52400   -0.73497975E+0001   -0.73510520E+0001    0.92175586E+0001      1728
 52450   -0.73496516E+0001   -0.73513972E+0001    0.90152584E+0001      1728
 52500   -0.73484064E+0001   -0.73511665E+0001    0.91971039E+0001      1728
 52550   -0.73484781E+0001   -0.73511873E+0001    0.96816368E+0001      1728
 52600   -0.73491472E+0001   -0.73526915E+0001    0.87091911E+0001      1728
 52650   -0.73495122E+0001   -0.73518969E+0001    0.82989602E+0001      1728
 52700   -0.73499085E+0001   -0.73523587E+0001    0.94639354E+0001      1728
 52750   -0.73479656E+0001   -0.73511676E+0001    0.89011231E+0001      1728
 52800   -0.73468230E+0001   -0.73508412E+0001    0.87695375E+0001      1728
 52850   -0.73466544E+0001   -0.73488891E+0001    0.91199519E+0001      1728
 52900   -0.73464016E+0001   -0.73482982E+0001    0.97515709E+0001      1728
 52950   -0.73482701E+0001   -0.73495728E+0001    0.86558459E+0001      1728
 53000   -0.73469776E+0001   -0.73504363E+0001    0.86354886E+0001      1728
 53050   -0.73468307E+0001   -0.73489781E+0001    0.87890299E+0001      1728
 53100   -0.73467850E+0001   -0.73499653E+0001    0.87137117E+0001      1728
 53150   -0.73460693E+0001   -0.73481783E+0001    0.93254149E+0001      1728
 53200   -0.73459079E+0001   -0.73455368E+0001    0.92619664E+0001      1728
 53250   -0.73457559E+0001   -0.73466709E+0001    0.90994718E+0001      1728
 53300   -0.73456494E+0001   -0.73477615E+0001    0.89772530E+0001      1728
 53350   -0.73470674E+0001   -0.73482828E+0001    0.94723929E+0001      1728
 53400   -0.73454569E+0001   -0.73474602E+0001    0.10322711E+0002      1728
 53450   -0.73462688E+0001   -0.73476946E+0001    0.96440211E+0001      1728
 53500   -0.73476524E+0001   -0.73480950E+0001    0.94319503E+0001      1728
 53550   -0.73478274E+0001   -0.73475250E+0001    0.43497825E+0004      1728
 53600   -0.73467733E+0001   -0.73490798E+0001    0.90037123E+0001      1728
 53650   -0.73469306E+0001   -0.73488310E+0001    0.90774597E+0001      1728
 53700   -0.73470138E+0001   -0.73494460E+0001    0.92557257E+0001      1728
 53750   -0.73475363E+0001   -0.73499196E+0001    0.85858510E+0001      1728
 53800   -0.73479803E+0001   -0.73507517E+0001    0.83229877E+0001      1728
 53850   -0.73475932E+0001   -0.73486566E+0001    0.91614885E+0001      1728
 53900   -0.73476499E+0001   -0.73496839E+0001    0.87597566E+0001      1728
 53950   -0.73468140E+0001   -0.73487483E+0001    0.96278781E+0001      1728
 54000   -0.73470841E+0001   -0.73496125E+0001    0.91905163E+0001      1728
 54050   -0.73470719E+0001   -0.73491184E+0001    0.95622504E+0001      1728
 54100   -0.73477310E+0001   -0.73504643E+0001    0.85753436E+0001      1728
 54150   -0.73502536E+0001   -0.73515505E+0001    0.84931461E+0001      1728
 54200   -0.73471453E+0001   -0.73495642E+0001    0.94350948E+0001      1728
 54250   -0.73474902E+0001   -0.73508261E+0001    0.87696251E+0001      1728
 54300   -0.73487516E+0001   -0.73494299E+0001    0.91748855E+0001      1728
 54350   -0.73487574E+0001   -0.73496010E+0001    0.88005862E+0001      1728
 54400   -0.73489653E+0001   -0.73499662E+0001    0.97391928E+0001      1728
 54450   -0.73485952E+0001   -0.73513026E+0001    0.94380581E+0001      1728
 54500   -0.73489090E+0001   -0.73505692E+0001    0.86516840E+0001      1728
 54550   -0.73484119E+0001   -0.73502943E+0001    0.95512155E+0001      1728
 54600   -0.73472797E+0001   -0.73514415E+0001    0.96532502E+0001      1728
 54650   -0.73477997E+0001   -0.73504473E+0001    0.90742373E+0001      1728
 54700   -0.73478654E+0001   -0.73515138E+0001    0.90840924E+0001      1728
 54750   -0.73478366E+0001   -0.73503410E+0001    0.93685226E+0001      1728
 54800   -0.73482721E+0001   -0.73502627E+0001    0.93978459E+0001      1728
 54850   -0.73485536E+0001   -0.73514238E+0001    0.87291676E+0001      1728
 54900   -0.73493122E+0001   -0.73514118E+0001    0.83147380E+0001      1728
 54950   -0.73495889E+0001   -0.73526001E+0001    0.75221582E+0001      1728
 55000   -0.73490891E+0001   -0.73518521E+0001    0.88829355E+0001      1728
 55050   -0.73491161E+0001   -0.73511512E+0001    0.82551358E+0001      1728
 55100   -0.73488786E+0001   -0.73509119E+0001    0.86076700E+0001      1728
 55150   -0.73493958E+0001   -0.73497329E+0001    0.79342100E+0001      1728
 55200   -0.73491746E+0001   -0.73505299E+0001    0.79843828E+0001      1728
 55250   -0.73491878E+0001   -0.73512872E+0001    0.90019749E+0001      1728
 55300   -0.73492758E+0001   -0.73509456E+0001    0.85715303E+0001      1728
 55350   -0.73494172E+0001   -0.73509002E+0001    0.80108198E+0001      1728
 55400   -0.73493127E+0001   -0.73505920E+0001    0.81883347E+0001      1728
 55450   -0.73490685E+0001   -0.73502359E+0001    0.85821296E+0001      1728
 55500   -0.73488476E+0001   -0.73498409E+0001    0.88237120E+0001      1728
 55550   -0.73492457E+0001   -0.73501354E+0001    0.80694627E+0001      1728
 55600   -0.73495506E+0001   -0.73505303E+0001    0.76243926E+0001      1728
 55650   -0.73490010E+0001   -0.73485368E+0001    0.83380579E+0001      1728
 55700   -0.73489994E+0001   -0.73498900E+0001    0.77398338E+0001      1728
 55750   -0.73491382E+0001   -0.73500342E+0001    0.86471266E+0001      1728
 55800   -0.73490430E+0001   -0.73497294E+0001    0.85991228E+0001      1728
 55850   -0.73501699E+0001   -0.73503176E+0001    0.81325365E+0001      1728
 55900   -0.73499911E+0001   -0.73514395E+0001    0.82606051E+0001      1728
 55950   -0.73495620E+0001   -0.73504511E+0001    0.89623593E+0001      1728
 56000   -0.73498683E+0001   -0.73504196E+0001    0.86069795E+0001      1728
 56050   -0.73487683E+0001   -0.73502029E+0001    0.85339968E+0001      1728
 56100   -0.73491203E+0001   -0.73519852E+0001    0.80805915E+0001      1728
 56150   -0.73495536E+0001   -0.73514784E+0001    0.74620846E+0001      1728
 56200   -0.73487980E+0001   -0.73507566E+0001    0.83780395E+0001      1728
 56250   -0.73487566E+0001   -0.73506856E+0001    0.83121468E+0001      1728
 56300   -0.73487909E+0001   -0.73507307E+0001    0.88178191E+0001      1728
 56350   -0.73487630E+0001   -0.73501321E+0001    0.89323896E+0001      1728
 56400   -0.73480611E+0001   -0.73500892E+0001    0.96245732E+0001      1728
 56450   -0.73482331E+0001   -0.73473336E+0001    0.93288149E+0001      1728
 56500   -0.73487885E+0001   -0.73485532E+0001    0.84858609E+0001      1728
 56550   -0.73489691E+0001   -0.73497675E+0001    0.82210214E+0001      1728
 56600   -0.73492085E+0001   -0.73501919E+0001    0.97665474E+0001      1728
 56650   -0.73486850E+0001   -0.73513250E+0001    0.90867926E+0001      1728
 56700   -0.73486510E+0001   -0.73501276E+0001    0.89082561E+0001      1728
 56750   -0.73489521E+0001   -0.73519230E+0001    0.87122037E+0001      1728
 56800   -0.73490407E+0001   -0.73509624E+0001    0.86590840E+0001      1728
 56850   -0.73502904E+0001   -0.73519381E+0001    0.84073463E+0001      1728
 56900   -0.73507076E+0001   -0.73529247E+0001    0.94539801E+0001      1728
 56950   -0.73509027E+0001   -0.73540556E+0001    0.89445502E+0001      1728
 57000   -0.73513767E+0001   -0.73522154E+0001    0.87215269E+0001      1728
 57050   -0.73524752E+0001   -0.73557067E+0001    0.90414258E+0001      1728
 57100   -0.73527877E+0001   -0.73553532E+0001    0.82833307E+0001      1728
 57150   -0.73528239E+0001   -0.73544070E+0001    0.80409225E+0001      1728
 57200   -0.73523489E+0001   -0.73546467E+0001    0.90030273E+0001      1728
 57250   -0.73523976E+0001   -0.73545901E+0001    0.86910219E+0001      1728
 57300   -0.73535793E+0001   -0.73544096E+0001    0.87872700E+0001      1728
 57350   -0.73513206E+0001   -0.73544444E+0001    0.87277926E+0001      1728
 57400   -0.73541767E+0001   -0.73553020E+0001    0.86141966E+0001      1728
 57450   -0.73543645E+0001   -0.73559919E+0001    0.81471163E+0001      1728
 57500   -0.73542914E+0001   -0.73576285E+0001    0.83162121E+0001      1728
 57550   -0.73543137E+0001   -0.73571453E+0001    0.80803874E+0001      1728
 57600   -0.73535312E+0001   -0.73570847E+0001    0.86360622E+0001      1728
 57650   -0.73529450E+0001   -0.73576166E+0001    0.89646499E+0001      1728
 57700   -0.73542630E+0001   -0.73579378E+0001    0.87196481E+0001      1728
 57750   -0.73542331E+0001   -0.73575495E+0001    0.86558832E+0001      1728
 57800   -0.73543371E+0001   -0.73582419E+0001    0.82456848E+0001      1728
 57850   -0.73556290E+0001   -0.73595854E+0001    0.86075077E+0001      1728
 57900   -0.73567517E+0001   -0.73592430E+0001    0.89611004E+0001      1728
 57950   -0.73555885E+0001   -0.73572774E+0001    0.87865124E+0001      1728
 58000   -0.73555694E+0001   -0.73570945E+0001    0.90100792E+0001      1728
 58050   -0.73567001E+0001   -0.73577066E+0001    0.86179919E+0001      1728
 58100   -0.73560600E+0001   -0.73582613E+0001    0.90677607E+0001      1728
 58150   -0.73535287E+0001   -0.73577767E+0001    0.92533830E+0001      1728
 58200   -0.73549048E+0001   -0.73578368E+0001    0.89789888E+0001      1728
 58250   -0.73554686E+0001   -0.73579116E+0001    0.80838216E+0001      1728
 58300   -0.73559554E+0001   -0.73585865E+0001    0.92783261E+0001      1728
 58350   -0.73561829E+0001   -0.73584304E+0001    0.89986887E+0001      1728
 58400   -0.73561804E+0001   -0.73593334E+0001    0.88348059E+0001      1728
 58450   -0.73546140E+0001   -0.73580106E+0001    0.90705950E+0001      1728
 58500   -0.73563226E+0001   -0.73571463E+0001    0.99238427E+0001      1728
 58550   -0.73553983E+0001   -0.73574151E+0001    0.95885603E+0001      1728
 58600   -0.73557714E+0001   -0.73584603E+0001    0.89077205E+0001      1728
 58650   -0.73553135E+0001   -0.73577219E+0001    0.92624648E+0001      1728
 58700   -0.73538953E+0001   -0.73571501E+0001    0.96526247E+0001      1728
 58750   -0.73554677E+0001   -0.73571901E+0001    0.92333590E+0001      1728
 58800   -0.73551317E+0001   -0.73565038E+0001    0.95436658E+0001      1728
 58850   -0.73547672E+0001   -0.73554121E+0001    0.93101268E+0001      1728
 58900   -0.73549209E+0001   -0.73571914E+0001    0.87997882E+0001      1728
 58950   -0.73553642E+0001   -0.73573224E+0001    0.97040260E+0001      1728
 59000   -0.73543586E+0001   -0.73572328E+0001    0.96862926E+0001      1728
 59050   -0.73549393E+0001   -0.73566383E+0001    0.88732591E+0001      1728
 59100   -0.73548217E+0001   -0.73571723E+0001    0.91743061E+0001      1728
 59150   -0.73558382E+0001   -0.73586257E+0001    0.93339942E+0001      1728
 59200   -0.73560908E+0001   -0.73587258E+0001    0.88958636E+0001      1728
 59250   -0.73557707E+0001   -0.73571137E+0001    0.92888549E+0001      1728
 59300   -0.73556541E+0001   -0.73573438E+0001    0.94119563E+0001      1728
 59350   -0.73543203E+0001   -0.73574952E+0001    0.94138495E+0001      1728
 59400   -0.73549404E+0001   -0.73575789E+0001    0.88763705E+0001      1728
 59450   -0.73548897E+0001   -0.73543608E+0001    0.87424405E+0001      1728
 59500   -0.73540634E+0001   -0.73557756E+0001    0.96966592E+0001      1728
 59550   -0.73556928E+0001   -0.73567339E+0001    0.91475532E+0001      1728
 59600   -0.73533443E+0001   -0.73566808E+0001    0.10098516E+0002      1728
 59650   -0.73559750E+0001   -0.73579493E+0001    0.10016389E+0002      1728
 59700   -0.73564089E+0001   -0.73573261E+0001    0.93849857E+0001      1728
 59750   -0.73562681E+0001   -0.73569982E+0001    0.96402702E+0001      1728
 59800   -0.73542831E+0001   -0.73555052E+0001    0.10456278E+0002      1728
 59850   -0.73531705E+0001   -0.73569809E+0001    0.10299839E+0002      1728
 59900   -0.73533310E+0001   -0.73571623E+0001    0.10186781E+0002      1728
 59950   -0.73511772E+0001   -0.73538555E+0001    0.10721510E+0002      1728
 60000   -0.73515719E+0001   -0.73519109E+0001    0.10101654E+0002      1728
 60050   -0.73499891E+0001   -0.73541472E+0001    0.10840071E+0002      1728
 60100   -0.73495949E+0001   -0.73537025E+0001    0.95433288E+0001      1728
 60150   -0.73495824E+0001   -0.73544064E+0001    0.96016680E+0001      1728
 60200   -0.73491309E+0001   -0.73531441E+0001    0.97619836E+0001      1728
 60250   -0.73495215E+0001   -0.73519516E+0001    0.10905032E+0002      1728
 60300   -0.73502526E+0001   -0.73532575E+0001    0.10152078E+0002      1728
 60350   -0.73513770E+0001   -0.73517324E+0001    0.10062332E+0002      1728
 60400   -0.73523363E+0001   -0.73525713E+0001    0.99277020E+0001      1728
 60450   -0.73498519E+0001   -0.73519311E+0001    0.10195693E+0002      1728
 60500   -0.73501777E+0001   -0.73525791E+0001    0.10095476E+0002      1728
 60550   -0.73504842E+0001   -0.73525453E+0001    0.99027265E+0001      1728
 60600   -0.73489497E+0001   -0.73514136E+0001    0.10732050E+0002      1728
 60650   -0.73499110E+0001   -0.73505302E+0001    0.10798008E+0002      1728
 60700   -0.73517627E+0001   -0.73527622E+0001    0.10230916E+0002      1728
 60750   -0.73512224E+0001   -0.73535087E+0001    0.10724515E+0002      1728
 60800   -0.73514120E+0001   -0.73534721E+0001    0.10156490E+0002      1728
 60850   -0.73518271E+0001   -0.73529394E+0001    0.98744149E+0001      1728
 60900   -0.73516517E+0001   -0.73523314E+0001    0.10368836E+0002      1728
 60950   -0.73517672E+0001   -0.73522973E+0001    0.10278099E+0002      1728
 61000   -0.73520988E+0001   -0.73527623E+0001    0.97587452E+0001      1728
 61050   -0.73526571E+0001   -0.73529668E+0001    0.97098468E+0001      1728
 61100   -0.73522784E+0001   -0.73536558E+0001    0.10040485E+0002      1728
 61150   -0.73529147E+0001   -0.73531486E+0001    0.93469854E+0001      1728
 61200   -0.73530518E+0001   -0.73551408E+0001    0.10057613E+0002      1728
 61250   -0.73533934E+0001   -0.73550648E+0001    0.96370064E+0001      1728
 61300   -0.73537406E+0001   -0.73546627E+0001    0.89251792E+0001      1728
 61350   -0.73538548E+0001   -0.73556822E+0001    0.86562177E+0001      1728
 61400   -0.73549851E+0001   -0.73575311E+0001    0.95946742E+0001      1728
 61450   -0.73522094E+0001   -0.73569673E+0001    0.97832880E+0001      1728
 61500   -0.73536758E+0001   -0.73558523E+0001    0.97046583E+0001      1728
 61550   -0.73521392E+0001   -0.73574439E+0001    0.99271066E+0001      1728
 61600   -0.73535480E+0001   -0.73540041E+0001    0.94665981E+0001      1728
 61650   -0.73527013E+0001   -0.73541513E+0001    0.92158232E+0001      1728
 61700   -0.73507920E+0001   -0.73516483E+0001    0.98352056E+0001      1728
 61750   -0.73521834E+0001   -0.73541803E+0001    0.98564850E+0001      1728
 61800   -0.73519963E+0001   -0.73550400E+0001    0.99831410E+0001      1728
 61850   -0.73533302E+0001   -0.73550798E+0001    0.10070588E+0002      1728
 61900   -0.73523548E+0001   -0.73543689E+0001    0.97775034E+0001      1728
 61950   -0.73509517E+0001   -0.73534862E+0001    0.10323962E+0002      1728
 62000   -0.73509701E+0001   -0.73521546E+0001    0.99454741E+0001      1728
 62050   -0.73520559E+0001   -0.73524836E+0001    0.10220784E+0002      1728
 62100   -0.73497952E+0001   -0.73518479E+0001    0.97835663E+0001      1728
 62150   -0.73508195E+0001   -0.73514503E+0001    0.98679393E+0001      1728
 62200   -0.73512669E+0001   -0.73523779E+0001    0.90812744E+0001      1728
 62250   -0.73494640E+0001   -0.73518997E+0001    0.10009871E+0002      1728
 62300   -0.73494617E+0001   -0.73511208E+0001    0.93585169E+0001      1728
 62350   -0.73508491E+0001   -0.73516701E+0001    0.93399372E+0001      1728
 62400   -0.73509658E+0001   -0.73513461E+0001    0.92902559E+0001      1728
 62450   -0.73506840E+0001   -0.73509718E+0001    0.96491251E+0001      1728
 62500   -0.73507834E+0001   -0.73515613E+0001    0.93888625E+0001      1728
 62550   -0.73499648E+0001   -0.73511640E+0001    0.10323390E+0002      1728
 62600   -0.73504974E+0001   -0.73517028E+0001    0.94953457E+0001      1728
 62650   -0.73487009E+0001   -0.73512115E+0001    0.98881886E+0001      1728
 62700   -0.73488935E+0001   -0.73512402E+0001    0.97170110E+0001      1728
 62750   -0.73484741E+0001   -0.73517968E+0001    0.97695356E+0001      1728
 62800   -0.73488611E+0001   -0.73514258E+0001    0.98146088E+0001      1728
 62850   -0.73504589E+0001   -0.73525012E+0001    0.10485171E+0002      1728
 62900   -0.73509630E+0001   -0.73545062E+0001    0.99308191E+0001      1728
 62950   -0.73503636E+0001   -0.73532519E+0001    0.94271664E+0001      1728
 63000   -0.73502610E+0001   -0.73533766E+0001    0.10186110E+0002      1728
 63050   -0.73494332E+0001   -0.73540545E+0001    0.43512790E+0004      1728
 63100   -0.73493955E+0001   -0.73536058E+0001    0.96600444E+0001      1728
 63150   -0.73504078E+0001   -0.73541509E+0001    0.98693414E+0001      1728
 63200   -0.73502731E+0001   -0.73534870E+0001    0.10067327E+0002      1728
 63250   -0.73505418E+0001   -0.73529477E+0001    0.94007651E+0001      1728
 63300   -0.73494929E+0001   -0.73530980E+0001    0.10026052E+0002      1728
 63350   -0.73497940E+0001   -0.73529426E+0001    0.93071572E+0001      1728
 63400   -0.73503071E+0001   -0.73515146E+0001    0.97083718E+0001      1728
 63450   -0.73508222E+0001   -0.73519000E+0001    0.90578982E+0001      1728
 63500   -0.73492694E+0001   -0.73516168E+0001    0.98156385E+0001      1728
 63550   -0.73468741E+0001   -0.73509351E+0001    0.94117132E+0001      1728
 63600   -0.73493163E+0001   -0.73511402E+0001    0.95662556E+0001      1728
 63650   -0.73454519E+0001   -0.73512689E+0001    0.99204659E+0001      1728
 63700   -0.73455852E+0001   -0.73519089E+0001    0.93668108E+0001      1728
 63750   -0.73476540E+0001   -0.73519295E+0001    0.97525331E+0001      1728
 63800   -0.73473166E+0001   -0.73505031E+0001    0.96416601E+0001      1728
 63850   -0.73459371E+0001   -0.73474349E+0001    0.99955459E+0001      1728
 63900   -0.73460560E+0001   -0.73486161E+0001    0.95084848E+0001      1728
 63950   -0.73455509E+0001   -0.73476185E+0001    0.10036921E+0002      1728
 64000   -0.73461754E+0001   -0.73483674E+0001    0.96790682E+0001      1728
