     1   -0.39239676E+0001   -0.39245300E+0001    0.18566393E+0001     12007
    50   -0.39242900E+0001   -0.39298692E+0001    0.14116425E+0001     12428
   100   -0.39282693E+0001   -0.39336855E+0001    0.10788680E+0001     12844
   150   -0.39314934E+0001   -0.39352871E+0001    0.94087868E+0000     13359
   200   -0.39335202E+0001   -0.39364714E+0001    0.80940952E+0000     13785
   250   -0.39349137E+0001   -0.39374787E+0001    0.68633115E+0000     14105
   300   -0.39361084E+0001   -0.39383216E+0001    0.60119018E+0000     14482
   350   -0.39370113E+0001   -0.39389901E+0001    0.48618513E+0000     14916
   400   -0.39378423E+0001   -0.39392095E+0001    0.46055874E+0000     15388
     1   -0.39239647E+0001   -0.39245556E+0001    0.18566393E+0001     11992
    50   -0.39237263E+0001   -0.39290728E+0001    0.14393136E+0001     12250
   100   -0.39267245E+0001   -0.39320487E+0001    0.12015074E+0001     12801
   150   -0.39296845E+0001   -0.39343178E+0001    0.10113620E+0001     13652
   200   -0.39317144E+0001   -0.39356581E+0001    0.90312639E+0000     14093
   250   -0.39332307E+0001   -0.39365915E+0001    0.78522044E+0000     14321
   300   -0.39348005E+0001   -0.39377292E+0001    0.64359626E+0000     14506
   350   -0.39359041E+0001   -0.39382125E+0001    0.62301029E+0000     14519
   400   -0.39367478E+0001   -0.39390106E+0001    0.57411462E+0000     14595
     1   -0.39239556E+0001   -0.39245432E+0001    0.18566393E+0001     12001
    50   -0.39232881E+0001   -0.39288294E+0001    0.15018133E+0001     12085
   100   -0.39260706E+0001   -0.39314082E+0001    0.13018125E+0001     12546
   150   -0.39290332E+0001   -0.39332395E+0001    0.11070867E+0001     12959
   200   -0.39308748E+0001   -0.39347319E+0001    0.10128471E+0001     13274
   250   -0.39323480E+0001   -0.39356097E+0001    0.83600430E+0000     13818
   300   -0.39337444E+0001   -0.39364516E+0001    0.82602042E+0000     13844
   350   -0.39347102E+0001   -0.39376474E+0001    0.71110495E+0000     13979
   400   -0.39354767E+0001   -0.39378107E+0001    0.67261771E+0000     14225
     1   -0.39239468E+0001   -0.39245512E+0001    0.18566393E+0001     11997
    50   -0.39229809E+0001   -0.39286287E+0001    0.15003470E+0001     12500
   100   -0.39256587E+0001   -0.39315774E+0001    0.12912718E+0001     13270
   150   -0.39291715E+0001   -0.39338756E+0001    0.10981780E+0001     13949
   200   -0.39311226E+0001   -0.39348802E+0001    0.98969784E+0000     14846
   250   -0.39321661E+0001   -0.39359610E+0001    0.90462406E+0000     15542
   300   -0.39332677E+0001   -0.39363367E+0001    0.77172264E+0000     15865
   350   -0.39348299E+0001   -0.39373347E+0001    0.69715075E+0000     16220
   400   -0.39359826E+0001   -0.39378128E+0001    0.63533369E+0000     16806
     1   -0.39239387E+0001   -0.39245793E+0001    0.18566393E+0001     12007
    50   -0.39227454E+0001   -0.39278645E+0001    0.15508931E+0001     12347
   100   -0.39250342E+0001   -0.39311776E+0001    0.13710572E+0001     13095
   150   -0.39277003E+0001   -0.39333005E+0001    0.11977595E+0001     13706
   200   -0.39304421E+0001   -0.39346753E+0001    0.10616841E+0001     14042
   250   -0.39325502E+0001   -0.39357244E+0001    0.95931743E+0000     14394
   300   -0.39336907E+0001   -0.39363994E+0001    0.82523061E+0000     15216
   350   -0.39346762E+0001   -0.39375733E+0001    0.76049893E+0000     15512
   400   -0.39357990E+0001   -0.39382941E+0001    0.65076934E+0000     15827
     1   -0.39239348E+0001   -0.39245602E+0001    0.18566393E+0001     12003
    50   -0.39222143E+0001   -0.39272513E+0001    0.16166553E+0001     12002
   100   -0.39235111E+0001   -0.39288294E+0001    0.14867686E+0001     12889
   150   -0.39256405E+0001   -0.39311649E+0001    0.13116420E+0001     13453
   200   -0.39288332E+0001   -0.39331549E+0001    0.11702724E+0001     14020
   250   -0.39303663E+0001   -0.39339030E+0001    0.10687735E+0001     14568
   300   -0.39315187E+0001   -0.39348443E+0001    0.93248215E+0000     15194
   350   -0.39327253E+0001   -0.39364923E+0001    0.73970385E+0000     15729
   400   -0.39338758E+0001   -0.39372268E+0001    0.69396245E+0000     16052
     1   -0.39239220E+0001   -0.39245481E+0001    0.18566393E+0001     12008
    50   -0.39218688E+0001   -0.39278626E+0001    0.15198386E+0001     12289
   100   -0.39244315E+0001   -0.39303704E+0001    0.14061617E+0001     12773
   150   -0.39264555E+0001   -0.39319100E+0001    0.11700983E+0001     13019
   200   -0.39283655E+0001   -0.39327690E+0001    0.11757760E+0001     13382
   250   -0.39295895E+0001   -0.39337001E+0001    0.97928098E+0000     13749
   300   -0.39309792E+0001   -0.39344026E+0001    0.94586391E+0000     14292
   350   -0.39319441E+0001   -0.39349995E+0001    0.88338999E+0000     14659
   400   -0.39324889E+0001   -0.39351799E+0001    0.86746470E+0000     14834
     1   -0.39239235E+0001   -0.39245876E+0001    0.18566393E+0001     12010
    50   -0.39215377E+0001   -0.39276789E+0001    0.15782110E+0001     12272
   100   -0.39238261E+0001   -0.39310890E+0001    0.13241312E+0001     13104
   150   -0.39277423E+0001   -0.39336974E+0001    0.11047531E+0001     13913
   200   -0.39302870E+0001   -0.39349318E+0001    0.95554872E+0000     14535
   250   -0.39324350E+0001   -0.39361730E+0001    0.85780428E+0000     15232
   300   -0.39334002E+0001   -0.39371993E+0001    0.71609938E+0000     15788
   350   -0.39345822E+0001   -0.39377005E+0001    0.74911098E+0000     16192
   400   -0.39358439E+0001   -0.39383154E+0001    0.64402708E+0000     16483
     1   -0.39239237E+0001   -0.39245334E+0001    0.18566393E+0001     11997
    50   -0.39211735E+0001   -0.39276092E+0001    0.16630792E+0001     12187
   100   -0.39229917E+0001   -0.39299510E+0001    0.13682636E+0001     12777
   150   -0.39272456E+0001   -0.39319068E+0001    0.12757459E+0001     13676
   200   -0.39284330E+0001   -0.39330716E+0001    0.11252447E+0001     14045
   250   -0.39299077E+0001   -0.39335429E+0001    0.10796221E+0001     14758
   300   -0.39304550E+0001   -0.39345008E+0001    0.95772428E+0000     15243
   350   -0.39313160E+0001   -0.39354347E+0001    0.88911666E+0000     15930
   400   -0.39323088E+0001   -0.39363280E+0001    0.88341235E+0000     16534
     1   -0.39239144E+0001   -0.39245291E+0001    0.18566393E+0001     12000
    50   -0.39211730E+0001   -0.39274920E+0001    0.15404460E+0001     12419
   100   -0.39238470E+0001   -0.39297385E+0001    0.14120842E+0001     13420
   150   -0.39252972E+0001   -0.39309202E+0001    0.13516868E+0001     14031
   200   -0.39264546E+0001   -0.39330130E+0001    0.12239008E+0001     14740
   250   -0.39292880E+0001   -0.39345171E+0001    0.10687018E+0001     15696
   300   -0.39310950E+0001   -0.39351775E+0001    0.95504317E+0000     16363
   350   -0.39330058E+0001   -0.39365228E+0001    0.79202357E+0000     16907
   400   -0.39342537E+0001   -0.39371647E+0001    0.76247644E+0000     17628
     1   -0.39239131E+0001   -0.39245325E+0001    0.18566393E+0001     12001
    50   -0.39209945E+0001   -0.39268367E+0001    0.16503917E+0001     12117
   100   -0.39219833E+0001   -0.39285731E+0001    0.14665018E+0001     12873
   150   -0.39249584E+0001   -0.39311320E+0001    0.13019531E+0001     13174
   200   -0.39270397E+0001   -0.39325129E+0001    0.10980050E+0001     13939
   250   -0.39294137E+0001   -0.39336664E+0001    0.10251061E+0001     14790
   300   -0.39308169E+0001   -0.39344031E+0001    0.94885402E+0000     15034
   350   -0.39314609E+0001   -0.39346538E+0001    0.96784010E+0000     15240
   400   -0.39320654E+0001   -0.39353887E+0001    0.94801169E+0000     15655
     1   -0.39239048E+0001   -0.39245899E+0001    0.18566393E+0001     12005
    50   -0.39207023E+0001   -0.39270951E+0001    0.16726263E+0001     12392
   100   -0.39213258E+0001   -0.39269486E+0001    0.16386344E+0001     13191
   150   -0.39217339E+0001   -0.39280978E+0001    0.15410580E+0001     14024
   200   -0.39239622E+0001   -0.39292524E+0001    0.14429017E+0001     14821
   250   -0.39257188E+0001   -0.39295102E+0001    0.13838613E+0001     15580
   300   -0.39261415E+0001   -0.39303334E+0001    0.13040231E+0001     16145
   350   -0.39260248E+0001   -0.39305054E+0001    0.12723761E+0001     16666
   400   -0.39262973E+0001   -0.39309678E+0001    0.12349783E+0001     17329
     1   -0.39239061E+0001   -0.39245390E+0001    0.18566393E+0001     11996
    50   -0.39205124E+0001   -0.39270337E+0001    0.16095504E+0001     12027
   100   -0.39217823E+0001   -0.39293297E+0001    0.14725920E+0001     12594
   150   -0.39247808E+0001   -0.39301164E+0001    0.14204878E+0001     13111
   200   -0.39256158E+0001   -0.39311758E+0001    0.12991090E+0001     13787
   250   -0.39269142E+0001   -0.39319461E+0001    0.12281996E+0001     14155
   300   -0.39281328E+0001   -0.39330504E+0001    0.10668866E+0001     15003
   350   -0.39292932E+0001   -0.39331109E+0001    0.10959591E+0001     15728
   400   -0.39299048E+0001   -0.39337280E+0001    0.96900034E+0000     16231
     1   -0.39239026E+0001   -0.39248167E+0001    0.18566393E+0001     12004
    50   -0.39202316E+0001   -0.39262302E+0001    0.16877591E+0001     12157
   100   -0.39199468E+0001   -0.39265879E+0001    0.17015123E+0001     12615
   150   -0.39204274E+0001   -0.39278341E+0001    0.15571397E+0001     13274
   200   -0.39222090E+0001   -0.39268952E+0001    0.14999582E+0001     14326
   250   -0.39217088E+0001   -0.39262866E+0001    0.14263416E+0001     14886
   300   -0.39215884E+0001   -0.39273121E+0001    0.13945792E+0001     15574
   350   -0.39211718E+0001   -0.39268816E+0001    0.13830330E+0001     16119
   400   -0.39209384E+0001   -0.39281096E+0001    0.12411605E+0001     16714
   450   -0.39223314E+0001   -0.39282543E+0001    0.12300236E+0001     17338
   500   -0.39233317E+0001   -0.39286753E+0001    0.12494530E+0001     18144
   550   -0.39232301E+0001   -0.39292810E+0001    0.11793195E+0001     18844
   600   -0.39235331E+0001   -0.39300139E+0001    0.11272032E+0001     19746
     1   -0.39239003E+0001   -0.39246154E+0001    0.18566393E+0001     12001
    50   -0.39201137E+0001   -0.39257168E+0001    0.16674783E+0001     12191
   100   -0.39203533E+0001   -0.39259138E+0001    0.15851143E+0001     13378
   150   -0.39210312E+0001   -0.39267412E+0001    0.14669735E+0001     14354
   200   -0.39210960E+0001   -0.39270619E+0001    0.14556415E+0001     14899
   250   -0.39216722E+0001   -0.39271212E+0001    0.14440086E+0001     15662
   300   -0.39219881E+0001   -0.39279505E+0001    0.14027401E+0001     16219
   350   -0.39225859E+0001   -0.39273603E+0001    0.13805499E+0001     16596
   400   -0.39231087E+0001   -0.39287527E+0001    0.12893655E+0001     17195
   450   -0.39236854E+0001   -0.39280842E+0001    0.12774486E+0001     17764
   500   -0.39235619E+0001   -0.39280769E+0001    0.13013830E+0001     18770
   550   -0.39230178E+0001   -0.39296664E+0001    0.12661860E+0001     19327
   600   -0.39228386E+0001   -0.39299782E+0001    0.11565788E+0001     19691
     1   -0.39238994E+0001   -0.39246806E+0001    0.18566393E+0001     12007
    50   -0.39199877E+0001   -0.39259759E+0001    0.16850864E+0001     12408
   100   -0.39200393E+0001   -0.39262961E+0001    0.16500536E+0001     13276
   150   -0.39203660E+0001   -0.39261466E+0001    0.15902473E+0001     14199
   200   -0.39210539E+0001   -0.39276054E+0001    0.14896531E+0001     14802
   250   -0.39217096E+0001   -0.39288778E+0001    0.14361328E+0001     15950
   300   -0.39223105E+0001   -0.39287313E+0001    0.14162841E+0001     16506
   350   -0.39237996E+0001   -0.39288095E+0001    0.13446860E+0001     17137
   400   -0.39242048E+0001   -0.39304070E+0001    0.12256203E+0001     18046
     1   -0.39238980E+0001   -0.39245817E+0001    0.18566393E+0001     11998
    50   -0.39198756E+0001   -0.39265779E+0001    0.16308943E+0001     12348
   100   -0.39211214E+0001   -0.39277027E+0001    0.15434895E+0001     13207
   150   -0.39224675E+0001   -0.39285687E+0001    0.13969266E+0001     14086
   200   -0.39238943E+0001   -0.39304836E+0001    0.13076071E+0001     14529
   250   -0.39255498E+0001   -0.39302442E+0001    0.12787784E+0001     15460
   300   -0.39257970E+0001   -0.39301445E+0001    0.12613654E+0001     16108
   350   -0.39259518E+0001   -0.39306214E+0001    0.12403805E+0001     16733
   400   -0.39266166E+0001   -0.39307418E+0001    0.12187623E+0001     17683
     1   -0.39238963E+0001   -0.39245744E+0001    0.18566393E+0001     12001
    50   -0.39195559E+0001   -0.39254157E+0001    0.16945381E+0001     12415
   100   -0.39193417E+0001   -0.39262850E+0001    0.16358518E+0001     13403
   150   -0.39203139E+0001   -0.39260314E+0001    0.16660193E+0001     14347
   200   -0.39199994E+0001   -0.39269152E+0001    0.15929480E+0001     15338
   250   -0.39213503E+0001   -0.39266462E+0001    0.16031607E+0001     16330
   300   -0.39199414E+0001   -0.39269497E+0001    0.15742269E+0001     16764
   350   -0.39193929E+0001   -0.39270683E+0001    0.15166818E+0001     17644
   400   -0.39198623E+0001   -0.39264278E+0001    0.14947622E+0001     18180
   450   -0.39199207E+0001   -0.39269413E+0001    0.14651338E+0001     18772
   500   -0.39202323E+0001   -0.39269562E+0001    0.14540099E+0001     19976
   550   -0.39194123E+0001   -0.39252151E+0001    0.14661753E+0001     20586
   600   -0.39182746E+0001   -0.39245923E+0001    0.14551062E+0001     21166
   650   -0.39176314E+0001   -0.39248337E+0001    0.14351877E+0001     22239
   700   -0.39175143E+0001   -0.39241831E+0001    0.14787139E+0001     22876
   750   -0.39169959E+0001   -0.39245176E+0001    0.14883860E+0001     24116
   800   -0.39165443E+0001   -0.39222512E+0001    0.15532646E+0001     24824
   850   -0.39150970E+0001   -0.39214588E+0001    0.15302622E+0001     25853
   900   -0.39137575E+0001   -0.39200219E+0001    0.15749457E+0001     27138
   950   -0.39129590E+0001   -0.39199312E+0001    0.16253430E+0001     28105
  1000   -0.39118169E+0001   -0.39190071E+0001    0.16655638E+0001     28679
  1050   -0.39099545E+0001   -0.39174115E+0001    0.16855702E+0001     29526
  1100   -0.39080725E+0001   -0.39161168E+0001    0.17397472E+0001     30442
  1150   -0.39072304E+0001   -0.39146656E+0001    0.17591390E+0001     31906
  1200   -0.39058972E+0001   -0.39143258E+0001    0.17687514E+0001     33268
  1250   -0.39042354E+0001   -0.39145163E+0001    0.17786676E+0001     34348
  1300   -0.39033682E+0001   -0.39130546E+0001    0.17678469E+0001     35033
  1350   -0.39027856E+0001   -0.39113230E+0001    0.17881413E+0001     35823
  1400   -0.39020231E+0001   -0.39096079E+0001    0.18029128E+0001     37131
  1450   -0.38995227E+0001   -0.39076400E+0001    0.18870452E+0001     38635
  1500   -0.38961792E+0001   -0.39047851E+0001    0.19291828E+0001     39633
  1550   -0.38930233E+0001   -0.39020028E+0001    0.19883791E+0001     41086
  1600   -0.38900087E+0001   -0.38989788E+0001    0.20164974E+0001     42401
  1601   -0.38903386E+0001   -0.38903386E+0001    0.21388853E+0001     12000
  1650   -0.38969016E+0001   -0.39035193E+0001    0.19111954E+0001     12052
  1700   -0.38925641E+0001   -0.39013989E+0001    0.19470196E+0001     12397
  1750   -0.38897773E+0001   -0.38990957E+0001    0.19935856E+0001     12816
  1800   -0.38880892E+0001   -0.38968788E+0001    0.20601697E+0001     13317
  1850   -0.38852918E+0001   -0.38937387E+0001    0.21150743E+0001     13676
  1900   -0.38822649E+0001   -0.38911392E+0001    0.21437846E+0001     14359
  1950   -0.38788571E+0001   -0.38910742E+0001    0.21032297E+0001     14660
  2000   -0.38799440E+0001   -0.38900106E+0001    0.21346320E+0001     15337
  2050   -0.38767974E+0001   -0.38884473E+0001    0.21507655E+0001     15683
  2100   -0.38736171E+0001   -0.38864187E+0001    0.22007026E+0001     16473
  2150   -0.38723885E+0001   -0.38841426E+0001    0.22047638E+0001     17077
  2200   -0.38694306E+0001   -0.38802208E+0001    0.22736491E+0001     17548
  2250   -0.38657797E+0001   -0.38752535E+0001    0.23096659E+0001     18145
  2300   -0.38608830E+0001   -0.38718232E+0001    0.23635822E+0001     18946
  2350   -0.38547468E+0001   -0.38686756E+0001    0.24210946E+0001     19394
  2400   -0.38479844E+0001   -0.38613935E+0001    0.24497753E+0001     19911
  2450   -0.38425730E+0001   -0.38563724E+0001    0.24803875E+0001     20642
  2500   -0.38371105E+0001   -0.38513840E+0001    0.25081066E+0001     21370
  2550   -0.38307734E+0001   -0.38438281E+0001    0.25186401E+0001     22105
  2600   -0.38226901E+0001   -0.38394814E+0001    0.25540736E+0001     22946
  2650   -0.38153415E+0001   -0.38324529E+0001    0.25481857E+0001     23596
  2700   -0.38077844E+0001   -0.38274119E+0001    0.25839994E+0001     24363
  2750   -0.38028558E+0001   -0.38246046E+0001    0.26156097E+0001     25391
  2800   -0.37969229E+0001   -0.38188527E+0001    0.26520574E+0001     26018
  2850   -0.37883315E+0001   -0.38062647E+0001    0.26689181E+0001     26620
  2900   -0.37784285E+0001   -0.37968656E+0001    0.26785177E+0001     27243
  2950   -0.37675951E+0001   -0.37882008E+0001    0.26959550E+0001     28455
  3000   -0.37541038E+0001   -0.37813185E+0001    0.26974340E+0001     29388
  3050   -0.37385713E+0001   -0.37688645E+0001    0.27043269E+0001     30415
  3100   -0.37230754E+0001   -0.37598001E+0001    0.27142535E+0001     31721
  3150   -0.37079396E+0001   -0.37528374E+0001    0.26941352E+0001     32510
  3200   -0.36952149E+0001   -0.37381886E+0001    0.26800258E+0001     33734
  3201   -0.36957714E+0001   -0.36957714E+0001    0.27829864E+0001     12000
  3250   -0.37071018E+0001   -0.37161584E+0001    0.26441588E+0001     11914
  3300   -0.36970935E+0001   -0.37099388E+0001    0.26760567E+0001     12136
  3350   -0.36879605E+0001   -0.37028841E+0001    0.26631274E+0001     12285
  3400   -0.36792712E+0001   -0.36950795E+0001    0.26808406E+0001     12606
  3450   -0.36709160E+0001   -0.36869920E+0001    0.26296672E+0001     12959
  3500   -0.36624246E+0001   -0.36779232E+0001    0.26013538E+0001     13560
  3550   -0.36540967E+0001   -0.36716373E+0001    0.25789365E+0001     13836
  3600   -0.36454700E+0001   -0.36654218E+0001    0.25877628E+0001     14229
  3650   -0.36360645E+0001   -0.36582203E+0001    0.25513507E+0001     14598
  3700   -0.36271645E+0001   -0.36501993E+0001    0.25295849E+0001     15138
  3750   -0.36206513E+0001   -0.36382654E+0001    0.24980515E+0001     15503
  3800   -0.36129585E+0001   -0.36302655E+0001    0.24568154E+0001     16162
  3850   -0.36026584E+0001   -0.36215071E+0001    0.24213402E+0001     16419
  3900   -0.35923874E+0001   -0.36171862E+0001    0.23833429E+0001     16923
  3950   -0.35822251E+0001   -0.36063659E+0001    0.23146903E+0001     17524
  4000   -0.35736680E+0001   -0.35979615E+0001    0.22815288E+0001     18064
  4050   -0.35672122E+0001   -0.35861899E+0001    0.22456812E+0001     18682
  4100   -0.35597309E+0001   -0.35748634E+0001    0.21775731E+0001     19216
  4150   -0.35521193E+0001   -0.35661781E+0001    0.21133721E+0001     19794
  4200   -0.35439412E+0001   -0.35579393E+0001    0.20757209E+0001     20100
  4250   -0.35336523E+0001   -0.35510188E+0001    0.20260249E+0001     20463
  4300   -0.35241701E+0001   -0.35438614E+0001    0.19613586E+0001     20976
  4350   -0.35166508E+0001   -0.35348119E+0001    0.19426787E+0001     21476
  4400   -0.35100575E+0001   -0.35309879E+0001    0.18890633E+0001     22054
  4450   -0.35037219E+0001   -0.35218314E+0001    0.18276383E+0001     22550
  4500   -0.34978559E+0001   -0.35151778E+0001    0.17884803E+0001     23256
  4550   -0.34919024E+0001   -0.35070042E+0001    0.17395132E+0001     23545
  4600   -0.34861331E+0001   -0.35002321E+0001    0.16910619E+0001     23843
  4650   -0.34806698E+0001   -0.34944937E+0001    0.16582301E+0001     24307
  4700   -0.34754163E+0001   -0.34867031E+0001    0.16139603E+0001     24822
  4750   -0.34704583E+0001   -0.34846873E+0001    0.15483909E+0001     25086
  4800   -0.34658238E+0001   -0.34802252E+0001    0.15227765E+0001     25963
  4801   -0.34659928E+0001   -0.34659928E+0001    0.15362025E+0001     12000
  4850   -0.34695108E+0001   -0.34750093E+0001    0.15397529E+0001     12019
  4900   -0.34657041E+0001   -0.34725684E+0001    0.15234033E+0001     11909
  4950   -0.34616716E+0001   -0.34696064E+0001    0.14878014E+0001     12026
  5000   -0.34577171E+0001   -0.34663472E+0001    0.14144915E+0001     12329
  5050   -0.34537747E+0001   -0.34641308E+0001    0.13775095E+0001     12538
  5100   -0.34492848E+0001   -0.34606307E+0001    0.13170413E+0001     12760
  5150   -0.34443672E+0001   -0.34571956E+0001    0.13031837E+0001     12904
  5200   -0.34401392E+0001   -0.34530778E+0001    0.12680492E+0001     13389
  5250   -0.34367019E+0001   -0.34482964E+0001    0.12482647E+0001     13801
  5300   -0.34335975E+0001   -0.34433982E+0001    0.12269206E+0001     14090
  5350   -0.34307526E+0001   -0.34402867E+0001    0.11769140E+0001     14238
  5400   -0.34278595E+0001   -0.34384624E+0001    0.11504111E+0001     14540
  5450   -0.34250800E+0001   -0.34361036E+0001    0.11167654E+0001     14859
  5500   -0.34226336E+0001   -0.34330945E+0001    0.10523303E+0001     15268
  5550   -0.34203831E+0001   -0.34287860E+0001    0.10374364E+0001     15161
  5600   -0.34182072E+0001   -0.34267118E+0001    0.10138286E+0001     15302
  5650   -0.34158133E+0001   -0.34241165E+0001    0.97585850E+0000     15443
  5700   -0.34133330E+0001   -0.34212731E+0001    0.97920966E+0000     15504
  5750   -0.34109570E+0001   -0.34193057E+0001    0.93364922E+0000     15992
  5800   -0.34086705E+0001   -0.34168542E+0001    0.88786200E+0000     16433
  5850   -0.34067899E+0001   -0.34152505E+0001    0.87366248E+0000     16736
  5900   -0.34051272E+0001   -0.34130340E+0001    0.86049606E+0000     17159
  5950   -0.34034216E+0001   -0.34107025E+0001    0.84785984E+0000     17347
  6000   -0.34018157E+0001   -0.34100044E+0001    0.82554632E+0000     17723
  6050   -0.34002691E+0001   -0.34081145E+0001    0.80228361E+0000     17879
  6100   -0.33987609E+0001   -0.34067011E+0001    0.78026651E+0000     18245
  6150   -0.33974387E+0001   -0.34058645E+0001    0.77979511E+0000     18665
  6200   -0.33963049E+0001   -0.34046706E+0001    0.75359419E+0000     18998
  6250   -0.33952679E+0001   -0.34034601E+0001    0.74353551E+0000     19250
  6300   -0.33943372E+0001   -0.34018286E+0001    0.71899352E+0000     19599
  6350   -0.33934812E+0001   -0.33994867E+0001    0.72308603E+0000     20181
  6400   -0.33926811E+0001   -0.33983752E+0001    0.71034391E+0000     20551
  6401   -0.33927130E+0001   -0.33927130E+0001    0.65962118E+0000     12000
  6450   -0.33933766E+0001   -0.33958320E+0001    0.67412280E+0000     11960
  6500   -0.33927286E+0001   -0.33956489E+0001    0.68400910E+0000     12029
  6550   -0.33920406E+0001   -0.33950214E+0001    0.66425531E+0000     12032
  6600   -0.33913180E+0001   -0.33945089E+0001    0.68335959E+0000     12290
  6650   -0.33906555E+0001   -0.33942877E+0001    0.65633947E+0000     12319
  6700   -0.33899637E+0001   -0.33939703E+0001    0.63696098E+0000     12688
  6750   -0.33892465E+0001   -0.33939710E+0001    0.63218443E+0000     12843
  6800   -0.33884106E+0001   -0.33944717E+0001    0.60598592E+0000     13012
  6850   -0.33876214E+0001   -0.33942805E+0001    0.57297107E+0000     12991
  6900   -0.33869571E+0001   -0.33922398E+0001    0.62581200E+0000     13252
  6950   -0.33862667E+0001   -0.33913162E+0001    0.60567374E+0000     13102
  7000   -0.33855750E+0001   -0.33916049E+0001    0.58713237E+0000     13336
  7050   -0.33849768E+0001   -0.33901889E+0001    0.54962019E+0000     13593
  7100   -0.33843769E+0001   -0.33906982E+0001    0.52888085E+0000     13839
  7150   -0.33838319E+0001   -0.33891171E+0001    0.50414884E+0000     14265
  7200   -0.33831777E+0001   -0.33878690E+0001    0.51353370E+0000     14442
  7250   -0.33825237E+0001   -0.33874533E+0001    0.50865773E+0000     14861
  7300   -0.33819030E+0001   -0.33868377E+0001    0.49861758E+0000     15214
  7350   -0.33814051E+0001   -0.33866786E+0001    0.48123933E+0000     15332
  7400   -0.33809886E+0001   -0.33851920E+0001    0.48255931E+0000     15564
  7450   -0.33806658E+0001   -0.33844021E+0001    0.51226788E+0000     15705
  7500   -0.33803568E+0001   -0.33846504E+0001    0.48808642E+0000     16119
  7550   -0.33800647E+0001   -0.33839612E+0001    0.45680966E+0000     16522
  7600   -0.33798415E+0001   -0.33838540E+0001    0.44537047E+0000     16647
  7650   -0.33795715E+0001   -0.33824681E+0001    0.39904972E+0000     16915
  7700   -0.33791682E+0001   -0.33821488E+0001    0.41438504E+0000     17398
  7750   -0.33787786E+0001   -0.33818965E+0001    0.41256729E+0000     17970
  7800   -0.33784850E+0001   -0.33819204E+0001    0.47685028E+0000     18474
  7850   -0.33782745E+0001   -0.33814129E+0001    0.45658769E+0000     18785
  7900   -0.33780520E+0001   -0.33811604E+0001    0.42779955E+0000     19140
  7950   -0.33777842E+0001   -0.33810415E+0001    0.36361476E+0000     19592
  8000   -0.33774881E+0001   -0.33808643E+0001    0.37628267E+0000     19957
  8001   -0.33774954E+0001   -0.33774954E+0001    0.31583202E+0000     12000
  8050   -0.33776536E+0001   -0.33786106E+0001    0.34769011E+0000     12005
  8100   -0.33775355E+0001   -0.33786823E+0001    0.35591232E+0000     12104
  8150   -0.33773853E+0001   -0.33788231E+0001    0.36247885E+0000     11775
  8200   -0.33772322E+0001   -0.33788546E+0001    0.37459271E+0000     12123
  8250   -0.33770844E+0001   -0.33789331E+0001    0.41398612E+0000     12321
  8300   -0.33769280E+0001   -0.33785238E+0001    0.40978092E+0000     12238
  8350   -0.33767835E+0001   -0.33786590E+0001    0.41546873E+0000     12320
  8400   -0.33766479E+0001   -0.33779570E+0001    0.36570222E+0000     12670
  8450   -0.33765131E+0001   -0.33780607E+0001    0.39865677E+0000     12838
  8500   -0.33764247E+0001   -0.33783392E+0001    0.38130630E+0000     13289
  8550   -0.33763326E+0001   -0.33781805E+0001    0.39497105E+0000     13333
  8600   -0.33762392E+0001   -0.33780796E+0001    0.35798307E+0000     13843
  8650   -0.33761177E+0001   -0.33780505E+0001    0.40745082E+0000     14129
  8700   -0.33760029E+0001   -0.33782225E+0001    0.38402926E+0000     14619
  8750   -0.33759240E+0001   -0.33779301E+0001    0.38853191E+0000     14875
  8800   -0.33758329E+0001   -0.33779796E+0001    0.38014905E+0000     15195
  8850   -0.33757434E+0001   -0.33778156E+0001    0.38008688E+0000     15257
  8900   -0.33756208E+0001   -0.33782029E+0001    0.40099362E+0000     15450
  8950   -0.33754723E+0001   -0.33780215E+0001    0.30132766E+0000     15481
  9000   -0.33752915E+0001   -0.33780517E+0001    0.30541569E+0000     15810
  9050   -0.33751053E+0001   -0.33781870E+0001    0.31368920E+0000     16178
  9100   -0.33749451E+0001   -0.33780365E+0001    0.30558670E+0000     16888
  9150   -0.33747784E+0001   -0.33775131E+0001    0.31588567E+0000     17194
  9200   -0.33746575E+0001   -0.33777475E+0001    0.30892208E+0000     17644
  9250   -0.33745399E+0001   -0.33773944E+0001    0.32253161E+0000     17994
  9300   -0.33744387E+0001   -0.33772891E+0001    0.36164437E+0000     18271
  9350   -0.33743097E+0001   -0.33768114E+0001    0.29313137E+0000     18521
  9400   -0.33741908E+0001   -0.33770970E+0001    0.24280699E+0000     18910
  9450   -0.33741099E+0001   -0.33768218E+0001    0.29061453E+0000     19267
  9500   -0.33740218E+0001   -0.33762882E+0001    0.29877187E+0000     19201
  9550   -0.33739437E+0001   -0.33761527E+0001    0.23380222E+0000     19280
  9600   -0.33738379E+0001   -0.33760488E+0001    0.33106088E+0000     19452
  9601   -0.33738397E+0001   -0.33738397E+0001    0.16022890E+0000     12000
  9650   -0.33738816E+0001   -0.33741141E+0001    0.20349668E+0000     12007
  9700   -0.33738506E+0001   -0.33742161E+0001    0.24591170E+0000     12251
  9750   -0.33738240E+0001   -0.33743582E+0001    0.28753523E+0000     12224
  9800   -0.33737968E+0001   -0.33745611E+0001    0.33921567E+0000     12166
  9850   -0.33737870E+0001   -0.33745589E+0001    0.26950921E+0000     12233
  9900   -0.33737692E+0001   -0.33745699E+0001    0.29999981E+0000     12415
  9950   -0.33737275E+0001   -0.33747275E+0001    0.26213194E+0000     12499
 10000   -0.33737048E+0001   -0.33747283E+0001    0.32943939E+0000     12652
 10050   -0.33736763E+0001   -0.33748690E+0001    0.32250748E+0000     12724
 10100   -0.33736609E+0001   -0.33749648E+0001    0.25406224E+0000     13001
 10150   -0.33736524E+0001   -0.33751187E+0001    0.31061349E+0000     13310
 10200   -0.33736250E+0001   -0.33751683E+0001    0.30951097E+0000     13535
 10250   -0.33735910E+0001   -0.33752553E+0001    0.25996004E+0000     13879
 10300   -0.33735388E+0001   -0.33752587E+0001    0.31600551E+0000     14064
 10350   -0.33734793E+0001   -0.33755139E+0001    0.27995193E+0000     14471
 10400   -0.33734460E+0001   -0.33751467E+0001    0.29976674E+0000     14757
 10450   -0.33734156E+0001   -0.33753004E+0001    0.26412828E+0000     14973
 10500   -0.33733772E+0001   -0.33750725E+0001    0.25791816E+0000     15192
 10550   -0.33733187E+0001   -0.33748033E+0001    0.25025030E+0000     15719
 10600   -0.33732682E+0001   -0.33750229E+0001    0.31238920E+0000     15722
 10650   -0.33732309E+0001   -0.33748404E+0001    0.26723910E+0000     16035
 10700   -0.33732050E+0001   -0.33747350E+0001    0.28042802E+0000     16341
 10750   -0.33731770E+0001   -0.33745269E+0001    0.30951814E+0000     16582
 10800   -0.33731392E+0001   -0.33742075E+0001    0.28146598E+0000     16847
 10850   -0.33731082E+0001   -0.33740346E+0001    0.28207397E+0000     16876
 10900   -0.33731018E+0001   -0.33741889E+0001    0.25254644E+0000     16913
 10950   -0.33731083E+0001   -0.33741817E+0001    0.29981534E+0000     17336
 11000   -0.33731028E+0001   -0.33743463E+0001    0.27154329E+0000     17454
 11050   -0.33731027E+0001   -0.33746533E+0001    0.28703338E+0000     17739
 11100   -0.33731028E+0001   -0.33744034E+0001    0.31855689E+0000     18200
 11150   -0.33730980E+0001   -0.33745176E+0001    0.25480428E+0000     18450
 11200   -0.33730850E+0001   -0.33746843E+0001    0.28066674E+0000     18789
 11201   -0.33730858E+0001   -0.33730858E+0001    0.10337071E+0000     12000
 11250   -0.33731033E+0001   -0.33731871E+0001    0.16437809E+0000     12050
 11300   -0.33730951E+0001   -0.33732345E+0001    0.18105927E+0000     12290
 11350   -0.33730947E+0001   -0.33732731E+0001    0.26197418E+0000     12429
 11400   -0.33730917E+0001   -0.33733744E+0001    0.28776060E+0000     12487
 11450   -0.33730858E+0001   -0.33735714E+0001    0.29366316E+0000     12752
 11500   -0.33730830E+0001   -0.33735114E+0001    0.27611751E+0000     12826
 11550   -0.33730886E+0001   -0.33734520E+0001    0.27143562E+0000     13064
 11600   -0.33730995E+0001   -0.33735777E+0001    0.29700666E+0000     13283
 11650   -0.33731047E+0001   -0.33736817E+0001    0.30299257E+0000     13296
 11700   -0.33731110E+0001   -0.33737119E+0001    0.30948245E+0000     13584
 11750   -0.33731193E+0001   -0.33735664E+0001    0.25743547E+0000     13842
 11800   -0.33731200E+0001   -0.33735992E+0001    0.28217633E+0000     14049
 11850   -0.33731049E+0001   -0.33737597E+0001    0.27189764E+0000     13900
 11900   -0.33730753E+0001   -0.33734441E+0001    0.24870253E+0000     13706
 11950   -0.33730417E+0001   -0.33735194E+0001    0.25112787E+0000     13978
 12000   -0.33730201E+0001   -0.33734990E+0001    0.24328542E+0000     14364
 12050   -0.33729855E+0001   -0.33736412E+0001    0.25955818E+0000     14892
 12100   -0.33729617E+0001   -0.33735286E+0001    0.25765843E+0000     15042
 12150   -0.33729447E+0001   -0.33736995E+0001    0.28676158E+0000     15419
 12200   -0.33729285E+0001   -0.33737303E+0001    0.29623985E+0000     15779
 12250   -0.33729224E+0001   -0.33737970E+0001    0.27141808E+0000     16145
 12300   -0.33729248E+0001   -0.33736187E+0001    0.29123321E+0000     16532
 12350   -0.33729236E+0001   -0.33739125E+0001    0.28120518E+0000     16706
 12400   -0.33729176E+0001   -0.33737754E+0001    0.23947832E+0000     16952
 12450   -0.33729102E+0001   -0.33739765E+0001    0.24837730E+0000     16995
 12500   -0.33728941E+0001   -0.33739096E+0001    0.25395479E+0000     17156
 12550   -0.33728792E+0001   -0.33737823E+0001    0.24826752E+0000     17327
 12600   -0.33728634E+0001   -0.33737928E+0001    0.22481496E+0000     17315
 12650   -0.33728488E+0001   -0.33741587E+0001    0.28454290E+0000     17541
 12700   -0.33728288E+0001   -0.33743626E+0001    0.22368187E+0000     17888
 12750   -0.33728084E+0001   -0.33742859E+0001    0.21003549E+0000     18236
 12800   -0.33727928E+0001   -0.33743652E+0001    0.26122190E+0000     18332
 12801   -0.33727929E+0001   -0.33727929E+0001    0.45654060E-0001     12000
 12850   -0.33727971E+0001   -0.33728083E+0001    0.14690039E+0000     11997
 12900   -0.33727947E+0001   -0.33728145E+0001    0.20187367E+0000     12131
 12950   -0.33727933E+0001   -0.33728327E+0001    0.20851896E+0000     12477
 13000   -0.33727903E+0001   -0.33728358E+0001    0.25556256E+0000     12761
 13050   -0.33727874E+0001   -0.33728869E+0001    0.24257696E+0000     12942
 13100   -0.33727898E+0001   -0.33729121E+0001    0.20609828E+0000     13161
 13150   -0.33727922E+0001   -0.33729551E+0001    0.27568214E+0000     13478
 13200   -0.33727881E+0001   -0.33729797E+0001    0.24503043E+0000     13768
 13250   -0.33727783E+0001   -0.33729820E+0001    0.25958862E+0000     14019
 13300   -0.33727755E+0001   -0.33730231E+0001    0.28065644E+0000     14405
 13350   -0.33727749E+0001   -0.33729489E+0001    0.28022693E+0000     14488
 13400   -0.33727768E+0001   -0.33731534E+0001    0.24236958E+0000     14570
 13450   -0.33727775E+0001   -0.33731771E+0001    0.24486040E+0000     14636
 13500   -0.33727765E+0001   -0.33732003E+0001    0.22851955E+0000     14987
 13550   -0.33727716E+0001   -0.33732982E+0001    0.28215249E+0000     15098
 13600   -0.33727641E+0001   -0.33732103E+0001    0.23127459E+0000     15138
 13650   -0.33727585E+0001   -0.33733349E+0001    0.24103224E+0000     15421
 13700   -0.33727552E+0001   -0.33733296E+0001    0.25596930E+0000     15419
 13750   -0.33727533E+0001   -0.33734708E+0001    0.23043600E+0000     15772
 13800   -0.33727513E+0001   -0.33733371E+0001    0.26715697E+0000     15990
 13850   -0.33727488E+0001   -0.33737660E+0001    0.25945665E+0000     16276
 13900   -0.33727487E+0001   -0.33730446E+0001    0.22208404E+0000     16683
 13950   -0.33727465E+0001   -0.33731936E+0001    0.27627961E+0000     16986
 14000   -0.33727441E+0001   -0.33733658E+0001    0.25138701E+0000     16860
 14050   -0.33727452E+0001   -0.33734102E+0001    0.26618874E+0000     17230
 14100   -0.33727468E+0001   -0.33736541E+0001    0.27919951E+0000     17484
 14150   -0.33727478E+0001   -0.33739243E+0001    0.22941872E+0000     17587
 14200   -0.33727482E+0001   -0.33735790E+0001    0.24484715E+0000     17921
 14250   -0.33727482E+0001   -0.33737511E+0001    0.27005700E+0000     18309
 14300   -0.33727453E+0001   -0.33729885E+0001    0.26696002E+0000     18545
 14350   -0.33727461E+0001   -0.33741514E+0001    0.21711111E+0000     18709
 14400   -0.33727473E+0001   -0.33743072E+0001    0.25905685E+0000     18916
 14450   -0.33727462E+0001   -0.33741772E+0001    0.31075350E+0000     18975
 14500   -0.33727402E+0001   -0.33738049E+0001    0.27997716E+0000     19407
 14550   -0.33727353E+0001   -0.33744629E+0001    0.29905254E+0000     19456
 14600   -0.33727329E+0001   -0.33736343E+0001    0.23494350E+0000     19924
 14650   -0.33727362E+0001   -0.33728693E+0001    0.26437855E+0000     20328
 14700   -0.33727375E+0001   -0.33738782E+0001    0.21939250E+0000     20661
 14750   -0.33727387E+0001   -0.33730082E+0001    0.16785123E+0000     21171
 14800   -0.33727424E+0001   -0.33732582E+0001    0.28251015E+0000     21319
 14850   -0.33727445E+0001   -0.33735392E+0001    0.25374616E+0000     21669
 14900   -0.33727455E+0001   -0.33732705E+0001    0.22102584E+0000     21972
 14950   -0.33727487E+0001   -0.33738563E+0001    0.25431553E+0000     22388
 15000   -0.33727465E+0001   -0.33735088E+0001    0.26968173E+0000     22738
 15050   -0.33727475E+0001   -0.33728530E+0001    0.18746889E+0000     23151
 15100   -0.33727483E+0001   -0.33732996E+0001    0.25392763E+0000     23670
 15150   -0.33727487E+0001   -0.33736670E+0001    0.19349981E+0000     24040
 15200   -0.33727488E+0001   -0.33740869E+0001    0.28094418E+0000     24569
 15250   -0.33727497E+0001   -0.33737632E+0001    0.25290106E+0000     24859
 15300   -0.33727470E+0001   -0.33728651E+0001    0.29672815E+0000     25105
 15350   -0.33727443E+0001   -0.33730711E+0001    0.28351886E+0000     25236
 15400   -0.33727416E+0001   -0.33733543E+0001    0.25585797E+0000     25710
 15450   -0.33727405E+0001   -0.33732893E+0001    0.24916483E+0000     26364
 15500   -0.33727392E+0001   -0.33732837E+0001    0.29044474E+0000     26871
 15550   -0.33727418E+0001   -0.33733987E+0001    0.26761807E+0000     27146
 15600   -0.33727447E+0001   -0.33733022E+0001    0.24103320E+0000     27520
 15650   -0.33727478E+0001   -0.33735516E+0001    0.24203923E+0000     27937
 15700   -0.33727490E+0001   -0.33734627E+0001    0.23741441E+0000     28152
 15750   -0.33727473E+0001   -0.33739790E+0001    0.25145629E+0000     28472
 15800   -0.33727476E+0001   -0.33729183E+0001    0.23027645E+0000     28999
 15850   -0.33727467E+0001   -0.33732542E+0001    0.28790124E+0000     29074
 15900   -0.33727472E+0001   -0.33729334E+0001    0.22073771E+0000     29684
 15950   -0.33727465E+0001   -0.33732188E+0001    0.26804891E+0000     30125
 16000   -0.33727462E+0001   -0.33729066E+0001    0.23959676E+0000     30801
 16001   -0.33727094E+0001   -0.33727094E+0001    0.34271290E-0001         1
 16050   -0.33724943E+0001   -0.33724943E+0001    0.30638682E+0000         1
 16100   -0.33722221E+0001   -0.33722221E+0001    0.47959191E+0000         1
 16150   -0.33723344E+0001   -0.33723344E+0001    0.44080733E+0000         1
 16200   -0.33720186E+0001   -0.33720186E+0001    0.51950197E+0000         1
 16250   -0.33715572E+0001   -0.33715572E+0001    0.61955841E+0000         1
 16300   -0.33718371E+0001   -0.33718371E+0001    0.59647737E+0000         1
 16350   -0.33726439E+0001   -0.33726439E+0001    0.31903662E+0000         1
 16400   -0.33726612E+0001   -0.33726612E+0001    0.30864588E+0000         1
 16450   -0.33721662E+0001   -0.33721662E+0001    0.50693935E+0000         1
 16500   -0.33724468E+0001   -0.33724468E+0001    0.37758444E+0000         1
 16550   -0.33718288E+0001   -0.33718288E+0001    0.46533884E+0000         1
 16600   -0.33718074E+0001   -0.33718074E+0001    0.54218294E+0000         1
 16650   -0.33721192E+0001   -0.33721192E+0001    0.59624709E+0000         1
 16700   -0.33722766E+0001   -0.33722766E+0001    0.52284083E+0000         1
 16750   -0.33729615E+0001   -0.33729615E+0001    0.33054167E+0000         1
 16800   -0.33726323E+0001   -0.33726323E+0001    0.50110378E+0000         1
 16850   -0.33722497E+0001   -0.33722497E+0001    0.52431996E+0000         1
 16900   -0.33722123E+0001   -0.33722123E+0001    0.66403490E+0000         1
 16950   -0.33727583E+0001   -0.33727583E+0001    0.39274725E+0000         1
 17000   -0.33722689E+0001   -0.33722689E+0001    0.59467181E+0000         1
 17050   -0.33734313E+0001   -0.33734313E+0001    0.48319272E+0000         1
 17100   -0.33736504E+0001   -0.33736504E+0001    0.43395780E+0000         1
 17150   -0.33734501E+0001   -0.33734501E+0001    0.52294097E+0000         1
 17200   -0.33738271E+0001   -0.33738271E+0001    0.37433614E+0000         1
 17250   -0.33739241E+0001   -0.33739241E+0001    0.42814177E+0000         1
 17300   -0.33740441E+0001   -0.33740441E+0001    0.49331701E+0000         1
 17350   -0.33734795E+0001   -0.33734795E+0001    0.51027889E+0000         1
 17400   -0.33740884E+0001   -0.33740884E+0001    0.51852116E+0000         1
 17450   -0.33740150E+0001   -0.33740150E+0001    0.50688775E+0000         1
 17500   -0.33739842E+0001   -0.33739842E+0001    0.47955205E+0000         1
 17550   -0.33743251E+0001   -0.33743251E+0001    0.51759083E+0000         1
 17600   -0.33747202E+0001   -0.33747202E+0001    0.44091058E+0000         1
 17650   -0.33747119E+0001   -0.33747119E+0001    0.47164327E+0000         1
 17700   -0.33747365E+0001   -0.33747365E+0001    0.50808220E+0000         1
 17750   -0.33747554E+0001   -0.33747554E+0001    0.55448425E+0000         1
 17800   -0.33745918E+0001   -0.33745918E+0001    0.60233924E+0000         1
 17850   -0.33743613E+0001   -0.33743613E+0001    0.66948527E+0000         1
 17900   -0.33755044E+0001   -0.33755044E+0001    0.58971854E+0000         1
 17950   -0.33754917E+0001   -0.33754917E+0001    0.64792679E+0000         1
 18000   -0.33758614E+0001   -0.33758614E+0001    0.66992773E+0000         1
 18050   -0.33761003E+0001   -0.33761003E+0001    0.61463583E+0000         1
 18100   -0.33770545E+0001   -0.33770545E+0001    0.55583910E+0000         1
 18150   -0.33771065E+0001   -0.33771065E+0001    0.62912080E+0000         1
 18200   -0.33780258E+0001   -0.33780258E+0001    0.59959614E+0000         1
 18250   -0.33783972E+0001   -0.33783972E+0001    0.53772336E+0000         1
 18300   -0.33786043E+0001   -0.33786043E+0001    0.59885071E+0000         1
 18350   -0.33791541E+0001   -0.33791541E+0001    0.59578906E+0000         1
 18400   -0.33802743E+0001   -0.33802743E+0001    0.63747730E+0000         1
 18450   -0.33801008E+0001   -0.33801008E+0001    0.78797724E+0000         1
 18500   -0.33810429E+0001   -0.33810429E+0001    0.76956067E+0000         1
 18550   -0.33813827E+0001   -0.33813827E+0001    0.71085055E+0000         1
 18600   -0.33828401E+0001   -0.33828401E+0001    0.68859958E+0000         1
 18650   -0.33844203E+0001   -0.33844203E+0001    0.75663820E+0000         1
 18700   -0.33849434E+0001   -0.33849434E+0001    0.91911313E+0000         1
 18750   -0.33869478E+0001   -0.33869478E+0001    0.76903496E+0000         1
 18800   -0.33885844E+0001   -0.33885844E+0001    0.89649267E+0000         1
 18850   -0.33912833E+0001   -0.33912833E+0001    0.72493052E+0000         1
 18900   -0.33912611E+0001   -0.33912611E+0001    0.90878752E+0000         1
 18950   -0.33934723E+0001   -0.33934723E+0001    0.94860863E+0000         1
 19000   -0.33961262E+0001   -0.33961262E+0001    0.89729190E+0000         1
 19050   -0.33982355E+0001   -0.33982355E+0001    0.92641380E+0000         1
 19100   -0.34009951E+0001   -0.34009951E+0001    0.95640626E+0000         1
 19150   -0.34035086E+0001   -0.34035086E+0001    0.93261002E+0000         1
 19200   -0.34062366E+0001   -0.34062366E+0001    0.98361000E+0000         1
 19250   -0.34086229E+0001   -0.34086229E+0001    0.10949255E+0001         1
 19300   -0.34125652E+0001   -0.34125652E+0001    0.10379033E+0001         1
 19350   -0.34165670E+0001   -0.34165670E+0001    0.10066934E+0001         1
 19400   -0.34202828E+0001   -0.34202828E+0001    0.10194664E+0001         1
 19450   -0.34221808E+0001   -0.34221808E+0001    0.11551645E+0001         1
 19500   -0.34262976E+0001   -0.34262976E+0001    0.10983623E+0001         1
 19550   -0.34313359E+0001   -0.34313359E+0001    0.11365927E+0001         1
 19600   -0.34349657E+0001   -0.34349657E+0001    0.11337561E+0001         1
 19650   -0.34371640E+0001   -0.34371640E+0001    0.13096951E+0001         1
 19700   -0.34405886E+0001   -0.34405886E+0001    0.11025542E+0001         1
 19750   -0.34429211E+0001   -0.34429211E+0001    0.11314486E+0001         1
 19800   -0.34458712E+0001   -0.34458712E+0001    0.11012283E+0001         1
 19850   -0.34503262E+0001   -0.34503262E+0001    0.11879820E+0001         1
 19900   -0.34523275E+0001   -0.34523275E+0001    0.11861384E+0001         1
 19950   -0.34570850E+0001   -0.34570850E+0001    0.11169321E+0001         1
 20000   -0.34620520E+0001   -0.34620520E+0001    0.10329032E+0001         1
 20050   -0.34659251E+0001   -0.34659251E+0001    0.10218201E+0001         1
 20100   -0.34686277E+0001   -0.34686277E+0001    0.10107069E+0001         1
 20150   -0.34723720E+0001   -0.34723720E+0001    0.10646430E+0001         1
 20200   -0.34749208E+0001   -0.34749208E+0001    0.10755895E+0001         1
 20250   -0.34771562E+0001   -0.34771562E+0001    0.11598487E+0001         1
 20300   -0.34814680E+0001   -0.34814680E+0001    0.10697678E+0001         1
 20350   -0.34852968E+0001   -0.34852968E+0001    0.11018876E+0001         1
 20400   -0.34905497E+0001   -0.34905497E+0001    0.11465164E+0001         1
 20450   -0.34950597E+0001   -0.34950597E+0001    0.11780297E+0001         1
 20500   -0.34978035E+0001   -0.34978035E+0001    0.11765492E+0001         1
 20550   -0.34996614E+0001   -0.34996614E+0001    0.12091687E+0001         1
 20600   -0.35059640E+0001   -0.35059640E+0001    0.12543676E+0001         1
 20650   -0.35114971E+0001   -0.35114971E+0001    0.13264352E+0001         1
 20700   -0.35164164E+0001   -0.35164164E+0001    0.14100808E+0001         1
 20750   -0.35211024E+0001   -0.35211024E+0001    0.13682638E+0001         1
 20800   -0.35270327E+0001   -0.35270327E+0001    0.14525239E+0001         1
 20850   -0.35347367E+0001   -0.35347367E+0001    0.14936857E+0001         1
 20900   -0.35424213E+0001   -0.35424213E+0001    0.14848225E+0001         1
 20950   -0.35499361E+0001   -0.35499361E+0001    0.15725986E+0001         1
 21000   -0.35585208E+0001   -0.35585208E+0001    0.16541553E+0001         1
 21050   -0.35717969E+0001   -0.35717969E+0001    0.17221765E+0001         1
 21100   -0.35813987E+0001   -0.35813987E+0001    0.16781856E+0001         1
 21150   -0.35928434E+0001   -0.35928434E+0001    0.17454302E+0001         1
 21200   -0.36017389E+0001   -0.36017389E+0001    0.17521918E+0001         1
 21250   -0.36129932E+0001   -0.36129932E+0001    0.17197606E+0001         1
 21300   -0.36223180E+0001   -0.36223180E+0001    0.16768937E+0001         1
 21350   -0.36322618E+0001   -0.36322618E+0001    0.16677171E+0001         1
 21400   -0.36426144E+0001   -0.36426144E+0001    0.15920350E+0001         1
 21450   -0.36491306E+0001   -0.36491306E+0001    0.15369378E+0001         1
 21500   -0.36580523E+0001   -0.36580523E+0001    0.14596017E+0001         1
 21550   -0.36650972E+0001   -0.36650972E+0001    0.14164893E+0001         1
 21600   -0.36707298E+0001   -0.36707298E+0001    0.13989093E+0001         1
 21650   -0.36769782E+0001   -0.36769782E+0001    0.12650822E+0001         1
 21700   -0.36820543E+0001   -0.36820543E+0001    0.11827971E+0001         1
 21750   -0.36863367E+0001   -0.36863367E+0001    0.11442131E+0001         1
 21800   -0.36905927E+0001   -0.36905927E+0001    0.10301038E+0001         1
 21850   -0.36940625E+0001   -0.36940625E+0001    0.93765039E+0000         1
 21900   -0.36967829E+0001   -0.36967829E+0001    0.81847387E+0000         1
 21950   -0.36962789E+0001   -0.36962789E+0001    0.87456124E+0000         1
 22000   -0.36977034E+0001   -0.36977034E+0001    0.79916872E+0000         1
 22050   -0.37006491E+0001   -0.37006491E+0001    0.60629195E+0000         1
 22100   -0.37011986E+0001   -0.37011986E+0001    0.63347642E+0000         1
 22150   -0.37028274E+0001   -0.37028274E+0001    0.55983710E+0000         1
 22200   -0.37036411E+0001   -0.37036411E+0001    0.57041146E+0000         1
 22250   -0.37039271E+0001   -0.37039271E+0001    0.55965188E+0000         1
 22300   -0.37034592E+0001   -0.37034592E+0001    0.67848073E+0000         1
 22350   -0.37039097E+0001   -0.37039097E+0001    0.62177038E+0000         1
 22400   -0.37043346E+0001   -0.37043346E+0001    0.57829065E+0000         1
 22450   -0.37046187E+0001   -0.37046187E+0001    0.47959034E+0000         1
 22500   -0.37047511E+0001   -0.37047511E+0001    0.49094764E+0000         1
 22550   -0.37051615E+0001   -0.37051615E+0001    0.42703681E+0000         1
 22600   -0.37046827E+0001   -0.37046827E+0001    0.57542069E+0000         1
 22650   -0.37052564E+0001   -0.37052564E+0001    0.56614450E+0000         1
 22700   -0.37045144E+0001   -0.37045144E+0001    0.65716945E+0000         1
 22750   -0.37046157E+0001   -0.37046157E+0001    0.66062630E+0000         1
 22800   -0.37051156E+0001   -0.37051156E+0001    0.54259212E+0000         1
 22850   -0.37057447E+0001   -0.37057447E+0001    0.45959799E+0000         1
 22900   -0.37052736E+0001   -0.37052736E+0001    0.65833775E+0000         1
 22950   -0.37060854E+0001   -0.37060854E+0001    0.49247668E+0000         1
 23000   -0.37061596E+0001   -0.37061596E+0001    0.45444571E+0000         1
 23050   -0.37063597E+0001   -0.37063597E+0001    0.51119710E+0000         1
 23100   -0.37065815E+0001   -0.37065815E+0001    0.45199652E+0000         1
 23150   -0.37064435E+0001   -0.37064435E+0001    0.53676168E+0000         1
 23200   -0.37067157E+0001   -0.37067157E+0001    0.49819114E+0000         1
 23250   -0.37069509E+0001   -0.37069509E+0001    0.38444265E+0000         1
 23300   -0.37067346E+0001   -0.37067346E+0001    0.45019584E+0000         1
 23350   -0.37065980E+0001   -0.37065980E+0001    0.53449170E+0000         1
 23400   -0.37071263E+0001   -0.37071263E+0001    0.32998718E+0000         1
 23450   -0.37067810E+0001   -0.37067810E+0001    0.46566949E+0000         1
 23500   -0.37067329E+0001   -0.37067329E+0001    0.53005757E+0000         1
 23550   -0.37067446E+0001   -0.37067446E+0001    0.62885138E+0000         1
 23600   -0.37064926E+0001   -0.37064926E+0001    0.77690163E+0000         1
 23650   -0.37069261E+0001   -0.37069261E+0001    0.51490291E+0000         1
 23700   -0.37069087E+0001   -0.37069087E+0001    0.40457366E+0000         1
 23750   -0.37064493E+0001   -0.37064493E+0001    0.51853444E+0000         1
 23800   -0.37066839E+0001   -0.37066839E+0001    0.51297394E+0000         1
 23850   -0.37069361E+0001   -0.37069361E+0001    0.46188950E+0000         1
 23900   -0.37057643E+0001   -0.37057643E+0001    0.68916924E+0000         1
 23950   -0.37058944E+0001   -0.37058944E+0001    0.65210529E+0000         1
 24000   -0.37067727E+0001   -0.37067727E+0001    0.41999419E+0000         1
 24050   -0.37070842E+0001   -0.37070842E+0001    0.35722744E+0000         1
 24100   -0.37071175E+0001   -0.37071175E+0001    0.36848399E+0000         1
 24150   -0.37071925E+0001   -0.37071925E+0001    0.37369361E+0000         1
 24200   -0.37072042E+0001   -0.37072042E+0001    0.35398901E+0000         1
 24250   -0.37068015E+0001   -0.37068015E+0001    0.55457264E+0000         1
 24300   -0.37067434E+0001   -0.37067434E+0001    0.52994439E+0000         1
 24350   -0.37069200E+0001   -0.37069200E+0001    0.43668050E+0000         1
 24400   -0.37071520E+0001   -0.37071520E+0001    0.39894095E+0000         1
 24450   -0.37073018E+0001   -0.37073018E+0001    0.39757152E+0000         1
 24500   -0.37070889E+0001   -0.37070889E+0001    0.50926804E+0000         1
 24550   -0.37073627E+0001   -0.37073627E+0001    0.36235749E+0000         1
 24600   -0.37074948E+0001   -0.37074948E+0001    0.27557502E+0000         1
 24650   -0.37074076E+0001   -0.37074076E+0001    0.39173302E+0000         1
 24700   -0.37068328E+0001   -0.37068328E+0001    0.58678580E+0000         1
 24750   -0.37071951E+0001   -0.37071951E+0001    0.43562656E+0000         1
 24800   -0.37071581E+0001   -0.37071581E+0001    0.39316155E+0000         1
 24850   -0.37070527E+0001   -0.37070527E+0001    0.43582220E+0000         1
 24900   -0.37067899E+0001   -0.37067899E+0001    0.67023036E+0000         1
 24950   -0.37071007E+0001   -0.37071007E+0001    0.49389800E+0000         1
 25000   -0.37068959E+0001   -0.37068959E+0001    0.62288319E+0000         1
 25050   -0.37066893E+0001   -0.37066893E+0001    0.51035549E+0000         1
 25100   -0.37070813E+0001   -0.37070813E+0001    0.40776732E+0000         1
 25150   -0.37067869E+0001   -0.37067869E+0001    0.54483020E+0000         1
 25200   -0.37068932E+0001   -0.37068932E+0001    0.51319226E+0000         1
 25250   -0.37061515E+0001   -0.37061515E+0001    0.71721238E+0000         1
 25300   -0.37061487E+0001   -0.37061487E+0001    0.73296760E+0000         1
 25350   -0.37068765E+0001   -0.37068765E+0001    0.52581881E+0000         1
 25400   -0.37069603E+0001   -0.37069603E+0001    0.41877429E+0000         1
 25450   -0.37057421E+0001   -0.37057421E+0001    0.75018836E+0000         1
 25500   -0.37062880E+0001   -0.37062880E+0001    0.50980554E+0000         1
 25550   -0.37059047E+0001   -0.37059047E+0001    0.59981092E+0000         1
 25600   -0.37061522E+0001   -0.37061522E+0001    0.57686850E+0000         1
 25650   -0.37066715E+0001   -0.37066715E+0001    0.48066106E+0000         1
 25700   -0.37072079E+0001   -0.37072079E+0001    0.42344410E+0000         1
 25750   -0.37070659E+0001   -0.37070659E+0001    0.54918820E+0000         1
 25800   -0.37068633E+0001   -0.37068633E+0001    0.51105062E+0000         1
 25850   -0.37069697E+0001   -0.37069697E+0001    0.60432019E+0000         1
 25900   -0.37071144E+0001   -0.37071144E+0001    0.45739408E+0000         1
 25950   -0.37057821E+0001   -0.37057821E+0001    0.76964869E+0000         1
 26000   -0.37065795E+0001   -0.37065795E+0001    0.50935405E+0000         1
 26050   -0.37072204E+0001   -0.37072204E+0001    0.33010966E+0000         1
 26100   -0.37064713E+0001   -0.37064713E+0001    0.52580212E+0000         1
 26150   -0.37068836E+0001   -0.37068836E+0001    0.51110810E+0000         1
 26200   -0.37072352E+0001   -0.37072352E+0001    0.49221151E+0000         1
 26250   -0.37072743E+0001   -0.37072743E+0001    0.39754166E+0000         1
 26300   -0.37072806E+0001   -0.37072806E+0001    0.45366689E+0000         1
 26350   -0.37068835E+0001   -0.37068835E+0001    0.61978942E+0000         1
 26400   -0.37070715E+0001   -0.37070715E+0001    0.51234950E+0000         1
 26450   -0.37073177E+0001   -0.37073177E+0001    0.43042778E+0000         1
 26500   -0.37077139E+0001   -0.37077139E+0001    0.26890308E+0000         1
 26550   -0.37072312E+0001   -0.37072312E+0001    0.48986597E+0000         1
 26600   -0.37069106E+0001   -0.37069106E+0001    0.55780711E+0000         1
 26650   -0.37075344E+0001   -0.37075344E+0001    0.36431197E+0000         1
 26700   -0.37072973E+0001   -0.37072973E+0001    0.48391218E+0000         1
 26750   -0.37067042E+0001   -0.37067042E+0001    0.63735328E+0000         1
 26800   -0.37066360E+0001   -0.37066360E+0001    0.66384304E+0000         1
 26850   -0.37071140E+0001   -0.37071140E+0001    0.45625868E+0000         1
 26900   -0.37073919E+0001   -0.37073919E+0001    0.40766864E+0000         1
 26950   -0.37064024E+0001   -0.37064024E+0001    0.74496498E+0000         1
 27000   -0.37071798E+0001   -0.37071798E+0001    0.42387109E+0000         1
 27050   -0.37071309E+0001   -0.37071309E+0001    0.44079397E+0000         1
 27100   -0.37070922E+0001   -0.37070922E+0001    0.52860355E+0000         1
 27150   -0.37076076E+0001   -0.37076076E+0001    0.27629521E+0000         1
 27200   -0.37074174E+0001   -0.37074174E+0001    0.38993812E+0000         1
 27250   -0.37069878E+0001   -0.37069878E+0001    0.53780096E+0000         1
 27300   -0.37073657E+0001   -0.37073657E+0001    0.34891862E+0000         1
 27350   -0.37068185E+0001   -0.37068185E+0001    0.60855783E+0000         1
 27400   -0.37068128E+0001   -0.37068128E+0001    0.61051048E+0000         1
 27450   -0.37074085E+0001   -0.37074085E+0001    0.41539441E+0000         1
 27500   -0.37075547E+0001   -0.37075547E+0001    0.29398628E+0000         1
 27550   -0.37074956E+0001   -0.37074956E+0001    0.32344354E+0000         1
 27600   -0.37073776E+0001   -0.37073776E+0001    0.42136099E+0000         1
 27650   -0.37066508E+0001   -0.37066508E+0001    0.64342763E+0000         1
 27700   -0.37075826E+0001   -0.37075826E+0001    0.31445137E+0000         1
 27750   -0.37065353E+0001   -0.37065353E+0001    0.67466273E+0000         1
 27800   -0.37066049E+0001   -0.37066049E+0001    0.61369642E+0000         1
 27850   -0.37075050E+0001   -0.37075050E+0001    0.38051918E+0000         1
 27900   -0.37073264E+0001   -0.37073264E+0001    0.39301594E+0000         1
 27950   -0.37068400E+0001   -0.37068400E+0001    0.50789240E+0000         1
 28000   -0.37071715E+0001   -0.37071715E+0001    0.40191535E+0000         1
 28050   -0.37070339E+0001   -0.37070339E+0001    0.42994215E+0000         1
 28100   -0.37071277E+0001   -0.37071277E+0001    0.38862968E+0000         1
 28150   -0.37067875E+0001   -0.37067875E+0001    0.43557976E+0000         1
 28200   -0.37071494E+0001   -0.37071494E+0001    0.37351202E+0000         1
 28250   -0.37067122E+0001   -0.37067122E+0001    0.51818038E+0000         1
 28300   -0.37066550E+0001   -0.37066550E+0001    0.49000562E+0000         1
 28350   -0.37066256E+0001   -0.37066256E+0001    0.51159100E+0000         1
 28400   -0.37068280E+0001   -0.37068280E+0001    0.44747149E+0000         1
 28450   -0.37068040E+0001   -0.37068040E+0001    0.40242111E+0000         1
 28500   -0.37070905E+0001   -0.37070905E+0001    0.49048144E+0000         1
 28550   -0.37071154E+0001   -0.37071154E+0001    0.43597237E+0000         1
 28600   -0.37073951E+0001   -0.37073951E+0001    0.35700053E+0000         1
 28650   -0.37067871E+0001   -0.37067871E+0001    0.57230977E+0000         1
 28700   -0.37070669E+0001   -0.37070669E+0001    0.43770268E+0000         1
 28750   -0.37066916E+0001   -0.37066916E+0001    0.54661441E+0000         1
 28800   -0.37069616E+0001   -0.37069616E+0001    0.53746888E+0000         1
 28850   -0.37067009E+0001   -0.37067009E+0001    0.59120300E+0000         1
 28900   -0.37064641E+0001   -0.37064641E+0001    0.62055812E+0000         1
 28950   -0.37057700E+0001   -0.37057700E+0001    0.77659957E+0000         1
 29000   -0.37070758E+0001   -0.37070758E+0001    0.44615359E+0000         1
 29050   -0.37069756E+0001   -0.37069756E+0001    0.49144994E+0000         1
 29100   -0.37069597E+0001   -0.37069597E+0001    0.41815787E+0000         1
 29150   -0.37070287E+0001   -0.37070287E+0001    0.36301614E+0000         1
 29200   -0.37067713E+0001   -0.37067713E+0001    0.46222129E+0000         1
 29250   -0.37064287E+0001   -0.37064287E+0001    0.66742466E+0000         1
 29300   -0.37062922E+0001   -0.37062922E+0001    0.54835284E+0000         1
 29350   -0.37070025E+0001   -0.37070025E+0001    0.37259159E+0000         1
 29400   -0.37069046E+0001   -0.37069046E+0001    0.40769578E+0000         1
 29450   -0.37070028E+0001   -0.37070028E+0001    0.42977757E+0000         1
 29500   -0.37070876E+0001   -0.37070876E+0001    0.44582420E+0000         1
 29550   -0.37066497E+0001   -0.37066497E+0001    0.62065144E+0000         1
 29600   -0.37067276E+0001   -0.37067276E+0001    0.57902334E+0000         1
 29650   -0.37073258E+0001   -0.37073258E+0001    0.38053595E+0000         1
 29700   -0.37070102E+0001   -0.37070102E+0001    0.50495177E+0000         1
 29750   -0.37074351E+0001   -0.37074351E+0001    0.38379987E+0000         1
 29800   -0.37072353E+0001   -0.37072353E+0001    0.49326397E+0000         1
 29850   -0.37071114E+0001   -0.37071114E+0001    0.49885682E+0000         1
 29900   -0.37071609E+0001   -0.37071609E+0001    0.49062232E+0000         1
 29950   -0.37073364E+0001   -0.37073364E+0001    0.41861721E+0000         1
 30000   -0.37073077E+0001   -0.37073077E+0001    0.39688075E+0000         1
 30050   -0.37069466E+0001   -0.37069466E+0001    0.44758216E+0000         1
 30100   -0.37070378E+0001   -0.37070378E+0001    0.41943825E+0000         1
 30150   -0.37066011E+0001   -0.37066011E+0001    0.53115269E+0000         1
 30200   -0.37065119E+0001   -0.37065119E+0001    0.59355181E+0000         1
 30250   -0.37062022E+0001   -0.37062022E+0001    0.70134043E+0000         1
 30300   -0.37067353E+0001   -0.37067353E+0001    0.55563808E+0000         1
 30350   -0.37067800E+0001   -0.37067800E+0001    0.45435446E+0000         1
 30400   -0.37069222E+0001   -0.37069222E+0001    0.50201862E+0000         1
 30450   -0.37068316E+0001   -0.37068316E+0001    0.51084314E+0000         1
 30500   -0.37067190E+0001   -0.37067190E+0001    0.49487880E+0000         1
 30550   -0.37069754E+0001   -0.37069754E+0001    0.41441361E+0000         1
 30600   -0.37072214E+0001   -0.37072214E+0001    0.35635434E+0000         1
 30650   -0.37073097E+0001   -0.37073097E+0001    0.30521571E+0000         1
 30700   -0.37072160E+0001   -0.37072160E+0001    0.40686414E+0000         1
 30750   -0.37070804E+0001   -0.37070804E+0001    0.45531528E+0000         1
 30800   -0.37070629E+0001   -0.37070629E+0001    0.42226307E+0000         1
 30850   -0.37067817E+0001   -0.37067817E+0001    0.51858990E+0000         1
 30900   -0.37068941E+0001   -0.37068941E+0001    0.56973924E+0000         1
 30950   -0.37069038E+0001   -0.37069038E+0001    0.58263368E+0000         1
 31000   -0.37074148E+0001   -0.37074148E+0001    0.31383376E+0000         1
 31050   -0.37070511E+0001   -0.37070511E+0001    0.38053379E+0000         1
 31100   -0.37075225E+0001   -0.37075225E+0001    0.24931934E+0000         1
 31150   -0.37071375E+0001   -0.37071375E+0001    0.48463965E+0000         1
 31200   -0.37076088E+0001   -0.37076088E+0001    0.26862575E+0000         1
 31250   -0.37072282E+0001   -0.37072282E+0001    0.39635263E+0000         1
 31300   -0.37068894E+0001   -0.37068894E+0001    0.66770109E+0000         1
 31350   -0.37068306E+0001   -0.37068306E+0001    0.50963863E+0000         1
 31400   -0.37070425E+0001   -0.37070425E+0001    0.60897439E+0000         1
 31450   -0.37071214E+0001   -0.37071214E+0001    0.47842077E+0000         1
 31500   -0.37072368E+0001   -0.37072368E+0001    0.48947410E+0000         1
 31550   -0.37072521E+0001   -0.37072521E+0001    0.39219115E+0000         1
 31600   -0.37073882E+0001   -0.37073882E+0001    0.35719149E+0000         1
 31650   -0.37072470E+0001   -0.37072470E+0001    0.42258817E+0000         1
 31700   -0.37072382E+0001   -0.37072382E+0001    0.34684531E+0000         1
 31750   -0.37074481E+0001   -0.37074481E+0001    0.37389885E+0000         1
 31800   -0.37073460E+0001   -0.37073460E+0001    0.35509021E+0000         1
 31850   -0.37072371E+0001   -0.37072371E+0001    0.41253920E+0000         1
 31900   -0.37067644E+0001   -0.37067644E+0001    0.57500566E+0000         1
 31950   -0.37063389E+0001   -0.37063389E+0001    0.65289743E+0000         1
 32000   -0.37050562E+0001   -0.37050562E+0001    0.96479055E+0000         1
 32050   -0.37070182E+0001   -0.37070182E+0001    0.44699683E+0000         1
 32100   -0.37064429E+0001   -0.37064429E+0001    0.64130362E+0000         1
 32150   -0.37066989E+0001   -0.37066989E+0001    0.50035230E+0000         1
 32200   -0.37071224E+0001   -0.37071224E+0001    0.32177788E+0000         1
 32250   -0.37067218E+0001   -0.37067218E+0001    0.43401388E+0000         1
 32300   -0.37067278E+0001   -0.37067278E+0001    0.41335399E+0000         1
 32350   -0.37068699E+0001   -0.37068699E+0001    0.42824334E+0000         1
 32400   -0.37067936E+0001   -0.37067936E+0001    0.44442418E+0000         1
 32450   -0.37066326E+0001   -0.37066326E+0001    0.46553372E+0000         1
 32500   -0.37069111E+0001   -0.37069111E+0001    0.44670914E+0000         1
 32550   -0.37069751E+0001   -0.37069751E+0001    0.39758631E+0000         1
 32600   -0.37065066E+0001   -0.37065066E+0001    0.60026108E+0000         1
 32650   -0.37067079E+0001   -0.37067079E+0001    0.39981570E+0000         1
 32700   -0.37067708E+0001   -0.37067708E+0001    0.50079640E+0000         1
 32750   -0.37068333E+0001   -0.37068333E+0001    0.47554746E+0000         1
 32800   -0.37065222E+0001   -0.37065222E+0001    0.62810616E+0000         1
 32850   -0.37065497E+0001   -0.37065497E+0001    0.48917770E+0000         1
 32900   -0.37065757E+0001   -0.37065757E+0001    0.65501011E+0000         1
 32950   -0.37060078E+0001   -0.37060078E+0001    0.81213397E+0000         1
 33000   -0.37071736E+0001   -0.37071736E+0001    0.41703923E+0000         1
 33050   -0.37069451E+0001   -0.37069451E+0001    0.51904653E+0000         1
 33100   -0.37065447E+0001   -0.37065447E+0001    0.64390006E+0000         1
 33150   -0.37071718E+0001   -0.37071718E+0001    0.40448243E+0000         1
 33200   -0.37072171E+0001   -0.37072171E+0001    0.43024499E+0000         1
 33250   -0.37071025E+0001   -0.37071025E+0001    0.46159690E+0000         1
 33300   -0.37068130E+0001   -0.37068130E+0001    0.52039807E+0000         1
 33350   -0.37068302E+0001   -0.37068302E+0001    0.49123289E+0000         1
 33400   -0.37063646E+0001   -0.37063646E+0001    0.60489820E+0000         1
 33450   -0.37062057E+0001   -0.37062057E+0001    0.62158025E+0000         1
 33500   -0.37051638E+0001   -0.37051638E+0001    0.83668996E+0000         1
 33550   -0.37061680E+0001   -0.37061680E+0001    0.67419030E+0000         1
 33600   -0.37062738E+0001   -0.37062738E+0001    0.51422782E+0000         1
 33650   -0.37068346E+0001   -0.37068346E+0001    0.38135963E+0000         1
 33700   -0.37068165E+0001   -0.37068165E+0001    0.43292060E+0000         1
 33750   -0.37069408E+0001   -0.37069408E+0001    0.46417050E+0000         1
 33800   -0.37072039E+0001   -0.37072039E+0001    0.33705776E+0000         1
 33850   -0.37068213E+0001   -0.37068213E+0001    0.47015152E+0000         1
 33900   -0.37063034E+0001   -0.37063034E+0001    0.58410033E+0000         1
 33950   -0.37066674E+0001   -0.37066674E+0001    0.58103208E+0000         1
 34000   -0.37068471E+0001   -0.37068471E+0001    0.49933020E+0000         1
 34050   -0.37072333E+0001   -0.37072333E+0001    0.31879707E+0000         1
 34100   -0.37071658E+0001   -0.37071658E+0001    0.42064744E+0000         1
 34150   -0.37074121E+0001   -0.37074121E+0001    0.43450382E+0000         1
 34200   -0.37070053E+0001   -0.37070053E+0001    0.50002499E+0000         1
 34250   -0.37068001E+0001   -0.37068001E+0001    0.50483351E+0000         1
 34300   -0.37065692E+0001   -0.37065692E+0001    0.55595280E+0000         1
 34350   -0.37073769E+0001   -0.37073769E+0001    0.36543201E+0000         1
 34400   -0.37069156E+0001   -0.37069156E+0001    0.51923926E+0000         1
 34450   -0.37066899E+0001   -0.37066899E+0001    0.64070904E+0000         1
 34500   -0.37072343E+0001   -0.37072343E+0001    0.45468891E+0000         1
 34550   -0.37072406E+0001   -0.37072406E+0001    0.45626703E+0000         1
 34600   -0.37076314E+0001   -0.37076314E+0001    0.28222735E+0000         1
 34650   -0.37073004E+0001   -0.37073004E+0001    0.45350544E+0000         1
 34700   -0.37063905E+0001   -0.37063905E+0001    0.59268011E+0000         1
 34750   -0.37065305E+0001   -0.37065305E+0001    0.66113174E+0000         1
 34800   -0.37058144E+0001   -0.37058144E+0001    0.70803230E+0000         1
 34850   -0.37063748E+0001   -0.37063748E+0001    0.62359319E+0000         1
 34900   -0.37071326E+0001   -0.37071326E+0001    0.49974191E+0000         1
 34950   -0.37069084E+0001   -0.37069084E+0001    0.53022214E+0000         1
 35000   -0.37073914E+0001   -0.37073914E+0001    0.36316394E+0000         1
 35050   -0.37070645E+0001   -0.37070645E+0001    0.50179565E+0000         1
 35100   -0.37070749E+0001   -0.37070749E+0001    0.48592135E+0000         1
 35150   -0.37071881E+0001   -0.37071881E+0001    0.40168863E+0000         1
 35200   -0.37069641E+0001   -0.37069641E+0001    0.51756985E+0000         1
 35250   -0.37073409E+0001   -0.37073409E+0001    0.35764491E+0000         1
 35300   -0.37071871E+0001   -0.37071871E+0001    0.38551876E+0000         1
 35350   -0.37068929E+0001   -0.37068929E+0001    0.43160305E+0000         1
 35400   -0.37068620E+0001   -0.37068620E+0001    0.50461960E+0000         1
 35450   -0.37071911E+0001   -0.37071911E+0001    0.45944782E+0000         1
 35500   -0.37067938E+0001   -0.37067938E+0001    0.49361188E+0000         1
 35550   -0.37070265E+0001   -0.37070265E+0001    0.52145512E+0000         1
 35600   -0.37067096E+0001   -0.37067096E+0001    0.56391946E+0000         1
 35650   -0.37067784E+0001   -0.37067784E+0001    0.59836767E+0000         1
 35700   -0.37068213E+0001   -0.37068213E+0001    0.54011372E+0000         1
 35750   -0.37067193E+0001   -0.37067193E+0001    0.47488911E+0000         1
 35800   -0.37072603E+0001   -0.37072603E+0001    0.40818928E+0000         1
 35850   -0.37071403E+0001   -0.37071403E+0001    0.53722035E+0000         1
 35900   -0.37074275E+0001   -0.37074275E+0001    0.37018496E+0000         1
 35950   -0.37072454E+0001   -0.37072454E+0001    0.37363638E+0000         1
 36000   -0.37074796E+0001   -0.37074796E+0001    0.36770515E+0000         1
 36050   -0.37068789E+0001   -0.37068789E+0001    0.58310686E+0000         1
 36100   -0.37067113E+0001   -0.37067113E+0001    0.63154157E+0000         1
 36150   -0.37069998E+0001   -0.37069998E+0001    0.48611065E+0000         1
 36200   -0.37068738E+0001   -0.37068738E+0001    0.44527827E+0000         1
 36250   -0.37068075E+0001   -0.37068075E+0001    0.54161251E+0000         1
 36300   -0.37068582E+0001   -0.37068582E+0001    0.52645086E+0000         1
 36350   -0.37066741E+0001   -0.37066741E+0001    0.51610344E+0000         1
 36400   -0.37067225E+0001   -0.37067225E+0001    0.65789769E+0000         1
 36450   -0.37066360E+0001   -0.37066360E+0001    0.58957536E+0000         1
 36500   -0.37067597E+0001   -0.37067597E+0001    0.56808499E+0000         1
 36550   -0.37069986E+0001   -0.37069986E+0001    0.44196791E+0000         1
 36600   -0.37066932E+0001   -0.37066932E+0001    0.61752902E+0000         1
 36650   -0.37069900E+0001   -0.37069900E+0001    0.43037888E+0000         1
 36700   -0.37068071E+0001   -0.37068071E+0001    0.58861409E+0000         1
 36750   -0.37069151E+0001   -0.37069151E+0001    0.64579111E+0000         1
 36800   -0.37073424E+0001   -0.37073424E+0001    0.37808711E+0000         1
 36850   -0.37068919E+0001   -0.37068919E+0001    0.46190343E+0000         1
 36900   -0.37072762E+0001   -0.37072762E+0001    0.36728032E+0000         1
 36950   -0.37060226E+0001   -0.37060226E+0001    0.72419312E+0000         1
 37000   -0.37070618E+0001   -0.37070618E+0001    0.45589646E+0000         1
 37050   -0.37067986E+0001   -0.37067986E+0001    0.62382916E+0000         1
 37100   -0.37068225E+0001   -0.37068225E+0001    0.57258226E+0000         1
 37150   -0.37072923E+0001   -0.37072923E+0001    0.39641028E+0000         1
 37200   -0.37072557E+0001   -0.37072557E+0001    0.38816822E+0000         1
 37250   -0.37071147E+0001   -0.37071147E+0001    0.47647304E+0000         1
 37300   -0.37070056E+0001   -0.37070056E+0001    0.52311002E+0000         1
 37350   -0.37071255E+0001   -0.37071255E+0001    0.44628345E+0000         1
 37400   -0.37074827E+0001   -0.37074827E+0001    0.26378016E+0000         1
 37450   -0.37067340E+0001   -0.37067340E+0001    0.56372665E+0000         1
 37500   -0.37070716E+0001   -0.37070716E+0001    0.46768903E+0000         1
 37550   -0.37070521E+0001   -0.37070521E+0001    0.40750871E+0000         1
 37600   -0.37071973E+0001   -0.37071973E+0001    0.43486672E+0000         1
 37650   -0.37067819E+0001   -0.37067819E+0001    0.54888640E+0000         1
 37700   -0.37069265E+0001   -0.37069265E+0001    0.50392068E+0000         1
 37750   -0.37071965E+0001   -0.37071965E+0001    0.54717579E+0000         1
 37800   -0.37070372E+0001   -0.37070372E+0001    0.58079268E+0000         1
 37850   -0.37065307E+0001   -0.37065307E+0001    0.56461879E+0000         1
 37900   -0.37072969E+0001   -0.37072969E+0001    0.40056851E+0000         1
 37950   -0.37073347E+0001   -0.37073347E+0001    0.38264615E+0000         1
 38000   -0.37071108E+0001   -0.37071108E+0001    0.46037227E+0000         1
 38050   -0.37069958E+0001   -0.37069958E+0001    0.54328769E+0000         1
 38100   -0.37067808E+0001   -0.37067808E+0001    0.46976675E+0000         1
 38150   -0.37065286E+0001   -0.37065286E+0001    0.56169230E+0000         1
 38200   -0.37063468E+0001   -0.37063468E+0001    0.70379260E+0000         1
 38250   -0.37070882E+0001   -0.37070882E+0001    0.57972305E+0000         1
 38300   -0.37071209E+0001   -0.37071209E+0001    0.51454355E+0000         1
 38350   -0.37068287E+0001   -0.37068287E+0001    0.61129580E+0000         1
 38400   -0.37074264E+0001   -0.37074264E+0001    0.36022668E+0000         1
 38450   -0.37072654E+0001   -0.37072654E+0001    0.43563878E+0000         1
 38500   -0.37070345E+0001   -0.37070345E+0001    0.50377816E+0000         1
 38550   -0.37074710E+0001   -0.37074710E+0001    0.33452487E+0000         1
 38600   -0.37074566E+0001   -0.37074566E+0001    0.28402734E+0000         1
 38650   -0.37068548E+0001   -0.37068548E+0001    0.52315156E+0000         1
 38700   -0.37069608E+0001   -0.37069608E+0001    0.46996599E+0000         1
 38750   -0.37071154E+0001   -0.37071154E+0001    0.45461681E+0000         1
 38800   -0.37068253E+0001   -0.37068253E+0001    0.54806454E+0000         1
 38850   -0.37072023E+0001   -0.37072023E+0001    0.37363496E+0000         1
 38900   -0.37066153E+0001   -0.37066153E+0001    0.55327657E+0000         1
 38950   -0.37061857E+0001   -0.37061857E+0001    0.72819828E+0000         1
 39000   -0.37062069E+0001   -0.37062069E+0001    0.63690289E+0000         1
 39050   -0.37067714E+0001   -0.37067714E+0001    0.44619179E+0000         1
 39100   -0.37068805E+0001   -0.37068805E+0001    0.58285435E+0000         1
 39150   -0.37071719E+0001   -0.37071719E+0001    0.42636128E+0000         1
 39200   -0.37069075E+0001   -0.37069075E+0001    0.50117248E+0000         1
 39250   -0.37068688E+0001   -0.37068688E+0001    0.43464926E+0000         1
 39300   -0.37070100E+0001   -0.37070100E+0001    0.46309644E+0000         1
 39350   -0.37067374E+0001   -0.37067374E+0001    0.57255036E+0000         1
 39400   -0.37066563E+0001   -0.37066563E+0001    0.43639012E+0000         1
 39450   -0.37069752E+0001   -0.37069752E+0001    0.29542123E+0000         1
 39500   -0.37070629E+0001   -0.37070629E+0001    0.43985712E+0000         1
 39550   -0.37068563E+0001   -0.37068563E+0001    0.59619698E+0000         1
 39600   -0.37072251E+0001   -0.37072251E+0001    0.40184928E+0000         1
 39650   -0.37070029E+0001   -0.37070029E+0001    0.47428559E+0000         1
 39700   -0.37073895E+0001   -0.37073895E+0001    0.30485682E+0000         1
 39750   -0.37076118E+0001   -0.37076118E+0001    0.29755580E+0000         1
 39800   -0.37071559E+0001   -0.37071559E+0001    0.47602549E+0000         1
 39850   -0.37071306E+0001   -0.37071306E+0001    0.49996860E+0000         1
 39900   -0.37071972E+0001   -0.37071972E+0001    0.46282315E+0000         1
 39950   -0.37069295E+0001   -0.37069295E+0001    0.54049387E+0000         1
 40000   -0.37070808E+0001   -0.37070808E+0001    0.52555475E+0000         1
 40050   -0.37069128E+0001   -0.37069128E+0001    0.49997229E+0000         1
 40100   -0.37065668E+0001   -0.37065668E+0001    0.63758310E+0000         1
 40150   -0.37069766E+0001   -0.37069766E+0001    0.54589864E+0000         1
 40200   -0.37074749E+0001   -0.37074749E+0001    0.28507825E+0000         1
 40250   -0.37070565E+0001   -0.37070565E+0001    0.54261298E+0000         1
 40300   -0.37067387E+0001   -0.37067387E+0001    0.59986349E+0000         1
 40350   -0.37074361E+0001   -0.37074361E+0001    0.34451263E+0000         1
 40400   -0.37071787E+0001   -0.37071787E+0001    0.54539609E+0000         1
 40450   -0.37068012E+0001   -0.37068012E+0001    0.45146541E+0000         1
 40500   -0.37068970E+0001   -0.37068970E+0001    0.42500585E+0000         1
 40550   -0.37070884E+0001   -0.37070884E+0001    0.41851069E+0000         1
 40600   -0.37070079E+0001   -0.37070079E+0001    0.45735382E+0000         1
 40650   -0.37066375E+0001   -0.37066375E+0001    0.57935301E+0000         1
 40700   -0.37075632E+0001   -0.37075632E+0001    0.24441832E+0000         1
 40750   -0.37073565E+0001   -0.37073565E+0001    0.44270564E+0000         1
 40800   -0.37072158E+0001   -0.37072158E+0001    0.41649087E+0000         1
 40850   -0.37073181E+0001   -0.37073181E+0001    0.36219580E+0000         1
 40900   -0.37075048E+0001   -0.37075048E+0001    0.31780622E+0000         1
 40950   -0.37072509E+0001   -0.37072509E+0001    0.35265045E+0000         1
 41000   -0.37068956E+0001   -0.37068956E+0001    0.50261410E+0000         1
 41050   -0.37074067E+0001   -0.37074067E+0001    0.36299312E+0000         1
 41100   -0.37072530E+0001   -0.37072530E+0001    0.38419812E+0000         1
 41150   -0.37075262E+0001   -0.37075262E+0001    0.38629245E+0000         1
 41200   -0.37072978E+0001   -0.37072978E+0001    0.37695937E+0000         1
 41250   -0.37074029E+0001   -0.37074029E+0001    0.32297374E+0000         1
 41300   -0.37073695E+0001   -0.37073695E+0001    0.41320674E+0000         1
 41350   -0.37069788E+0001   -0.37069788E+0001    0.48520246E+0000         1
 41400   -0.37074179E+0001   -0.37074179E+0001    0.32493640E+0000         1
 41450   -0.37069173E+0001   -0.37069173E+0001    0.45826917E+0000         1
 41500   -0.37069993E+0001   -0.37069993E+0001    0.47426170E+0000         1
 41550   -0.37071611E+0001   -0.37071611E+0001    0.37298444E+0000         1
 41600   -0.37073277E+0001   -0.37073277E+0001    0.35347698E+0000         1
 41650   -0.37068148E+0001   -0.37068148E+0001    0.53338740E+0000         1
 41700   -0.37068587E+0001   -0.37068587E+0001    0.47414182E+0000         1
 41750   -0.37067815E+0001   -0.37067815E+0001    0.50241632E+0000         1
 41800   -0.37073066E+0001   -0.37073066E+0001    0.40787965E+0000         1
 41850   -0.37077241E+0001   -0.37077241E+0001    0.25603262E+0000         1
 41900   -0.37072117E+0001   -0.37072117E+0001    0.53339332E+0000         1
 41950   -0.37065602E+0001   -0.37065602E+0001    0.62906762E+0000         1
 42000   -0.37069350E+0001   -0.37069350E+0001    0.45695330E+0000         1
 42050   -0.37068914E+0001   -0.37068914E+0001    0.54215857E+0000         1
 42100   -0.37067509E+0001   -0.37067509E+0001    0.53660881E+0000         1
 42150   -0.37065742E+0001   -0.37065742E+0001    0.60110904E+0000         1
 42200   -0.37066219E+0001   -0.37066219E+0001    0.52399999E+0000         1
 42250   -0.37066989E+0001   -0.37066989E+0001    0.57909279E+0000         1
 42300   -0.37053289E+0001   -0.37053289E+0001    0.93674442E+0000         1
 42350   -0.37062929E+0001   -0.37062929E+0001    0.68293515E+0000         1
 42400   -0.37071177E+0001   -0.37071177E+0001    0.50493090E+0000         1
 42450   -0.37070222E+0001   -0.37070222E+0001    0.56455835E+0000         1
 42500   -0.37066701E+0001   -0.37066701E+0001    0.70509576E+0000         1
 42550   -0.37072282E+0001   -0.37072282E+0001    0.52008996E+0000         1
 42600   -0.37061685E+0001   -0.37061685E+0001    0.65471894E+0000         1
 42650   -0.37057162E+0001   -0.37057162E+0001    0.71638825E+0000         1
 42700   -0.37060300E+0001   -0.37060300E+0001    0.61772335E+0000         1
 42750   -0.37068662E+0001   -0.37068662E+0001    0.45886069E+0000         1
 42800   -0.37069483E+0001   -0.37069483E+0001    0.52136176E+0000         1
 42850   -0.37073907E+0001   -0.37073907E+0001    0.31397871E+0000         1
 42900   -0.37066764E+0001   -0.37066764E+0001    0.55560168E+0000         1
 42950   -0.37068822E+0001   -0.37068822E+0001    0.55848867E+0000         1
 43000   -0.37067471E+0001   -0.37067471E+0001    0.54271290E+0000         1
 43050   -0.37069165E+0001   -0.37069165E+0001    0.44785955E+0000         1
 43100   -0.37062801E+0001   -0.37062801E+0001    0.59629517E+0000         1
 43150   -0.37070253E+0001   -0.37070253E+0001    0.48577391E+0000         1
 43200   -0.37072132E+0001   -0.37072132E+0001    0.36167973E+0000         1
 43250   -0.37068986E+0001   -0.37068986E+0001    0.55530709E+0000         1
 43300   -0.37069446E+0001   -0.37069446E+0001    0.55301361E+0000         1
 43350   -0.37074300E+0001   -0.37074300E+0001    0.29408980E+0000         1
 43400   -0.37067443E+0001   -0.37067443E+0001    0.57002910E+0000         1
 43450   -0.37071236E+0001   -0.37071236E+0001    0.39509844E+0000         1
 43500   -0.37069937E+0001   -0.37069937E+0001    0.51907971E+0000         1
 43550   -0.37072215E+0001   -0.37072215E+0001    0.36879950E+0000         1
 43600   -0.37070658E+0001   -0.37070658E+0001    0.38550872E+0000         1
 43650   -0.37069720E+0001   -0.37069720E+0001    0.43541359E+0000         1
 43700   -0.37070758E+0001   -0.37070758E+0001    0.48291162E+0000         1
 43750   -0.37064932E+0001   -0.37064932E+0001    0.61658461E+0000         1
 43800   -0.37070863E+0001   -0.37070863E+0001    0.38975437E+0000         1
 43850   -0.37072622E+0001   -0.37072622E+0001    0.35309914E+0000         1
 43900   -0.37067946E+0001   -0.37067946E+0001    0.59992391E+0000         1
 43950   -0.37069750E+0001   -0.37069750E+0001    0.53192713E+0000         1
 44000   -0.37068943E+0001   -0.37068943E+0001    0.44982190E+0000         1
 44050   -0.37068330E+0001   -0.37068330E+0001    0.48651930E+0000         1
 44100   -0.37071366E+0001   -0.37071366E+0001    0.41160600E+0000         1
 44150   -0.37070787E+0001   -0.37070787E+0001    0.49294213E+0000         1
 44200   -0.37069933E+0001   -0.37069933E+0001    0.48619448E+0000         1
 44250   -0.37072158E+0001   -0.37072158E+0001    0.39739559E+0000         1
 44300   -0.37073260E+0001   -0.37073260E+0001    0.39335592E+0000         1
 44350   -0.37070241E+0001   -0.37070241E+0001    0.53751022E+0000         1
 44400   -0.37072909E+0001   -0.37072909E+0001    0.49095994E+0000         1
 44450   -0.37073564E+0001   -0.37073564E+0001    0.36605478E+0000         1
 44500   -0.37067296E+0001   -0.37067296E+0001    0.58461945E+0000         1
 44550   -0.37072023E+0001   -0.37072023E+0001    0.44216453E+0000         1
 44600   -0.37072530E+0001   -0.37072530E+0001    0.38400933E+0000         1
 44650   -0.37072911E+0001   -0.37072911E+0001    0.40205997E+0000         1
 44700   -0.37070171E+0001   -0.37070171E+0001    0.46220172E+0000         1
 44750   -0.37066279E+0001   -0.37066279E+0001    0.60521595E+0000         1
 44800   -0.37066752E+0001   -0.37066752E+0001    0.50227145E+0000         1
 44850   -0.37060196E+0001   -0.37060196E+0001    0.56311379E+0000         1
 44900   -0.37067389E+0001   -0.37067389E+0001    0.52832072E+0000         1
 44950   -0.37068234E+0001   -0.37068234E+0001    0.40411858E+0000         1
 45000   -0.37065234E+0001   -0.37065234E+0001    0.52241653E+0000         1
 45050   -0.37062220E+0001   -0.37062220E+0001    0.60587991E+0000         1
 45100   -0.37061235E+0001   -0.37061235E+0001    0.61679404E+0000         1
 45150   -0.37067454E+0001   -0.37067454E+0001    0.54740906E+0000         1
 45200   -0.37068911E+0001   -0.37068911E+0001    0.54493437E+0000         1
 45250   -0.37067794E+0001   -0.37067794E+0001    0.72326217E+0000         1
 45300   -0.37066829E+0001   -0.37066829E+0001    0.58145658E+0000         1
 45350   -0.37071838E+0001   -0.37071838E+0001    0.41790750E+0000         1
 45400   -0.37068388E+0001   -0.37068388E+0001    0.53371939E+0000         1
 45450   -0.37068271E+0001   -0.37068271E+0001    0.56134420E+0000         1
 45500   -0.37070384E+0001   -0.37070384E+0001    0.45743719E+0000         1
 45550   -0.37066878E+0001   -0.37066878E+0001    0.53750335E+0000         1
 45600   -0.37074037E+0001   -0.37074037E+0001    0.31753298E+0000         1
 45650   -0.37071227E+0001   -0.37071227E+0001    0.37642426E+0000         1
 45700   -0.37063259E+0001   -0.37063259E+0001    0.57220494E+0000         1
 45750   -0.37069112E+0001   -0.37069112E+0001    0.47410299E+0000         1
 45800   -0.37068782E+0001   -0.37068782E+0001    0.49025165E+0000         1
 45850   -0.37069574E+0001   -0.37069574E+0001    0.57238091E+0000         1
 45900   -0.37070365E+0001   -0.37070365E+0001    0.46534312E+0000         1
 45950   -0.37068350E+0001   -0.37068350E+0001    0.56206096E+0000         1
 46000   -0.37068521E+0001   -0.37068521E+0001    0.47356454E+0000         1
 46050   -0.37068021E+0001   -0.37068021E+0001    0.38264989E+0000         1
 46100   -0.37065357E+0001   -0.37065357E+0001    0.56168444E+0000         1
 46150   -0.37069652E+0001   -0.37069652E+0001    0.35498253E+0000         1
 46200   -0.37070993E+0001   -0.37070993E+0001    0.38379401E+0000         1
 46250   -0.37056506E+0001   -0.37056506E+0001    0.89731703E+0000         1
 46300   -0.37062187E+0001   -0.37062187E+0001    0.74086914E+0000         1
 46350   -0.37073574E+0001   -0.37073574E+0001    0.36464857E+0000         1
 46400   -0.37064846E+0001   -0.37064846E+0001    0.62709395E+0000         1
 46450   -0.37065458E+0001   -0.37065458E+0001    0.55593885E+0000         1
 46500   -0.37071775E+0001   -0.37071775E+0001    0.43020159E+0000         1
 46550   -0.37073687E+0001   -0.37073687E+0001    0.36085966E+0000         1
 46600   -0.37070171E+0001   -0.37070171E+0001    0.49646771E+0000         1
 46650   -0.37071829E+0001   -0.37071829E+0001    0.39725945E+0000         1
 46700   -0.37071816E+0001   -0.37071816E+0001    0.44033952E+0000         1
 46750   -0.37067418E+0001   -0.37067418E+0001    0.54578916E+0000         1
 46800   -0.37066305E+0001   -0.37066305E+0001    0.67002286E+0000         1
 46850   -0.37063532E+0001   -0.37063532E+0001    0.81460135E+0000         1
 46900   -0.37071539E+0001   -0.37071539E+0001    0.49062377E+0000         1
 46950   -0.37072683E+0001   -0.37072683E+0001    0.41461538E+0000         1
 47000   -0.37064261E+0001   -0.37064261E+0001    0.59725596E+0000         1
 47050   -0.37065120E+0001   -0.37065120E+0001    0.62086162E+0000         1
 47100   -0.37070230E+0001   -0.37070230E+0001    0.50460081E+0000         1
 47150   -0.37069449E+0001   -0.37069449E+0001    0.50745790E+0000         1
 47200   -0.37070933E+0001   -0.37070933E+0001    0.50367287E+0000         1
 47250   -0.37072033E+0001   -0.37072033E+0001    0.42558212E+0000         1
 47300   -0.37062434E+0001   -0.37062434E+0001    0.73974648E+0000         1
 47350   -0.37065873E+0001   -0.37065873E+0001    0.66235402E+0000         1
 47400   -0.37070734E+0001   -0.37070734E+0001    0.38345781E+0000         1
 47450   -0.37066957E+0001   -0.37066957E+0001    0.51950002E+0000         1
 47500   -0.37060532E+0001   -0.37060532E+0001    0.62872439E+0000         1
 47550   -0.37058041E+0001   -0.37058041E+0001    0.67439934E+0000         1
 47600   -0.37061007E+0001   -0.37061007E+0001    0.56086699E+0000         1
 47650   -0.37061410E+0001   -0.37061410E+0001    0.44599734E+0000         1
 47700   -0.37063339E+0001   -0.37063339E+0001    0.41770404E+0000         1
 47750   -0.37065808E+0001   -0.37065808E+0001    0.46727388E+0000         1
 47800   -0.37071942E+0001   -0.37071942E+0001    0.29715066E+0000         1
 47850   -0.37067101E+0001   -0.37067101E+0001    0.56927755E+0000         1
 47900   -0.37066911E+0001   -0.37066911E+0001    0.51705461E+0000         1
 47950   -0.37068500E+0001   -0.37068500E+0001    0.51841755E+0000         1
 48000   -0.37064344E+0001   -0.37064344E+0001    0.53176698E+0000         1
