     1   -0.39239953E+0001   -0.39242502E+0001    0.12416840E+0001     11997
    50   -0.39232581E+0001   -0.39273369E+0001    0.11545035E+0001     11956
   100   -0.39232912E+0001   -0.39279822E+0001    0.11519641E+0001     12167
   150   -0.39240679E+0001   -0.39290648E+0001    0.11426300E+0001     12242
   200   -0.39254626E+0001   -0.39317390E+0001    0.10364008E+0001     12247
   250   -0.39275873E+0001   -0.39330331E+0001    0.94540919E+0000     12447
   300   -0.39300421E+0001   -0.39344676E+0001    0.89994899E+0000     12678
   350   -0.39317393E+0001   -0.39357207E+0001    0.79953812E+0000     12974
   400   -0.39330157E+0001   -0.39364380E+0001    0.76959206E+0000     13251
     1   -0.39239875E+0001   -0.39242450E+0001    0.12416840E+0001     11997
    50   -0.39230590E+0001   -0.39269016E+0001    0.11815748E+0001     12141
   100   -0.39227824E+0001   -0.39277206E+0001    0.11853897E+0001     12167
   150   -0.39232335E+0001   -0.39287096E+0001    0.11700737E+0001     12386
   200   -0.39241128E+0001   -0.39294846E+0001    0.11147956E+0001     12653
   250   -0.39252394E+0001   -0.39302741E+0001    0.11074897E+0001     12758
   300   -0.39264514E+0001   -0.39315354E+0001    0.10162563E+0001     13187
   350   -0.39278019E+0001   -0.39326048E+0001    0.92652567E+0000     13643
   400   -0.39294072E+0001   -0.39342205E+0001    0.86194238E+0000     13901
     1   -0.39239868E+0001   -0.39242617E+0001    0.12416840E+0001     11995
    50   -0.39228493E+0001   -0.39269007E+0001    0.11865970E+0001     12048
   100   -0.39224081E+0001   -0.39272564E+0001    0.11737538E+0001     12170
   150   -0.39226988E+0001   -0.39285647E+0001    0.11325908E+0001     12277
   200   -0.39238027E+0001   -0.39302184E+0001    0.11081841E+0001     12725
   250   -0.39253081E+0001   -0.39302704E+0001    0.10816987E+0001     12745
   300   -0.39265454E+0001   -0.39316882E+0001    0.98637624E+0000     13084
   350   -0.39280001E+0001   -0.39328513E+0001    0.97697510E+0000     13439
   400   -0.39295200E+0001   -0.39336148E+0001    0.87602778E+0000     13859
     1   -0.39239836E+0001   -0.39242535E+0001    0.12416840E+0001     11999
    50   -0.39226860E+0001   -0.39270328E+0001    0.11988413E+0001     12066
   100   -0.39220871E+0001   -0.39272003E+0001    0.11979126E+0001     12363
   150   -0.39222350E+0001   -0.39287720E+0001    0.11067324E+0001     12698
   200   -0.39233382E+0001   -0.39297387E+0001    0.11017245E+0001     12951
   250   -0.39251797E+0001   -0.39300646E+0001    0.10732681E+0001     13121
   300   -0.39264342E+0001   -0.39308863E+0001    0.10620165E+0001     13420
   350   -0.39270300E+0001   -0.39316976E+0001    0.10162240E+0001     13747
   400   -0.39276434E+0001   -0.39322670E+0001    0.96981858E+0000     13920
     1   -0.39239835E+0001   -0.39242754E+0001    0.12416840E+0001     11996
    50   -0.39225431E+0001   -0.39270404E+0001    0.12157820E+0001     11989
   100   -0.39216458E+0001   -0.39270299E+0001    0.11984037E+0001     12261
   150   -0.39217678E+0001   -0.39269885E+0001    0.12116534E+0001     12464
   200   -0.39223531E+0001   -0.39281585E+0001    0.11814053E+0001     12791
   250   -0.39230320E+0001   -0.39296023E+0001    0.11637043E+0001     13031
   300   -0.39244271E+0001   -0.39305604E+0001    0.10931788E+0001     13574
   350   -0.39260821E+0001   -0.39318000E+0001    0.10068593E+0001     13750
   400   -0.39277293E+0001   -0.39330342E+0001    0.99371379E+0000     14113
     1   -0.39239754E+0001   -0.39242855E+0001    0.12416840E+0001     12003
    50   -0.39223752E+0001   -0.39265164E+0001    0.12079588E+0001     12057
   100   -0.39214107E+0001   -0.39273611E+0001    0.11939998E+0001     12347
   150   -0.39210274E+0001   -0.39271914E+0001    0.12174266E+0001     12559
   200   -0.39211541E+0001   -0.39275971E+0001    0.12484549E+0001     12820
   250   -0.39217784E+0001   -0.39273242E+0001    0.11802653E+0001     13368
   300   -0.39226939E+0001   -0.39287553E+0001    0.11387610E+0001     13980
   350   -0.39242521E+0001   -0.39293580E+0001    0.11359284E+0001     14166
   400   -0.39252188E+0001   -0.39307912E+0001    0.10509594E+0001     14891
     1   -0.39239769E+0001   -0.39242868E+0001    0.12416840E+0001     12000
    50   -0.39222741E+0001   -0.39269533E+0001    0.11945156E+0001     11867
   100   -0.39212150E+0001   -0.39272485E+0001    0.12120904E+0001     11881
   150   -0.39207990E+0001   -0.39272410E+0001    0.12397655E+0001     11943
   200   -0.39210588E+0001   -0.39280915E+0001    0.12395784E+0001     12121
   250   -0.39213410E+0001   -0.39264304E+0001    0.12357929E+0001     12186
   300   -0.39215297E+0001   -0.39271905E+0001    0.11959387E+0001     12611
   350   -0.39223495E+0001   -0.39279461E+0001    0.11453862E+0001     12920
   400   -0.39232665E+0001   -0.39290580E+0001    0.11735913E+0001     13278
   450   -0.39238128E+0001   -0.39290322E+0001    0.11316647E+0001     13576
     1   -0.39239752E+0001   -0.39242925E+0001    0.12416840E+0001     12003
    50   -0.39221229E+0001   -0.39265499E+0001    0.11832546E+0001     12007
   100   -0.39208879E+0001   -0.39260636E+0001    0.12393992E+0001     12106
   150   -0.39203988E+0001   -0.39268090E+0001    0.12534924E+0001     11987
   200   -0.39203942E+0001   -0.39265736E+0001    0.12471164E+0001     12174
   250   -0.39205092E+0001   -0.39273340E+0001    0.12372428E+0001     12403
   300   -0.39211435E+0001   -0.39270434E+0001    0.12482673E+0001     12736
   350   -0.39222118E+0001   -0.39266544E+0001    0.12607050E+0001     13140
   400   -0.39221209E+0001   -0.39276886E+0001    0.12406075E+0001     13589
   450   -0.39220681E+0001   -0.39284193E+0001    0.12495381E+0001     14117
   500   -0.39221689E+0001   -0.39286123E+0001    0.12279365E+0001     14277
   550   -0.39226062E+0001   -0.39286236E+0001    0.12463087E+0001     14689
   600   -0.39228515E+0001   -0.39285225E+0001    0.11770088E+0001     15179
   650   -0.39233448E+0001   -0.39298738E+0001    0.11442312E+0001     15594
     1   -0.39239693E+0001   -0.39242664E+0001    0.12416840E+0001     12000
    50   -0.39219813E+0001   -0.39257826E+0001    0.12298218E+0001     12021
   100   -0.39205439E+0001   -0.39266712E+0001    0.12239180E+0001     12265
   150   -0.39204413E+0001   -0.39268689E+0001    0.12196941E+0001     12495
   200   -0.39208966E+0001   -0.39268043E+0001    0.12598780E+0001     12828
   250   -0.39211329E+0001   -0.39269408E+0001    0.12676708E+0001     13109
   300   -0.39210966E+0001   -0.39257141E+0001    0.12397658E+0001     13377
   350   -0.39207216E+0001   -0.39258152E+0001    0.12502384E+0001     13418
   400   -0.39207057E+0001   -0.39272073E+0001    0.11711792E+0001     13827
   450   -0.39219575E+0001   -0.39280605E+0001    0.11973433E+0001     14360
   500   -0.39223323E+0001   -0.39278139E+0001    0.11529645E+0001     14739
   550   -0.39225120E+0001   -0.39281187E+0001    0.11706468E+0001     15022
   600   -0.39226362E+0001   -0.39276888E+0001    0.11913942E+0001     15211
   650   -0.39227970E+0001   -0.39281606E+0001    0.11548813E+0001     15661
   700   -0.39230534E+0001   -0.39286635E+0001    0.11469689E+0001     16440
   750   -0.39232433E+0001   -0.39289268E+0001    0.11141267E+0001     16810
   800   -0.39236770E+0001   -0.39294824E+0001    0.10784569E+0001     17277
     1   -0.39239690E+0001   -0.39242652E+0001    0.12416840E+0001     12003
    50   -0.39219257E+0001   -0.39260013E+0001    0.12160194E+0001     12053
   100   -0.39203838E+0001   -0.39260277E+0001    0.12617772E+0001     12201
   150   -0.39195790E+0001   -0.39255041E+0001    0.12585055E+0001     12262
   200   -0.39194330E+0001   -0.39257927E+0001    0.12674640E+0001     12481
   250   -0.39196997E+0001   -0.39260941E+0001    0.12404130E+0001     12855
   300   -0.39199362E+0001   -0.39262779E+0001    0.12151973E+0001     13003
   350   -0.39205046E+0001   -0.39264159E+0001    0.12254046E+0001     13316
   400   -0.39208193E+0001   -0.39265590E+0001    0.12356034E+0001     13573
   450   -0.39208501E+0001   -0.39261782E+0001    0.12695583E+0001     14064
   500   -0.39201700E+0001   -0.39251321E+0001    0.12877842E+0001     14713
   550   -0.39198014E+0001   -0.39268463E+0001    0.12468999E+0001     15113
   600   -0.39194739E+0001   -0.39255408E+0001    0.12683766E+0001     15637
   650   -0.39193107E+0001   -0.39251285E+0001    0.12337469E+0001     16190
   700   -0.39198137E+0001   -0.39258740E+0001    0.12008304E+0001     16535
   750   -0.39201429E+0001   -0.39258978E+0001    0.12235581E+0001     17185
   800   -0.39196746E+0001   -0.39254831E+0001    0.12262954E+0001     17597
   850   -0.39196181E+0001   -0.39256313E+0001    0.12173498E+0001     18274
   900   -0.39197031E+0001   -0.39265604E+0001    0.12027867E+0001     18917
   950   -0.39198322E+0001   -0.39276292E+0001    0.11443806E+0001     19273
  1000   -0.39217195E+0001   -0.39278499E+0001    0.11305396E+0001     19561
  1050   -0.39227393E+0001   -0.39280982E+0001    0.11227249E+0001     19976
  1100   -0.39226101E+0001   -0.39281743E+0001    0.11590250E+0001     20682
  1150   -0.39224185E+0001   -0.39283335E+0001    0.11530007E+0001     21474
  1200   -0.39224030E+0001   -0.39290049E+0001    0.10897545E+0001     21627
  1250   -0.39227670E+0001   -0.39302777E+0001    0.10434014E+0001     22182
  1300   -0.39239292E+0001   -0.39303970E+0001    0.10623591E+0001     22401
     1   -0.39239643E+0001   -0.39242750E+0001    0.12416840E+0001     11999
    50   -0.39218199E+0001   -0.39263707E+0001    0.12003024E+0001     11955
   100   -0.39201140E+0001   -0.39259615E+0001    0.12542115E+0001     12248
   150   -0.39191869E+0001   -0.39255390E+0001    0.12779821E+0001     12574
   200   -0.39191432E+0001   -0.39254940E+0001    0.12428688E+0001     12977
   250   -0.39194363E+0001   -0.39255389E+0001    0.12715111E+0001     13091
   300   -0.39198073E+0001   -0.39260621E+0001    0.12651054E+0001     13214
   350   -0.39195421E+0001   -0.39253680E+0001    0.13099267E+0001     13340
   400   -0.39189388E+0001   -0.39253268E+0001    0.12718653E+0001     13911
   450   -0.39185561E+0001   -0.39252038E+0001    0.13095278E+0001     14352
   500   -0.39186370E+0001   -0.39249116E+0001    0.12990472E+0001     14728
   550   -0.39187648E+0001   -0.39265809E+0001    0.12570899E+0001     14591
   600   -0.39194156E+0001   -0.39263376E+0001    0.12812639E+0001     14721
   650   -0.39199408E+0001   -0.39267256E+0001    0.12863533E+0001     15158
   700   -0.39199479E+0001   -0.39254990E+0001    0.12579511E+0001     15516
   750   -0.39197805E+0001   -0.39249274E+0001    0.12564118E+0001     15884
   800   -0.39195045E+0001   -0.39249942E+0001    0.12394395E+0001     16474
   850   -0.39189637E+0001   -0.39246532E+0001    0.13180547E+0001     16619
   900   -0.39183122E+0001   -0.39241753E+0001    0.13228982E+0001     17103
   950   -0.39176816E+0001   -0.39237380E+0001    0.13352816E+0001     17332
  1000   -0.39172414E+0001   -0.39231559E+0001    0.13233746E+0001     17968
  1050   -0.39167196E+0001   -0.39232469E+0001    0.13361464E+0001     18304
  1100   -0.39163674E+0001   -0.39227347E+0001    0.13315623E+0001     18987
  1150   -0.39164066E+0001   -0.39230755E+0001    0.13169009E+0001     19406
  1200   -0.39165220E+0001   -0.39234570E+0001    0.12400080E+0001     19815
  1250   -0.39176845E+0001   -0.39242589E+0001    0.12613657E+0001     20335
  1300   -0.39181531E+0001   -0.39250188E+0001    0.12549583E+0001     20954
  1350   -0.39180663E+0001   -0.39241753E+0001    0.13094875E+0001     21613
  1400   -0.39177557E+0001   -0.39237822E+0001    0.12940876E+0001     22279
  1450   -0.39176787E+0001   -0.39233392E+0001    0.12174283E+0001     22919
  1500   -0.39177554E+0001   -0.39234982E+0001    0.12622240E+0001     23768
  1550   -0.39178526E+0001   -0.39237063E+0001    0.12699829E+0001     24420
  1600   -0.39173989E+0001   -0.39232408E+0001    0.12294384E+0001     25002
  1601   -0.39175316E+0001   -0.39175316E+0001    0.13741195E+0001     12000
  1650   -0.39203956E+0001   -0.39242385E+0001    0.11674666E+0001     12048
  1700   -0.39189200E+0001   -0.39244661E+0001    0.12130354E+0001     12032
  1750   -0.39182085E+0001   -0.39248298E+0001    0.12269516E+0001     12414
  1800   -0.39186983E+0001   -0.39250377E+0001    0.12070142E+0001     12644
  1850   -0.39196479E+0001   -0.39250268E+0001    0.12218311E+0001     12900
  1900   -0.39197420E+0001   -0.39249000E+0001    0.12234351E+0001     13342
  1950   -0.39194984E+0001   -0.39246244E+0001    0.12135707E+0001     13492
  2000   -0.39191635E+0001   -0.39244403E+0001    0.11967649E+0001     13737
  2050   -0.39188058E+0001   -0.39239399E+0001    0.12029044E+0001     14187
  2100   -0.39183322E+0001   -0.39244931E+0001    0.11722885E+0001     14821
  2150   -0.39186696E+0001   -0.39247028E+0001    0.11888749E+0001     15245
  2200   -0.39193859E+0001   -0.39251474E+0001    0.11741849E+0001     15597
  2250   -0.39193734E+0001   -0.39249269E+0001    0.11510681E+0001     15970
  2300   -0.39198659E+0001   -0.39259040E+0001    0.11205089E+0001     16361
  2350   -0.39208407E+0001   -0.39276521E+0001    0.11116466E+0001     16752
  2400   -0.39215979E+0001   -0.39290315E+0001    0.10683248E+0001     17032
  2450   -0.39222617E+0001   -0.39290765E+0001    0.11131828E+0001     17272
  2500   -0.39226182E+0001   -0.39292115E+0001    0.11062082E+0001     17647
  2550   -0.39229023E+0001   -0.39301584E+0001    0.10532381E+0001     18149
  2600   -0.39230994E+0001   -0.39312426E+0001    0.10247816E+0001     18519
     1   -0.39239674E+0001   -0.39242818E+0001    0.12416840E+0001     12001
    50   -0.39218885E+0001   -0.39262184E+0001    0.12100971E+0001     11996
   100   -0.39202543E+0001   -0.39264115E+0001    0.12460249E+0001     12130
   150   -0.39193659E+0001   -0.39247839E+0001    0.12850649E+0001     12346
   200   -0.39191402E+0001   -0.39252169E+0001    0.12349713E+0001     12737
   250   -0.39198410E+0001   -0.39259750E+0001    0.12099626E+0001     12930
   300   -0.39205655E+0001   -0.39266867E+0001    0.11845076E+0001     13448
   350   -0.39211018E+0001   -0.39264755E+0001    0.12131063E+0001     13770
   400   -0.39211657E+0001   -0.39271552E+0001    0.12125724E+0001     14117
   450   -0.39211257E+0001   -0.39273072E+0001    0.11578625E+0001     14485
   500   -0.39226411E+0001   -0.39275440E+0001    0.11138017E+0001     15003
   550   -0.39232948E+0001   -0.39277598E+0001    0.11581611E+0001     15323
   600   -0.39229630E+0001   -0.39274579E+0001    0.11622752E+0001     15521
   650   -0.39226818E+0001   -0.39284462E+0001    0.11478617E+0001     15625
   700   -0.39226090E+0001   -0.39280134E+0001    0.11311695E+0001     15922
   750   -0.39229352E+0001   -0.39288623E+0001    0.11323346E+0001     16156
   800   -0.39236910E+0001   -0.39286416E+0001    0.10738641E+0001     16305
     1   -0.39239690E+0001   -0.39242620E+0001    0.12416840E+0001     11999
    50   -0.39218212E+0001   -0.39258355E+0001    0.12334401E+0001     12132
   100   -0.39201890E+0001   -0.39254852E+0001    0.12678222E+0001     12190
   150   -0.39189998E+0001   -0.39251337E+0001    0.12525928E+0001     12279
   200   -0.39183990E+0001   -0.39248749E+0001    0.12666778E+0001     12634
   250   -0.39189434E+0001   -0.39244996E+0001    0.13027613E+0001     13114
   300   -0.39188226E+0001   -0.39238157E+0001    0.13382004E+0001     13269
   350   -0.39178993E+0001   -0.39233340E+0001    0.13502439E+0001     13571
   400   -0.39172064E+0001   -0.39227476E+0001    0.13521805E+0001     13899
   450   -0.39163100E+0001   -0.39235527E+0001    0.13335995E+0001     14085
   500   -0.39154021E+0001   -0.39238329E+0001    0.13542330E+0001     14482
   550   -0.39160154E+0001   -0.39226862E+0001    0.13507156E+0001     14820
   600   -0.39163661E+0001   -0.39222889E+0001    0.13564295E+0001     14906
   650   -0.39161799E+0001   -0.39229234E+0001    0.13579708E+0001     15125
   700   -0.39160260E+0001   -0.39228505E+0001    0.13924452E+0001     15346
   750   -0.39150526E+0001   -0.39203698E+0001    0.13914966E+0001     15624
   800   -0.39138752E+0001   -0.39205520E+0001    0.14045359E+0001     16213
   850   -0.39133147E+0001   -0.39205674E+0001    0.14044127E+0001     16746
   900   -0.39130485E+0001   -0.39203445E+0001    0.14097509E+0001     17294
   950   -0.39127651E+0001   -0.39210392E+0001    0.13722811E+0001     17694
  1000   -0.39136987E+0001   -0.39210337E+0001    0.13998500E+0001     17948
  1050   -0.39137543E+0001   -0.39204686E+0001    0.14248133E+0001     18651
  1100   -0.39128011E+0001   -0.39209514E+0001    0.13936073E+0001     18798
  1150   -0.39122129E+0001   -0.39217379E+0001    0.13779893E+0001     19320
  1200   -0.39134550E+0001   -0.39211504E+0001    0.13715993E+0001     19910
  1250   -0.39142688E+0001   -0.39213848E+0001    0.13609876E+0001     20651
  1300   -0.39138605E+0001   -0.39211799E+0001    0.13672542E+0001     21039
  1350   -0.39135168E+0001   -0.39204961E+0001    0.13918898E+0001     21838
  1400   -0.39131002E+0001   -0.39199725E+0001    0.13870960E+0001     21900
  1450   -0.39125542E+0001   -0.39205848E+0001    0.14243483E+0001     22198
  1500   -0.39119271E+0001   -0.39200448E+0001    0.14422256E+0001     22570
  1550   -0.39117993E+0001   -0.39205924E+0001    0.14532968E+0001     22919
  1600   -0.39109976E+0001   -0.39188290E+0001    0.14388264E+0001     23722
  1601   -0.39111649E+0001   -0.39111649E+0001    0.15335768E+0001     12000
  1650   -0.39146986E+0001   -0.39196418E+0001    0.13681935E+0001     11973
  1700   -0.39125842E+0001   -0.39183572E+0001    0.14408139E+0001     12171
  1750   -0.39110686E+0001   -0.39173655E+0001    0.14629302E+0001     12414
  1800   -0.39099574E+0001   -0.39173594E+0001    0.14592643E+0001     12834
  1850   -0.39090851E+0001   -0.39176432E+0001    0.14788416E+0001     13251
  1900   -0.39085098E+0001   -0.39180425E+0001    0.14820080E+0001     13442
  1950   -0.39081007E+0001   -0.39172907E+0001    0.14755100E+0001     13818
  2000   -0.39069790E+0001   -0.39163067E+0001    0.14817309E+0001     14421
  2050   -0.39070402E+0001   -0.39159074E+0001    0.14671647E+0001     14817
  2100   -0.39082652E+0001   -0.39167477E+0001    0.14402409E+0001     15315
  2150   -0.39091716E+0001   -0.39158983E+0001    0.14335414E+0001     15956
  2200   -0.39093674E+0001   -0.39166079E+0001    0.14541622E+0001     16251
  2250   -0.39085219E+0001   -0.39164211E+0001    0.14604598E+0001     16719
  2300   -0.39080613E+0001   -0.39169334E+0001    0.14608107E+0001     17231
  2350   -0.39079731E+0001   -0.39165808E+0001    0.14341060E+0001     17541
  2400   -0.39081113E+0001   -0.39158232E+0001    0.14471669E+0001     17701
  2450   -0.39077133E+0001   -0.39149994E+0001    0.14637497E+0001     18203
  2500   -0.39065235E+0001   -0.39151808E+0001    0.14792225E+0001     18699
  2550   -0.39054668E+0001   -0.39143657E+0001    0.14974046E+0001     19024
  2600   -0.39048838E+0001   -0.39127841E+0001    0.15383669E+0001     19866
  2650   -0.39041073E+0001   -0.39124961E+0001    0.15329396E+0001     20434
  2700   -0.39028446E+0001   -0.39106397E+0001    0.15640301E+0001     20824
  2750   -0.39017348E+0001   -0.39111283E+0001    0.15376116E+0001     21504
  2800   -0.39017974E+0001   -0.39097463E+0001    0.15362498E+0001     21865
  2850   -0.39016884E+0001   -0.39101252E+0001    0.15523665E+0001     22401
  2900   -0.39012957E+0001   -0.39099272E+0001    0.15441331E+0001     23410
  2950   -0.39002751E+0001   -0.39098570E+0001    0.15563944E+0001     24094
  3000   -0.38995346E+0001   -0.39102271E+0001    0.15337103E+0001     24856
  3050   -0.38990420E+0001   -0.39102383E+0001    0.15955867E+0001     25279
  3100   -0.38985646E+0001   -0.39079875E+0001    0.16039977E+0001     26150
  3150   -0.38982503E+0001   -0.39079737E+0001    0.15619481E+0001     26889
  3200   -0.38976433E+0001   -0.39062805E+0001    0.16124773E+0001     27812
  3201   -0.38978412E+0001   -0.38978412E+0001    0.16771192E+0001     12000
  3250   -0.39021943E+0001   -0.39079707E+0001    0.15554728E+0001     11946
  3300   -0.38996626E+0001   -0.39064960E+0001    0.15977947E+0001     11946
  3350   -0.38976712E+0001   -0.39057174E+0001    0.16074267E+0001     12234
  3400   -0.38961311E+0001   -0.39065910E+0001    0.16129552E+0001     12462
  3450   -0.38952672E+0001   -0.39072683E+0001    0.15926465E+0001     12815
  3500   -0.38966551E+0001   -0.39061195E+0001    0.15659048E+0001     12955
  3550   -0.38975907E+0001   -0.39056351E+0001    0.16001249E+0001     13624
  3600   -0.38965814E+0001   -0.39052396E+0001    0.16008089E+0001     14043
  3650   -0.38955335E+0001   -0.39038906E+0001    0.16415067E+0001     14503
  3700   -0.38945358E+0001   -0.39031685E+0001    0.16612015E+0001     14719
  3750   -0.38935985E+0001   -0.39037634E+0001    0.16445914E+0001     15098
  3800   -0.38936816E+0001   -0.39029648E+0001    0.16389352E+0001     15232
  3850   -0.38938801E+0001   -0.39032063E+0001    0.16317593E+0001     15534
  3900   -0.38934501E+0001   -0.39024670E+0001    0.16531097E+0001     16209
  3950   -0.38924120E+0001   -0.39013837E+0001    0.16450157E+0001     16313
  4000   -0.38911097E+0001   -0.39003500E+0001    0.16720593E+0001     16690
  4050   -0.38901164E+0001   -0.38994157E+0001    0.16781081E+0001     17019
  4100   -0.38889074E+0001   -0.38988096E+0001    0.16965595E+0001     17523
  4150   -0.38875844E+0001   -0.38975704E+0001    0.17084789E+0001     17771
  4200   -0.38861242E+0001   -0.38963830E+0001    0.17365245E+0001     18200
  4250   -0.38844402E+0001   -0.38956632E+0001    0.17495623E+0001     18760
  4300   -0.38831844E+0001   -0.38947888E+0001    0.17359476E+0001     19080
  4350   -0.38821584E+0001   -0.38938674E+0001    0.17296009E+0001     19805
  4400   -0.38824429E+0001   -0.38930642E+0001    0.17552642E+0001     20431
  4450   -0.38819473E+0001   -0.38927508E+0001    0.17455729E+0001     20915
  4500   -0.38804272E+0001   -0.38929339E+0001    0.17334281E+0001     21299
  4550   -0.38803405E+0001   -0.38916343E+0001    0.17359255E+0001     21515
  4600   -0.38808140E+0001   -0.38920128E+0001    0.17527372E+0001     21936
  4650   -0.38798849E+0001   -0.38907487E+0001    0.17621434E+0001     22534
  4700   -0.38783858E+0001   -0.38883477E+0001    0.17857434E+0001     23315
  4750   -0.38763465E+0001   -0.38876026E+0001    0.17747892E+0001     23593
  4800   -0.38740776E+0001   -0.38861380E+0001    0.17864909E+0001     24302
  4801   -0.38743183E+0001   -0.38743183E+0001    0.18418961E+0001     12000
  4850   -0.38796192E+0001   -0.38860660E+0001    0.17693873E+0001     12038
  4900   -0.38762378E+0001   -0.38846293E+0001    0.17983793E+0001     12168
  4950   -0.38733092E+0001   -0.38832059E+0001    0.17840062E+0001     12466
  5000   -0.38711287E+0001   -0.38828409E+0001    0.17916675E+0001     12935
  5050   -0.38699255E+0001   -0.38848805E+0001    0.18102336E+0001     13036
  5100   -0.38693166E+0001   -0.38837291E+0001    0.17999850E+0001     13295
  5150   -0.38690903E+0001   -0.38838690E+0001    0.18136234E+0001     13693
  5200   -0.38682733E+0001   -0.38828005E+0001    0.18128509E+0001     13758
  5250   -0.38662670E+0001   -0.38812832E+0001    0.18506247E+0001     14094
  5300   -0.38635933E+0001   -0.38797021E+0001    0.18402259E+0001     14505
  5350   -0.38608868E+0001   -0.38801281E+0001    0.18600353E+0001     14764
  5400   -0.38576726E+0001   -0.38788314E+0001    0.18445065E+0001     15178
  5450   -0.38543090E+0001   -0.38745622E+0001    0.18513354E+0001     15357
  5500   -0.38497909E+0001   -0.38716854E+0001    0.18518699E+0001     15735
  5550   -0.38456365E+0001   -0.38699010E+0001    0.18286202E+0001     15971
  5600   -0.38425994E+0001   -0.38686952E+0001    0.18350314E+0001     16592
  5650   -0.38404814E+0001   -0.38660621E+0001    0.18141919E+0001     16927
  5700   -0.38387062E+0001   -0.38638474E+0001    0.17882039E+0001     17310
  5750   -0.38372098E+0001   -0.38614992E+0001    0.17751389E+0001     17607
  5800   -0.38370977E+0001   -0.38573568E+0001    0.17724655E+0001     18047
  5850   -0.38360021E+0001   -0.38492633E+0001    0.17337331E+0001     18255
  5900   -0.38336758E+0001   -0.38460963E+0001    0.17169197E+0001     18685
  5950   -0.38307054E+0001   -0.38447057E+0001    0.17098853E+0001     18989
  6000   -0.38278254E+0001   -0.38439643E+0001    0.16994113E+0001     19522
  6050   -0.38243828E+0001   -0.38414997E+0001    0.16850728E+0001     20197
  6100   -0.38198744E+0001   -0.38378896E+0001    0.16707146E+0001     20266
  6150   -0.38154548E+0001   -0.38332501E+0001    0.16211842E+0001     20950
  6200   -0.38117569E+0001   -0.38319647E+0001    0.16217160E+0001     21469
  6250   -0.38080968E+0001   -0.38267850E+0001    0.16006852E+0001     21997
  6300   -0.38047401E+0001   -0.38238314E+0001    0.15801940E+0001     22548
  6350   -0.38013854E+0001   -0.38203689E+0001    0.15630139E+0001     22804
  6400   -0.37981593E+0001   -0.38169556E+0001    0.15546881E+0001     23222
  6401   -0.37983348E+0001   -0.37983348E+0001    0.15651913E+0001     12000
  6450   -0.38022396E+0001   -0.38075438E+0001    0.15493021E+0001     11974
  6500   -0.37992548E+0001   -0.38056406E+0001    0.15314858E+0001     12056
  6550   -0.37961992E+0001   -0.38045276E+0001    0.15365810E+0001     12324
  6600   -0.37931270E+0001   -0.38026983E+0001    0.15039686E+0001     12642
  6650   -0.37904281E+0001   -0.38039512E+0001    0.15040929E+0001     12735
  6700   -0.37877978E+0001   -0.38016909E+0001    0.14864394E+0001     13110
  6750   -0.37851220E+0001   -0.37956438E+0001    0.14423868E+0001     13156
  6800   -0.37825273E+0001   -0.37957179E+0001    0.14368862E+0001     13393
  6850   -0.37800757E+0001   -0.37934965E+0001    0.14028100E+0001     13887
  6900   -0.37774622E+0001   -0.37903850E+0001    0.13872719E+0001     13994
  6950   -0.37747442E+0001   -0.37868705E+0001    0.13709922E+0001     14346
  7000   -0.37722256E+0001   -0.37842201E+0001    0.13508349E+0001     14915
  7050   -0.37695923E+0001   -0.37834547E+0001    0.13292790E+0001     15256
  7100   -0.37668984E+0001   -0.37804557E+0001    0.13045030E+0001     15509
  7150   -0.37642757E+0001   -0.37777711E+0001    0.12918444E+0001     15852
  7200   -0.37615004E+0001   -0.37758314E+0001    0.12787620E+0001     16223
  7250   -0.37590211E+0001   -0.37749836E+0001    0.12655743E+0001     16251
  7300   -0.37567164E+0001   -0.37732013E+0001    0.12517755E+0001     16754
  7350   -0.37543207E+0001   -0.37711755E+0001    0.12243633E+0001     17043
  7400   -0.37517241E+0001   -0.37675414E+0001    0.12061964E+0001     17419
  7450   -0.37491473E+0001   -0.37644294E+0001    0.12064949E+0001     17512
  7500   -0.37467370E+0001   -0.37611013E+0001    0.11869522E+0001     17808
  7550   -0.37444461E+0001   -0.37584233E+0001    0.11730750E+0001     18228
  7600   -0.37424012E+0001   -0.37561264E+0001    0.11596356E+0001     19092
  7650   -0.37405880E+0001   -0.37537717E+0001    0.11377394E+0001     19222
  7700   -0.37389399E+0001   -0.37529443E+0001    0.11308572E+0001     19569
  7750   -0.37375425E+0001   -0.37509988E+0001    0.11139773E+0001     20114
  7800   -0.37363103E+0001   -0.37501994E+0001    0.11011683E+0001     20721
  7850   -0.37351796E+0001   -0.37501282E+0001    0.10641505E+0001     20930
  7900   -0.37340164E+0001   -0.37501487E+0001    0.10655640E+0001     21167
  7950   -0.37328827E+0001   -0.37467199E+0001    0.10394367E+0001     21830
  8000   -0.37315946E+0001   -0.37448348E+0001    0.10304348E+0001     22130
  8001   -0.37316682E+0001   -0.37316682E+0001    0.10205265E+0001     12000
  8050   -0.37333631E+0001   -0.37368812E+0001    0.10204549E+0001     11951
  8100   -0.37321410E+0001   -0.37366211E+0001    0.10312826E+0001     11992
  8150   -0.37309022E+0001   -0.37364561E+0001    0.10064233E+0001     12092
  8200   -0.37296304E+0001   -0.37361311E+0001    0.10156377E+0001     12366
  8250   -0.37283323E+0001   -0.37348524E+0001    0.10026179E+0001     12620
  8300   -0.37271346E+0001   -0.37330846E+0001    0.10018459E+0001     12724
  8350   -0.37259522E+0001   -0.37322100E+0001    0.98220288E+0000     13005
  8400   -0.37247208E+0001   -0.37322167E+0001    0.96644204E+0000     13544
  8450   -0.37234435E+0001   -0.37299643E+0001    0.95954938E+0000     13648
  8500   -0.37222273E+0001   -0.37305751E+0001    0.93994647E+0000     13819
  8550   -0.37210672E+0001   -0.37288811E+0001    0.89807635E+0000     14116
  8600   -0.37198026E+0001   -0.37278856E+0001    0.92263174E+0000     14304
  8650   -0.37187058E+0001   -0.37263712E+0001    0.90128666E+0000     14381
  8700   -0.37178742E+0001   -0.37260078E+0001    0.88272428E+0000     14514
  8750   -0.37171519E+0001   -0.37262702E+0001    0.88773686E+0000     14620
  8800   -0.37163852E+0001   -0.37239948E+0001    0.88880778E+0000     14941
  8850   -0.37155271E+0001   -0.37221954E+0001    0.85771703E+0000     15176
  8900   -0.37144952E+0001   -0.37223661E+0001    0.85894554E+0000     15382
  8950   -0.37132587E+0001   -0.37200838E+0001    0.84544403E+0000     15758
  9000   -0.37120624E+0001   -0.37195439E+0001    0.80524249E+0000     16391
  9050   -0.37110525E+0001   -0.37189335E+0001    0.78184575E+0000     16389
  9100   -0.37102885E+0001   -0.37175857E+0001    0.78338399E+0000     16803
  9150   -0.37095841E+0001   -0.37177575E+0001    0.78424871E+0000     16954
  9200   -0.37090422E+0001   -0.37145699E+0001    0.76337753E+0000     17233
  9250   -0.37085742E+0001   -0.37138529E+0001    0.74684044E+0000     17526
  9300   -0.37080322E+0001   -0.37138228E+0001    0.73715519E+0000     17803
  9350   -0.37074097E+0001   -0.37139325E+0001    0.73429178E+0000     17861
  9400   -0.37067503E+0001   -0.37138424E+0001    0.70775289E+0000     18191
  9450   -0.37061433E+0001   -0.37130211E+0001    0.72205366E+0000     18490
  9500   -0.37055593E+0001   -0.37120314E+0001    0.68948460E+0000     18549
  9550   -0.37049710E+0001   -0.37118876E+0001    0.69937073E+0000     18818
  9600   -0.37042995E+0001   -0.37107224E+0001    0.66323446E+0000     19334
  9601   -0.37043269E+0001   -0.37043269E+0001    0.63625570E+0000     12000
  9650   -0.37050115E+0001   -0.37069889E+0001    0.63209159E+0000     12025
  9700   -0.37045571E+0001   -0.37071205E+0001    0.64864743E+0000     11863
  9750   -0.37041006E+0001   -0.37071206E+0001    0.66214779E+0000     12029
  9800   -0.37036334E+0001   -0.37071421E+0001    0.64655883E+0000     12157
  9850   -0.37031216E+0001   -0.37068210E+0001    0.64911896E+0000     12523
  9900   -0.37026238E+0001   -0.37067049E+0001    0.62038427E+0000     12544
  9950   -0.37020755E+0001   -0.37058117E+0001    0.60287367E+0000     12692
 10000   -0.37014949E+0001   -0.37051879E+0001    0.59076543E+0000     12865
 10050   -0.37009241E+0001   -0.37051191E+0001    0.56386520E+0000     13228
 10100   -0.37003555E+0001   -0.37047538E+0001    0.57570642E+0000     13529
 10150   -0.36997559E+0001   -0.37044190E+0001    0.58220847E+0000     13864
 10200   -0.36991434E+0001   -0.37042333E+0001    0.57547973E+0000     14088
 10250   -0.36984666E+0001   -0.37040426E+0001    0.56092263E+0000     14136
 10300   -0.36976793E+0001   -0.37030420E+0001    0.52729898E+0000     14273
 10350   -0.36968578E+0001   -0.37025523E+0001    0.53133656E+0000     14342
 10400   -0.36960894E+0001   -0.37018406E+0001    0.49122985E+0000     14498
 10450   -0.36954000E+0001   -0.37018929E+0001    0.44213627E+0000     14871
 10500   -0.36947675E+0001   -0.37017197E+0001    0.46500302E+0000     15209
 10550   -0.36942138E+0001   -0.36994424E+0001    0.43794942E+0000     15602
 10600   -0.36936595E+0001   -0.36992330E+0001    0.45662980E+0000     16039
 10650   -0.36931868E+0001   -0.37000670E+0001    0.44346878E+0000     16588
 10700   -0.36928433E+0001   -0.36992009E+0001    0.48390996E+0000     16530
 10750   -0.36925668E+0001   -0.36987350E+0001    0.44852027E+0000     16804
 10800   -0.36923400E+0001   -0.36969563E+0001    0.40612478E+0000     16918
 10850   -0.36920881E+0001   -0.36969389E+0001    0.45361253E+0000     17151
 10900   -0.36918485E+0001   -0.36966247E+0001    0.41632700E+0000     17701
 10950   -0.36916127E+0001   -0.36956154E+0001    0.40312666E+0000     17960
 11000   -0.36913853E+0001   -0.36943706E+0001    0.39712021E+0000     18631
 11050   -0.36911628E+0001   -0.36944562E+0001    0.38233254E+0000     19211
 11100   -0.36909882E+0001   -0.36933799E+0001    0.40951298E+0000     19275
 11150   -0.36908973E+0001   -0.36937519E+0001    0.42266620E+0000     19535
 11200   -0.36908191E+0001   -0.36933464E+0001    0.40045461E+0000     19874
 11201   -0.36908244E+0001   -0.36908244E+0001    0.28821058E+0000     12000
 11250   -0.36909672E+0001   -0.36916414E+0001    0.32922568E+0000     12048
 11300   -0.36908810E+0001   -0.36919420E+0001    0.34303356E+0000     11836
 11350   -0.36907816E+0001   -0.36918209E+0001    0.33889327E+0000     12057
 11400   -0.36906710E+0001   -0.36919627E+0001    0.36305809E+0000     12316
 11450   -0.36905570E+0001   -0.36919337E+0001    0.39384863E+0000     12588
 11500   -0.36904646E+0001   -0.36922348E+0001    0.38081944E+0000     12545
 11550   -0.36903717E+0001   -0.36919878E+0001    0.34515247E+0000     12681
 11600   -0.36902968E+0001   -0.36921267E+0001    0.41124642E+0000     12605
 11650   -0.36902205E+0001   -0.36924420E+0001    0.36088150E+0000     12950
 11700   -0.36901006E+0001   -0.36921977E+0001    0.40157360E+0000     13321
 11750   -0.36899889E+0001   -0.36918164E+0001    0.34601708E+0000     13665
 11800   -0.36898130E+0001   -0.36918734E+0001    0.31711992E+0000     14190
 11850   -0.36895930E+0001   -0.36917230E+0001    0.38158795E+0000     14197
 11900   -0.36893404E+0001   -0.36915607E+0001    0.37013980E+0000     14662
 11950   -0.36890976E+0001   -0.36912611E+0001    0.37089655E+0000     14760
 12000   -0.36889239E+0001   -0.36913489E+0001    0.29867097E+0000     15258
 12050   -0.36887866E+0001   -0.36907895E+0001    0.35482307E+0000     15500
 12100   -0.36886590E+0001   -0.36910000E+0001    0.33666637E+0000     15624
 12150   -0.36885267E+0001   -0.36911094E+0001    0.27130716E+0000     15716
 12200   -0.36884191E+0001   -0.36913479E+0001    0.34465844E+0000     15937
 12250   -0.36883146E+0001   -0.36912529E+0001    0.27762510E+0000     16147
 12300   -0.36882172E+0001   -0.36911032E+0001    0.30115075E+0000     16442
 12350   -0.36881134E+0001   -0.36911687E+0001    0.31768448E+0000     16972
 12400   -0.36880319E+0001   -0.36915525E+0001    0.32289552E+0000     17008
 12450   -0.36879363E+0001   -0.36911493E+0001    0.36465351E+0000     17195
 12500   -0.36878728E+0001   -0.36900584E+0001    0.34434824E+0000     17399
 12550   -0.36878225E+0001   -0.36900775E+0001    0.26915648E+0000     17900
 12600   -0.36877820E+0001   -0.36899555E+0001    0.36271741E+0000     18347
 12650   -0.36877441E+0001   -0.36899057E+0001    0.32402640E+0000     18786
 12700   -0.36877054E+0001   -0.36898982E+0001    0.29695351E+0000     19020
 12750   -0.36876509E+0001   -0.36901559E+0001    0.32638186E+0000     19238
 12800   -0.36875943E+0001   -0.36897358E+0001    0.30261725E+0000     19374
 12801   -0.36875954E+0001   -0.36875954E+0001    0.13272421E+0000     12000
 12850   -0.36876267E+0001   -0.36877935E+0001    0.18708099E+0000     11962
 12900   -0.36876123E+0001   -0.36878956E+0001    0.20564270E+0000     11992
 12950   -0.36875975E+0001   -0.36879699E+0001    0.28779718E+0000     11865
 13000   -0.36875884E+0001   -0.36880597E+0001    0.30869528E+0000     11933
 13050   -0.36875762E+0001   -0.36882049E+0001    0.26560608E+0000     11973
 13100   -0.36875671E+0001   -0.36884296E+0001    0.32056321E+0000     12143
 13150   -0.36875439E+0001   -0.36883453E+0001    0.26987731E+0000     12298
 13200   -0.36875206E+0001   -0.36884464E+0001    0.31523949E+0000     12711
 13250   -0.36875046E+0001   -0.36881744E+0001    0.30844643E+0000     12749
 13300   -0.36874835E+0001   -0.36882111E+0001    0.30190306E+0000     12884
 13350   -0.36874563E+0001   -0.36882170E+0001    0.31815694E+0000     13111
 13400   -0.36874579E+0001   -0.36882966E+0001    0.27945290E+0000     13156
 13450   -0.36874662E+0001   -0.36881623E+0001    0.24902058E+0000     13312
 13500   -0.36874654E+0001   -0.36883745E+0001    0.30358883E+0000     13527
 13550   -0.36874537E+0001   -0.36885851E+0001    0.32727554E+0000     14049
 13600   -0.36874276E+0001   -0.36884888E+0001    0.32554043E+0000     14223
 13650   -0.36874021E+0001   -0.36883476E+0001    0.28565851E+0000     14428
 13700   -0.36873767E+0001   -0.36883660E+0001    0.31473586E+0000     14524
 13750   -0.36873338E+0001   -0.36887880E+0001    0.27537987E+0000     14616
 13800   -0.36872818E+0001   -0.36882326E+0001    0.28476687E+0000     14876
 13850   -0.36872135E+0001   -0.36880554E+0001    0.29859653E+0000     15366
 13900   -0.36871751E+0001   -0.36880549E+0001    0.32399528E+0000     15483
 13950   -0.36871528E+0001   -0.36878932E+0001    0.32263726E+0000     15778
 14000   -0.36871258E+0001   -0.36879877E+0001    0.35004188E+0000     16072
 14050   -0.36871010E+0001   -0.36879408E+0001    0.29775712E+0000     16167
 14100   -0.36870778E+0001   -0.36879653E+0001    0.30773669E+0000     16528
 14150   -0.36870592E+0001   -0.36877250E+0001    0.29960051E+0000     16659
 14200   -0.36870595E+0001   -0.36879484E+0001    0.31993636E+0000     16703
 14250   -0.36870599E+0001   -0.36882498E+0001    0.27133285E+0000     17027
 14300   -0.36870523E+0001   -0.36880464E+0001    0.29117056E+0000     17166
 14350   -0.36870449E+0001   -0.36880655E+0001    0.27972381E+0000     17660
 14400   -0.36870482E+0001   -0.36882271E+0001    0.29015150E+0000     17753
 14450   -0.36870457E+0001   -0.36878904E+0001    0.27256209E+0000     17851
 14500   -0.36870355E+0001   -0.36878798E+0001    0.28704209E+0000     18209
 14550   -0.36870276E+0001   -0.36880401E+0001    0.19661259E+0000     18652
 14600   -0.36870052E+0001   -0.36880854E+0001    0.30051094E+0000     19130
 14650   -0.36869877E+0001   -0.36879478E+0001    0.29294048E+0000     19327
 14700   -0.36869731E+0001   -0.36878477E+0001    0.26122826E+0000     19587
 14750   -0.36869609E+0001   -0.36879498E+0001    0.21804548E+0000     19889
 14800   -0.36869529E+0001   -0.36881257E+0001    0.32007876E+0000     20060
 14850   -0.36869506E+0001   -0.36881753E+0001    0.28024970E+0000     20397
 14900   -0.36869429E+0001   -0.36880953E+0001    0.27255922E+0000     20770
 14950   -0.36869335E+0001   -0.36878788E+0001    0.22080609E+0000     21031
 15000   -0.36869233E+0001   -0.36881337E+0001    0.26213016E+0000     21233
 15050   -0.36869248E+0001   -0.36880707E+0001    0.30477129E+0000     21849
 15100   -0.36869203E+0001   -0.36882759E+0001    0.24164202E+0000     22135
 15150   -0.36869168E+0001   -0.36880531E+0001    0.29798045E+0000     22072
 15200   -0.36869061E+0001   -0.36882717E+0001    0.27678679E+0000     22381
 15250   -0.36868935E+0001   -0.36882111E+0001    0.21202004E+0000     23000
 15300   -0.36868830E+0001   -0.36882993E+0001    0.21624885E+0000     23351
 15350   -0.36868780E+0001   -0.36880728E+0001    0.25601365E+0000     23685
 15400   -0.36868757E+0001   -0.36878736E+0001    0.25028451E+0000     24078
 15450   -0.36868741E+0001   -0.36876694E+0001    0.23803398E+0000     24455
 15500   -0.36868713E+0001   -0.36874900E+0001    0.28878773E+0000     24528
 15550   -0.36868723E+0001   -0.36878378E+0001    0.23568048E+0000     25106
 15600   -0.36868745E+0001   -0.36874322E+0001    0.25119235E+0000     25547
 15650   -0.36868745E+0001   -0.36868374E+0001    0.26566933E+0000     26435
 15700   -0.36868724E+0001   -0.36868946E+0001    0.28209843E+0000     26738
 15750   -0.36868695E+0001   -0.36870176E+0001    0.26273458E+0000     27313
 15800   -0.36868692E+0001   -0.36870927E+0001    0.20692802E+0000     27663
 15850   -0.36868684E+0001   -0.36871792E+0001    0.27948066E+0000     28097
 15900   -0.36868691E+0001   -0.36872366E+0001    0.28634560E+0000     28620
 15950   -0.36868691E+0001   -0.36869923E+0001    0.21906529E+0000     29106
 16000   -0.36868710E+0001   -0.36868744E+0001    0.18852904E+0000     29649
 16001   -0.36868524E+0001   -0.36868524E+0001    0.35106480E-0001         1
 16050   -0.36864964E+0001   -0.36864964E+0001    0.36046055E+0000         1
 16100   -0.36862786E+0001   -0.36862786E+0001    0.45555512E+0000         1
 16150   -0.36856970E+0001   -0.36856970E+0001    0.59491816E+0000         1
 16200   -0.36857660E+0001   -0.36857660E+0001    0.63627000E+0000         1
 16250   -0.36862365E+0001   -0.36862365E+0001    0.41550120E+0000         1
 16300   -0.36858157E+0001   -0.36858157E+0001    0.56366364E+0000         1
 16350   -0.36862917E+0001   -0.36862917E+0001    0.40807769E+0000         1
 16400   -0.36861962E+0001   -0.36861962E+0001    0.45975798E+0000         1
 16450   -0.36858606E+0001   -0.36858606E+0001    0.53147857E+0000         1
 16500   -0.36858976E+0001   -0.36858976E+0001    0.44227369E+0000         1
 16550   -0.36857818E+0001   -0.36857818E+0001    0.57362119E+0000         1
 16600   -0.36858480E+0001   -0.36858480E+0001    0.54986438E+0000         1
 16650   -0.36855339E+0001   -0.36855339E+0001    0.57550846E+0000         1
 16700   -0.36855357E+0001   -0.36855357E+0001    0.53177865E+0000         1
 16750   -0.36857768E+0001   -0.36857768E+0001    0.55640557E+0000         1
 16800   -0.36859065E+0001   -0.36859065E+0001    0.47040024E+0000         1
 16850   -0.36859422E+0001   -0.36859422E+0001    0.42453862E+0000         1
 16900   -0.36857246E+0001   -0.36857246E+0001    0.53796749E+0000         1
 16950   -0.36853349E+0001   -0.36853349E+0001    0.57533350E+0000         1
 17000   -0.36858820E+0001   -0.36858820E+0001    0.46733784E+0000         1
 17050   -0.36854065E+0001   -0.36854065E+0001    0.67904249E+0000         1
 17100   -0.36854044E+0001   -0.36854044E+0001    0.64979956E+0000         1
 17150   -0.36857825E+0001   -0.36857825E+0001    0.61949160E+0000         1
 17200   -0.36862889E+0001   -0.36862889E+0001    0.47295688E+0000         1
 17250   -0.36865435E+0001   -0.36865435E+0001    0.41722278E+0000         1
 17300   -0.36864225E+0001   -0.36864225E+0001    0.56227641E+0000         1
 17350   -0.36863611E+0001   -0.36863611E+0001    0.48495924E+0000         1
 17400   -0.36862677E+0001   -0.36862677E+0001    0.56744381E+0000         1
 17450   -0.36858410E+0001   -0.36858410E+0001    0.69508385E+0000         1
 17500   -0.36864622E+0001   -0.36864622E+0001    0.50165428E+0000         1
 17550   -0.36861416E+0001   -0.36861416E+0001    0.60735744E+0000         1
 17600   -0.36860526E+0001   -0.36860526E+0001    0.59683170E+0000         1
 17650   -0.36858996E+0001   -0.36858996E+0001    0.61837633E+0000         1
 17700   -0.36857791E+0001   -0.36857791E+0001    0.67003964E+0000         1
 17750   -0.36860153E+0001   -0.36860153E+0001    0.53428797E+0000         1
 17800   -0.36862143E+0001   -0.36862143E+0001    0.47826808E+0000         1
 17850   -0.36865115E+0001   -0.36865115E+0001    0.42832488E+0000         1
 17900   -0.36868660E+0001   -0.36868660E+0001    0.47155376E+0000         1
 17950   -0.36858654E+0001   -0.36858654E+0001    0.70583475E+0000         1
 18000   -0.36859730E+0001   -0.36859730E+0001    0.74083773E+0000         1
 18050   -0.36862895E+0001   -0.36862895E+0001    0.63199399E+0000         1
 18100   -0.36860798E+0001   -0.36860798E+0001    0.72637370E+0000         1
 18150   -0.36870780E+0001   -0.36870780E+0001    0.47329604E+0000         1
 18200   -0.36869141E+0001   -0.36869141E+0001    0.63526684E+0000         1
 18250   -0.36879530E+0001   -0.36879530E+0001    0.36840941E+0000         1
 18300   -0.36877503E+0001   -0.36877503E+0001    0.37598781E+0000         1
 18350   -0.36883343E+0001   -0.36883343E+0001    0.39577612E+0000         1
 18400   -0.36882363E+0001   -0.36882363E+0001    0.39189407E+0000         1
 18450   -0.36877761E+0001   -0.36877761E+0001    0.48992520E+0000         1
 18500   -0.36867422E+0001   -0.36867422E+0001    0.69206476E+0000         1
 18550   -0.36870735E+0001   -0.36870735E+0001    0.60083505E+0000         1
 18600   -0.36867922E+0001   -0.36867922E+0001    0.64580882E+0000         1
 18650   -0.36866662E+0001   -0.36866662E+0001    0.61719463E+0000         1
 18700   -0.36867545E+0001   -0.36867545E+0001    0.60595493E+0000         1
 18750   -0.36877917E+0001   -0.36877917E+0001    0.41555962E+0000         1
 18800   -0.36874945E+0001   -0.36874945E+0001    0.49417323E+0000         1
 18850   -0.36869241E+0001   -0.36869241E+0001    0.76099338E+0000         1
 18900   -0.36871544E+0001   -0.36871544E+0001    0.58791677E+0000         1
 18950   -0.36871612E+0001   -0.36871612E+0001    0.61391650E+0000         1
 19000   -0.36870937E+0001   -0.36870937E+0001    0.74483809E+0000         1
 19050   -0.36878204E+0001   -0.36878204E+0001    0.51503497E+0000         1
 19100   -0.36876405E+0001   -0.36876405E+0001    0.56104149E+0000         1
 19150   -0.36882008E+0001   -0.36882008E+0001    0.56856708E+0000         1
 19200   -0.36883686E+0001   -0.36883686E+0001    0.44004968E+0000         1
 19250   -0.36876560E+0001   -0.36876560E+0001    0.67558879E+0000         1
 19300   -0.36881160E+0001   -0.36881160E+0001    0.52711480E+0000         1
 19350   -0.36887417E+0001   -0.36887417E+0001    0.56259966E+0000         1
 19400   -0.36886200E+0001   -0.36886200E+0001    0.53387309E+0000         1
 19450   -0.36885729E+0001   -0.36885729E+0001    0.67027873E+0000         1
 19500   -0.36885548E+0001   -0.36885548E+0001    0.71738564E+0000         1
 19550   -0.36890640E+0001   -0.36890640E+0001    0.47098722E+0000         1
 19600   -0.36892364E+0001   -0.36892364E+0001    0.48777078E+0000         1
 19650   -0.36891604E+0001   -0.36891604E+0001    0.50453478E+0000         1
 19700   -0.36884368E+0001   -0.36884368E+0001    0.65516141E+0000         1
 19750   -0.36881013E+0001   -0.36881013E+0001    0.71500201E+0000         1
 19800   -0.36893109E+0001   -0.36893109E+0001    0.38247041E+0000         1
 19850   -0.36890316E+0001   -0.36890316E+0001    0.52666446E+0000         1
 19900   -0.36889901E+0001   -0.36889901E+0001    0.49217481E+0000         1
 19950   -0.36894407E+0001   -0.36894407E+0001    0.49320206E+0000         1
 20000   -0.36895988E+0001   -0.36895988E+0001    0.49747801E+0000         1
 20050   -0.36893143E+0001   -0.36893143E+0001    0.61999803E+0000         1
 20100   -0.36894782E+0001   -0.36894782E+0001    0.63454400E+0000         1
 20150   -0.36902985E+0001   -0.36902985E+0001    0.53843497E+0000         1
 20200   -0.36901388E+0001   -0.36901388E+0001    0.64532349E+0000         1
 20250   -0.36906674E+0001   -0.36906674E+0001    0.74122807E+0000         1
 20300   -0.36911364E+0001   -0.36911364E+0001    0.64759164E+0000         1
 20350   -0.36912952E+0001   -0.36912952E+0001    0.74547344E+0000         1
 20400   -0.36918353E+0001   -0.36918353E+0001    0.66264818E+0000         1
 20450   -0.36916276E+0001   -0.36916276E+0001    0.63805497E+0000         1
 20500   -0.36929576E+0001   -0.36929576E+0001    0.57651732E+0000         1
 20550   -0.36933033E+0001   -0.36933033E+0001    0.62246908E+0000         1
 20600   -0.36944787E+0001   -0.36944787E+0001    0.60599289E+0000         1
 20650   -0.36948319E+0001   -0.36948319E+0001    0.58016306E+0000         1
 20700   -0.36959165E+0001   -0.36959165E+0001    0.62624871E+0000         1
 20750   -0.36968109E+0001   -0.36968109E+0001    0.73492934E+0000         1
 20800   -0.36981589E+0001   -0.36981589E+0001    0.64927532E+0000         1
 20850   -0.36986293E+0001   -0.36986293E+0001    0.71702715E+0000         1
 20900   -0.36995036E+0001   -0.36995036E+0001    0.66636623E+0000         1
 20950   -0.37013119E+0001   -0.37013119E+0001    0.67456327E+0000         1
 21000   -0.37031215E+0001   -0.37031215E+0001    0.63887906E+0000         1
 21050   -0.37021308E+0001   -0.37021308E+0001    0.76144643E+0000         1
 21100   -0.37024424E+0001   -0.37024424E+0001    0.87356387E+0000         1
 21150   -0.37038849E+0001   -0.37038849E+0001    0.80227375E+0000         1
 21200   -0.37056740E+0001   -0.37056740E+0001    0.67330481E+0000         1
 21250   -0.37065960E+0001   -0.37065960E+0001    0.78390320E+0000         1
 21300   -0.37075643E+0001   -0.37075643E+0001    0.91930266E+0000         1
 21350   -0.37090394E+0001   -0.37090394E+0001    0.83857364E+0000         1
 21400   -0.37112174E+0001   -0.37112174E+0001    0.87892830E+0000         1
 21450   -0.37139298E+0001   -0.37139298E+0001    0.85458981E+0000         1
 21500   -0.37163237E+0001   -0.37163237E+0001    0.83591631E+0000         1
 21550   -0.37178613E+0001   -0.37178613E+0001    0.86450390E+0000         1
 21600   -0.37193093E+0001   -0.37193093E+0001    0.96599679E+0000         1
 21650   -0.37213950E+0001   -0.37213950E+0001    0.94484443E+0000         1
 21700   -0.37235390E+0001   -0.37235390E+0001    0.10563250E+0001         1
 21750   -0.37250426E+0001   -0.37250426E+0001    0.99142950E+0000         1
 21800   -0.37262319E+0001   -0.37262319E+0001    0.11175098E+0001         1
 21850   -0.37304193E+0001   -0.37304193E+0001    0.10222182E+0001         1
 21900   -0.37329571E+0001   -0.37329571E+0001    0.10775286E+0001         1
 21950   -0.37364485E+0001   -0.37364485E+0001    0.11160902E+0001         1
 22000   -0.37373090E+0001   -0.37373090E+0001    0.12247172E+0001         1
 22050   -0.37416347E+0001   -0.37416347E+0001    0.12298124E+0001         1
 22100   -0.37456773E+0001   -0.37456773E+0001    0.12539669E+0001         1
 22150   -0.37502421E+0001   -0.37502421E+0001    0.12743039E+0001         1
 22200   -0.37544713E+0001   -0.37544713E+0001    0.12545640E+0001         1
 22250   -0.37575773E+0001   -0.37575773E+0001    0.12800897E+0001         1
 22300   -0.37635464E+0001   -0.37635464E+0001    0.12939344E+0001         1
 22350   -0.37690336E+0001   -0.37690336E+0001    0.14373392E+0001         1
 22400   -0.37734333E+0001   -0.37734333E+0001    0.14459279E+0001         1
 22450   -0.37800962E+0001   -0.37800962E+0001    0.14837492E+0001         1
 22500   -0.37884597E+0001   -0.37884597E+0001    0.14934587E+0001         1
 22550   -0.37937505E+0001   -0.37937505E+0001    0.14897118E+0001         1
 22600   -0.38026870E+0001   -0.38026870E+0001    0.15339370E+0001         1
 22650   -0.38092740E+0001   -0.38092740E+0001    0.16016575E+0001         1
 22700   -0.38173971E+0001   -0.38173971E+0001    0.15997199E+0001         1
 22750   -0.38239684E+0001   -0.38239684E+0001    0.16482969E+0001         1
 22800   -0.38326701E+0001   -0.38326701E+0001    0.16750289E+0001         1
 22850   -0.38405175E+0001   -0.38405175E+0001    0.17275006E+0001         1
 22900   -0.38516049E+0001   -0.38516049E+0001    0.17175484E+0001         1
 22950   -0.38621773E+0001   -0.38621773E+0001    0.17129789E+0001         1
 23000   -0.38745077E+0001   -0.38745077E+0001    0.16871815E+0001         1
 23050   -0.38833172E+0001   -0.38833172E+0001    0.17211075E+0001         1
 23100   -0.38942049E+0001   -0.38942049E+0001    0.16047294E+0001         1
 23150   -0.39009404E+0001   -0.39009404E+0001    0.15642246E+0001         1
 23200   -0.39108624E+0001   -0.39108624E+0001    0.14228804E+0001         1
 23250   -0.39163106E+0001   -0.39163106E+0001    0.13108063E+0001         1
 23300   -0.39220292E+0001   -0.39220292E+0001    0.12069267E+0001         1
 23350   -0.39238993E+0001   -0.39238993E+0001    0.11576402E+0001         1
 23400   -0.39278963E+0001   -0.39278963E+0001    0.10186453E+0001         1
 23450   -0.39300561E+0001   -0.39300561E+0001    0.10496490E+0001         1
 23500   -0.39322560E+0001   -0.39322560E+0001    0.90524514E+0000         1
 23550   -0.39340746E+0001   -0.39340746E+0001    0.78421730E+0000         1
 23600   -0.39346760E+0001   -0.39346760E+0001    0.80148259E+0000         1
 23650   -0.39357731E+0001   -0.39357731E+0001    0.68213785E+0000         1
 23700   -0.39363667E+0001   -0.39363667E+0001    0.74906855E+0000         1
 23750   -0.39373626E+0001   -0.39373626E+0001    0.61869608E+0000         1
 23800   -0.39371097E+0001   -0.39371097E+0001    0.70095628E+0000         1
 23850   -0.39372989E+0001   -0.39372989E+0001    0.61680783E+0000         1
 23900   -0.39376953E+0001   -0.39376953E+0001    0.63534951E+0000         1
 23950   -0.39382104E+0001   -0.39382104E+0001    0.46411987E+0000         1
 24000   -0.39381784E+0001   -0.39381784E+0001    0.52527347E+0000         1
 24050   -0.39388476E+0001   -0.39388476E+0001    0.45576456E+0000         1
 24100   -0.39390621E+0001   -0.39390621E+0001    0.48490200E+0000         1
 24150   -0.39390825E+0001   -0.39390825E+0001    0.38880547E+0000         1
 24200   -0.39388852E+0001   -0.39388852E+0001    0.49633545E+0000         1
 24250   -0.39392198E+0001   -0.39392198E+0001    0.39655301E+0000         1
 24300   -0.39394547E+0001   -0.39394547E+0001    0.39348013E+0000         1
 24350   -0.39390705E+0001   -0.39390705E+0001    0.47786469E+0000         1
 24400   -0.39385624E+0001   -0.39385624E+0001    0.67418154E+0000         1
 24450   -0.39388726E+0001   -0.39388726E+0001    0.67497323E+0000         1
 24500   -0.39394137E+0001   -0.39394137E+0001    0.37227378E+0000         1
 24550   -0.39390136E+0001   -0.39390136E+0001    0.55716456E+0000         1
 24600   -0.39387118E+0001   -0.39387118E+0001    0.58341318E+0000         1
 24650   -0.39384613E+0001   -0.39384613E+0001    0.69475940E+0000         1
 24700   -0.39386575E+0001   -0.39386575E+0001    0.58407337E+0000         1
 24750   -0.39387962E+0001   -0.39387962E+0001    0.61389721E+0000         1
 24800   -0.39386725E+0001   -0.39386725E+0001    0.52006816E+0000         1
 24850   -0.39390073E+0001   -0.39390073E+0001    0.56352097E+0000         1
 24900   -0.39384822E+0001   -0.39384822E+0001    0.64606092E+0000         1
 24950   -0.39387867E+0001   -0.39387867E+0001    0.63909773E+0000         1
 25000   -0.39388984E+0001   -0.39388984E+0001    0.63165190E+0000         1
 25050   -0.39393173E+0001   -0.39393173E+0001    0.41730408E+0000         1
 25100   -0.39386761E+0001   -0.39386761E+0001    0.62375692E+0000         1
 25150   -0.39382727E+0001   -0.39382727E+0001    0.75719381E+0000         1
 25200   -0.39393989E+0001   -0.39393989E+0001    0.39391821E+0000         1
 25250   -0.39390555E+0001   -0.39390555E+0001    0.53642502E+0000         1
 25300   -0.39393011E+0001   -0.39393011E+0001    0.53422668E+0000         1
 25350   -0.39391574E+0001   -0.39391574E+0001    0.48852467E+0000         1
 25400   -0.39391178E+0001   -0.39391178E+0001    0.50739165E+0000         1
 25450   -0.39390780E+0001   -0.39390780E+0001    0.52493220E+0000         1
 25500   -0.39391171E+0001   -0.39391171E+0001    0.63525319E+0000         1
 25550   -0.39385375E+0001   -0.39385375E+0001    0.69246710E+0000         1
 25600   -0.39391141E+0001   -0.39391141E+0001    0.47529233E+0000         1
 25650   -0.39392995E+0001   -0.39392995E+0001    0.38490107E+0000         1
 25700   -0.39390363E+0001   -0.39390363E+0001    0.44656497E+0000         1
 25750   -0.39390957E+0001   -0.39390957E+0001    0.48493751E+0000         1
 25800   -0.39387558E+0001   -0.39387558E+0001    0.62576015E+0000         1
 25850   -0.39384750E+0001   -0.39384750E+0001    0.61947547E+0000         1
 25900   -0.39375175E+0001   -0.39375175E+0001    0.80078419E+0000         1
 25950   -0.39382076E+0001   -0.39382076E+0001    0.67777028E+0000         1
 26000   -0.39387710E+0001   -0.39387710E+0001    0.50462984E+0000         1
 26050   -0.39386144E+0001   -0.39386144E+0001    0.54809225E+0000         1
 26100   -0.39394506E+0001   -0.39394506E+0001    0.33787022E+0000         1
 26150   -0.39393582E+0001   -0.39393582E+0001    0.40897352E+0000         1
 26200   -0.39391282E+0001   -0.39391282E+0001    0.47635635E+0000         1
 26250   -0.39392659E+0001   -0.39392659E+0001    0.49362734E+0000         1
 26300   -0.39392122E+0001   -0.39392122E+0001    0.46886527E+0000         1
 26350   -0.39392645E+0001   -0.39392645E+0001    0.49908828E+0000         1
 26400   -0.39395797E+0001   -0.39395797E+0001    0.30597267E+0000         1
 26450   -0.39396423E+0001   -0.39396423E+0001    0.30857529E+0000         1
 26500   -0.39394181E+0001   -0.39394181E+0001    0.34278021E+0000         1
 26550   -0.39393305E+0001   -0.39393305E+0001    0.46979685E+0000         1
 26600   -0.39391328E+0001   -0.39391328E+0001    0.54778654E+0000         1
 26650   -0.39393354E+0001   -0.39393354E+0001    0.44051089E+0000         1
 26700   -0.39391928E+0001   -0.39391928E+0001    0.42758206E+0000         1
 26750   -0.39385124E+0001   -0.39385124E+0001    0.65043739E+0000         1
 26800   -0.39383586E+0001   -0.39383586E+0001    0.62965287E+0000         1
 26850   -0.39391128E+0001   -0.39391128E+0001    0.46036135E+0000         1
 26900   -0.39392409E+0001   -0.39392409E+0001    0.43128061E+0000         1
 26950   -0.39396035E+0001   -0.39396035E+0001    0.27642353E+0000         1
 27000   -0.39388841E+0001   -0.39388841E+0001    0.56833273E+0000         1
 27050   -0.39394323E+0001   -0.39394323E+0001    0.41804004E+0000         1
 27100   -0.39390807E+0001   -0.39390807E+0001    0.57429516E+0000         1
 27150   -0.39390212E+0001   -0.39390212E+0001    0.46125023E+0000         1
 27200   -0.39389164E+0001   -0.39389164E+0001    0.58279358E+0000         1
 27250   -0.39385142E+0001   -0.39385142E+0001    0.55411019E+0000         1
 27300   -0.39385467E+0001   -0.39385467E+0001    0.50099170E+0000         1
 27350   -0.39387805E+0001   -0.39387805E+0001    0.53326880E+0000         1
 27400   -0.39383738E+0001   -0.39383738E+0001    0.62139595E+0000         1
 27450   -0.39378555E+0001   -0.39378555E+0001    0.71093435E+0000         1
 27500   -0.39384827E+0001   -0.39384827E+0001    0.50534623E+0000         1
 27550   -0.39392831E+0001   -0.39392831E+0001    0.35200832E+0000         1
 27600   -0.39386996E+0001   -0.39386996E+0001    0.60659300E+0000         1
 27650   -0.39388059E+0001   -0.39388059E+0001    0.64463517E+0000         1
 27700   -0.39388538E+0001   -0.39388538E+0001    0.62905462E+0000         1
 27750   -0.39388286E+0001   -0.39388286E+0001    0.54923853E+0000         1
 27800   -0.39378200E+0001   -0.39378200E+0001    0.87012369E+0000         1
 27850   -0.39389160E+0001   -0.39389160E+0001    0.58479920E+0000         1
 27900   -0.39387450E+0001   -0.39387450E+0001    0.66399381E+0000         1
 27950   -0.39392201E+0001   -0.39392201E+0001    0.49545851E+0000         1
 28000   -0.39397060E+0001   -0.39397060E+0001    0.29277218E+0000         1
 28050   -0.39392823E+0001   -0.39392823E+0001    0.44300725E+0000         1
 28100   -0.39389893E+0001   -0.39389893E+0001    0.54578896E+0000         1
 28150   -0.39391477E+0001   -0.39391477E+0001    0.41373570E+0000         1
 28200   -0.39390339E+0001   -0.39390339E+0001    0.50742396E+0000         1
 28250   -0.39391809E+0001   -0.39391809E+0001    0.50479730E+0000         1
 28300   -0.39392982E+0001   -0.39392982E+0001    0.44605218E+0000         1
 28350   -0.39389150E+0001   -0.39389150E+0001    0.53184964E+0000         1
 28400   -0.39391387E+0001   -0.39391387E+0001    0.52573460E+0000         1
 28450   -0.39394055E+0001   -0.39394055E+0001    0.48475724E+0000         1
 28500   -0.39394162E+0001   -0.39394162E+0001    0.42560065E+0000         1
 28550   -0.39394984E+0001   -0.39394984E+0001    0.41766563E+0000         1
 28600   -0.39387190E+0001   -0.39387190E+0001    0.61375546E+0000         1
 28650   -0.39387906E+0001   -0.39387906E+0001    0.51607637E+0000         1
 28700   -0.39384334E+0001   -0.39384334E+0001    0.66893951E+0000         1
 28750   -0.39390767E+0001   -0.39390767E+0001    0.50631205E+0000         1
 28800   -0.39384577E+0001   -0.39384577E+0001    0.68506041E+0000         1
 28850   -0.39388557E+0001   -0.39388557E+0001    0.57217183E+0000         1
 28900   -0.39383547E+0001   -0.39383547E+0001    0.76683007E+0000         1
 28950   -0.39387956E+0001   -0.39387956E+0001    0.61995514E+0000         1
 29000   -0.39386981E+0001   -0.39386981E+0001    0.66185213E+0000         1
 29050   -0.39389774E+0001   -0.39389774E+0001    0.50855123E+0000         1
 29100   -0.39394304E+0001   -0.39394304E+0001    0.39640532E+0000         1
 29150   -0.39393981E+0001   -0.39393981E+0001    0.41268186E+0000         1
 29200   -0.39389759E+0001   -0.39389759E+0001    0.41149659E+0000         1
 29250   -0.39390174E+0001   -0.39390174E+0001    0.48937451E+0000         1
 29300   -0.39389456E+0001   -0.39389456E+0001    0.48911803E+0000         1
 29350   -0.39385931E+0001   -0.39385931E+0001    0.66314349E+0000         1
 29400   -0.39395942E+0001   -0.39395942E+0001    0.31419093E+0000         1
 29450   -0.39395334E+0001   -0.39395334E+0001    0.37485060E+0000         1
 29500   -0.39394424E+0001   -0.39394424E+0001    0.42879233E+0000         1
 29550   -0.39392464E+0001   -0.39392464E+0001    0.45358396E+0000         1
 29600   -0.39388527E+0001   -0.39388527E+0001    0.52059494E+0000         1
 29650   -0.39386387E+0001   -0.39386387E+0001    0.56865330E+0000         1
 29700   -0.39390643E+0001   -0.39390643E+0001    0.51787894E+0000         1
 29750   -0.39388661E+0001   -0.39388661E+0001    0.65011074E+0000         1
 29800   -0.39394877E+0001   -0.39394877E+0001    0.40767211E+0000         1
 29850   -0.39391901E+0001   -0.39391901E+0001    0.53005018E+0000         1
 29900   -0.39392110E+0001   -0.39392110E+0001    0.54811770E+0000         1
 29950   -0.39389675E+0001   -0.39389675E+0001    0.59468733E+0000         1
 30000   -0.39394243E+0001   -0.39394243E+0001    0.39754748E+0000         1
 30050   -0.39391780E+0001   -0.39391780E+0001    0.50823396E+0000         1
 30100   -0.39392217E+0001   -0.39392217E+0001    0.42368374E+0000         1
 30150   -0.39393567E+0001   -0.39393567E+0001    0.43456941E+0000         1
 30200   -0.39391018E+0001   -0.39391018E+0001    0.54259218E+0000         1
 30250   -0.39392964E+0001   -0.39392964E+0001    0.51779499E+0000         1
 30300   -0.39394378E+0001   -0.39394378E+0001    0.43728086E+0000         1
 30350   -0.39392966E+0001   -0.39392966E+0001    0.37126452E+0000         1
 30400   -0.39393486E+0001   -0.39393486E+0001    0.43331176E+0000         1
 30450   -0.39392440E+0001   -0.39392440E+0001    0.39100966E+0000         1
 30500   -0.39391910E+0001   -0.39391910E+0001    0.47193818E+0000         1
 30550   -0.39390804E+0001   -0.39390804E+0001    0.47840872E+0000         1
 30600   -0.39394330E+0001   -0.39394330E+0001    0.35814907E+0000         1
 30650   -0.39390171E+0001   -0.39390171E+0001    0.46032094E+0000         1
 30700   -0.39382872E+0001   -0.39382872E+0001    0.76913539E+0000         1
 30750   -0.39389535E+0001   -0.39389535E+0001    0.56739419E+0000         1
 30800   -0.39391707E+0001   -0.39391707E+0001    0.51138437E+0000         1
 30850   -0.39389084E+0001   -0.39389084E+0001    0.56013732E+0000         1
 30900   -0.39386461E+0001   -0.39386461E+0001    0.66058278E+0000         1
 30950   -0.39392753E+0001   -0.39392753E+0001    0.39846890E+0000         1
 31000   -0.39390941E+0001   -0.39390941E+0001    0.53290435E+0000         1
 31050   -0.39390314E+0001   -0.39390314E+0001    0.54320680E+0000         1
 31100   -0.39394325E+0001   -0.39394325E+0001    0.32049960E+0000         1
 31150   -0.39393180E+0001   -0.39393180E+0001    0.45348381E+0000         1
 31200   -0.39387663E+0001   -0.39387663E+0001    0.57561550E+0000         1
 31250   -0.39391957E+0001   -0.39391957E+0001    0.45984984E+0000         1
 31300   -0.39396169E+0001   -0.39396169E+0001    0.36409012E+0000         1
 31350   -0.39393798E+0001   -0.39393798E+0001    0.37929364E+0000         1
 31400   -0.39388068E+0001   -0.39388068E+0001    0.53030170E+0000         1
 31450   -0.39384984E+0001   -0.39384984E+0001    0.53734608E+0000         1
 31500   -0.39390544E+0001   -0.39390544E+0001    0.41839400E+0000         1
 31550   -0.39390183E+0001   -0.39390183E+0001    0.50573877E+0000         1
 31600   -0.39393567E+0001   -0.39393567E+0001    0.37831435E+0000         1
 31650   -0.39389763E+0001   -0.39389763E+0001    0.53193798E+0000         1
 31700   -0.39386958E+0001   -0.39386958E+0001    0.54010100E+0000         1
 31750   -0.39387463E+0001   -0.39387463E+0001    0.48730500E+0000         1
 31800   -0.39385775E+0001   -0.39385775E+0001    0.61380110E+0000         1
 31850   -0.39391489E+0001   -0.39391489E+0001    0.50347700E+0000         1
 31900   -0.39391269E+0001   -0.39391269E+0001    0.46517054E+0000         1
 31950   -0.39389090E+0001   -0.39389090E+0001    0.58921284E+0000         1
 32000   -0.39389100E+0001   -0.39389100E+0001    0.59943030E+0000         1
 32050   -0.39391190E+0001   -0.39391190E+0001    0.46304714E+0000         1
 32100   -0.39392012E+0001   -0.39392012E+0001    0.41052474E+0000         1
 32150   -0.39384001E+0001   -0.39384001E+0001    0.63357575E+0000         1
 32200   -0.39389306E+0001   -0.39389306E+0001    0.50683306E+0000         1
 32250   -0.39389672E+0001   -0.39389672E+0001    0.56955258E+0000         1
 32300   -0.39392287E+0001   -0.39392287E+0001    0.41671716E+0000         1
 32350   -0.39388929E+0001   -0.39388929E+0001    0.58791858E+0000         1
 32400   -0.39385605E+0001   -0.39385605E+0001    0.62485678E+0000         1
 32450   -0.39389994E+0001   -0.39389994E+0001    0.36173341E+0000         1
 32500   -0.39387725E+0001   -0.39387725E+0001    0.47522692E+0000         1
 32550   -0.39388462E+0001   -0.39388462E+0001    0.51125021E+0000         1
 32600   -0.39395463E+0001   -0.39395463E+0001    0.34748028E+0000         1
 32650   -0.39394807E+0001   -0.39394807E+0001    0.37012223E+0000         1
 32700   -0.39388805E+0001   -0.39388805E+0001    0.64382338E+0000         1
 32750   -0.39388492E+0001   -0.39388492E+0001    0.57453386E+0000         1
 32800   -0.39394363E+0001   -0.39394363E+0001    0.41710047E+0000         1
 32850   -0.39395971E+0001   -0.39395971E+0001    0.35359687E+0000         1
 32900   -0.39394290E+0001   -0.39394290E+0001    0.42703947E+0000         1
 32950   -0.39391008E+0001   -0.39391008E+0001    0.52770826E+0000         1
 33000   -0.39387797E+0001   -0.39387797E+0001    0.61775538E+0000         1
 33050   -0.39386268E+0001   -0.39386268E+0001    0.68843550E+0000         1
 33100   -0.39387394E+0001   -0.39387394E+0001    0.64689795E+0000         1
 33150   -0.39391688E+0001   -0.39391688E+0001    0.47625006E+0000         1
 33200   -0.39395710E+0001   -0.39395710E+0001    0.38625662E+0000         1
 33250   -0.39390187E+0001   -0.39390187E+0001    0.56819671E+0000         1
 33300   -0.39391378E+0001   -0.39391378E+0001    0.50855470E+0000         1
 33350   -0.39393511E+0001   -0.39393511E+0001    0.45425849E+0000         1
 33400   -0.39381450E+0001   -0.39381450E+0001    0.76161712E+0000         1
 33450   -0.39386212E+0001   -0.39386212E+0001    0.66143043E+0000         1
 33500   -0.39391821E+0001   -0.39391821E+0001    0.51759232E+0000         1
 33550   -0.39392076E+0001   -0.39392076E+0001    0.50908527E+0000         1
 33600   -0.39391567E+0001   -0.39391567E+0001    0.46458762E+0000         1
 33650   -0.39391638E+0001   -0.39391638E+0001    0.55259275E+0000         1
 33700   -0.39390194E+0001   -0.39390194E+0001    0.46069226E+0000         1
 33750   -0.39392050E+0001   -0.39392050E+0001    0.45408930E+0000         1
 33800   -0.39389288E+0001   -0.39389288E+0001    0.63491867E+0000         1
 33850   -0.39388094E+0001   -0.39388094E+0001    0.62493417E+0000         1
 33900   -0.39395942E+0001   -0.39395942E+0001    0.33393904E+0000         1
 33950   -0.39394135E+0001   -0.39394135E+0001    0.37229699E+0000         1
 34000   -0.39395703E+0001   -0.39395703E+0001    0.45711404E+0000         1
 34050   -0.39384059E+0001   -0.39384059E+0001    0.77065971E+0000         1
 34100   -0.39382223E+0001   -0.39382223E+0001    0.86596990E+0000         1
 34150   -0.39385702E+0001   -0.39385702E+0001    0.62345417E+0000         1
 34200   -0.39385015E+0001   -0.39385015E+0001    0.66306016E+0000         1
 34250   -0.39383831E+0001   -0.39383831E+0001    0.60469425E+0000         1
 34300   -0.39376859E+0001   -0.39376859E+0001    0.67572410E+0000         1
 34350   -0.39379075E+0001   -0.39379075E+0001    0.59572332E+0000         1
 34400   -0.39386794E+0001   -0.39386794E+0001    0.44879509E+0000         1
 34450   -0.39390626E+0001   -0.39390626E+0001    0.40591629E+0000         1
 34500   -0.39387175E+0001   -0.39387175E+0001    0.47364798E+0000         1
 34550   -0.39385474E+0001   -0.39385474E+0001    0.53704630E+0000         1
 34600   -0.39392807E+0001   -0.39392807E+0001    0.34506426E+0000         1
 34650   -0.39387078E+0001   -0.39387078E+0001    0.58198615E+0000         1
 34700   -0.39388865E+0001   -0.39388865E+0001    0.44802948E+0000         1
 34750   -0.39388745E+0001   -0.39388745E+0001    0.45900298E+0000         1
 34800   -0.39388085E+0001   -0.39388085E+0001    0.47657333E+0000         1
 34850   -0.39389437E+0001   -0.39389437E+0001    0.49465443E+0000         1
 34900   -0.39384715E+0001   -0.39384715E+0001    0.63785799E+0000         1
 34950   -0.39377623E+0001   -0.39377623E+0001    0.72541338E+0000         1
 35000   -0.39383366E+0001   -0.39383366E+0001    0.53825375E+0000         1
 35050   -0.39388668E+0001   -0.39388668E+0001    0.52269702E+0000         1
 35100   -0.39390533E+0001   -0.39390533E+0001    0.45883531E+0000         1
 35150   -0.39391823E+0001   -0.39391823E+0001    0.47472527E+0000         1
 35200   -0.39389968E+0001   -0.39389968E+0001    0.52518742E+0000         1
 35250   -0.39388456E+0001   -0.39388456E+0001    0.55891352E+0000         1
 35300   -0.39389756E+0001   -0.39389756E+0001    0.54377996E+0000         1
 35350   -0.39390564E+0001   -0.39390564E+0001    0.48838879E+0000         1
 35400   -0.39386356E+0001   -0.39386356E+0001    0.61282394E+0000         1
 35450   -0.39383823E+0001   -0.39383823E+0001    0.71992180E+0000         1
 35500   -0.39384301E+0001   -0.39384301E+0001    0.70075561E+0000         1
 35550   -0.39391830E+0001   -0.39391830E+0001    0.54689849E+0000         1
 35600   -0.39393061E+0001   -0.39393061E+0001    0.40874516E+0000         1
 35650   -0.39389967E+0001   -0.39389967E+0001    0.54750061E+0000         1
 35700   -0.39390565E+0001   -0.39390565E+0001    0.55802324E+0000         1
 35750   -0.39392010E+0001   -0.39392010E+0001    0.58238924E+0000         1
 35800   -0.39394924E+0001   -0.39394924E+0001    0.34393141E+0000         1
 35850   -0.39390578E+0001   -0.39390578E+0001    0.46611291E+0000         1
 35900   -0.39393846E+0001   -0.39393846E+0001    0.33006168E+0000         1
 35950   -0.39390238E+0001   -0.39390238E+0001    0.56737254E+0000         1
 36000   -0.39393317E+0001   -0.39393317E+0001    0.45875981E+0000         1
 36050   -0.39397085E+0001   -0.39397085E+0001    0.30756127E+0000         1
 36100   -0.39392054E+0001   -0.39392054E+0001    0.45387312E+0000         1
 36150   -0.39391105E+0001   -0.39391105E+0001    0.53295235E+0000         1
 36200   -0.39393952E+0001   -0.39393952E+0001    0.41663648E+0000         1
 36250   -0.39384199E+0001   -0.39384199E+0001    0.73618869E+0000         1
 36300   -0.39387295E+0001   -0.39387295E+0001    0.53672134E+0000         1
 36350   -0.39391484E+0001   -0.39391484E+0001    0.49110486E+0000         1
 36400   -0.39389508E+0001   -0.39389508E+0001    0.43138476E+0000         1
 36450   -0.39388506E+0001   -0.39388506E+0001    0.51023152E+0000         1
 36500   -0.39383484E+0001   -0.39383484E+0001    0.75649334E+0000         1
 36550   -0.39390124E+0001   -0.39390124E+0001    0.53073295E+0000         1
 36600   -0.39384885E+0001   -0.39384885E+0001    0.70723414E+0000         1
 36650   -0.39389203E+0001   -0.39389203E+0001    0.53308942E+0000         1
 36700   -0.39387622E+0001   -0.39387622E+0001    0.69791122E+0000         1
 36750   -0.39392053E+0001   -0.39392053E+0001    0.47012327E+0000         1
 36800   -0.39394459E+0001   -0.39394459E+0001    0.31934625E+0000         1
 36850   -0.39390736E+0001   -0.39390736E+0001    0.45896450E+0000         1
 36900   -0.39391785E+0001   -0.39391785E+0001    0.45012637E+0000         1
 36950   -0.39392584E+0001   -0.39392584E+0001    0.42825544E+0000         1
 37000   -0.39388452E+0001   -0.39388452E+0001    0.42266169E+0000         1
 37050   -0.39381275E+0001   -0.39381275E+0001    0.53915332E+0000         1
 37100   -0.39382177E+0001   -0.39382177E+0001    0.78020272E+0000         1
 37150   -0.39388054E+0001   -0.39388054E+0001    0.66555487E+0000         1
 37200   -0.39391448E+0001   -0.39391448E+0001    0.53749094E+0000         1
 37250   -0.39396358E+0001   -0.39396358E+0001    0.29341247E+0000         1
 37300   -0.39389610E+0001   -0.39389610E+0001    0.56459788E+0000         1
 37350   -0.39392665E+0001   -0.39392665E+0001    0.41316641E+0000         1
 37400   -0.39393478E+0001   -0.39393478E+0001    0.41857624E+0000         1
 37450   -0.39391902E+0001   -0.39391902E+0001    0.46644705E+0000         1
 37500   -0.39387884E+0001   -0.39387884E+0001    0.67169670E+0000         1
 37550   -0.39389201E+0001   -0.39389201E+0001    0.58093325E+0000         1
 37600   -0.39390299E+0001   -0.39390299E+0001    0.41989810E+0000         1
 37650   -0.39393638E+0001   -0.39393638E+0001    0.48573794E+0000         1
 37700   -0.39397810E+0001   -0.39397810E+0001    0.26455958E+0000         1
 37750   -0.39390152E+0001   -0.39390152E+0001    0.53341660E+0000         1
 37800   -0.39389369E+0001   -0.39389369E+0001    0.58890825E+0000         1
 37850   -0.39385024E+0001   -0.39385024E+0001    0.59196155E+0000         1
 37900   -0.39393772E+0001   -0.39393772E+0001    0.39249463E+0000         1
 37950   -0.39396112E+0001   -0.39396112E+0001    0.35770277E+0000         1
 38000   -0.39390245E+0001   -0.39390245E+0001    0.50704561E+0000         1
 38050   -0.39392448E+0001   -0.39392448E+0001    0.44984162E+0000         1
 38100   -0.39390172E+0001   -0.39390172E+0001    0.54165624E+0000         1
 38150   -0.39392948E+0001   -0.39392948E+0001    0.47048871E+0000         1
 38200   -0.39396272E+0001   -0.39396272E+0001    0.33114090E+0000         1
 38250   -0.39390950E+0001   -0.39390950E+0001    0.47696797E+0000         1
 38300   -0.39391842E+0001   -0.39391842E+0001    0.42047213E+0000         1
 38350   -0.39392616E+0001   -0.39392616E+0001    0.46350243E+0000         1
 38400   -0.39388993E+0001   -0.39388993E+0001    0.51892345E+0000         1
 38450   -0.39390300E+0001   -0.39390300E+0001    0.47985007E+0000         1
 38500   -0.39388011E+0001   -0.39388011E+0001    0.53096914E+0000         1
 38550   -0.39395281E+0001   -0.39395281E+0001    0.38311602E+0000         1
 38600   -0.39389814E+0001   -0.39389814E+0001    0.58470023E+0000         1
 38650   -0.39395288E+0001   -0.39395288E+0001    0.39244810E+0000         1
 38700   -0.39389766E+0001   -0.39389766E+0001    0.57411482E+0000         1
 38750   -0.39385421E+0001   -0.39385421E+0001    0.66271211E+0000         1
 38800   -0.39382541E+0001   -0.39382541E+0001    0.70477119E+0000         1
 38850   -0.39390788E+0001   -0.39390788E+0001    0.47985639E+0000         1
 38900   -0.39392036E+0001   -0.39392036E+0001    0.49148251E+0000         1
 38950   -0.39394328E+0001   -0.39394328E+0001    0.48781001E+0000         1
 39000   -0.39389213E+0001   -0.39389213E+0001    0.64589961E+0000         1
 39050   -0.39389634E+0001   -0.39389634E+0001    0.64610616E+0000         1
 39100   -0.39391312E+0001   -0.39391312E+0001    0.50480174E+0000         1
 39150   -0.39391732E+0001   -0.39391732E+0001    0.45247913E+0000         1
 39200   -0.39395968E+0001   -0.39395968E+0001    0.33858399E+0000         1
 39250   -0.39393705E+0001   -0.39393705E+0001    0.37033868E+0000         1
 39300   -0.39394888E+0001   -0.39394888E+0001    0.38907751E+0000         1
 39350   -0.39392875E+0001   -0.39392875E+0001    0.44411492E+0000         1
 39400   -0.39389526E+0001   -0.39389526E+0001    0.59819831E+0000         1
 39450   -0.39391505E+0001   -0.39391505E+0001    0.45849967E+0000         1
 39500   -0.39388807E+0001   -0.39388807E+0001    0.49609654E+0000         1
 39550   -0.39381529E+0001   -0.39381529E+0001    0.67361223E+0000         1
 39600   -0.39386927E+0001   -0.39386927E+0001    0.61347983E+0000         1
 39650   -0.39389144E+0001   -0.39389144E+0001    0.49245956E+0000         1
 39700   -0.39386717E+0001   -0.39386717E+0001    0.65623583E+0000         1
 39750   -0.39384556E+0001   -0.39384556E+0001    0.70083543E+0000         1
 39800   -0.39389285E+0001   -0.39389285E+0001    0.50571077E+0000         1
 39850   -0.39383916E+0001   -0.39383916E+0001    0.69745423E+0000         1
 39900   -0.39383794E+0001   -0.39383794E+0001    0.72114846E+0000         1
 39950   -0.39386503E+0001   -0.39386503E+0001    0.57268121E+0000         1
 40000   -0.39391005E+0001   -0.39391005E+0001    0.44980832E+0000         1
 40050   -0.39391088E+0001   -0.39391088E+0001    0.48409317E+0000         1
 40100   -0.39392244E+0001   -0.39392244E+0001    0.42891550E+0000         1
 40150   -0.39386566E+0001   -0.39386566E+0001    0.57081298E+0000         1
 40200   -0.39382966E+0001   -0.39382966E+0001    0.70409577E+0000         1
 40250   -0.39392658E+0001   -0.39392658E+0001    0.44363594E+0000         1
 40300   -0.39392528E+0001   -0.39392528E+0001    0.40672487E+0000         1
 40350   -0.39385331E+0001   -0.39385331E+0001    0.66328408E+0000         1
 40400   -0.39383015E+0001   -0.39383015E+0001    0.68399586E+0000         1
 40450   -0.39390368E+0001   -0.39390368E+0001    0.56023655E+0000         1
 40500   -0.39389853E+0001   -0.39389853E+0001    0.46865968E+0000         1
 40550   -0.39383263E+0001   -0.39383263E+0001    0.71830443E+0000         1
 40600   -0.39391485E+0001   -0.39391485E+0001    0.46079605E+0000         1
 40650   -0.39388866E+0001   -0.39388866E+0001    0.57619314E+0000         1
 40700   -0.39388739E+0001   -0.39388739E+0001    0.46218762E+0000         1
 40750   -0.39384608E+0001   -0.39384608E+0001    0.53652350E+0000         1
 40800   -0.39385414E+0001   -0.39385414E+0001    0.58161048E+0000         1
 40850   -0.39388079E+0001   -0.39388079E+0001    0.43720880E+0000         1
 40900   -0.39387966E+0001   -0.39387966E+0001    0.45061073E+0000         1
 40950   -0.39388933E+0001   -0.39388933E+0001    0.48542903E+0000         1
 41000   -0.39384249E+0001   -0.39384249E+0001    0.58093255E+0000         1
 41050   -0.39388099E+0001   -0.39388099E+0001    0.57557627E+0000         1
 41100   -0.39385265E+0001   -0.39385265E+0001    0.51732650E+0000         1
 41150   -0.39384797E+0001   -0.39384797E+0001    0.63029546E+0000         1
 41200   -0.39390339E+0001   -0.39390339E+0001    0.50121989E+0000         1
 41250   -0.39388898E+0001   -0.39388898E+0001    0.57683900E+0000         1
 41300   -0.39392863E+0001   -0.39392863E+0001    0.36110262E+0000         1
 41350   -0.39382700E+0001   -0.39382700E+0001    0.70373341E+0000         1
 41400   -0.39387013E+0001   -0.39387013E+0001    0.65866139E+0000         1
 41450   -0.39386405E+0001   -0.39386405E+0001    0.73410146E+0000         1
 41500   -0.39388109E+0001   -0.39388109E+0001    0.55477880E+0000         1
 41550   -0.39389734E+0001   -0.39389734E+0001    0.55398217E+0000         1
 41600   -0.39391825E+0001   -0.39391825E+0001    0.45201079E+0000         1
 41650   -0.39392162E+0001   -0.39392162E+0001    0.46532195E+0000         1
 41700   -0.39389739E+0001   -0.39389739E+0001    0.56136858E+0000         1
 41750   -0.39389606E+0001   -0.39389606E+0001    0.52349787E+0000         1
 41800   -0.39390214E+0001   -0.39390214E+0001    0.56037889E+0000         1
 41850   -0.39388054E+0001   -0.39388054E+0001    0.53855133E+0000         1
 41900   -0.39380551E+0001   -0.39380551E+0001    0.65147954E+0000         1
 41950   -0.39384909E+0001   -0.39384909E+0001    0.65819140E+0000         1
 42000   -0.39386522E+0001   -0.39386522E+0001    0.59090726E+0000         1
 42050   -0.39385905E+0001   -0.39385905E+0001    0.57706037E+0000         1
 42100   -0.39390338E+0001   -0.39390338E+0001    0.52017998E+0000         1
 42150   -0.39389347E+0001   -0.39389347E+0001    0.53256334E+0000         1
 42200   -0.39393163E+0001   -0.39393163E+0001    0.44078967E+0000         1
 42250   -0.39390385E+0001   -0.39390385E+0001    0.56693172E+0000         1
 42300   -0.39388179E+0001   -0.39388179E+0001    0.58345618E+0000         1
 42350   -0.39386681E+0001   -0.39386681E+0001    0.52165095E+0000         1
 42400   -0.39383115E+0001   -0.39383115E+0001    0.65988007E+0000         1
 42450   -0.39389837E+0001   -0.39389837E+0001    0.44807711E+0000         1
 42500   -0.39380773E+0001   -0.39380773E+0001    0.69688051E+0000         1
 42550   -0.39378283E+0001   -0.39378283E+0001    0.79083941E+0000         1
 42600   -0.39382124E+0001   -0.39382124E+0001    0.66184652E+0000         1
 42650   -0.39390833E+0001   -0.39390833E+0001    0.44027528E+0000         1
 42700   -0.39387084E+0001   -0.39387084E+0001    0.45563285E+0000         1
 42750   -0.39389835E+0001   -0.39389835E+0001    0.60857356E+0000         1
 42800   -0.39391307E+0001   -0.39391307E+0001    0.54318864E+0000         1
 42850   -0.39391185E+0001   -0.39391185E+0001    0.56988595E+0000         1
 42900   -0.39394167E+0001   -0.39394167E+0001    0.46138188E+0000         1
 42950   -0.39391276E+0001   -0.39391276E+0001    0.57241473E+0000         1
 43000   -0.39388168E+0001   -0.39388168E+0001    0.63737857E+0000         1
 43050   -0.39394375E+0001   -0.39394375E+0001    0.38385003E+0000         1
 43100   -0.39395513E+0001   -0.39395513E+0001    0.42746071E+0000         1
 43150   -0.39393390E+0001   -0.39393390E+0001    0.38417926E+0000         1
 43200   -0.39396786E+0001   -0.39396786E+0001    0.29929317E+0000         1
 43250   -0.39397625E+0001   -0.39397625E+0001    0.34365819E+0000         1
 43300   -0.39397814E+0001   -0.39397814E+0001    0.26334879E+0000         1
 43350   -0.39391042E+0001   -0.39391042E+0001    0.47482136E+0000         1
 43400   -0.39392247E+0001   -0.39392247E+0001    0.43197989E+0000         1
 43450   -0.39389335E+0001   -0.39389335E+0001    0.57902929E+0000         1
 43500   -0.39392299E+0001   -0.39392299E+0001    0.43586816E+0000         1
 43550   -0.39393376E+0001   -0.39393376E+0001    0.40314053E+0000         1
 43600   -0.39396390E+0001   -0.39396390E+0001    0.34049532E+0000         1
 43650   -0.39388900E+0001   -0.39388900E+0001    0.54625460E+0000         1
 43700   -0.39386968E+0001   -0.39386968E+0001    0.59169065E+0000         1
 43750   -0.39391927E+0001   -0.39391927E+0001    0.39897661E+0000         1
 43800   -0.39389583E+0001   -0.39389583E+0001    0.47614187E+0000         1
 43850   -0.39390583E+0001   -0.39390583E+0001    0.58177655E+0000         1
 43900   -0.39391095E+0001   -0.39391095E+0001    0.48519349E+0000         1
 43950   -0.39387893E+0001   -0.39387893E+0001    0.58967687E+0000         1
 44000   -0.39379857E+0001   -0.39379857E+0001    0.80368865E+0000         1
 44050   -0.39377734E+0001   -0.39377734E+0001    0.77323035E+0000         1
 44100   -0.39385541E+0001   -0.39385541E+0001    0.59871071E+0000         1
 44150   -0.39381080E+0001   -0.39381080E+0001    0.60466356E+0000         1
 44200   -0.39385305E+0001   -0.39385305E+0001    0.52215962E+0000         1
 44250   -0.39391575E+0001   -0.39391575E+0001    0.48314590E+0000         1
 44300   -0.39391772E+0001   -0.39391772E+0001    0.41185606E+0000         1
 44350   -0.39390982E+0001   -0.39390982E+0001    0.57440120E+0000         1
 44400   -0.39387876E+0001   -0.39387876E+0001    0.60134417E+0000         1
 44450   -0.39390472E+0001   -0.39390472E+0001    0.48040324E+0000         1
 44500   -0.39388896E+0001   -0.39388896E+0001    0.55453489E+0000         1
 44550   -0.39387423E+0001   -0.39387423E+0001    0.56097308E+0000         1
 44600   -0.39389784E+0001   -0.39389784E+0001    0.54592266E+0000         1
 44650   -0.39393693E+0001   -0.39393693E+0001    0.43909237E+0000         1
 44700   -0.39398001E+0001   -0.39398001E+0001    0.27026302E+0000         1
 44750   -0.39395789E+0001   -0.39395789E+0001    0.38189654E+0000         1
 44800   -0.39396011E+0001   -0.39396011E+0001    0.39363192E+0000         1
 44850   -0.39390865E+0001   -0.39390865E+0001    0.56205694E+0000         1
 44900   -0.39393540E+0001   -0.39393540E+0001    0.53027159E+0000         1
 44950   -0.39392501E+0001   -0.39392501E+0001    0.49807592E+0000         1
 45000   -0.39394245E+0001   -0.39394245E+0001    0.43817043E+0000         1
 45050   -0.39391286E+0001   -0.39391286E+0001    0.56023688E+0000         1
 45100   -0.39393124E+0001   -0.39393124E+0001    0.49971242E+0000         1
 45150   -0.39391136E+0001   -0.39391136E+0001    0.49142915E+0000         1
 45200   -0.39392487E+0001   -0.39392487E+0001    0.44368118E+0000         1
 45250   -0.39394518E+0001   -0.39394518E+0001    0.39981328E+0000         1
 45300   -0.39392027E+0001   -0.39392027E+0001    0.43355964E+0000         1
 45350   -0.39389330E+0001   -0.39389330E+0001    0.48429490E+0000         1
 45400   -0.39389845E+0001   -0.39389845E+0001    0.41496662E+0000         1
 45450   -0.39381030E+0001   -0.39381030E+0001    0.70528286E+0000         1
 45500   -0.39376826E+0001   -0.39376826E+0001    0.69941511E+0000         1
 45550   -0.39383596E+0001   -0.39383596E+0001    0.69998434E+0000         1
 45600   -0.39381227E+0001   -0.39381227E+0001    0.59976274E+0000         1
 45650   -0.39383217E+0001   -0.39383217E+0001    0.60749247E+0000         1
 45700   -0.39386890E+0001   -0.39386890E+0001    0.54993533E+0000         1
 45750   -0.39386905E+0001   -0.39386905E+0001    0.59823254E+0000         1
 45800   -0.39384725E+0001   -0.39384725E+0001    0.58198050E+0000         1
 45850   -0.39388241E+0001   -0.39388241E+0001    0.60218602E+0000         1
 45900   -0.39393348E+0001   -0.39393348E+0001    0.39065558E+0000         1
 45950   -0.39389672E+0001   -0.39389672E+0001    0.52333649E+0000         1
 46000   -0.39386498E+0001   -0.39386498E+0001    0.63258342E+0000         1
 46050   -0.39389244E+0001   -0.39389244E+0001    0.57270245E+0000         1
 46100   -0.39387108E+0001   -0.39387108E+0001    0.66788934E+0000         1
 46150   -0.39384818E+0001   -0.39384818E+0001    0.65385795E+0000         1
 46200   -0.39392625E+0001   -0.39392625E+0001    0.42794998E+0000         1
 46250   -0.39387268E+0001   -0.39387268E+0001    0.63502099E+0000         1
 46300   -0.39393822E+0001   -0.39393822E+0001    0.34944769E+0000         1
 46350   -0.39385500E+0001   -0.39385500E+0001    0.70601355E+0000         1
 46400   -0.39389559E+0001   -0.39389559E+0001    0.54602811E+0000         1
 46450   -0.39392074E+0001   -0.39392074E+0001    0.44316276E+0000         1
 46500   -0.39387441E+0001   -0.39387441E+0001    0.61629976E+0000         1
 46550   -0.39394403E+0001   -0.39394403E+0001    0.42277665E+0000         1
 46600   -0.39388545E+0001   -0.39388545E+0001    0.61570565E+0000         1
 46650   -0.39388287E+0001   -0.39388287E+0001    0.58570208E+0000         1
 46700   -0.39384558E+0001   -0.39384558E+0001    0.59941607E+0000         1
 46750   -0.39380237E+0001   -0.39380237E+0001    0.61482524E+0000         1
 46800   -0.39391868E+0001   -0.39391868E+0001    0.39088674E+0000         1
 46850   -0.39387500E+0001   -0.39387500E+0001    0.57721240E+0000         1
 46900   -0.39379519E+0001   -0.39379519E+0001    0.63709675E+0000         1
 46950   -0.39377933E+0001   -0.39377933E+0001    0.69491719E+0000         1
 47000   -0.39382249E+0001   -0.39382249E+0001    0.65180062E+0000         1
 47050   -0.39384542E+0001   -0.39384542E+0001    0.62834390E+0000         1
 47100   -0.39388725E+0001   -0.39388725E+0001    0.51212864E+0000         1
 47150   -0.39386949E+0001   -0.39386949E+0001    0.63307935E+0000         1
 47200   -0.39387351E+0001   -0.39387351E+0001    0.61736529E+0000         1
 47250   -0.39390201E+0001   -0.39390201E+0001    0.43208523E+0000         1
 47300   -0.39390581E+0001   -0.39390581E+0001    0.48033497E+0000         1
 47350   -0.39390705E+0001   -0.39390705E+0001    0.47202445E+0000         1
 47400   -0.39392697E+0001   -0.39392697E+0001    0.39408351E+0000         1
 47450   -0.39389237E+0001   -0.39389237E+0001    0.45793195E+0000         1
 47500   -0.39388165E+0001   -0.39388165E+0001    0.47393403E+0000         1
 47550   -0.39391305E+0001   -0.39391305E+0001    0.42533395E+0000         1
 47600   -0.39390484E+0001   -0.39390484E+0001    0.48771702E+0000         1
 47650   -0.39386985E+0001   -0.39386985E+0001    0.49968119E+0000         1
 47700   -0.39390464E+0001   -0.39390464E+0001    0.48130482E+0000         1
 47750   -0.39386286E+0001   -0.39386286E+0001    0.51997642E+0000         1
 47800   -0.39379555E+0001   -0.39379555E+0001    0.67565546E+0000         1
 47850   -0.39384320E+0001   -0.39384320E+0001    0.51741911E+0000         1
 47900   -0.39382331E+0001   -0.39382331E+0001    0.60781292E+0000         1
 47950   -0.39382316E+0001   -0.39382316E+0001    0.62110618E+0000         1
 48000   -0.39385347E+0001   -0.39385347E+0001    0.53607854E+0000         1
