     1   -0.39239841E+0001   -0.39243980E+0001    0.15871675E+0001     11998
    50   -0.39235932E+0001   -0.39285734E+0001    0.13353068E+0001     11916
   100   -0.39256308E+0001   -0.39317868E+0001    0.10660188E+0001     12504
   150   -0.39295071E+0001   -0.39337375E+0001    0.93311209E+0000     12828
   200   -0.39315856E+0001   -0.39351666E+0001    0.80652307E+0000     12989
   250   -0.39329089E+0001   -0.39360598E+0001    0.77999584E+0000     13268
   300   -0.39340389E+0001   -0.39368269E+0001    0.69203553E+0000     13669
   350   -0.39349922E+0001   -0.39375075E+0001    0.64696541E+0000     13952
   400   -0.39357721E+0001   -0.39380918E+0001    0.56060808E+0000     14100
     1   -0.39239754E+0001   -0.39244125E+0001    0.15871675E+0001     11994
    50   -0.39232682E+0001   -0.39286169E+0001    0.13579266E+0001     11994
   100   -0.39250576E+0001   -0.39306665E+0001    0.11995905E+0001     12586
   150   -0.39274237E+0001   -0.39317679E+0001    0.11144949E+0001     13007
   200   -0.39291657E+0001   -0.39331942E+0001    0.10110563E+0001     13015
   250   -0.39305830E+0001   -0.39343025E+0001    0.92865514E+0000     13315
   300   -0.39315075E+0001   -0.39351923E+0001    0.86079863E+0000     13895
   350   -0.39323693E+0001   -0.39357307E+0001    0.80672689E+0000     14416
   400   -0.39333013E+0001   -0.39364657E+0001    0.72303837E+0000     15002
     1   -0.39239698E+0001   -0.39244102E+0001    0.15871675E+0001     12009
    50   -0.39228480E+0001   -0.39277550E+0001    0.13508494E+0001     12164
   100   -0.39241175E+0001   -0.39298416E+0001    0.11960086E+0001     12745
   150   -0.39262586E+0001   -0.39314461E+0001    0.11232846E+0001     13105
   200   -0.39272905E+0001   -0.39325190E+0001    0.10437441E+0001     13708
   250   -0.39280460E+0001   -0.39335245E+0001    0.10269029E+0001     13986
   300   -0.39292613E+0001   -0.39343889E+0001    0.90252806E+0000     14456
   350   -0.39308206E+0001   -0.39356804E+0001    0.82321132E+0000     14824
   400   -0.39331702E+0001   -0.39369918E+0001    0.70288230E+0000     15338
     1   -0.39239657E+0001   -0.39244047E+0001    0.15871675E+0001     12005
    50   -0.39225755E+0001   -0.39276690E+0001    0.13886377E+0001     12095
   100   -0.39237515E+0001   -0.39298277E+0001    0.12614266E+0001     12082
   150   -0.39254782E+0001   -0.39304688E+0001    0.11972245E+0001     12433
   200   -0.39269506E+0001   -0.39320829E+0001    0.10350064E+0001     13066
   250   -0.39284474E+0001   -0.39326596E+0001    0.99302132E+0000     13410
   300   -0.39298384E+0001   -0.39333366E+0001    0.90160357E+0000     13849
   350   -0.39306799E+0001   -0.39342516E+0001    0.85522934E+0000     14138
   400   -0.39317812E+0001   -0.39352178E+0001    0.82136133E+0000     14335
     1   -0.39239601E+0001   -0.39243914E+0001    0.15871675E+0001     11997
    50   -0.39223617E+0001   -0.39273295E+0001    0.14197455E+0001     12198
   100   -0.39230557E+0001   -0.39288933E+0001    0.12367304E+0001     12486
   150   -0.39251910E+0001   -0.39317276E+0001    0.11502203E+0001     13299
   200   -0.39270906E+0001   -0.39316719E+0001    0.10927548E+0001     14136
   250   -0.39281571E+0001   -0.39321792E+0001    0.97118598E+0000     14773
   300   -0.39296046E+0001   -0.39333769E+0001    0.92410997E+0000     15180
   350   -0.39307340E+0001   -0.39342877E+0001    0.89093744E+0000     15588
   400   -0.39316327E+0001   -0.39350315E+0001    0.85615316E+0000     16018
     1   -0.39239554E+0001   -0.39244061E+0001    0.15871675E+0001     11997
    50   -0.39220585E+0001   -0.39269002E+0001    0.14288823E+0001     12180
   100   -0.39226078E+0001   -0.39283367E+0001    0.13653533E+0001     12582
   150   -0.39241151E+0001   -0.39296498E+0001    0.12866802E+0001     12942
   200   -0.39256898E+0001   -0.39311501E+0001    0.12095786E+0001     13260
   250   -0.39274079E+0001   -0.39319913E+0001    0.10808197E+0001     13778
   300   -0.39291902E+0001   -0.39328525E+0001    0.10138027E+0001     14134
   350   -0.39301145E+0001   -0.39329899E+0001    0.99016735E+0000     14539
   400   -0.39306227E+0001   -0.39344291E+0001    0.87190274E+0000     14843
     1   -0.39239491E+0001   -0.39244103E+0001    0.15871675E+0001     11997
    50   -0.39218555E+0001   -0.39273022E+0001    0.14165152E+0001     12067
   100   -0.39221832E+0001   -0.39278341E+0001    0.12868867E+0001     12339
   150   -0.39240782E+0001   -0.39289770E+0001    0.12003959E+0001     12919
   200   -0.39253559E+0001   -0.39313333E+0001    0.10956954E+0001     13352
   250   -0.39267289E+0001   -0.39325645E+0001    0.93800115E+0000     13990
   300   -0.39293164E+0001   -0.39336875E+0001    0.93051808E+0000     14590
   350   -0.39306459E+0001   -0.39342218E+0001    0.84714520E+0000     14870
   400   -0.39312667E+0001   -0.39348150E+0001    0.78654742E+0000     15343
     1   -0.39239490E+0001   -0.39244537E+0001    0.15871675E+0001     12000
    50   -0.39215963E+0001   -0.39269452E+0001    0.14397087E+0001     12081
   100   -0.39218315E+0001   -0.39277115E+0001    0.13500713E+0001     12696
   150   -0.39233517E+0001   -0.39285480E+0001    0.12346457E+0001     13160
   200   -0.39243257E+0001   -0.39286733E+0001    0.12463469E+0001     13440
   250   -0.39244942E+0001   -0.39301888E+0001    0.11155234E+0001     14107
   300   -0.39254388E+0001   -0.39302485E+0001    0.10942005E+0001     14364
   350   -0.39262708E+0001   -0.39309787E+0001    0.10545769E+0001     14631
   400   -0.39269908E+0001   -0.39315703E+0001    0.10408908E+0001     15283
     1   -0.39239448E+0001   -0.39244273E+0001    0.15871675E+0001     12009
    50   -0.39213728E+0001   -0.39262482E+0001    0.13861810E+0001     12164
   100   -0.39210027E+0001   -0.39277297E+0001    0.13522830E+0001     12359
   150   -0.39227401E+0001   -0.39283009E+0001    0.13493321E+0001     13018
   200   -0.39236822E+0001   -0.39289283E+0001    0.13052148E+0001     13581
   250   -0.39243019E+0001   -0.39291043E+0001    0.12128091E+0001     14130
   300   -0.39251097E+0001   -0.39294964E+0001    0.11180802E+0001     14732
   350   -0.39265021E+0001   -0.39304869E+0001    0.10633671E+0001     15344
   400   -0.39275265E+0001   -0.39315181E+0001    0.10187666E+0001     15706
     1   -0.39239412E+0001   -0.39244138E+0001    0.15871675E+0001     12009
    50   -0.39212829E+0001   -0.39267172E+0001    0.14389389E+0001     12098
   100   -0.39212463E+0001   -0.39277498E+0001    0.13981658E+0001     12524
   150   -0.39230559E+0001   -0.39281473E+0001    0.13355076E+0001     13102
   200   -0.39234656E+0001   -0.39283864E+0001    0.12811971E+0001     13626
   250   -0.39236073E+0001   -0.39290850E+0001    0.12479431E+0001     14128
   300   -0.39243814E+0001   -0.39294755E+0001    0.12163101E+0001     14596
   350   -0.39250156E+0001   -0.39294498E+0001    0.11484545E+0001     15002
   400   -0.39251911E+0001   -0.39296651E+0001    0.11076950E+0001     15455
     1   -0.39239403E+0001   -0.39244471E+0001    0.15871675E+0001     11994
    50   -0.39210556E+0001   -0.39265680E+0001    0.14095335E+0001     11979
   100   -0.39208360E+0001   -0.39273609E+0001    0.14378566E+0001     12403
   150   -0.39215812E+0001   -0.39270912E+0001    0.13460114E+0001     12792
   200   -0.39224108E+0001   -0.39283504E+0001    0.12427853E+0001     13248
   250   -0.39245746E+0001   -0.39294301E+0001    0.11979884E+0001     14108
   300   -0.39249670E+0001   -0.39300961E+0001    0.11429399E+0001     14515
   350   -0.39250931E+0001   -0.39302986E+0001    0.11282939E+0001     14944
   400   -0.39253070E+0001   -0.39306091E+0001    0.11354140E+0001     15567
     1   -0.39239359E+0001   -0.39244630E+0001    0.15871675E+0001     12008
    50   -0.39209879E+0001   -0.39264554E+0001    0.14291073E+0001     12024
   100   -0.39208598E+0001   -0.39276156E+0001    0.13377838E+0001     12400
   150   -0.39218537E+0001   -0.39273604E+0001    0.12686999E+0001     13172
   200   -0.39230714E+0001   -0.39284033E+0001    0.12325334E+0001     13706
   250   -0.39236363E+0001   -0.39290233E+0001    0.11923471E+0001     14345
   300   -0.39244145E+0001   -0.39287542E+0001    0.11202449E+0001     14590
   350   -0.39245871E+0001   -0.39289883E+0001    0.11633167E+0001     15010
   400   -0.39243747E+0001   -0.39291258E+0001    0.11413069E+0001     15210
     1   -0.39239349E+0001   -0.39244290E+0001    0.15871675E+0001     11998
    50   -0.39207499E+0001   -0.39266819E+0001    0.14768258E+0001     12093
   100   -0.39199531E+0001   -0.39292503E+0001    0.13485513E+0001     12219
   150   -0.39233377E+0001   -0.39306042E+0001    0.12271791E+0001     12673
   200   -0.39267644E+0001   -0.39317218E+0001    0.10974967E+0001     12982
   250   -0.39277136E+0001   -0.39319733E+0001    0.10747010E+0001     13435
   300   -0.39277909E+0001   -0.39321185E+0001    0.10381372E+0001     13915
   350   -0.39278757E+0001   -0.39313180E+0001    0.10381121E+0001     14300
   400   -0.39277849E+0001   -0.39317893E+0001    0.10126547E+0001     14781
     1   -0.39239322E+0001   -0.39244084E+0001    0.15871675E+0001     12002
    50   -0.39206859E+0001   -0.39259385E+0001    0.14644577E+0001     12063
   100   -0.39196757E+0001   -0.39264234E+0001    0.14292159E+0001     12235
   150   -0.39196644E+0001   -0.39257038E+0001    0.13972590E+0001     12677
   200   -0.39203899E+0001   -0.39258402E+0001    0.13447245E+0001     13387
   250   -0.39206767E+0001   -0.39267577E+0001    0.13344412E+0001     13799
   300   -0.39201805E+0001   -0.39255309E+0001    0.13754660E+0001     14340
   350   -0.39194102E+0001   -0.39259420E+0001    0.14091868E+0001     14837
   400   -0.39184209E+0001   -0.39256396E+0001    0.13317856E+0001     15101
   450   -0.39183053E+0001   -0.39253024E+0001    0.13578897E+0001     15643
   500   -0.39187359E+0001   -0.39256145E+0001    0.13271563E+0001     16224
   550   -0.39180209E+0001   -0.39258994E+0001    0.12681452E+0001     16653
   600   -0.39199936E+0001   -0.39255623E+0001    0.12556836E+0001     17441
   650   -0.39202467E+0001   -0.39248926E+0001    0.12360052E+0001     18158
   700   -0.39190921E+0001   -0.39241476E+0001    0.12472253E+0001     19014
   750   -0.39182832E+0001   -0.39252984E+0001    0.12522907E+0001     19667
   800   -0.39184072E+0001   -0.39256015E+0001    0.12144978E+0001     20746
   850   -0.39184983E+0001   -0.39251383E+0001    0.12627339E+0001     21241
   900   -0.39181234E+0001   -0.39249036E+0001    0.12457796E+0001     21945
   950   -0.39181414E+0001   -0.39240794E+0001    0.12400127E+0001     22700
  1000   -0.39185389E+0001   -0.39234335E+0001    0.12725689E+0001     23620
  1050   -0.39180831E+0001   -0.39229870E+0001    0.13030907E+0001     24589
  1100   -0.39172038E+0001   -0.39243365E+0001    0.12603862E+0001     25305
  1150   -0.39166832E+0001   -0.39228257E+0001    0.12755771E+0001     26290
  1200   -0.39164585E+0001   -0.39229062E+0001    0.12166620E+0001     27296
  1250   -0.39161218E+0001   -0.39228526E+0001    0.12735067E+0001     28210
  1300   -0.39159598E+0001   -0.39234874E+0001    0.12363039E+0001     29207
  1350   -0.39164848E+0001   -0.39233439E+0001    0.12004490E+0001     30241
  1400   -0.39171236E+0001   -0.39233147E+0001    0.11988788E+0001     30979
  1450   -0.39173575E+0001   -0.39229884E+0001    0.12005727E+0001     31978
  1500   -0.39173938E+0001   -0.39240408E+0001    0.11780994E+0001     32665
  1550   -0.39173865E+0001   -0.39245439E+0001    0.11884334E+0001     33475
  1600   -0.39178986E+0001   -0.39247907E+0001    0.11735759E+0001     34491
  1601   -0.39180172E+0001   -0.39180172E+0001    0.12799128E+0001     12000
  1650   -0.39204199E+0001   -0.39244102E+0001    0.11371749E+0001     12018
  1700   -0.39189959E+0001   -0.39240254E+0001    0.11366696E+0001     12144
  1750   -0.39180372E+0001   -0.39235486E+0001    0.12073321E+0001     12604
  1800   -0.39173868E+0001   -0.39231763E+0001    0.12117142E+0001     13041
  1850   -0.39167063E+0001   -0.39226510E+0001    0.11935023E+0001     13388
  1900   -0.39161849E+0001   -0.39225267E+0001    0.12074019E+0001     13730
  1950   -0.39161913E+0001   -0.39224785E+0001    0.12179027E+0001     13922
  2000   -0.39167804E+0001   -0.39222378E+0001    0.12307059E+0001     14430
  2050   -0.39166043E+0001   -0.39216085E+0001    0.12396116E+0001     14465
  2100   -0.39159532E+0001   -0.39208211E+0001    0.12401738E+0001     15003
  2150   -0.39149784E+0001   -0.39209024E+0001    0.12589982E+0001     15377
  2200   -0.39140863E+0001   -0.39197108E+0001    0.12535953E+0001     15440
  2250   -0.39138451E+0001   -0.39196196E+0001    0.12700284E+0001     15939
  2300   -0.39139477E+0001   -0.39194028E+0001    0.12765471E+0001     16811
  2350   -0.39134954E+0001   -0.39189201E+0001    0.12910690E+0001     17168
  2400   -0.39125042E+0001   -0.39181214E+0001    0.13027713E+0001     17501
  2450   -0.39117240E+0001   -0.39184772E+0001    0.13065113E+0001     17942
  2500   -0.39111916E+0001   -0.39189853E+0001    0.13090520E+0001     18461
  2550   -0.39105293E+0001   -0.39197455E+0001    0.13081754E+0001     18765
  2600   -0.39096386E+0001   -0.39187548E+0001    0.13650346E+0001     19315
  2650   -0.39088451E+0001   -0.39162742E+0001    0.13253095E+0001     19681
  2700   -0.39083572E+0001   -0.39156563E+0001    0.13614396E+0001     20094
  2750   -0.39080483E+0001   -0.39160837E+0001    0.13427903E+0001     20694
  2800   -0.39080681E+0001   -0.39159908E+0001    0.13517253E+0001     21170
  2850   -0.39082550E+0001   -0.39155331E+0001    0.13435677E+0001     21560
  2900   -0.39080365E+0001   -0.39156211E+0001    0.13964486E+0001     21889
  2950   -0.39077661E+0001   -0.39150181E+0001    0.13853766E+0001     22443
  3000   -0.39072627E+0001   -0.39144804E+0001    0.14022772E+0001     23440
  3050   -0.39067739E+0001   -0.39139736E+0001    0.14011585E+0001     24057
  3100   -0.39062208E+0001   -0.39139128E+0001    0.14073270E+0001     24895
  3150   -0.39059940E+0001   -0.39131291E+0001    0.13982868E+0001     25808
  3200   -0.39051439E+0001   -0.39128500E+0001    0.14453048E+0001     26340
  3201   -0.39053028E+0001   -0.39053028E+0001    0.14833489E+0001     12000
  3250   -0.39086179E+0001   -0.39132128E+0001    0.13616158E+0001     11966
  3300   -0.39066037E+0001   -0.39124694E+0001    0.13876002E+0001     12276
  3350   -0.39052212E+0001   -0.39125962E+0001    0.13992667E+0001     12642
  3400   -0.39042961E+0001   -0.39113125E+0001    0.14320320E+0001     12871
  3450   -0.39037728E+0001   -0.39115643E+0001    0.14436580E+0001     13424
  3500   -0.39031149E+0001   -0.39091874E+0001    0.14674312E+0001     13538
  3550   -0.39023938E+0001   -0.39086267E+0001    0.14637830E+0001     13789
  3600   -0.39013954E+0001   -0.39098502E+0001    0.14310303E+0001     13815
  3650   -0.39007367E+0001   -0.39102037E+0001    0.14593071E+0001     14291
  3700   -0.39018341E+0001   -0.39096505E+0001    0.14676842E+0001     14505
  3750   -0.39024597E+0001   -0.39096055E+0001    0.14881533E+0001     14801
  3800   -0.39014069E+0001   -0.39104413E+0001    0.14744976E+0001     14953
  3850   -0.39010137E+0001   -0.39118127E+0001    0.14976936E+0001     15482
  3900   -0.38998912E+0001   -0.39099049E+0001    0.15285017E+0001     15924
  3950   -0.38985192E+0001   -0.39088239E+0001    0.15441547E+0001     16305
  4000   -0.38976682E+0001   -0.39082664E+0001    0.15688945E+0001     17132
  4050   -0.38974992E+0001   -0.39078767E+0001    0.15749615E+0001     17683
  4100   -0.38965756E+0001   -0.39069466E+0001    0.16092578E+0001     18090
  4150   -0.38950243E+0001   -0.39043642E+0001    0.16106499E+0001     18345
  4200   -0.38930306E+0001   -0.39036614E+0001    0.16202633E+0001     18929
  4250   -0.38903641E+0001   -0.39002014E+0001    0.16380051E+0001     19192
  4300   -0.38879021E+0001   -0.38995473E+0001    0.16624639E+0001     19434
  4350   -0.38859879E+0001   -0.38977033E+0001    0.16996401E+0001     20119
  4400   -0.38835748E+0001   -0.38931063E+0001    0.17120317E+0001     20270
  4450   -0.38810745E+0001   -0.38937251E+0001    0.17013869E+0001     20815
  4500   -0.38787866E+0001   -0.38905153E+0001    0.17090344E+0001     21589
  4550   -0.38778449E+0001   -0.38902848E+0001    0.16948208E+0001     22241
  4600   -0.38771410E+0001   -0.38885325E+0001    0.17321450E+0001     22508
  4650   -0.38755549E+0001   -0.38879027E+0001    0.17588439E+0001     23303
  4700   -0.38734229E+0001   -0.38863202E+0001    0.17667674E+0001     24098
  4750   -0.38703710E+0001   -0.38839904E+0001    0.17795561E+0001     24893
  4800   -0.38669994E+0001   -0.38849330E+0001    0.17726298E+0001     25526
  4801   -0.38672303E+0001   -0.38672303E+0001    0.18163475E+0001     12000
  4850   -0.38723174E+0001   -0.38786175E+0001    0.17433179E+0001     11943
  4900   -0.38687560E+0001   -0.38780532E+0001    0.17435160E+0001     12081
  4950   -0.38656515E+0001   -0.38757460E+0001    0.17668369E+0001     12302
  5000   -0.38631940E+0001   -0.38751513E+0001    0.17568066E+0001     12447
  5050   -0.38616984E+0001   -0.38745024E+0001    0.17635629E+0001     12807
  5100   -0.38602994E+0001   -0.38742015E+0001    0.17755349E+0001     13173
  5150   -0.38581675E+0001   -0.38715031E+0001    0.17897845E+0001     13387
  5200   -0.38555367E+0001   -0.38699315E+0001    0.17611239E+0001     13634
  5250   -0.38527094E+0001   -0.38665232E+0001    0.17719350E+0001     13840
  5300   -0.38501536E+0001   -0.38638703E+0001    0.17519736E+0001     14035
  5350   -0.38484005E+0001   -0.38604815E+0001    0.17549999E+0001     14044
  5400   -0.38465868E+0001   -0.38599547E+0001    0.17474250E+0001     14559
  5450   -0.38444026E+0001   -0.38571229E+0001    0.17109508E+0001     14867
  5500   -0.38414358E+0001   -0.38536081E+0001    0.17076661E+0001     15033
  5550   -0.38385037E+0001   -0.38513387E+0001    0.16815060E+0001     15470
  5600   -0.38357767E+0001   -0.38494523E+0001    0.16585342E+0001     16025
  5650   -0.38329584E+0001   -0.38465240E+0001    0.16376277E+0001     16791
  5700   -0.38296406E+0001   -0.38439933E+0001    0.16205356E+0001     17389
  5750   -0.38259828E+0001   -0.38402727E+0001    0.15881688E+0001     17692
  5800   -0.38223030E+0001   -0.38391998E+0001    0.15908585E+0001     17848
  5850   -0.38184124E+0001   -0.38350356E+0001    0.15593181E+0001     18278
  5900   -0.38145874E+0001   -0.38302509E+0001    0.15412999E+0001     18654
  5950   -0.38109730E+0001   -0.38236464E+0001    0.15291949E+0001     19291
  6000   -0.38077477E+0001   -0.38203531E+0001    0.15198281E+0001     20046
  6050   -0.38041039E+0001   -0.38171464E+0001    0.15014418E+0001     20376
  6100   -0.38005619E+0001   -0.38144888E+0001    0.14880473E+0001     20742
  6150   -0.37971166E+0001   -0.38123129E+0001    0.14709144E+0001     21040
  6200   -0.37935801E+0001   -0.38091844E+0001    0.14467068E+0001     21256
  6250   -0.37898244E+0001   -0.38034176E+0001    0.14171086E+0001     21573
  6300   -0.37860307E+0001   -0.38006490E+0001    0.13971570E+0001     22142
  6350   -0.37826068E+0001   -0.37972715E+0001    0.13554773E+0001     22845
  6400   -0.37791234E+0001   -0.37943210E+0001    0.13488479E+0001     23343
  6401   -0.37792516E+0001   -0.37792516E+0001    0.13536777E+0001     12000
  6450   -0.37821096E+0001   -0.37873496E+0001    0.13601245E+0001     12022
  6500   -0.37795828E+0001   -0.37863889E+0001    0.13534214E+0001     12165
  6550   -0.37770040E+0001   -0.37852097E+0001    0.13536369E+0001     12329
  6600   -0.37744168E+0001   -0.37840983E+0001    0.13356258E+0001     12405
  6650   -0.37718202E+0001   -0.37812832E+0001    0.13257276E+0001     12548
  6700   -0.37694676E+0001   -0.37788510E+0001    0.13139304E+0001     12723
  6750   -0.37671670E+0001   -0.37767141E+0001    0.12596122E+0001     12942
  6800   -0.37647700E+0001   -0.37764334E+0001    0.12399045E+0001     13173
  6850   -0.37620996E+0001   -0.37733230E+0001    0.12221719E+0001     13495
  6900   -0.37589536E+0001   -0.37691742E+0001    0.12172870E+0001     13608
  6950   -0.37561590E+0001   -0.37669706E+0001    0.11958156E+0001     13785
  7000   -0.37535649E+0001   -0.37646539E+0001    0.11484075E+0001     14045
  7050   -0.37509991E+0001   -0.37644520E+0001    0.11528349E+0001     14130
  7100   -0.37486136E+0001   -0.37603614E+0001    0.11536629E+0001     14486
  7150   -0.37464310E+0001   -0.37581847E+0001    0.11360207E+0001     14868
  7200   -0.37442045E+0001   -0.37568345E+0001    0.11252726E+0001     15323
  7250   -0.37421615E+0001   -0.37527693E+0001    0.10832363E+0001     15309
  7300   -0.37402872E+0001   -0.37497775E+0001    0.10820264E+0001     15573
  7350   -0.37383027E+0001   -0.37489595E+0001    0.10352215E+0001     16075
  7400   -0.37362036E+0001   -0.37456786E+0001    0.10401495E+0001     15989
  7450   -0.37337673E+0001   -0.37433980E+0001    0.10091902E+0001     16513
  7500   -0.37313156E+0001   -0.37411728E+0001    0.99456343E+0000     16970
  7550   -0.37292129E+0001   -0.37412225E+0001    0.97026197E+0000     17184
  7600   -0.37272279E+0001   -0.37389152E+0001    0.96154195E+0000     17804
  7650   -0.37253975E+0001   -0.37366289E+0001    0.94509749E+0000     18234
  7700   -0.37237559E+0001   -0.37340173E+0001    0.91086827E+0000     18885
  7750   -0.37224489E+0001   -0.37315237E+0001    0.89973314E+0000     19409
  7800   -0.37213868E+0001   -0.37310360E+0001    0.88341559E+0000     19807
  7850   -0.37206857E+0001   -0.37293393E+0001    0.87435089E+0000     20392
  7900   -0.37199379E+0001   -0.37275714E+0001    0.86892561E+0000     20496
  7950   -0.37191410E+0001   -0.37265267E+0001    0.86451443E+0000     20832
  8000   -0.37181744E+0001   -0.37241524E+0001    0.83313771E+0000     21234
  8001   -0.37182225E+0001   -0.37182225E+0001    0.80935240E+0000     12000
  8050   -0.37192773E+0001   -0.37222318E+0001    0.82414167E+0000     12033
  8100   -0.37184342E+0001   -0.37224794E+0001    0.82033410E+0000     12117
  8150   -0.37175588E+0001   -0.37221833E+0001    0.83950203E+0000     12359
  8200   -0.37166810E+0001   -0.37213954E+0001    0.82674458E+0000     12598
  8250   -0.37157615E+0001   -0.37203545E+0001    0.81800232E+0000     12818
  8300   -0.37147634E+0001   -0.37209192E+0001    0.77779258E+0000     13187
  8350   -0.37137677E+0001   -0.37197939E+0001    0.80302554E+0000     13498
  8400   -0.37127925E+0001   -0.37190457E+0001    0.78326895E+0000     14034
  8450   -0.37118509E+0001   -0.37177542E+0001    0.78997814E+0000     14262
  8500   -0.37109151E+0001   -0.37165814E+0001    0.76594418E+0000     14480
  8550   -0.37101112E+0001   -0.37164674E+0001    0.70955920E+0000     14493
  8600   -0.37094194E+0001   -0.37152828E+0001    0.73639393E+0000     14850
  8650   -0.37087308E+0001   -0.37146497E+0001    0.70893891E+0000     15257
  8700   -0.37078744E+0001   -0.37142433E+0001    0.68703053E+0000     15434
  8750   -0.37070518E+0001   -0.37133567E+0001    0.70852736E+0000     15883
  8800   -0.37062610E+0001   -0.37138149E+0001    0.70609402E+0000     16448
  8850   -0.37054769E+0001   -0.37123351E+0001    0.69634805E+0000     16752
  8900   -0.37048237E+0001   -0.37107320E+0001    0.65489527E+0000     17046
  8950   -0.37042050E+0001   -0.37100860E+0001    0.66039704E+0000     17533
  9000   -0.37035602E+0001   -0.37078414E+0001    0.65129686E+0000     17879
  9050   -0.37028435E+0001   -0.37080001E+0001    0.63593179E+0000     18150
  9100   -0.37021324E+0001   -0.37071660E+0001    0.62443502E+0000     18619
  9150   -0.37014881E+0001   -0.37063179E+0001    0.62530528E+0000     18818
  9200   -0.37008697E+0001   -0.37059612E+0001    0.58720899E+0000     18966
  9250   -0.37002983E+0001   -0.37051112E+0001    0.59278707E+0000     19124
  9300   -0.36997307E+0001   -0.37055670E+0001    0.56700770E+0000     19218
  9350   -0.36991497E+0001   -0.37055155E+0001    0.58441544E+0000     19582
  9400   -0.36985882E+0001   -0.37047241E+0001    0.51732567E+0000     20243
  9450   -0.36979973E+0001   -0.37036911E+0001    0.56891494E+0000     20522
  9500   -0.36974357E+0001   -0.37023558E+0001    0.53919942E+0000     20566
  9550   -0.36969524E+0001   -0.37014866E+0001    0.52017109E+0000     20970
  9600   -0.36964932E+0001   -0.37002698E+0001    0.51973890E+0000     21329
  9601   -0.36965070E+0001   -0.36965070E+0001    0.45109927E+0000     12000
  9650   -0.36968430E+0001   -0.36981230E+0001    0.46258177E+0000     12013
  9700   -0.36966172E+0001   -0.36982516E+0001    0.47825631E+0000     12120
  9750   -0.36963810E+0001   -0.36984016E+0001    0.49739711E+0000     12292
  9800   -0.36961504E+0001   -0.36984396E+0001    0.52255069E+0000     12581
  9850   -0.36959240E+0001   -0.36985357E+0001    0.46524460E+0000     12631
  9900   -0.36956588E+0001   -0.36981274E+0001    0.48684351E+0000     12903
  9950   -0.36954419E+0001   -0.36981611E+0001    0.50011630E+0000     12927
 10000   -0.36952027E+0001   -0.36978808E+0001    0.50153107E+0000     13228
 10050   -0.36949060E+0001   -0.36973869E+0001    0.47842219E+0000     13494
 10100   -0.36946375E+0001   -0.36978194E+0001    0.50017776E+0000     13693
 10150   -0.36944112E+0001   -0.36977383E+0001    0.45893049E+0000     14167
 10200   -0.36941251E+0001   -0.36970629E+0001    0.45793317E+0000     14214
 10250   -0.36938212E+0001   -0.36969485E+0001    0.42820964E+0000     14470
 10300   -0.36935203E+0001   -0.36971780E+0001    0.47180987E+0000     14618
 10350   -0.36932749E+0001   -0.36974079E+0001    0.48432266E+0000     14936
 10400   -0.36930233E+0001   -0.36968491E+0001    0.48264523E+0000     15304
 10450   -0.36927556E+0001   -0.36964987E+0001    0.46442715E+0000     15688
 10500   -0.36925298E+0001   -0.36955393E+0001    0.42757430E+0000     16035
 10550   -0.36923087E+0001   -0.36951566E+0001    0.39688175E+0000     16305
 10600   -0.36920963E+0001   -0.36954765E+0001    0.45076407E+0000     16557
 10650   -0.36919598E+0001   -0.36954968E+0001    0.42423614E+0000     16619
 10700   -0.36917921E+0001   -0.36951172E+0001    0.35267668E+0000     17053
 10750   -0.36916008E+0001   -0.36946871E+0001    0.38257159E+0000     16968
 10800   -0.36914348E+0001   -0.36946413E+0001    0.38290741E+0000     17225
 10850   -0.36912629E+0001   -0.36946644E+0001    0.41908389E+0000     17265
 10900   -0.36910832E+0001   -0.36947548E+0001    0.41581089E+0000     17454
 10950   -0.36909087E+0001   -0.36936011E+0001    0.38148832E+0000     18020
 11000   -0.36907616E+0001   -0.36933427E+0001    0.29593647E+0000     18404
 11050   -0.36905373E+0001   -0.36927991E+0001    0.33622909E+0000     18780
 11100   -0.36903447E+0001   -0.36926253E+0001    0.38176589E+0000     18997
 11150   -0.36901589E+0001   -0.36935617E+0001    0.40998011E+0000     19104
 11200   -0.36900050E+0001   -0.36929787E+0001    0.36524187E+0000     19210
 11201   -0.36900099E+0001   -0.36900099E+0001    0.25824377E+0000     12000
 11250   -0.36901227E+0001   -0.36906897E+0001    0.28889950E+0000     12085
 11300   -0.36900502E+0001   -0.36909733E+0001    0.33213420E+0000     12332
 11350   -0.36899681E+0001   -0.36911651E+0001    0.35681708E+0000     12384
 11400   -0.36898992E+0001   -0.36912686E+0001    0.36511678E+0000     12635
 11450   -0.36898352E+0001   -0.36910203E+0001    0.34602557E+0000     12813
 11500   -0.36897625E+0001   -0.36911557E+0001    0.37140319E+0000     12849
 11550   -0.36897071E+0001   -0.36911449E+0001    0.34753985E+0000     13047
 11600   -0.36896691E+0001   -0.36912531E+0001    0.34393280E+0000     13368
 11650   -0.36896233E+0001   -0.36913525E+0001    0.38085797E+0000     13716
 11700   -0.36895526E+0001   -0.36909205E+0001    0.36654034E+0000     13734
 11750   -0.36894672E+0001   -0.36908386E+0001    0.33655307E+0000     13994
 11800   -0.36893556E+0001   -0.36911535E+0001    0.39326791E+0000     14251
 11850   -0.36892520E+0001   -0.36907125E+0001    0.40117559E+0000     14812
 11900   -0.36891438E+0001   -0.36909463E+0001    0.34634964E+0000     15370
 11950   -0.36890196E+0001   -0.36909988E+0001    0.31235181E+0000     15629
 12000   -0.36888932E+0001   -0.36908084E+0001    0.36084542E+0000     15791
 12050   -0.36887847E+0001   -0.36905677E+0001    0.32108780E+0000     15996
 12100   -0.36886707E+0001   -0.36905955E+0001    0.37259267E+0000     16198
 12150   -0.36885568E+0001   -0.36907807E+0001    0.36400759E+0000     16322
 12200   -0.36884740E+0001   -0.36902396E+0001    0.30536770E+0000     16610
 12250   -0.36884426E+0001   -0.36904447E+0001    0.33908899E+0000     16953
 12300   -0.36884535E+0001   -0.36902319E+0001    0.34343020E+0000     17188
 12350   -0.36884536E+0001   -0.36899256E+0001    0.32456791E+0000     17503
 12400   -0.36884343E+0001   -0.36897514E+0001    0.28400740E+0000     17669
 12450   -0.36883631E+0001   -0.36897433E+0001    0.37548560E+0000     17831
 12500   -0.36882918E+0001   -0.36894346E+0001    0.29015629E+0000     18139
 12550   -0.36882215E+0001   -0.36894931E+0001    0.35593065E+0000     18482
 12600   -0.36881326E+0001   -0.36892469E+0001    0.34006644E+0000     18540
 12650   -0.36880430E+0001   -0.36894536E+0001    0.34260036E+0000     19019
 12700   -0.36879446E+0001   -0.36894848E+0001    0.26293312E+0000     19344
 12750   -0.36878732E+0001   -0.36893687E+0001    0.27931632E+0000     19764
 12800   -0.36878238E+0001   -0.36892883E+0001    0.33097693E+0000     20374
 12801   -0.36878258E+0001   -0.36878258E+0001    0.14711203E+0000     12000
 12850   -0.36878625E+0001   -0.36880538E+0001    0.21171137E+0000     12002
 12900   -0.36878427E+0001   -0.36882125E+0001    0.23872544E+0000     12262
 12950   -0.36878236E+0001   -0.36883567E+0001    0.28123207E+0000     12411
 13000   -0.36877990E+0001   -0.36884049E+0001    0.33951470E+0000     12404
 13050   -0.36877706E+0001   -0.36885245E+0001    0.26329812E+0000     12567
 13100   -0.36877441E+0001   -0.36883781E+0001    0.29865408E+0000     12641
 13150   -0.36877220E+0001   -0.36884546E+0001    0.29882519E+0000     12977
 13200   -0.36877020E+0001   -0.36885271E+0001    0.27578891E+0000     13449
 13250   -0.36877003E+0001   -0.36885967E+0001    0.28336628E+0000     13676
 13300   -0.36876870E+0001   -0.36887789E+0001    0.26083753E+0000     13829
 13350   -0.36876778E+0001   -0.36887448E+0001    0.29962124E+0000     14081
 13400   -0.36876660E+0001   -0.36887982E+0001    0.27831781E+0000     14357
 13450   -0.36876419E+0001   -0.36887997E+0001    0.29159229E+0000     14596
 13500   -0.36876088E+0001   -0.36886908E+0001    0.30092848E+0000     14582
 13550   -0.36875758E+0001   -0.36885169E+0001    0.28476172E+0000     14865
 13600   -0.36875709E+0001   -0.36887168E+0001    0.32540504E+0000     15272
 13650   -0.36875555E+0001   -0.36886053E+0001    0.32540416E+0000     15520
 13700   -0.36875393E+0001   -0.36885778E+0001    0.29360283E+0000     15870
 13750   -0.36875323E+0001   -0.36884171E+0001    0.29273213E+0000     16225
 13800   -0.36875205E+0001   -0.36884021E+0001    0.33724802E+0000     16519
 13850   -0.36874986E+0001   -0.36884089E+0001    0.35248564E+0000     16655
 13900   -0.36874666E+0001   -0.36882712E+0001    0.32093032E+0000     16756
 13950   -0.36874207E+0001   -0.36883979E+0001    0.31994561E+0000     17195
 14000   -0.36873720E+0001   -0.36884043E+0001    0.31502864E+0000     17238
 14050   -0.36873494E+0001   -0.36882827E+0001    0.27271283E+0000     17402
 14100   -0.36873510E+0001   -0.36884678E+0001    0.32017117E+0000     17423
 14150   -0.36873758E+0001   -0.36885671E+0001    0.30205698E+0000     17620
 14200   -0.36873743E+0001   -0.36884204E+0001    0.32977564E+0000     17934
 14250   -0.36873653E+0001   -0.36886078E+0001    0.27680194E+0000     18288
 14300   -0.36873574E+0001   -0.36886313E+0001    0.24150279E+0000     18251
 14350   -0.36873723E+0001   -0.36886954E+0001    0.27957149E+0000     18644
 14400   -0.36873813E+0001   -0.36887783E+0001    0.30787850E+0000     18840
 14450   -0.36873741E+0001   -0.36885618E+0001    0.31825067E+0000     19063
 14500   -0.36873444E+0001   -0.36883471E+0001    0.31652351E+0000     19422
 14550   -0.36873099E+0001   -0.36884032E+0001    0.30605873E+0000     19520
 14600   -0.36872889E+0001   -0.36881947E+0001    0.32024867E+0000     19877
 14650   -0.36872690E+0001   -0.36882228E+0001    0.20434966E+0000     20046
 14700   -0.36872507E+0001   -0.36883140E+0001    0.31363846E+0000     20451
 14750   -0.36872354E+0001   -0.36885606E+0001    0.24151074E+0000     20717
 14800   -0.36872091E+0001   -0.36882271E+0001    0.26570762E+0000     21028
 14850   -0.36871705E+0001   -0.36881250E+0001    0.25915028E+0000     21463
 14900   -0.36871428E+0001   -0.36880551E+0001    0.30005718E+0000     21938
 14950   -0.36871300E+0001   -0.36880658E+0001    0.29547551E+0000     22374
 15000   -0.36871223E+0001   -0.36879550E+0001    0.28319339E+0000     22439
 15050   -0.36871166E+0001   -0.36879772E+0001    0.32258800E+0000     22743
 15100   -0.36871108E+0001   -0.36882073E+0001    0.25192119E+0000     23001
 15150   -0.36870987E+0001   -0.36880862E+0001    0.29126765E+0000     23373
 15200   -0.36870857E+0001   -0.36882810E+0001    0.30523728E+0000     23842
 15250   -0.36870746E+0001   -0.36881360E+0001    0.32219288E+0000     24304
 15300   -0.36870654E+0001   -0.36876295E+0001    0.30932745E+0000     24719
 15350   -0.36870661E+0001   -0.36878502E+0001    0.28478763E+0000     24795
 15400   -0.36870732E+0001   -0.36879471E+0001    0.21407132E+0000     24923
 15450   -0.36870785E+0001   -0.36878972E+0001    0.23956166E+0000     25510
 15500   -0.36870753E+0001   -0.36877584E+0001    0.29214465E+0000     25658
 15550   -0.36870752E+0001   -0.36879171E+0001    0.30122656E+0000     25782
 15600   -0.36870745E+0001   -0.36881556E+0001    0.20029300E+0000     26120
 15650   -0.36870822E+0001   -0.36878509E+0001    0.27177991E+0000     26436
 15700   -0.36870843E+0001   -0.36881494E+0001    0.31574844E+0000     26861
 15750   -0.36870842E+0001   -0.36882435E+0001    0.33342360E+0000     27418
 15800   -0.36870754E+0001   -0.36887056E+0001    0.27543479E+0000     28185
 15850   -0.36870628E+0001   -0.36880621E+0001    0.31096716E+0000     28509
 15900   -0.36870423E+0001   -0.36877942E+0001    0.29560719E+0000     28841
 15950   -0.36870303E+0001   -0.36877690E+0001    0.31239906E+0000     29228
 16000   -0.36870193E+0001   -0.36879546E+0001    0.26898265E+0000     29544
 16001   -0.36869968E+0001   -0.36869968E+0001    0.63515863E-0001         1
 16050   -0.36867060E+0001   -0.36867060E+0001    0.33469834E+0000         1
 16100   -0.36855249E+0001   -0.36855249E+0001    0.73362983E+0000         1
 16150   -0.36862663E+0001   -0.36862663E+0001    0.48952326E+0000         1
 16200   -0.36863284E+0001   -0.36863284E+0001    0.40409443E+0000         1
 16250   -0.36858310E+0001   -0.36858310E+0001    0.55557622E+0000         1
 16300   -0.36859187E+0001   -0.36859187E+0001    0.56336432E+0000         1
 16350   -0.36861027E+0001   -0.36861027E+0001    0.46930124E+0000         1
 16400   -0.36855898E+0001   -0.36855898E+0001    0.62210074E+0000         1
 16450   -0.36863995E+0001   -0.36863995E+0001    0.49709808E+0000         1
 16500   -0.36866882E+0001   -0.36866882E+0001    0.35437765E+0000         1
 16550   -0.36861836E+0001   -0.36861836E+0001    0.63727075E+0000         1
 16600   -0.36859731E+0001   -0.36859731E+0001    0.63236516E+0000         1
 16650   -0.36868593E+0001   -0.36868593E+0001    0.35625954E+0000         1
 16700   -0.36866478E+0001   -0.36866478E+0001    0.48048269E+0000         1
 16750   -0.36867719E+0001   -0.36867719E+0001    0.40643423E+0000         1
 16800   -0.36858505E+0001   -0.36858505E+0001    0.68950539E+0000         1
 16850   -0.36868892E+0001   -0.36868892E+0001    0.34013933E+0000         1
 16900   -0.36865927E+0001   -0.36865927E+0001    0.49010478E+0000         1
 16950   -0.36871564E+0001   -0.36871564E+0001    0.27053324E+0000         1
 17000   -0.36865894E+0001   -0.36865894E+0001    0.56637755E+0000         1
 17050   -0.36871705E+0001   -0.36871705E+0001    0.34782623E+0000         1
 17100   -0.36866857E+0001   -0.36866857E+0001    0.51950298E+0000         1
 17150   -0.36873844E+0001   -0.36873844E+0001    0.38994535E+0000         1
 17200   -0.36868849E+0001   -0.36868849E+0001    0.52992345E+0000         1
 17250   -0.36872918E+0001   -0.36872918E+0001    0.52841669E+0000         1
 17300   -0.36873310E+0001   -0.36873310E+0001    0.54665618E+0000         1
 17350   -0.36876591E+0001   -0.36876591E+0001    0.41632616E+0000         1
 17400   -0.36877140E+0001   -0.36877140E+0001    0.54908597E+0000         1
 17450   -0.36873019E+0001   -0.36873019E+0001    0.58020175E+0000         1
 17500   -0.36874634E+0001   -0.36874634E+0001    0.54631577E+0000         1
 17550   -0.36881586E+0001   -0.36881586E+0001    0.53977782E+0000         1
 17600   -0.36877395E+0001   -0.36877395E+0001    0.69421192E+0000         1
 17650   -0.36883734E+0001   -0.36883734E+0001    0.57471065E+0000         1
 17700   -0.36892418E+0001   -0.36892418E+0001    0.58496084E+0000         1
 17750   -0.36890993E+0001   -0.36890993E+0001    0.54265928E+0000         1
 17800   -0.36894497E+0001   -0.36894497E+0001    0.51811390E+0000         1
 17850   -0.36897537E+0001   -0.36897537E+0001    0.57297908E+0000         1
 17900   -0.36902114E+0001   -0.36902114E+0001    0.48381638E+0000         1
 17950   -0.36902607E+0001   -0.36902607E+0001    0.53937322E+0000         1
 18000   -0.36902773E+0001   -0.36902773E+0001    0.50172542E+0000         1
 18050   -0.36905320E+0001   -0.36905320E+0001    0.58388656E+0000         1
 18100   -0.36908208E+0001   -0.36908208E+0001    0.56105926E+0000         1
 18150   -0.36910649E+0001   -0.36910649E+0001    0.50013194E+0000         1
 18200   -0.36901219E+0001   -0.36901219E+0001    0.65448288E+0000         1
 18250   -0.36899948E+0001   -0.36899948E+0001    0.63623145E+0000         1
 18300   -0.36905470E+0001   -0.36905470E+0001    0.65661190E+0000         1
 18350   -0.36904142E+0001   -0.36904142E+0001    0.60905173E+0000         1
 18400   -0.36904351E+0001   -0.36904351E+0001    0.71548908E+0000         1
 18450   -0.36899367E+0001   -0.36899367E+0001    0.73321859E+0000         1
 18500   -0.36903887E+0001   -0.36903887E+0001    0.74637966E+0000         1
 18550   -0.36907400E+0001   -0.36907400E+0001    0.80376599E+0000         1
 18600   -0.36919035E+0001   -0.36919035E+0001    0.56528283E+0000         1
 18650   -0.36916336E+0001   -0.36916336E+0001    0.72785200E+0000         1
 18700   -0.36924943E+0001   -0.36924943E+0001    0.67636550E+0000         1
 18750   -0.36932284E+0001   -0.36932284E+0001    0.64833684E+0000         1
 18800   -0.36944987E+0001   -0.36944987E+0001    0.58796043E+0000         1
 18850   -0.36957956E+0001   -0.36957956E+0001    0.68175963E+0000         1
 18900   -0.36964883E+0001   -0.36964883E+0001    0.55153760E+0000         1
 18950   -0.36969554E+0001   -0.36969554E+0001    0.72082753E+0000         1
 19000   -0.36989212E+0001   -0.36989212E+0001    0.59993634E+0000         1
 19050   -0.37003307E+0001   -0.37003307E+0001    0.75197902E+0000         1
 19100   -0.37019487E+0001   -0.37019487E+0001    0.74521003E+0000         1
 19150   -0.37022914E+0001   -0.37022914E+0001    0.84296470E+0000         1
 19200   -0.37038339E+0001   -0.37038339E+0001    0.90743803E+0000         1
 19250   -0.37057953E+0001   -0.37057953E+0001    0.79399759E+0000         1
 19300   -0.37081648E+0001   -0.37081648E+0001    0.82498434E+0000         1
 19350   -0.37091093E+0001   -0.37091093E+0001    0.84933115E+0000         1
 19400   -0.37118601E+0001   -0.37118601E+0001    0.88403463E+0000         1
 19450   -0.37126501E+0001   -0.37126501E+0001    0.81438883E+0000         1
 19500   -0.37137396E+0001   -0.37137396E+0001    0.94904728E+0000         1
 19550   -0.37167546E+0001   -0.37167546E+0001    0.84153437E+0000         1
 19600   -0.37193180E+0001   -0.37193180E+0001    0.89125020E+0000         1
 19650   -0.37205234E+0001   -0.37205234E+0001    0.96685187E+0000         1
 19700   -0.37230396E+0001   -0.37230396E+0001    0.99286338E+0000         1
 19750   -0.37263151E+0001   -0.37263151E+0001    0.10370225E+0001         1
 19800   -0.37299662E+0001   -0.37299662E+0001    0.11074727E+0001         1
 19850   -0.37313179E+0001   -0.37313179E+0001    0.10860058E+0001         1
 19900   -0.37348542E+0001   -0.37348542E+0001    0.10329857E+0001         1
 19950   -0.37392136E+0001   -0.37392136E+0001    0.11304098E+0001         1
 20000   -0.37457946E+0001   -0.37457946E+0001    0.11518945E+0001         1
 20050   -0.37509638E+0001   -0.37509638E+0001    0.12450995E+0001         1
 20100   -0.37553460E+0001   -0.37553460E+0001    0.11765213E+0001         1
 20150   -0.37598065E+0001   -0.37598065E+0001    0.12712517E+0001         1
 20200   -0.37659728E+0001   -0.37659728E+0001    0.13047601E+0001         1
 20250   -0.37727585E+0001   -0.37727585E+0001    0.13983010E+0001         1
 20300   -0.37791848E+0001   -0.37791848E+0001    0.13850705E+0001         1
 20350   -0.37878074E+0001   -0.37878074E+0001    0.14175076E+0001         1
 20400   -0.37954585E+0001   -0.37954585E+0001    0.14897727E+0001         1
 20450   -0.38052059E+0001   -0.38052059E+0001    0.14934540E+0001         1
 20500   -0.38124704E+0001   -0.38124704E+0001    0.16377574E+0001         1
 20550   -0.38221006E+0001   -0.38221006E+0001    0.16079245E+0001         1
 20600   -0.38307564E+0001   -0.38307564E+0001    0.16169350E+0001         1
 20650   -0.38390393E+0001   -0.38390393E+0001    0.16646827E+0001         1
 20700   -0.38482861E+0001   -0.38482861E+0001    0.16419946E+0001         1
 20750   -0.38572933E+0001   -0.38572933E+0001    0.16934293E+0001         1
 20800   -0.38683891E+0001   -0.38683891E+0001    0.16878087E+0001         1
 20850   -0.38802140E+0001   -0.38802140E+0001    0.16582961E+0001         1
 20900   -0.38870026E+0001   -0.38870026E+0001    0.16667940E+0001         1
 20950   -0.38971465E+0001   -0.38971465E+0001    0.15561290E+0001         1
 21000   -0.39050423E+0001   -0.39050423E+0001    0.14778464E+0001         1
 21050   -0.39094451E+0001   -0.39094451E+0001    0.14012265E+0001         1
 21100   -0.39147009E+0001   -0.39147009E+0001    0.13739171E+0001         1
 21150   -0.39219228E+0001   -0.39219228E+0001    0.11544311E+0001         1
 21200   -0.39260460E+0001   -0.39260460E+0001    0.10789848E+0001         1
 21250   -0.39267208E+0001   -0.39267208E+0001    0.11073051E+0001         1
 21300   -0.39303939E+0001   -0.39303939E+0001    0.10258937E+0001         1
 21350   -0.39320610E+0001   -0.39320610E+0001    0.91287900E+0000         1
 21400   -0.39336293E+0001   -0.39336293E+0001    0.87534576E+0000         1
 21450   -0.39354653E+0001   -0.39354653E+0001    0.72257882E+0000         1
 21500   -0.39365278E+0001   -0.39365278E+0001    0.57134794E+0000         1
 21550   -0.39369223E+0001   -0.39369223E+0001    0.60599505E+0000         1
 21600   -0.39376689E+0001   -0.39376689E+0001    0.59411898E+0000         1
 21650   -0.39369691E+0001   -0.39369691E+0001    0.74107420E+0000         1
 21700   -0.39381112E+0001   -0.39381112E+0001    0.53072221E+0000         1
 21750   -0.39378772E+0001   -0.39378772E+0001    0.61253324E+0000         1
 21800   -0.39381593E+0001   -0.39381593E+0001    0.59406939E+0000         1
 21850   -0.39386630E+0001   -0.39386630E+0001    0.54767495E+0000         1
 21900   -0.39385158E+0001   -0.39385158E+0001    0.55764871E+0000         1
 21950   -0.39385798E+0001   -0.39385798E+0001    0.64211910E+0000         1
 22000   -0.39392048E+0001   -0.39392048E+0001    0.42588823E+0000         1
 22050   -0.39392287E+0001   -0.39392287E+0001    0.39342579E+0000         1
 22100   -0.39392321E+0001   -0.39392321E+0001    0.46408704E+0000         1
 22150   -0.39388159E+0001   -0.39388159E+0001    0.70426335E+0000         1
 22200   -0.39394024E+0001   -0.39394024E+0001    0.37545163E+0000         1
 22250   -0.39394302E+0001   -0.39394302E+0001    0.47158542E+0000         1
 22300   -0.39393449E+0001   -0.39393449E+0001    0.44854162E+0000         1
 22350   -0.39390476E+0001   -0.39390476E+0001    0.53033538E+0000         1
 22400   -0.39390099E+0001   -0.39390099E+0001    0.49793865E+0000         1
 22450   -0.39385607E+0001   -0.39385607E+0001    0.55276655E+0000         1
 22500   -0.39388188E+0001   -0.39388188E+0001    0.53810052E+0000         1
 22550   -0.39384928E+0001   -0.39384928E+0001    0.57602598E+0000         1
 22600   -0.39389740E+0001   -0.39389740E+0001    0.53106187E+0000         1
 22650   -0.39391150E+0001   -0.39391150E+0001    0.51352421E+0000         1
 22700   -0.39392936E+0001   -0.39392936E+0001    0.38248910E+0000         1
 22750   -0.39391860E+0001   -0.39391860E+0001    0.45041493E+0000         1
 22800   -0.39392774E+0001   -0.39392774E+0001    0.43694539E+0000         1
 22850   -0.39394088E+0001   -0.39394088E+0001    0.37059079E+0000         1
 22900   -0.39389486E+0001   -0.39389486E+0001    0.60047205E+0000         1
 22950   -0.39383101E+0001   -0.39383101E+0001    0.76363867E+0000         1
 23000   -0.39389149E+0001   -0.39389149E+0001    0.59256496E+0000         1
 23050   -0.39386707E+0001   -0.39386707E+0001    0.66977731E+0000         1
 23100   -0.39387639E+0001   -0.39387639E+0001    0.70387111E+0000         1
 23150   -0.39397376E+0001   -0.39397376E+0001    0.34032401E+0000         1
 23200   -0.39395739E+0001   -0.39395739E+0001    0.40939780E+0000         1
 23250   -0.39394616E+0001   -0.39394616E+0001    0.38345408E+0000         1
 23300   -0.39392203E+0001   -0.39392203E+0001    0.46778286E+0000         1
 23350   -0.39395103E+0001   -0.39395103E+0001    0.40813976E+0000         1
 23400   -0.39393095E+0001   -0.39393095E+0001    0.43149524E+0000         1
 23450   -0.39396245E+0001   -0.39396245E+0001    0.29960955E+0000         1
 23500   -0.39393586E+0001   -0.39393586E+0001    0.51858533E+0000         1
 23550   -0.39392103E+0001   -0.39392103E+0001    0.49571348E+0000         1
 23600   -0.39388526E+0001   -0.39388526E+0001    0.57353145E+0000         1
 23650   -0.39384635E+0001   -0.39384635E+0001    0.65542121E+0000         1
 23700   -0.39383270E+0001   -0.39383270E+0001    0.64518409E+0000         1
 23750   -0.39390480E+0001   -0.39390480E+0001    0.48934192E+0000         1
 23800   -0.39387523E+0001   -0.39387523E+0001    0.59267674E+0000         1
 23850   -0.39388569E+0001   -0.39388569E+0001    0.59659716E+0000         1
 23900   -0.39386519E+0001   -0.39386519E+0001    0.50720622E+0000         1
 23950   -0.39389164E+0001   -0.39389164E+0001    0.51493024E+0000         1
 24000   -0.39384901E+0001   -0.39384901E+0001    0.66338618E+0000         1
 24050   -0.39387878E+0001   -0.39387878E+0001    0.56422000E+0000         1
 24100   -0.39385740E+0001   -0.39385740E+0001    0.57705375E+0000         1
 24150   -0.39386473E+0001   -0.39386473E+0001    0.56333416E+0000         1
 24200   -0.39392963E+0001   -0.39392963E+0001    0.41734893E+0000         1
 24250   -0.39390666E+0001   -0.39390666E+0001    0.46697334E+0000         1
 24300   -0.39394153E+0001   -0.39394153E+0001    0.44744008E+0000         1
 24350   -0.39390233E+0001   -0.39390233E+0001    0.49111433E+0000         1
 24400   -0.39392268E+0001   -0.39392268E+0001    0.48628806E+0000         1
 24450   -0.39384703E+0001   -0.39384703E+0001    0.58843501E+0000         1
 24500   -0.39384311E+0001   -0.39384311E+0001    0.54190650E+0000         1
 24550   -0.39386861E+0001   -0.39386861E+0001    0.52141194E+0000         1
 24600   -0.39389660E+0001   -0.39389660E+0001    0.42580805E+0000         1
 24650   -0.39390570E+0001   -0.39390570E+0001    0.46779215E+0000         1
 24700   -0.39388522E+0001   -0.39388522E+0001    0.56321699E+0000         1
 24750   -0.39389795E+0001   -0.39389795E+0001    0.49687480E+0000         1
 24800   -0.39387928E+0001   -0.39387928E+0001    0.56661988E+0000         1
 24850   -0.39388146E+0001   -0.39388146E+0001    0.51232312E+0000         1
 24900   -0.39388566E+0001   -0.39388566E+0001    0.60261399E+0000         1
 24950   -0.39390653E+0001   -0.39390653E+0001    0.55034964E+0000         1
 25000   -0.39387683E+0001   -0.39387683E+0001    0.46304630E+0000         1
 25050   -0.39395572E+0001   -0.39395572E+0001    0.39339659E+0000         1
 25100   -0.39391992E+0001   -0.39391992E+0001    0.54940904E+0000         1
 25150   -0.39386857E+0001   -0.39386857E+0001    0.64018687E+0000         1
 25200   -0.39388929E+0001   -0.39388929E+0001    0.61235919E+0000         1
 25250   -0.39385554E+0001   -0.39385554E+0001    0.64152495E+0000         1
 25300   -0.39389297E+0001   -0.39389297E+0001    0.47224086E+0000         1
 25350   -0.39384441E+0001   -0.39384441E+0001    0.65383593E+0000         1
 25400   -0.39396105E+0001   -0.39396105E+0001    0.37592378E+0000         1
 25450   -0.39392115E+0001   -0.39392115E+0001    0.51504638E+0000         1
 25500   -0.39393000E+0001   -0.39393000E+0001    0.41310117E+0000         1
 25550   -0.39393273E+0001   -0.39393273E+0001    0.58675938E+0000         1
 25600   -0.39397089E+0001   -0.39397089E+0001    0.26061561E+0000         1
 25650   -0.39394714E+0001   -0.39394714E+0001    0.44382228E+0000         1
 25700   -0.39396962E+0001   -0.39396962E+0001    0.32786888E+0000         1
 25750   -0.39389103E+0001   -0.39389103E+0001    0.47282725E+0000         1
 25800   -0.39392564E+0001   -0.39392564E+0001    0.53055524E+0000         1
 25850   -0.39389393E+0001   -0.39389393E+0001    0.59607826E+0000         1
 25900   -0.39390958E+0001   -0.39390958E+0001    0.45185029E+0000         1
 25950   -0.39393555E+0001   -0.39393555E+0001    0.41340093E+0000         1
 26000   -0.39393574E+0001   -0.39393574E+0001    0.45894934E+0000         1
 26050   -0.39387794E+0001   -0.39387794E+0001    0.58494719E+0000         1
 26100   -0.39386442E+0001   -0.39386442E+0001    0.64919614E+0000         1
 26150   -0.39390916E+0001   -0.39390916E+0001    0.57516797E+0000         1
 26200   -0.39395337E+0001   -0.39395337E+0001    0.34466212E+0000         1
 26250   -0.39393850E+0001   -0.39393850E+0001    0.33997774E+0000         1
 26300   -0.39394522E+0001   -0.39394522E+0001    0.37356256E+0000         1
 26350   -0.39387797E+0001   -0.39387797E+0001    0.58860787E+0000         1
 26400   -0.39393224E+0001   -0.39393224E+0001    0.39086942E+0000         1
 26450   -0.39391091E+0001   -0.39391091E+0001    0.57671061E+0000         1
 26500   -0.39381124E+0001   -0.39381124E+0001    0.77383813E+0000         1
 26550   -0.39381149E+0001   -0.39381149E+0001    0.73865687E+0000         1
 26600   -0.39377765E+0001   -0.39377765E+0001    0.80919379E+0000         1
 26650   -0.39383697E+0001   -0.39383697E+0001    0.65395897E+0000         1
 26700   -0.39389442E+0001   -0.39389442E+0001    0.52373160E+0000         1
 26750   -0.39386782E+0001   -0.39386782E+0001    0.53466799E+0000         1
 26800   -0.39389379E+0001   -0.39389379E+0001    0.44022200E+0000         1
 26850   -0.39390077E+0001   -0.39390077E+0001    0.49679999E+0000         1
 26900   -0.39389589E+0001   -0.39389589E+0001    0.49044099E+0000         1
 26950   -0.39390893E+0001   -0.39390893E+0001    0.42806089E+0000         1
 27000   -0.39390576E+0001   -0.39390576E+0001    0.38435342E+0000         1
 27050   -0.39387015E+0001   -0.39387015E+0001    0.50587198E+0000         1
 27100   -0.39386439E+0001   -0.39386439E+0001    0.57632665E+0000         1
 27150   -0.39385216E+0001   -0.39385216E+0001    0.58404505E+0000         1
 27200   -0.39390463E+0001   -0.39390463E+0001    0.51917513E+0000         1
 27250   -0.39395352E+0001   -0.39395352E+0001    0.29059718E+0000         1
 27300   -0.39391454E+0001   -0.39391454E+0001    0.53250642E+0000         1
 27350   -0.39386980E+0001   -0.39386980E+0001    0.61722591E+0000         1
 27400   -0.39393113E+0001   -0.39393113E+0001    0.38628758E+0000         1
 27450   -0.39386174E+0001   -0.39386174E+0001    0.64094565E+0000         1
 27500   -0.39386022E+0001   -0.39386022E+0001    0.55676810E+0000         1
 27550   -0.39387466E+0001   -0.39387466E+0001    0.54825742E+0000         1
 27600   -0.39391145E+0001   -0.39391145E+0001    0.43949125E+0000         1
 27650   -0.39393023E+0001   -0.39393023E+0001    0.39570018E+0000         1
 27700   -0.39392012E+0001   -0.39392012E+0001    0.54815526E+0000         1
 27750   -0.39389087E+0001   -0.39389087E+0001    0.49981148E+0000         1
 27800   -0.39385347E+0001   -0.39385347E+0001    0.50401657E+0000         1
 27850   -0.39386393E+0001   -0.39386393E+0001    0.49249625E+0000         1
 27900   -0.39381021E+0001   -0.39381021E+0001    0.65794644E+0000         1
 27950   -0.39384917E+0001   -0.39384917E+0001    0.65820667E+0000         1
 28000   -0.39389879E+0001   -0.39389879E+0001    0.50809996E+0000         1
 28050   -0.39389669E+0001   -0.39389669E+0001    0.52972173E+0000         1
 28100   -0.39384767E+0001   -0.39384767E+0001    0.60526643E+0000         1
 28150   -0.39391147E+0001   -0.39391147E+0001    0.41912679E+0000         1
 28200   -0.39382053E+0001   -0.39382053E+0001    0.74223930E+0000         1
 28250   -0.39380484E+0001   -0.39380484E+0001    0.71098527E+0000         1
 28300   -0.39384478E+0001   -0.39384478E+0001    0.64001207E+0000         1
 28350   -0.39388950E+0001   -0.39388950E+0001    0.55220701E+0000         1
 28400   -0.39378826E+0001   -0.39378826E+0001    0.76817167E+0000         1
 28450   -0.39389542E+0001   -0.39389542E+0001    0.50781544E+0000         1
 28500   -0.39389857E+0001   -0.39389857E+0001    0.46024441E+0000         1
 28550   -0.39388298E+0001   -0.39388298E+0001    0.52276312E+0000         1
 28600   -0.39385998E+0001   -0.39385998E+0001    0.63303667E+0000         1
 28650   -0.39393712E+0001   -0.39393712E+0001    0.46503798E+0000         1
 28700   -0.39392528E+0001   -0.39392528E+0001    0.49994939E+0000         1
 28750   -0.39391148E+0001   -0.39391148E+0001    0.48458802E+0000         1
 28800   -0.39389172E+0001   -0.39389172E+0001    0.53051390E+0000         1
 28850   -0.39394095E+0001   -0.39394095E+0001    0.40318906E+0000         1
 28900   -0.39389829E+0001   -0.39389829E+0001    0.57023949E+0000         1
 28950   -0.39389561E+0001   -0.39389561E+0001    0.53495028E+0000         1
 29000   -0.39391043E+0001   -0.39391043E+0001    0.48762303E+0000         1
 29050   -0.39385794E+0001   -0.39385794E+0001    0.72687246E+0000         1
 29100   -0.39393524E+0001   -0.39393524E+0001    0.50291135E+0000         1
 29150   -0.39393929E+0001   -0.39393929E+0001    0.37852178E+0000         1
 29200   -0.39392609E+0001   -0.39392609E+0001    0.58470333E+0000         1
 29250   -0.39389256E+0001   -0.39389256E+0001    0.63706227E+0000         1
 29300   -0.39394638E+0001   -0.39394638E+0001    0.43440636E+0000         1
 29350   -0.39396135E+0001   -0.39396135E+0001    0.37478373E+0000         1
 29400   -0.39387535E+0001   -0.39387535E+0001    0.57566177E+0000         1
 29450   -0.39386993E+0001   -0.39386993E+0001    0.57676211E+0000         1
 29500   -0.39387641E+0001   -0.39387641E+0001    0.59037004E+0000         1
 29550   -0.39390991E+0001   -0.39390991E+0001    0.53675072E+0000         1
 29600   -0.39390381E+0001   -0.39390381E+0001    0.57739094E+0000         1
 29650   -0.39397048E+0001   -0.39397048E+0001    0.29248658E+0000         1
 29700   -0.39394707E+0001   -0.39394707E+0001    0.39064143E+0000         1
 29750   -0.39392444E+0001   -0.39392444E+0001    0.49242127E+0000         1
 29800   -0.39390064E+0001   -0.39390064E+0001    0.50107656E+0000         1
 29850   -0.39392986E+0001   -0.39392986E+0001    0.45725543E+0000         1
 29900   -0.39395565E+0001   -0.39395565E+0001    0.33250361E+0000         1
 29950   -0.39390091E+0001   -0.39390091E+0001    0.54952642E+0000         1
 30000   -0.39390585E+0001   -0.39390585E+0001    0.68850459E+0000         1
 30050   -0.39392289E+0001   -0.39392289E+0001    0.59691037E+0000         1
 30100   -0.39388987E+0001   -0.39388987E+0001    0.67510841E+0000         1
 30150   -0.39390008E+0001   -0.39390008E+0001    0.58708141E+0000         1
 30200   -0.39396817E+0001   -0.39396817E+0001    0.27086145E+0000         1
 30250   -0.39388925E+0001   -0.39388925E+0001    0.57927739E+0000         1
 30300   -0.39383128E+0001   -0.39383128E+0001    0.73913909E+0000         1
 30350   -0.39379793E+0001   -0.39379793E+0001    0.84135124E+0000         1
 30400   -0.39388594E+0001   -0.39388594E+0001    0.60044218E+0000         1
 30450   -0.39395739E+0001   -0.39395739E+0001    0.39820040E+0000         1
 30500   -0.39389543E+0001   -0.39389543E+0001    0.65307347E+0000         1
 30550   -0.39393781E+0001   -0.39393781E+0001    0.48843963E+0000         1
 30600   -0.39390500E+0001   -0.39390500E+0001    0.54404565E+0000         1
 30650   -0.39383770E+0001   -0.39383770E+0001    0.77020042E+0000         1
 30700   -0.39390600E+0001   -0.39390600E+0001    0.56682717E+0000         1
 30750   -0.39393165E+0001   -0.39393165E+0001    0.47267982E+0000         1
 30800   -0.39396232E+0001   -0.39396232E+0001    0.25274844E+0000         1
 30850   -0.39393254E+0001   -0.39393254E+0001    0.43636687E+0000         1
 30900   -0.39397478E+0001   -0.39397478E+0001    0.25727031E+0000         1
 30950   -0.39392879E+0001   -0.39392879E+0001    0.42943770E+0000         1
 31000   -0.39388779E+0001   -0.39388779E+0001    0.54134822E+0000         1
 31050   -0.39388189E+0001   -0.39388189E+0001    0.68942868E+0000         1
 31100   -0.39388468E+0001   -0.39388468E+0001    0.58249897E+0000         1
 31150   -0.39391182E+0001   -0.39391182E+0001    0.49364744E+0000         1
 31200   -0.39387681E+0001   -0.39387681E+0001    0.56697015E+0000         1
 31250   -0.39391746E+0001   -0.39391746E+0001    0.44064143E+0000         1
 31300   -0.39391107E+0001   -0.39391107E+0001    0.47974647E+0000         1
 31350   -0.39394418E+0001   -0.39394418E+0001    0.39235339E+0000         1
 31400   -0.39387557E+0001   -0.39387557E+0001    0.56006226E+0000         1
 31450   -0.39391066E+0001   -0.39391066E+0001    0.51450099E+0000         1
 31500   -0.39387898E+0001   -0.39387898E+0001    0.52322543E+0000         1
 31550   -0.39395446E+0001   -0.39395446E+0001    0.35316528E+0000         1
 31600   -0.39387980E+0001   -0.39387980E+0001    0.65587778E+0000         1
 31650   -0.39394215E+0001   -0.39394215E+0001    0.42984528E+0000         1
 31700   -0.39391727E+0001   -0.39391727E+0001    0.46938160E+0000         1
 31750   -0.39395645E+0001   -0.39395645E+0001    0.36880142E+0000         1
 31800   -0.39392372E+0001   -0.39392372E+0001    0.40980299E+0000         1
 31850   -0.39388567E+0001   -0.39388567E+0001    0.65283133E+0000         1
 31900   -0.39389234E+0001   -0.39389234E+0001    0.56507286E+0000         1
 31950   -0.39395106E+0001   -0.39395106E+0001    0.42393887E+0000         1
 32000   -0.39390846E+0001   -0.39390846E+0001    0.51461514E+0000         1
 32050   -0.39388331E+0001   -0.39388331E+0001    0.53692785E+0000         1
 32100   -0.39391554E+0001   -0.39391554E+0001    0.52430694E+0000         1
 32150   -0.39389576E+0001   -0.39389576E+0001    0.54632150E+0000         1
 32200   -0.39387230E+0001   -0.39387230E+0001    0.58535668E+0000         1
 32250   -0.39391887E+0001   -0.39391887E+0001    0.47668937E+0000         1
 32300   -0.39398477E+0001   -0.39398477E+0001    0.25456508E+0000         1
 32350   -0.39393256E+0001   -0.39393256E+0001    0.45409864E+0000         1
 32400   -0.39391003E+0001   -0.39391003E+0001    0.50742288E+0000         1
 32450   -0.39394247E+0001   -0.39394247E+0001    0.45951942E+0000         1
 32500   -0.39394288E+0001   -0.39394288E+0001    0.42017096E+0000         1
 32550   -0.39390358E+0001   -0.39390358E+0001    0.53234866E+0000         1
 32600   -0.39391749E+0001   -0.39391749E+0001    0.45294361E+0000         1
 32650   -0.39385686E+0001   -0.39385686E+0001    0.66423853E+0000         1
 32700   -0.39386838E+0001   -0.39386838E+0001    0.56660699E+0000         1
 32750   -0.39389393E+0001   -0.39389393E+0001    0.51841065E+0000         1
 32800   -0.39390736E+0001   -0.39390736E+0001    0.55866439E+0000         1
 32850   -0.39394945E+0001   -0.39394945E+0001    0.39037301E+0000         1
 32900   -0.39390556E+0001   -0.39390556E+0001    0.51436064E+0000         1
 32950   -0.39393062E+0001   -0.39393062E+0001    0.46322994E+0000         1
 33000   -0.39395406E+0001   -0.39395406E+0001    0.37005272E+0000         1
 33050   -0.39392779E+0001   -0.39392779E+0001    0.45044636E+0000         1
 33100   -0.39394953E+0001   -0.39394953E+0001    0.43417534E+0000         1
 33150   -0.39392909E+0001   -0.39392909E+0001    0.39383438E+0000         1
 33200   -0.39384596E+0001   -0.39384596E+0001    0.62153289E+0000         1
 33250   -0.39381520E+0001   -0.39381520E+0001    0.66422596E+0000         1
 33300   -0.39376363E+0001   -0.39376363E+0001    0.79841864E+0000         1
 33350   -0.39381214E+0001   -0.39381214E+0001    0.71577002E+0000         1
 33400   -0.39376735E+0001   -0.39376735E+0001    0.75020172E+0000         1
 33450   -0.39388478E+0001   -0.39388478E+0001    0.51544117E+0000         1
 33500   -0.39382839E+0001   -0.39382839E+0001    0.57147053E+0000         1
 33550   -0.39378464E+0001   -0.39378464E+0001    0.74000266E+0000         1
 33600   -0.39386078E+0001   -0.39386078E+0001    0.56669446E+0000         1
 33650   -0.39384674E+0001   -0.39384674E+0001    0.59798953E+0000         1
 33700   -0.39387876E+0001   -0.39387876E+0001    0.58120644E+0000         1
 33750   -0.39388881E+0001   -0.39388881E+0001    0.63340727E+0000         1
 33800   -0.39385769E+0001   -0.39385769E+0001    0.68593948E+0000         1
 33850   -0.39390140E+0001   -0.39390140E+0001    0.46460057E+0000         1
 33900   -0.39382237E+0001   -0.39382237E+0001    0.57136961E+0000         1
 33950   -0.39381442E+0001   -0.39381442E+0001    0.76918069E+0000         1
 34000   -0.39390026E+0001   -0.39390026E+0001    0.50638336E+0000         1
 34050   -0.39393085E+0001   -0.39393085E+0001    0.39144180E+0000         1
 34100   -0.39389519E+0001   -0.39389519E+0001    0.49991923E+0000         1
 34150   -0.39389673E+0001   -0.39389673E+0001    0.48842355E+0000         1
 34200   -0.39388288E+0001   -0.39388288E+0001    0.53940084E+0000         1
 34250   -0.39383441E+0001   -0.39383441E+0001    0.65556585E+0000         1
 34300   -0.39388958E+0001   -0.39388958E+0001    0.46958526E+0000         1
 34350   -0.39392173E+0001   -0.39392173E+0001    0.46558624E+0000         1
 34400   -0.39393657E+0001   -0.39393657E+0001    0.49910438E+0000         1
 34450   -0.39394931E+0001   -0.39394931E+0001    0.41987209E+0000         1
 34500   -0.39389338E+0001   -0.39389338E+0001    0.57375448E+0000         1
 34550   -0.39386533E+0001   -0.39386533E+0001    0.52227587E+0000         1
 34600   -0.39390162E+0001   -0.39390162E+0001    0.49108160E+0000         1
 34650   -0.39388588E+0001   -0.39388588E+0001    0.48715923E+0000         1
 34700   -0.39388860E+0001   -0.39388860E+0001    0.58598294E+0000         1
 34750   -0.39383048E+0001   -0.39383048E+0001    0.70375348E+0000         1
 34800   -0.39392064E+0001   -0.39392064E+0001    0.45722012E+0000         1
 34850   -0.39396709E+0001   -0.39396709E+0001    0.24214502E+0000         1
 34900   -0.39394975E+0001   -0.39394975E+0001    0.44124139E+0000         1
 34950   -0.39391372E+0001   -0.39391372E+0001    0.51886348E+0000         1
 35000   -0.39392183E+0001   -0.39392183E+0001    0.48450070E+0000         1
 35050   -0.39389005E+0001   -0.39389005E+0001    0.50786820E+0000         1
 35100   -0.39390273E+0001   -0.39390273E+0001    0.46931985E+0000         1
 35150   -0.39387967E+0001   -0.39387967E+0001    0.53568507E+0000         1
 35200   -0.39382510E+0001   -0.39382510E+0001    0.67035940E+0000         1
 35250   -0.39387121E+0001   -0.39387121E+0001    0.53511609E+0000         1
 35300   -0.39389176E+0001   -0.39389176E+0001    0.46453926E+0000         1
 35350   -0.39387907E+0001   -0.39387907E+0001    0.59035416E+0000         1
 35400   -0.39391764E+0001   -0.39391764E+0001    0.46146042E+0000         1
 35450   -0.39390224E+0001   -0.39390224E+0001    0.60743909E+0000         1
 35500   -0.39389360E+0001   -0.39389360E+0001    0.57115234E+0000         1
 35550   -0.39390954E+0001   -0.39390954E+0001    0.43534654E+0000         1
 35600   -0.39385055E+0001   -0.39385055E+0001    0.61352348E+0000         1
 35650   -0.39389589E+0001   -0.39389589E+0001    0.50187730E+0000         1
 35700   -0.39392193E+0001   -0.39392193E+0001    0.45644877E+0000         1
 35750   -0.39393942E+0001   -0.39393942E+0001    0.34354442E+0000         1
 35800   -0.39396314E+0001   -0.39396314E+0001    0.30844536E+0000         1
 35850   -0.39394392E+0001   -0.39394392E+0001    0.38743498E+0000         1
 35900   -0.39392172E+0001   -0.39392172E+0001    0.46918796E+0000         1
 35950   -0.39385550E+0001   -0.39385550E+0001    0.63647706E+0000         1
 36000   -0.39382378E+0001   -0.39382378E+0001    0.63432874E+0000         1
 36050   -0.39385101E+0001   -0.39385101E+0001    0.60637932E+0000         1
 36100   -0.39385125E+0001   -0.39385125E+0001    0.67595180E+0000         1
 36150   -0.39392767E+0001   -0.39392767E+0001    0.46370434E+0000         1
 36200   -0.39392097E+0001   -0.39392097E+0001    0.43718526E+0000         1
 36250   -0.39391819E+0001   -0.39391819E+0001    0.45877530E+0000         1
 36300   -0.39393253E+0001   -0.39393253E+0001    0.37641267E+0000         1
 36350   -0.39396262E+0001   -0.39396262E+0001    0.27260255E+0000         1
 36400   -0.39389644E+0001   -0.39389644E+0001    0.53189475E+0000         1
 36450   -0.39394657E+0001   -0.39394657E+0001    0.35147976E+0000         1
 36500   -0.39392666E+0001   -0.39392666E+0001    0.51548159E+0000         1
 36550   -0.39393749E+0001   -0.39393749E+0001    0.45696622E+0000         1
 36600   -0.39393487E+0001   -0.39393487E+0001    0.43216507E+0000         1
 36650   -0.39387032E+0001   -0.39387032E+0001    0.63613872E+0000         1
 36700   -0.39390393E+0001   -0.39390393E+0001    0.53014609E+0000         1
 36750   -0.39392925E+0001   -0.39392925E+0001    0.36269151E+0000         1
 36800   -0.39383277E+0001   -0.39383277E+0001    0.66113161E+0000         1
 36850   -0.39380984E+0001   -0.39380984E+0001    0.72036424E+0000         1
 36900   -0.39392366E+0001   -0.39392366E+0001    0.37668553E+0000         1
 36950   -0.39391258E+0001   -0.39391258E+0001    0.46483082E+0000         1
 37000   -0.39386904E+0001   -0.39386904E+0001    0.59474613E+0000         1
 37050   -0.39395642E+0001   -0.39395642E+0001    0.38424384E+0000         1
 37100   -0.39391431E+0001   -0.39391431E+0001    0.46401577E+0000         1
 37150   -0.39391243E+0001   -0.39391243E+0001    0.43111839E+0000         1
 37200   -0.39391807E+0001   -0.39391807E+0001    0.48218842E+0000         1
 37250   -0.39388258E+0001   -0.39388258E+0001    0.54352814E+0000         1
 37300   -0.39392156E+0001   -0.39392156E+0001    0.45607069E+0000         1
 37350   -0.39392697E+0001   -0.39392697E+0001    0.50564562E+0000         1
 37400   -0.39393350E+0001   -0.39393350E+0001    0.47906573E+0000         1
 37450   -0.39395844E+0001   -0.39395844E+0001    0.45287659E+0000         1
 37500   -0.39395601E+0001   -0.39395601E+0001    0.37910029E+0000         1
 37550   -0.39396255E+0001   -0.39396255E+0001    0.30704043E+0000         1
 37600   -0.39393142E+0001   -0.39393142E+0001    0.41054636E+0000         1
 37650   -0.39395943E+0001   -0.39395943E+0001    0.34507620E+0000         1
 37700   -0.39390134E+0001   -0.39390134E+0001    0.43424632E+0000         1
 37750   -0.39391453E+0001   -0.39391453E+0001    0.42013947E+0000         1
 37800   -0.39383494E+0001   -0.39383494E+0001    0.62929097E+0000         1
 37850   -0.39386179E+0001   -0.39386179E+0001    0.49699027E+0000         1
 37900   -0.39387875E+0001   -0.39387875E+0001    0.58353986E+0000         1
 37950   -0.39392558E+0001   -0.39392558E+0001    0.40574230E+0000         1
 38000   -0.39391001E+0001   -0.39391001E+0001    0.40531308E+0000         1
 38050   -0.39390764E+0001   -0.39390764E+0001    0.47054422E+0000         1
 38100   -0.39392794E+0001   -0.39392794E+0001    0.37568097E+0000         1
 38150   -0.39391590E+0001   -0.39391590E+0001    0.49263570E+0000         1
 38200   -0.39387515E+0001   -0.39387515E+0001    0.66774376E+0000         1
 38250   -0.39393489E+0001   -0.39393489E+0001    0.36576983E+0000         1
 38300   -0.39392569E+0001   -0.39392569E+0001    0.50174106E+0000         1
 38350   -0.39391901E+0001   -0.39391901E+0001    0.47607136E+0000         1
 38400   -0.39390619E+0001   -0.39390619E+0001    0.46649665E+0000         1
 38450   -0.39386607E+0001   -0.39386607E+0001    0.53743544E+0000         1
 38500   -0.39392294E+0001   -0.39392294E+0001    0.42782181E+0000         1
 38550   -0.39390719E+0001   -0.39390719E+0001    0.57713373E+0000         1
 38600   -0.39395686E+0001   -0.39395686E+0001    0.36146851E+0000         1
 38650   -0.39393636E+0001   -0.39393636E+0001    0.42313821E+0000         1
 38700   -0.39392536E+0001   -0.39392536E+0001    0.44159425E+0000         1
 38750   -0.39388236E+0001   -0.39388236E+0001    0.52190378E+0000         1
 38800   -0.39388360E+0001   -0.39388360E+0001    0.60237684E+0000         1
 38850   -0.39388101E+0001   -0.39388101E+0001    0.60008088E+0000         1
 38900   -0.39390914E+0001   -0.39390914E+0001    0.46623047E+0000         1
 38950   -0.39391539E+0001   -0.39391539E+0001    0.37491349E+0000         1
 39000   -0.39388749E+0001   -0.39388749E+0001    0.52422259E+0000         1
 39050   -0.39394875E+0001   -0.39394875E+0001    0.32292647E+0000         1
 39100   -0.39395393E+0001   -0.39395393E+0001    0.33772911E+0000         1
 39150   -0.39394087E+0001   -0.39394087E+0001    0.47377578E+0000         1
 39200   -0.39393208E+0001   -0.39393208E+0001    0.45036428E+0000         1
 39250   -0.39384754E+0001   -0.39384754E+0001    0.67006884E+0000         1
 39300   -0.39389016E+0001   -0.39389016E+0001    0.48625382E+0000         1
 39350   -0.39388457E+0001   -0.39388457E+0001    0.56608285E+0000         1
 39400   -0.39386222E+0001   -0.39386222E+0001    0.60081812E+0000         1
 39450   -0.39384964E+0001   -0.39384964E+0001    0.60940208E+0000         1
 39500   -0.39384185E+0001   -0.39384185E+0001    0.56377566E+0000         1
 39550   -0.39386672E+0001   -0.39386672E+0001    0.50713052E+0000         1
 39600   -0.39387900E+0001   -0.39387900E+0001    0.56265407E+0000         1
 39650   -0.39387507E+0001   -0.39387507E+0001    0.53431771E+0000         1
 39700   -0.39386738E+0001   -0.39386738E+0001    0.56671419E+0000         1
 39750   -0.39393866E+0001   -0.39393866E+0001    0.32899440E+0000         1
 39800   -0.39394640E+0001   -0.39394640E+0001    0.43536444E+0000         1
 39850   -0.39395079E+0001   -0.39395079E+0001    0.40849772E+0000         1
 39900   -0.39392661E+0001   -0.39392661E+0001    0.47584873E+0000         1
 39950   -0.39392890E+0001   -0.39392890E+0001    0.47189591E+0000         1
 40000   -0.39389502E+0001   -0.39389502E+0001    0.64467834E+0000         1
 40050   -0.39395150E+0001   -0.39395150E+0001    0.41938996E+0000         1
 40100   -0.39393901E+0001   -0.39393901E+0001    0.35860418E+0000         1
 40150   -0.39389385E+0001   -0.39389385E+0001    0.46659404E+0000         1
 40200   -0.39392901E+0001   -0.39392901E+0001    0.40765338E+0000         1
 40250   -0.39391543E+0001   -0.39391543E+0001    0.44122853E+0000         1
 40300   -0.39388836E+0001   -0.39388836E+0001    0.54449411E+0000         1
 40350   -0.39388373E+0001   -0.39388373E+0001    0.47764312E+0000         1
 40400   -0.39380491E+0001   -0.39380491E+0001    0.76200040E+0000         1
 40450   -0.39389318E+0001   -0.39389318E+0001    0.51506022E+0000         1
 40500   -0.39392465E+0001   -0.39392465E+0001    0.45815052E+0000         1
 40550   -0.39395732E+0001   -0.39395732E+0001    0.36219659E+0000         1
 40600   -0.39395862E+0001   -0.39395862E+0001    0.36655826E+0000         1
 40650   -0.39392933E+0001   -0.39392933E+0001    0.42002543E+0000         1
 40700   -0.39390750E+0001   -0.39390750E+0001    0.55879488E+0000         1
 40750   -0.39397058E+0001   -0.39397058E+0001    0.33087095E+0000         1
 40800   -0.39396967E+0001   -0.39396967E+0001    0.33157781E+0000         1
 40850   -0.39394893E+0001   -0.39394893E+0001    0.43364235E+0000         1
 40900   -0.39387933E+0001   -0.39387933E+0001    0.62264062E+0000         1
 40950   -0.39390714E+0001   -0.39390714E+0001    0.47717288E+0000         1
 41000   -0.39390140E+0001   -0.39390140E+0001    0.49968303E+0000         1
 41050   -0.39390158E+0001   -0.39390158E+0001    0.57408348E+0000         1
 41100   -0.39395055E+0001   -0.39395055E+0001    0.32510256E+0000         1
 41150   -0.39388078E+0001   -0.39388078E+0001    0.55481021E+0000         1
 41200   -0.39390724E+0001   -0.39390724E+0001    0.46889649E+0000         1
 41250   -0.39383762E+0001   -0.39383762E+0001    0.70176036E+0000         1
 41300   -0.39384808E+0001   -0.39384808E+0001    0.60017080E+0000         1
 41350   -0.39382867E+0001   -0.39382867E+0001    0.69383459E+0000         1
 41400   -0.39383600E+0001   -0.39383600E+0001    0.68030473E+0000         1
 41450   -0.39388437E+0001   -0.39388437E+0001    0.64035440E+0000         1
 41500   -0.39393855E+0001   -0.39393855E+0001    0.46370287E+0000         1
 41550   -0.39391090E+0001   -0.39391090E+0001    0.66144906E+0000         1
 41600   -0.39387667E+0001   -0.39387667E+0001    0.69242041E+0000         1
 41650   -0.39387190E+0001   -0.39387190E+0001    0.55017682E+0000         1
 41700   -0.39390302E+0001   -0.39390302E+0001    0.58516489E+0000         1
 41750   -0.39395334E+0001   -0.39395334E+0001    0.36265483E+0000         1
 41800   -0.39392223E+0001   -0.39392223E+0001    0.51285857E+0000         1
 41850   -0.39385385E+0001   -0.39385385E+0001    0.57909565E+0000         1
 41900   -0.39388514E+0001   -0.39388514E+0001    0.55600206E+0000         1
 41950   -0.39391025E+0001   -0.39391025E+0001    0.53802590E+0000         1
 42000   -0.39389387E+0001   -0.39389387E+0001    0.56973351E+0000         1
 42050   -0.39393245E+0001   -0.39393245E+0001    0.47837769E+0000         1
 42100   -0.39394980E+0001   -0.39394980E+0001    0.41313103E+0000         1
 42150   -0.39391036E+0001   -0.39391036E+0001    0.54263123E+0000         1
 42200   -0.39393455E+0001   -0.39393455E+0001    0.55054813E+0000         1
 42250   -0.39390321E+0001   -0.39390321E+0001    0.69435020E+0000         1
 42300   -0.39389254E+0001   -0.39389254E+0001    0.64386290E+0000         1
 42350   -0.39384735E+0001   -0.39384735E+0001    0.73924207E+0000         1
 42400   -0.39382774E+0001   -0.39382774E+0001    0.72686641E+0000         1
 42450   -0.39387451E+0001   -0.39387451E+0001    0.61607150E+0000         1
 42500   -0.39395420E+0001   -0.39395420E+0001    0.45142692E+0000         1
 42550   -0.39393315E+0001   -0.39393315E+0001    0.43857077E+0000         1
 42600   -0.39387036E+0001   -0.39387036E+0001    0.57307767E+0000         1
 42650   -0.39391597E+0001   -0.39391597E+0001    0.40768341E+0000         1
 42700   -0.39387775E+0001   -0.39387775E+0001    0.57506767E+0000         1
 42750   -0.39383970E+0001   -0.39383970E+0001    0.63077197E+0000         1
 42800   -0.39389909E+0001   -0.39389909E+0001    0.44946479E+0000         1
 42850   -0.39386617E+0001   -0.39386617E+0001    0.48217134E+0000         1
 42900   -0.39387294E+0001   -0.39387294E+0001    0.59075201E+0000         1
 42950   -0.39389047E+0001   -0.39389047E+0001    0.38937733E+0000         1
 43000   -0.39390170E+0001   -0.39390170E+0001    0.42726629E+0000         1
 43050   -0.39390639E+0001   -0.39390639E+0001    0.42699796E+0000         1
 43100   -0.39386688E+0001   -0.39386688E+0001    0.50766355E+0000         1
 43150   -0.39387858E+0001   -0.39387858E+0001    0.51720519E+0000         1
 43200   -0.39387452E+0001   -0.39387452E+0001    0.55156339E+0000         1
 43250   -0.39394336E+0001   -0.39394336E+0001    0.31799277E+0000         1
 43300   -0.39387813E+0001   -0.39387813E+0001    0.63194208E+0000         1
 43350   -0.39396282E+0001   -0.39396282E+0001    0.36175915E+0000         1
 43400   -0.39394766E+0001   -0.39394766E+0001    0.35274294E+0000         1
 43450   -0.39388886E+0001   -0.39388886E+0001    0.47937143E+0000         1
 43500   -0.39388729E+0001   -0.39388729E+0001    0.48682980E+0000         1
 43550   -0.39392666E+0001   -0.39392666E+0001    0.42292821E+0000         1
 43600   -0.39387942E+0001   -0.39387942E+0001    0.47716366E+0000         1
 43650   -0.39387054E+0001   -0.39387054E+0001    0.48951888E+0000         1
 43700   -0.39377705E+0001   -0.39377705E+0001    0.69435132E+0000         1
 43750   -0.39384311E+0001   -0.39384311E+0001    0.58672140E+0000         1
 43800   -0.39391807E+0001   -0.39391807E+0001    0.50828805E+0000         1
 43850   -0.39384168E+0001   -0.39384168E+0001    0.65123580E+0000         1
 43900   -0.39387234E+0001   -0.39387234E+0001    0.59388387E+0000         1
 43950   -0.39390165E+0001   -0.39390165E+0001    0.46512529E+0000         1
 44000   -0.39384540E+0001   -0.39384540E+0001    0.59529732E+0000         1
 44050   -0.39377667E+0001   -0.39377667E+0001    0.79494903E+0000         1
 44100   -0.39388730E+0001   -0.39388730E+0001    0.59977172E+0000         1
 44150   -0.39388094E+0001   -0.39388094E+0001    0.51479543E+0000         1
 44200   -0.39389008E+0001   -0.39389008E+0001    0.51594794E+0000         1
 44250   -0.39384950E+0001   -0.39384950E+0001    0.67014812E+0000         1
 44300   -0.39383894E+0001   -0.39383894E+0001    0.62428873E+0000         1
 44350   -0.39387844E+0001   -0.39387844E+0001    0.57921345E+0000         1
 44400   -0.39393696E+0001   -0.39393696E+0001    0.40274752E+0000         1
 44450   -0.39390777E+0001   -0.39390777E+0001    0.53504110E+0000         1
 44500   -0.39390442E+0001   -0.39390442E+0001    0.52823917E+0000         1
 44550   -0.39397456E+0001   -0.39397456E+0001    0.29811968E+0000         1
 44600   -0.39396438E+0001   -0.39396438E+0001    0.33781888E+0000         1
 44650   -0.39394837E+0001   -0.39394837E+0001    0.41720334E+0000         1
 44700   -0.39391273E+0001   -0.39391273E+0001    0.49287002E+0000         1
 44750   -0.39388477E+0001   -0.39388477E+0001    0.55248156E+0000         1
 44800   -0.39388108E+0001   -0.39388108E+0001    0.63519311E+0000         1
 44850   -0.39394737E+0001   -0.39394737E+0001    0.37121566E+0000         1
 44900   -0.39391133E+0001   -0.39391133E+0001    0.57451824E+0000         1
 44950   -0.39382780E+0001   -0.39382780E+0001    0.84943479E+0000         1
 45000   -0.39392975E+0001   -0.39392975E+0001    0.39408846E+0000         1
 45050   -0.39395884E+0001   -0.39395884E+0001    0.35097679E+0000         1
 45100   -0.39392254E+0001   -0.39392254E+0001    0.39432315E+0000         1
 45150   -0.39385940E+0001   -0.39385940E+0001    0.53099354E+0000         1
 45200   -0.39388935E+0001   -0.39388935E+0001    0.48495412E+0000         1
 45250   -0.39389251E+0001   -0.39389251E+0001    0.56698422E+0000         1
 45300   -0.39396238E+0001   -0.39396238E+0001    0.34006443E+0000         1
 45350   -0.39395747E+0001   -0.39395747E+0001    0.40624037E+0000         1
 45400   -0.39393387E+0001   -0.39393387E+0001    0.44555894E+0000         1
 45450   -0.39387096E+0001   -0.39387096E+0001    0.59774691E+0000         1
 45500   -0.39390788E+0001   -0.39390788E+0001    0.52197146E+0000         1
 45550   -0.39392067E+0001   -0.39392067E+0001    0.42542219E+0000         1
 45600   -0.39392075E+0001   -0.39392075E+0001    0.46711660E+0000         1
 45650   -0.39392961E+0001   -0.39392961E+0001    0.58339050E+0000         1
 45700   -0.39381825E+0001   -0.39381825E+0001    0.85449966E+0000         1
 45750   -0.39388545E+0001   -0.39388545E+0001    0.58417630E+0000         1
 45800   -0.39389886E+0001   -0.39389886E+0001    0.52713436E+0000         1
 45850   -0.39391398E+0001   -0.39391398E+0001    0.56392948E+0000         1
 45900   -0.39390292E+0001   -0.39390292E+0001    0.56379514E+0000         1
 45950   -0.39393015E+0001   -0.39393015E+0001    0.44052847E+0000         1
 46000   -0.39389652E+0001   -0.39389652E+0001    0.58396632E+0000         1
 46050   -0.39392956E+0001   -0.39392956E+0001    0.47911143E+0000         1
 46100   -0.39387813E+0001   -0.39387813E+0001    0.66826819E+0000         1
 46150   -0.39395010E+0001   -0.39395010E+0001    0.44415307E+0000         1
 46200   -0.39389913E+0001   -0.39389913E+0001    0.59499203E+0000         1
 46250   -0.39384161E+0001   -0.39384161E+0001    0.72006272E+0000         1
 46300   -0.39387741E+0001   -0.39387741E+0001    0.59521138E+0000         1
 46350   -0.39388916E+0001   -0.39388916E+0001    0.55880934E+0000         1
 46400   -0.39388756E+0001   -0.39388756E+0001    0.58440727E+0000         1
 46450   -0.39383480E+0001   -0.39383480E+0001    0.64064032E+0000         1
 46500   -0.39390606E+0001   -0.39390606E+0001    0.52451977E+0000         1
 46550   -0.39387363E+0001   -0.39387363E+0001    0.66288579E+0000         1
 46600   -0.39388545E+0001   -0.39388545E+0001    0.60086103E+0000         1
 46650   -0.39389001E+0001   -0.39389001E+0001    0.55130824E+0000         1
 46700   -0.39393738E+0001   -0.39393738E+0001    0.44205918E+0000         1
 46750   -0.39396377E+0001   -0.39396377E+0001    0.32732167E+0000         1
 46800   -0.39392843E+0001   -0.39392843E+0001    0.44980112E+0000         1
 46850   -0.39392815E+0001   -0.39392815E+0001    0.54153263E+0000         1
 46900   -0.39391104E+0001   -0.39391104E+0001    0.47212999E+0000         1
 46950   -0.39375891E+0001   -0.39375891E+0001    0.77610369E+0000         1
 47000   -0.39387931E+0001   -0.39387931E+0001    0.52868653E+0000         1
 47050   -0.39389954E+0001   -0.39389954E+0001    0.47099800E+0000         1
 47100   -0.39385149E+0001   -0.39385149E+0001    0.60168279E+0000         1
 47150   -0.39391574E+0001   -0.39391574E+0001    0.44855193E+0000         1
 47200   -0.39392687E+0001   -0.39392687E+0001    0.43528050E+0000         1
 47250   -0.39390758E+0001   -0.39390758E+0001    0.40272199E+0000         1
 47300   -0.39393407E+0001   -0.39393407E+0001    0.34548918E+0000         1
 47350   -0.39390829E+0001   -0.39390829E+0001    0.53223526E+0000         1
 47400   -0.39394804E+0001   -0.39394804E+0001    0.41340483E+0000         1
 47450   -0.39394933E+0001   -0.39394933E+0001    0.40132194E+0000         1
 47500   -0.39398243E+0001   -0.39398243E+0001    0.27940323E+0000         1
 47550   -0.39393417E+0001   -0.39393417E+0001    0.43689004E+0000         1
 47600   -0.39388170E+0001   -0.39388170E+0001    0.57234739E+0000         1
 47650   -0.39392029E+0001   -0.39392029E+0001    0.47577912E+0000         1
 47700   -0.39389998E+0001   -0.39389998E+0001    0.59387369E+0000         1
 47750   -0.39385684E+0001   -0.39385684E+0001    0.60551053E+0000         1
 47800   -0.39390805E+0001   -0.39390805E+0001    0.55810310E+0000         1
 47850   -0.39394922E+0001   -0.39394922E+0001    0.43420803E+0000         1
 47900   -0.39394488E+0001   -0.39394488E+0001    0.38649858E+0000         1
 47950   -0.39384331E+0001   -0.39384331E+0001    0.61504435E+0000         1
 48000   -0.39387953E+0001   -0.39387953E+0001    0.63815105E+0000         1
