     1   -0.39239818E+0001   -0.39244859E+0001    0.17732899E+0001     12000
    50   -0.39238111E+0001   -0.39289283E+0001    0.14675326E+0001     12139
   100   -0.39263783E+0001   -0.39308896E+0001    0.13125853E+0001     12534
   150   -0.39286870E+0001   -0.39334337E+0001    0.11059748E+0001     12922
   200   -0.39312186E+0001   -0.39347827E+0001    0.97658274E+0000     13584
   250   -0.39331895E+0001   -0.39364825E+0001    0.84565713E+0000     13840
   300   -0.39347727E+0001   -0.39374822E+0001    0.70002574E+0000     14148
   350   -0.39359972E+0001   -0.39382187E+0001    0.65948917E+0000     14539
   400   -0.39369067E+0001   -0.39388548E+0001    0.45446464E+0000     15045
     1   -0.39239703E+0001   -0.39245178E+0001    0.17732899E+0001     11992
    50   -0.39232967E+0001   -0.39289451E+0001    0.15331815E+0001     12280
   100   -0.39255432E+0001   -0.39311097E+0001    0.12733412E+0001     12627
   150   -0.39288188E+0001   -0.39333849E+0001    0.11316250E+0001     13257
   200   -0.39312185E+0001   -0.39348067E+0001    0.10008830E+0001     13689
   250   -0.39331533E+0001   -0.39367421E+0001    0.83282756E+0000     14061
   300   -0.39347352E+0001   -0.39381092E+0001    0.69697959E+0000     14515
   350   -0.39363770E+0001   -0.39388460E+0001    0.52210864E+0000     14735
   400   -0.39374621E+0001   -0.39393822E+0001    0.41727088E+0000     15085
     1   -0.39239677E+0001   -0.39244957E+0001    0.17732899E+0001     11996
    50   -0.39229138E+0001   -0.39277264E+0001    0.14993176E+0001     12160
   100   -0.39248683E+0001   -0.39304178E+0001    0.13242783E+0001     12628
   150   -0.39279936E+0001   -0.39328833E+0001    0.11002986E+0001     13219
   200   -0.39304019E+0001   -0.39352818E+0001    0.95058302E+0000     13808
   250   -0.39327032E+0001   -0.39365125E+0001    0.84287066E+0000     14135
   300   -0.39343862E+0001   -0.39376446E+0001    0.66996674E+0000     14237
   350   -0.39357573E+0001   -0.39383288E+0001    0.61722949E+0000     14629
   400   -0.39369019E+0001   -0.39388188E+0001    0.49723724E+0000     14897
     1   -0.39239576E+0001   -0.39245196E+0001    0.17732899E+0001     12009
    50   -0.39226868E+0001   -0.39287766E+0001    0.15209273E+0001     12308
   100   -0.39250718E+0001   -0.39308538E+0001    0.13627217E+0001     12964
   150   -0.39281806E+0001   -0.39340590E+0001    0.11062069E+0001     13578
   200   -0.39309066E+0001   -0.39353683E+0001    0.98295243E+0000     14277
   250   -0.39333059E+0001   -0.39362619E+0001    0.82264193E+0000     14646
   300   -0.39350151E+0001   -0.39372292E+0001    0.72845850E+0000     15291
   350   -0.39359876E+0001   -0.39379732E+0001    0.64640319E+0000     15719
   400   -0.39365666E+0001   -0.39387644E+0001    0.54116906E+0000     16145
     1   -0.39239534E+0001   -0.39245375E+0001    0.17732899E+0001     12001
    50   -0.39222307E+0001   -0.39280536E+0001    0.14754375E+0001     12241
   100   -0.39241793E+0001   -0.39301175E+0001    0.13419729E+0001     12802
   150   -0.39268952E+0001   -0.39315963E+0001    0.12602416E+0001     13144
   200   -0.39284424E+0001   -0.39330617E+0001    0.11179366E+0001     13469
   250   -0.39304728E+0001   -0.39342256E+0001    0.10098983E+0001     13943
   300   -0.39316007E+0001   -0.39350727E+0001    0.95353992E+0000     14616
   350   -0.39325936E+0001   -0.39361654E+0001    0.84762776E+0000     15353
   400   -0.39337660E+0001   -0.39370750E+0001    0.71744314E+0000     15747
     1   -0.39239506E+0001   -0.39245164E+0001    0.17732899E+0001     11998
    50   -0.39219162E+0001   -0.39271848E+0001    0.15536018E+0001     12067
   100   -0.39232344E+0001   -0.39291151E+0001    0.14407166E+0001     12287
   150   -0.39251907E+0001   -0.39307653E+0001    0.13000655E+0001     12924
   200   -0.39275332E+0001   -0.39324444E+0001    0.11332206E+0001     13613
   250   -0.39298859E+0001   -0.39334298E+0001    0.10296229E+0001     14332
   300   -0.39308683E+0001   -0.39345739E+0001    0.95297805E+0000     14955
   350   -0.39318706E+0001   -0.39353668E+0001    0.82670471E+0000     15061
   400   -0.39333693E+0001   -0.39361515E+0001    0.81232868E+0000     15210
     1   -0.39239433E+0001   -0.39245542E+0001    0.17732899E+0001     11990
    50   -0.39216468E+0001   -0.39276522E+0001    0.15628328E+0001     12083
   100   -0.39229556E+0001   -0.39290160E+0001    0.14923288E+0001     12275
   150   -0.39249930E+0001   -0.39304226E+0001    0.13674901E+0001     12549
   200   -0.39264644E+0001   -0.39317506E+0001    0.12586778E+0001     12813
   250   -0.39284479E+0001   -0.39330299E+0001    0.10880697E+0001     13423
   300   -0.39300590E+0001   -0.39349443E+0001    0.96208101E+0000     13815
   350   -0.39320190E+0001   -0.39358187E+0001    0.88292320E+0000     14227
   400   -0.39335919E+0001   -0.39368973E+0001    0.77999522E+0000     14702
     1   -0.39239386E+0001   -0.39244756E+0001    0.17732899E+0001     12003
    50   -0.39213905E+0001   -0.39270093E+0001    0.16150450E+0001     12131
   100   -0.39221069E+0001   -0.39286593E+0001    0.14787348E+0001     12743
   150   -0.39251835E+0001   -0.39315944E+0001    0.12186787E+0001     13429
   200   -0.39284059E+0001   -0.39334204E+0001    0.10376773E+0001     13845
   250   -0.39297494E+0001   -0.39337293E+0001    0.10508667E+0001     14057
   300   -0.39310939E+0001   -0.39348577E+0001    0.87871623E+0000     15034
   350   -0.39323865E+0001   -0.39362528E+0001    0.77266394E+0000     15689
   400   -0.39338308E+0001   -0.39365410E+0001    0.74160327E+0000     16334
     1   -0.39239322E+0001   -0.39245478E+0001    0.17732899E+0001     12010
    50   -0.39211313E+0001   -0.39270152E+0001    0.16267214E+0001     12042
   100   -0.39215466E+0001   -0.39276636E+0001    0.15522768E+0001     12645
   150   -0.39230278E+0001   -0.39283814E+0001    0.14754320E+0001     13218
   200   -0.39235638E+0001   -0.39288317E+0001    0.14488466E+0001     14012
   250   -0.39246986E+0001   -0.39301899E+0001    0.13639512E+0001     14615
   300   -0.39255806E+0001   -0.39314422E+0001    0.12375433E+0001     15312
   350   -0.39268217E+0001   -0.39331574E+0001    0.11586979E+0001     16295
   400   -0.39294108E+0001   -0.39343815E+0001    0.10375154E+0001     16853
     1   -0.39239324E+0001   -0.39245913E+0001    0.17732899E+0001     12003
    50   -0.39209570E+0001   -0.39271665E+0001    0.16014658E+0001     12280
   100   -0.39210974E+0001   -0.39272717E+0001    0.15306904E+0001     12820
   150   -0.39227461E+0001   -0.39307307E+0001    0.14222577E+0001     13361
   200   -0.39242989E+0001   -0.39305965E+0001    0.14127923E+0001     14350
   250   -0.39262662E+0001   -0.39316586E+0001    0.13264634E+0001     15331
   300   -0.39280154E+0001   -0.39333087E+0001    0.12115826E+0001     15918
   350   -0.39300442E+0001   -0.39338562E+0001    0.10223108E+0001     16547
   400   -0.39318011E+0001   -0.39346275E+0001    0.10143926E+0001     17315
     1   -0.39239327E+0001   -0.39244995E+0001    0.17732899E+0001     12007
    50   -0.39206512E+0001   -0.39272454E+0001    0.15747390E+0001     11878
   100   -0.39213060E+0001   -0.39277556E+0001    0.15310683E+0001     12741
   150   -0.39230005E+0001   -0.39299558E+0001    0.13980616E+0001     13177
   200   -0.39257818E+0001   -0.39303037E+0001    0.13496133E+0001     14160
   250   -0.39262620E+0001   -0.39314254E+0001    0.11996581E+0001     14966
   300   -0.39275586E+0001   -0.39325540E+0001    0.11309002E+0001     15854
   350   -0.39291549E+0001   -0.39338171E+0001    0.10078894E+0001     17015
   400   -0.39305473E+0001   -0.39341635E+0001    0.99822388E+0000     17319
     1   -0.39239310E+0001   -0.39245868E+0001    0.17732899E+0001     12008
    50   -0.39204931E+0001   -0.39272055E+0001    0.16511158E+0001     12189
   100   -0.39205343E+0001   -0.39264078E+0001    0.16528298E+0001     12764
   150   -0.39213017E+0001   -0.39276368E+0001    0.15263383E+0001     13482
   200   -0.39230349E+0001   -0.39288528E+0001    0.14370430E+0001     14615
   250   -0.39245594E+0001   -0.39322277E+0001    0.12463209E+0001     15099
   300   -0.39291687E+0001   -0.39340335E+0001    0.10173592E+0001     15734
   350   -0.39307429E+0001   -0.39348786E+0001    0.98449552E+0000     16403
   400   -0.39317078E+0001   -0.39360070E+0001    0.79826278E+0000     17498
     1   -0.39239296E+0001   -0.39245102E+0001    0.17732899E+0001     11996
    50   -0.39202508E+0001   -0.39261155E+0001    0.16641612E+0001     12057
   100   -0.39202336E+0001   -0.39264082E+0001    0.15889883E+0001     12715
   150   -0.39212545E+0001   -0.39272727E+0001    0.15254826E+0001     13426
   200   -0.39217109E+0001   -0.39270906E+0001    0.14965144E+0001     14042
   250   -0.39223813E+0001   -0.39277742E+0001    0.14884797E+0001     14556
   300   -0.39227545E+0001   -0.39281837E+0001    0.14519093E+0001     15032
   350   -0.39225935E+0001   -0.39284202E+0001    0.14004464E+0001     15417
   400   -0.39235923E+0001   -0.39285322E+0001    0.14282280E+0001     16050
   450   -0.39214742E+0001   -0.39278585E+0001    0.14041390E+0001     16600
   500   -0.39209300E+0001   -0.39277889E+0001    0.14232567E+0001     16887
   550   -0.39207553E+0001   -0.39283527E+0001    0.14160100E+0001     17633
   600   -0.39200877E+0001   -0.39288300E+0001    0.13684825E+0001     18393
   650   -0.39221372E+0001   -0.39301318E+0001    0.12485098E+0001     18993
     1   -0.39239241E+0001   -0.39245245E+0001    0.17732899E+0001     11989
    50   -0.39202078E+0001   -0.39265929E+0001    0.16475451E+0001     12006
   100   -0.39204016E+0001   -0.39267023E+0001    0.16154336E+0001     12438
   150   -0.39212048E+0001   -0.39276456E+0001    0.15375738E+0001     13280
   200   -0.39225926E+0001   -0.39283427E+0001    0.14807009E+0001     13910
   250   -0.39238804E+0001   -0.39286346E+0001    0.13849721E+0001     14330
   300   -0.39246760E+0001   -0.39293647E+0001    0.13771372E+0001     15168
   350   -0.39240948E+0001   -0.39296071E+0001    0.13900177E+0001     15853
   400   -0.39237462E+0001   -0.39291785E+0001    0.13377336E+0001     16685
   450   -0.39237519E+0001   -0.39291592E+0001    0.13816274E+0001     17085
   500   -0.39234389E+0001   -0.39288724E+0001    0.13697992E+0001     17556
   550   -0.39234298E+0001   -0.39290343E+0001    0.13811864E+0001     18293
   600   -0.39238827E+0001   -0.39291738E+0001    0.13499730E+0001     18981
     1   -0.39239176E+0001   -0.39244952E+0001    0.17732899E+0001     11994
    50   -0.39200234E+0001   -0.39263007E+0001    0.16126207E+0001     12137
   100   -0.39200946E+0001   -0.39262013E+0001    0.15623778E+0001     12868
   150   -0.39211244E+0001   -0.39281055E+0001    0.14673747E+0001     13740
   200   -0.39224028E+0001   -0.39287989E+0001    0.14483597E+0001     14182
   250   -0.39238398E+0001   -0.39301159E+0001    0.13406970E+0001     14621
   300   -0.39254705E+0001   -0.39305305E+0001    0.13079446E+0001     15668
   350   -0.39263550E+0001   -0.39308279E+0001    0.12989115E+0001     16450
   400   -0.39268206E+0001   -0.39314687E+0001    0.12388036E+0001     17161
     1   -0.39239148E+0001   -0.39245111E+0001    0.17732899E+0001     12004
    50   -0.39198443E+0001   -0.39254402E+0001    0.16874762E+0001     12407
   100   -0.39187403E+0001   -0.39259718E+0001    0.16422859E+0001     13177
   150   -0.39198879E+0001   -0.39266418E+0001    0.15977102E+0001     13672
   200   -0.39201104E+0001   -0.39265459E+0001    0.16322555E+0001     14797
   250   -0.39195035E+0001   -0.39266858E+0001    0.15521774E+0001     15670
   300   -0.39208205E+0001   -0.39259742E+0001    0.16102616E+0001     16562
   350   -0.39209831E+0001   -0.39260229E+0001    0.15296840E+0001     17243
   400   -0.39212692E+0001   -0.39260355E+0001    0.14910451E+0001     17974
   450   -0.39221217E+0001   -0.39283164E+0001    0.13741388E+0001     18797
   500   -0.39219248E+0001   -0.39284404E+0001    0.13602433E+0001     19591
   550   -0.39224521E+0001   -0.39295678E+0001    0.13123584E+0001     20290
     1   -0.39239165E+0001   -0.39245163E+0001    0.17732899E+0001     12000
    50   -0.39197283E+0001   -0.39258267E+0001    0.16695260E+0001     12266
   100   -0.39191876E+0001   -0.39261400E+0001    0.16345867E+0001     12817
   150   -0.39206049E+0001   -0.39262721E+0001    0.15965568E+0001     13385
   200   -0.39211408E+0001   -0.39274075E+0001    0.14871382E+0001     14207
   250   -0.39227507E+0001   -0.39301659E+0001    0.13112773E+0001     15273
   300   -0.39260294E+0001   -0.39305439E+0001    0.13039122E+0001     16077
   350   -0.39260340E+0001   -0.39315845E+0001    0.12142521E+0001     16780
   400   -0.39269237E+0001   -0.39317332E+0001    0.11906508E+0001     17981
     1   -0.39239134E+0001   -0.39245595E+0001    0.17732899E+0001     11994
    50   -0.39195879E+0001   -0.39262535E+0001    0.16281592E+0001     12129
   100   -0.39181162E+0001   -0.39255216E+0001    0.17383752E+0001     12537
   150   -0.39174084E+0001   -0.39242735E+0001    0.17111510E+0001     13279
   200   -0.39185407E+0001   -0.39261981E+0001    0.16563011E+0001     14472
   250   -0.39190401E+0001   -0.39255009E+0001    0.16286314E+0001     15725
   300   -0.39190083E+0001   -0.39247890E+0001    0.16646102E+0001     16278
   350   -0.39188439E+0001   -0.39252587E+0001    0.16413379E+0001     16743
   400   -0.39179690E+0001   -0.39258666E+0001    0.15616168E+0001     17552
   450   -0.39190959E+0001   -0.39249915E+0001    0.16119830E+0001     18857
   500   -0.39195176E+0001   -0.39249469E+0001    0.15821252E+0001     19375
   550   -0.39197913E+0001   -0.39253828E+0001    0.15947957E+0001     20485
   600   -0.39195511E+0001   -0.39240060E+0001    0.15922190E+0001     21158
   650   -0.39199874E+0001   -0.39260363E+0001    0.15800834E+0001     21830
   700   -0.39193268E+0001   -0.39240504E+0001    0.15755335E+0001     23192
   750   -0.39177459E+0001   -0.39246556E+0001    0.15547782E+0001     24254
   800   -0.39170593E+0001   -0.39237407E+0001    0.15015055E+0001     25110
   850   -0.39170013E+0001   -0.39238650E+0001    0.14612776E+0001     26916
   900   -0.39170219E+0001   -0.39245527E+0001    0.14556013E+0001     27851
   950   -0.39169860E+0001   -0.39241940E+0001    0.14778150E+0001     28792
  1000   -0.39167095E+0001   -0.39234343E+0001    0.14769806E+0001     29690
  1050   -0.39167801E+0001   -0.39235241E+0001    0.14400495E+0001     30920
  1100   -0.39162099E+0001   -0.39218073E+0001    0.14299604E+0001     31767
  1150   -0.39151662E+0001   -0.39223811E+0001    0.14656579E+0001     33163
  1200   -0.39142512E+0001   -0.39210116E+0001    0.14945784E+0001     34250
  1250   -0.39133162E+0001   -0.39211213E+0001    0.15065507E+0001     35475
  1300   -0.39116806E+0001   -0.39204583E+0001    0.15307398E+0001     36645
  1350   -0.39100579E+0001   -0.39184511E+0001    0.15681055E+0001     37534
  1400   -0.39077672E+0001   -0.39169796E+0001    0.15927725E+0001     38278
  1450   -0.39054519E+0001   -0.39167208E+0001    0.16354860E+0001     39675
  1500   -0.39026176E+0001   -0.39164966E+0001    0.16573114E+0001     40863
  1550   -0.38989106E+0001   -0.39110312E+0001    0.16882325E+0001     42007
  1600   -0.38954672E+0001   -0.39091689E+0001    0.17096804E+0001     42588
  1601   -0.38956843E+0001   -0.38956843E+0001    0.17420073E+0001     12000
  1650   -0.39000323E+0001   -0.39058864E+0001    0.16363836E+0001     11958
  1700   -0.38960375E+0001   -0.39037019E+0001    0.16927376E+0001     12124
  1750   -0.38923331E+0001   -0.39003919E+0001    0.17255434E+0001     12376
  1800   -0.38891227E+0001   -0.38978110E+0001    0.17335158E+0001     12613
  1850   -0.38860097E+0001   -0.38944838E+0001    0.17716714E+0001     12962
  1900   -0.38827062E+0001   -0.38937843E+0001    0.17963647E+0001     13234
  1950   -0.38789613E+0001   -0.38888803E+0001    0.18189227E+0001     13746
  2000   -0.38750752E+0001   -0.38875117E+0001    0.18140186E+0001     14212
  2050   -0.38715447E+0001   -0.38851353E+0001    0.18164769E+0001     14468
  2100   -0.38684319E+0001   -0.38815060E+0001    0.18555398E+0001     14762
  2150   -0.38647382E+0001   -0.38765370E+0001    0.18608819E+0001     15054
  2200   -0.38600180E+0001   -0.38750217E+0001    0.18651017E+0001     15272
  2250   -0.38553735E+0001   -0.38683765E+0001    0.18712773E+0001     15414
  2300   -0.38511115E+0001   -0.38660665E+0001    0.18809734E+0001     15580
  2350   -0.38471204E+0001   -0.38605047E+0001    0.18924516E+0001     15762
  2400   -0.38427455E+0001   -0.38583188E+0001    0.19068873E+0001     16015
  2450   -0.38376783E+0001   -0.38568584E+0001    0.19025737E+0001     16625
  2500   -0.38325980E+0001   -0.38512976E+0001    0.18843243E+0001     16853
  2550   -0.38281288E+0001   -0.38454249E+0001    0.19136858E+0001     16989
  2600   -0.38234798E+0001   -0.38406657E+0001    0.19109958E+0001     17200
  2650   -0.38183783E+0001   -0.38368130E+0001    0.19194356E+0001     17681
  2700   -0.38133877E+0001   -0.38309282E+0001    0.19221641E+0001     17984
  2750   -0.38081292E+0001   -0.38272514E+0001    0.19362610E+0001     18453
  2800   -0.38020382E+0001   -0.38184924E+0001    0.19192225E+0001     19065
  2850   -0.37957071E+0001   -0.38127147E+0001    0.19260985E+0001     19772
  2900   -0.37890418E+0001   -0.38099331E+0001    0.19331960E+0001     20392
  2950   -0.37825583E+0001   -0.38028446E+0001    0.19288797E+0001     20923
  3000   -0.37761165E+0001   -0.37984897E+0001    0.19244350E+0001     21646
  3050   -0.37698543E+0001   -0.37943985E+0001    0.19171126E+0001     22143
  3100   -0.37640810E+0001   -0.37850091E+0001    0.19319166E+0001     22953
  3150   -0.37583816E+0001   -0.37755099E+0001    0.19345612E+0001     23383
  3200   -0.37528009E+0001   -0.37679271E+0001    0.19392277E+0001     23756
  3201   -0.37530705E+0001   -0.37530705E+0001    0.19237607E+0001     12000
  3250   -0.37584259E+0001   -0.37653792E+0001    0.19205389E+0001     11943
  3300   -0.37528322E+0001   -0.37617975E+0001    0.19319966E+0001     12025
  3350   -0.37472338E+0001   -0.37578678E+0001    0.19415244E+0001     12183
  3400   -0.37418768E+0001   -0.37535688E+0001    0.19445548E+0001     12391
  3450   -0.37365640E+0001   -0.37491322E+0001    0.19538622E+0001     12881
  3500   -0.37311123E+0001   -0.37444086E+0001    0.19490338E+0001     13107
  3550   -0.37258738E+0001   -0.37414293E+0001    0.19517584E+0001     13333
  3600   -0.37207862E+0001   -0.37368147E+0001    0.19515391E+0001     13492
  3650   -0.37157986E+0001   -0.37296545E+0001    0.19735373E+0001     13677
  3700   -0.37109100E+0001   -0.37263849E+0001    0.19719559E+0001     13780
  3750   -0.37057452E+0001   -0.37233632E+0001    0.19703326E+0001     14107
  3800   -0.37009307E+0001   -0.37186352E+0001    0.19796523E+0001     14351
  3850   -0.36958294E+0001   -0.37152879E+0001    0.19628647E+0001     14615
  3900   -0.36901559E+0001   -0.37104790E+0001    0.19638518E+0001     14865
  3950   -0.36854995E+0001   -0.37018293E+0001    0.19643345E+0001     15143
  4000   -0.36818573E+0001   -0.36985276E+0001    0.19667887E+0001     15614
  4050   -0.36780713E+0001   -0.36931628E+0001    0.19763482E+0001     16001
  4100   -0.36738309E+0001   -0.36894104E+0001    0.19798468E+0001     16416
  4150   -0.36694672E+0001   -0.36872574E+0001    0.19795441E+0001     16569
  4200   -0.36653636E+0001   -0.36834164E+0001    0.19742643E+0001     17116
  4250   -0.36613437E+0001   -0.36771221E+0001    0.19825065E+0001     17394
  4300   -0.36578257E+0001   -0.36732629E+0001    0.19742316E+0001     17946
  4350   -0.36544630E+0001   -0.36691862E+0001    0.19845033E+0001     18302
  4400   -0.36504713E+0001   -0.36642757E+0001    0.19786125E+0001     18823
  4450   -0.36457942E+0001   -0.36603853E+0001    0.19712470E+0001     19461
  4500   -0.36411327E+0001   -0.36549724E+0001    0.19848576E+0001     20311
  4550   -0.36368230E+0001   -0.36500533E+0001    0.19825718E+0001     20441
  4600   -0.36322936E+0001   -0.36464244E+0001    0.19691949E+0001     20878
  4650   -0.36268507E+0001   -0.36410134E+0001    0.19807319E+0001     21229
  4700   -0.36211456E+0001   -0.36349793E+0001    0.19790763E+0001     21621
  4750   -0.36156982E+0001   -0.36299065E+0001    0.19806905E+0001     22339
  4800   -0.36104080E+0001   -0.36236960E+0001    0.19754278E+0001     22852
  4801   -0.36106933E+0001   -0.36106933E+0001    0.19971254E+0001     12000
  4850   -0.36166775E+0001   -0.36244014E+0001    0.19575191E+0001     12094
  4900   -0.36113488E+0001   -0.36211752E+0001    0.19788486E+0001     12234
  4950   -0.36061247E+0001   -0.36169985E+0001    0.19739707E+0001     12431
  5000   -0.36011280E+0001   -0.36133121E+0001    0.19938098E+0001     12701
  5050   -0.35962712E+0001   -0.36127248E+0001    0.19971831E+0001     12945
  5100   -0.35913494E+0001   -0.36044834E+0001    0.19902718E+0001     13273
  5150   -0.35865561E+0001   -0.36002968E+0001    0.19936968E+0001     13407
  5200   -0.35821716E+0001   -0.35956527E+0001    0.19859925E+0001     13647
  5250   -0.35783735E+0001   -0.35917951E+0001    0.19904971E+0001     13791
  5300   -0.35744584E+0001   -0.35884617E+0001    0.19827921E+0001     13989
  5350   -0.35703803E+0001   -0.35841067E+0001    0.19949887E+0001     14507
  5400   -0.35660700E+0001   -0.35825800E+0001    0.19800410E+0001     14791
  5450   -0.35614977E+0001   -0.35806026E+0001    0.19897677E+0001     15068
  5500   -0.35575627E+0001   -0.35754080E+0001    0.19920290E+0001     15718
  5550   -0.35537557E+0001   -0.35679953E+0001    0.19734843E+0001     16349
  5600   -0.35495571E+0001   -0.35632220E+0001    0.19859239E+0001     16756
  5650   -0.35452531E+0001   -0.35597215E+0001    0.20019634E+0001     17357
  5700   -0.35408342E+0001   -0.35539114E+0001    0.19780224E+0001     17750
  5750   -0.35363771E+0001   -0.35513264E+0001    0.19990408E+0001     18023
  5800   -0.35313161E+0001   -0.35498137E+0001    0.19844986E+0001     18365
  5850   -0.35257303E+0001   -0.35479080E+0001    0.19834761E+0001     18972
  5900   -0.35194361E+0001   -0.35439963E+0001    0.19782539E+0001     19167
  5950   -0.35129298E+0001   -0.35365041E+0001    0.19668134E+0001     19547
  6000   -0.35065880E+0001   -0.35309741E+0001    0.19396674E+0001     19818
  6050   -0.34990141E+0001   -0.35279903E+0001    0.19020941E+0001     20173
  6100   -0.34904929E+0001   -0.35228562E+0001    0.18603124E+0001     20805
  6150   -0.34820182E+0001   -0.35117496E+0001    0.18408528E+0001     21184
  6200   -0.34757294E+0001   -0.35025448E+0001    0.18089251E+0001     21614
  6250   -0.34708895E+0001   -0.34946570E+0001    0.18131301E+0001     22004
  6300   -0.34662682E+0001   -0.34883288E+0001    0.17769579E+0001     22263
  6350   -0.34617320E+0001   -0.34814431E+0001    0.17631260E+0001     22585
  6400   -0.34576187E+0001   -0.34758242E+0001    0.17460790E+0001     23158
  6401   -0.34578471E+0001   -0.34578471E+0001    0.17882328E+0001     12000
  6450   -0.34627919E+0001   -0.34691282E+0001    0.17531600E+0001     12016
  6500   -0.34587483E+0001   -0.34672672E+0001    0.17514647E+0001     12369
  6550   -0.34548363E+0001   -0.34640882E+0001    0.17330655E+0001     12522
  6600   -0.34508794E+0001   -0.34616189E+0001    0.17044255E+0001     13029
  6650   -0.34468771E+0001   -0.34596777E+0001    0.16754802E+0001     13474
  6700   -0.34429094E+0001   -0.34555473E+0001    0.16670820E+0001     13534
  6750   -0.34390328E+0001   -0.34520241E+0001    0.16581856E+0001     13474
  6800   -0.34352970E+0001   -0.34488465E+0001    0.16367000E+0001     13770
  6850   -0.34315447E+0001   -0.34469445E+0001    0.16248886E+0001     14037
  6900   -0.34281314E+0001   -0.34420229E+0001    0.16073682E+0001     14384
  6950   -0.34250266E+0001   -0.34385901E+0001    0.15902540E+0001     14523
  7000   -0.34223463E+0001   -0.34357758E+0001    0.15448173E+0001     14539
  7050   -0.34197681E+0001   -0.34314794E+0001    0.15540467E+0001     14985
  7100   -0.34172079E+0001   -0.34285054E+0001    0.15330876E+0001     15223
  7150   -0.34148294E+0001   -0.34256654E+0001    0.15298643E+0001     15741
  7200   -0.34127115E+0001   -0.34243630E+0001    0.14803077E+0001     16035
  7250   -0.34108180E+0001   -0.34233443E+0001    0.14675016E+0001     16364
  7300   -0.34082828E+0001   -0.34217295E+0001    0.14280140E+0001     16815
  7350   -0.34055196E+0001   -0.34203278E+0001    0.14071804E+0001     17248
  7400   -0.34029580E+0001   -0.34172190E+0001    0.13649624E+0001     17607
  7450   -0.34004752E+0001   -0.34148431E+0001    0.13668908E+0001     17898
  7500   -0.33982854E+0001   -0.34112805E+0001    0.13347939E+0001     18527
  7550   -0.33963722E+0001   -0.34079785E+0001    0.13127004E+0001     18871
  7600   -0.33945298E+0001   -0.34055035E+0001    0.12978398E+0001     19164
  7650   -0.33925786E+0001   -0.34024053E+0001    0.12868705E+0001     19222
  7700   -0.33905033E+0001   -0.34025879E+0001    0.12764422E+0001     19554
  7750   -0.33885151E+0001   -0.34001466E+0001    0.12609524E+0001     19937
  7800   -0.33864891E+0001   -0.34001090E+0001    0.12441083E+0001     20440
  7850   -0.33844437E+0001   -0.33939790E+0001    0.12293378E+0001     20885
  7900   -0.33824424E+0001   -0.33928786E+0001    0.11829796E+0001     21333
  7950   -0.33803863E+0001   -0.33919183E+0001    0.11879662E+0001     22160
  8000   -0.33782695E+0001   -0.33914415E+0001    0.11711984E+0001     22676
  8001   -0.33783677E+0001   -0.33783677E+0001    0.11756277E+0001     12000
  8050   -0.33805481E+0001   -0.33846189E+0001    0.11785880E+0001     12022
  8100   -0.33788107E+0001   -0.33857796E+0001    0.11836872E+0001     11952
  8150   -0.33769753E+0001   -0.33851740E+0001    0.11717882E+0001     12019
  8200   -0.33751320E+0001   -0.33842231E+0001    0.11528125E+0001     12141
  8250   -0.33732440E+0001   -0.33826035E+0001    0.11300564E+0001     12425
  8300   -0.33712600E+0001   -0.33807273E+0001    0.11446618E+0001     12594
  8350   -0.33692001E+0001   -0.33777117E+0001    0.11133352E+0001     12511
  8400   -0.33673392E+0001   -0.33766994E+0001    0.11236037E+0001     13036
  8450   -0.33655930E+0001   -0.33751049E+0001    0.11089348E+0001     13197
  8500   -0.33638745E+0001   -0.33753163E+0001    0.11129892E+0001     13012
  8550   -0.33621676E+0001   -0.33716496E+0001    0.11053354E+0001     13203
  8600   -0.33605592E+0001   -0.33719882E+0001    0.10971335E+0001     13564
  8650   -0.33589499E+0001   -0.33706979E+0001    0.10785284E+0001     13967
  8700   -0.33573319E+0001   -0.33668357E+0001    0.10729747E+0001     14338
  8750   -0.33556558E+0001   -0.33663243E+0001    0.10647401E+0001     14694
  8800   -0.33538431E+0001   -0.33642077E+0001    0.10546082E+0001     14923
  8850   -0.33519573E+0001   -0.33607483E+0001    0.10459065E+0001     15488
  8900   -0.33501657E+0001   -0.33598458E+0001    0.10208990E+0001     15531
  8950   -0.33484068E+0001   -0.33599458E+0001    0.10337651E+0001     15882
  9000   -0.33465402E+0001   -0.33596102E+0001    0.10114723E+0001     16264
  9050   -0.33448516E+0001   -0.33558874E+0001    0.10296887E+0001     16650
  9100   -0.33432554E+0001   -0.33549879E+0001    0.10172140E+0001     16944
  9150   -0.33418510E+0001   -0.33532009E+0001    0.10027865E+0001     17446
  9200   -0.33405495E+0001   -0.33512232E+0001    0.98794933E+0000     17599
  9250   -0.33391240E+0001   -0.33486220E+0001    0.98603712E+0000     17904
  9300   -0.33376996E+0001   -0.33476514E+0001    0.97298101E+0000     18118
  9350   -0.33365483E+0001   -0.33469000E+0001    0.95948712E+0000     18290
  9400   -0.33351588E+0001   -0.33447945E+0001    0.93992924E+0000     18557
  9450   -0.33334405E+0001   -0.33445538E+0001    0.93840958E+0000     19035
  9500   -0.33315182E+0001   -0.33439479E+0001    0.93256901E+0000     19437
  9550   -0.33296398E+0001   -0.33427180E+0001    0.93427878E+0000     19830
  9600   -0.33277841E+0001   -0.33418092E+0001    0.92553823E+0000     19904
  9601   -0.33278412E+0001   -0.33278412E+0001    0.90105813E+0000     12000
  9650   -0.33291599E+0001   -0.33328662E+0001    0.91077354E+0000     12021
  9700   -0.33281988E+0001   -0.33324021E+0001    0.91566186E+0000     12201
  9750   -0.33272657E+0001   -0.33318465E+0001    0.93020486E+0000     12433
  9800   -0.33263416E+0001   -0.33315079E+0001    0.91283399E+0000     12619
  9850   -0.33252835E+0001   -0.33327575E+0001    0.90456575E+0000     12732
  9900   -0.33242371E+0001   -0.33318716E+0001    0.90771601E+0000     13042
  9950   -0.33231788E+0001   -0.33301883E+0001    0.90419935E+0000     13002
 10000   -0.33220297E+0001   -0.33295335E+0001    0.91048380E+0000     13285
 10050   -0.33208602E+0001   -0.33293713E+0001    0.90003233E+0000     13156
 10100   -0.33196350E+0001   -0.33291190E+0001    0.89906433E+0000     13223
 10150   -0.33185101E+0001   -0.33277389E+0001    0.88392043E+0000     13502
 10200   -0.33173840E+0001   -0.33257447E+0001    0.87855171E+0000     13825
 10250   -0.33162938E+0001   -0.33255097E+0001    0.86563746E+0000     13980
 10300   -0.33151218E+0001   -0.33246604E+0001    0.86502012E+0000     14206
 10350   -0.33141235E+0001   -0.33239120E+0001    0.86656776E+0000     14380
 10400   -0.33130746E+0001   -0.33213030E+0001    0.85081005E+0000     14478
 10450   -0.33119805E+0001   -0.33222894E+0001    0.83080864E+0000     14868
 10500   -0.33108587E+0001   -0.33198474E+0001    0.82509068E+0000     15033
 10550   -0.33096238E+0001   -0.33185770E+0001    0.81522180E+0000     15221
 10600   -0.33082067E+0001   -0.33178917E+0001    0.80407962E+0000     15468
 10650   -0.33068236E+0001   -0.33177034E+0001    0.82131457E+0000     16027
 10700   -0.33054456E+0001   -0.33180417E+0001    0.79795786E+0000     16394
 10750   -0.33039820E+0001   -0.33172657E+0001    0.78432719E+0000     16395
 10800   -0.33026338E+0001   -0.33141937E+0001    0.80406215E+0000     16743
 10850   -0.33013543E+0001   -0.33123820E+0001    0.78487053E+0000     17020
 10900   -0.33001550E+0001   -0.33116028E+0001    0.77976031E+0000     17112
 10950   -0.32991302E+0001   -0.33088973E+0001    0.76626432E+0000     17550
 11000   -0.32981264E+0001   -0.33083792E+0001    0.76804648E+0000     17728
 11050   -0.32971551E+0001   -0.33088036E+0001    0.75556873E+0000     17964
 11100   -0.32962974E+0001   -0.33044361E+0001    0.73765982E+0000     18344
 11150   -0.32954093E+0001   -0.33028436E+0001    0.76110348E+0000     18760
 11200   -0.32947046E+0001   -0.33027546E+0001    0.73968278E+0000     19080
 11201   -0.32947406E+0001   -0.32947406E+0001    0.71420124E+0000     12000
 11250   -0.32955994E+0001   -0.32978392E+0001    0.73180755E+0000     11983
 11300   -0.32950501E+0001   -0.32981669E+0001    0.73288967E+0000     11960
 11350   -0.32944902E+0001   -0.32984043E+0001    0.74126979E+0000     12165
 11400   -0.32939503E+0001   -0.32979026E+0001    0.73965300E+0000     12351
 11450   -0.32933832E+0001   -0.32980197E+0001    0.72690622E+0000     12494
 11500   -0.32926922E+0001   -0.32983260E+0001    0.73470126E+0000     12620
 11550   -0.32920017E+0001   -0.32994488E+0001    0.71432819E+0000     12685
 11600   -0.32913073E+0001   -0.32984729E+0001    0.73031942E+0000     12844
 11650   -0.32905167E+0001   -0.32989849E+0001    0.72088719E+0000     12845
 11700   -0.32897768E+0001   -0.32988886E+0001    0.72954904E+0000     13025
 11750   -0.32890343E+0001   -0.32981358E+0001    0.71999097E+0000     13054
 11800   -0.32882522E+0001   -0.32954311E+0001    0.72670029E+0000     13286
 11850   -0.32874808E+0001   -0.32948078E+0001    0.69633037E+0000     13519
 11900   -0.32867892E+0001   -0.32949413E+0001    0.71227352E+0000     13936
 11950   -0.32861457E+0001   -0.32939686E+0001    0.68455114E+0000     14082
 12000   -0.32853813E+0001   -0.32932305E+0001    0.68040977E+0000     14163
 12050   -0.32846169E+0001   -0.32931252E+0001    0.68085843E+0000     14435
 12100   -0.32840122E+0001   -0.32921927E+0001    0.65822572E+0000     14659
 12150   -0.32834767E+0001   -0.32921604E+0001    0.67548123E+0000     14877
 12200   -0.32828423E+0001   -0.32921332E+0001    0.62012411E+0000     15118
 12250   -0.32820918E+0001   -0.32912739E+0001    0.64686317E+0000     15391
 12300   -0.32813381E+0001   -0.32919744E+0001    0.67542884E+0000     15657
 12350   -0.32805959E+0001   -0.32912729E+0001    0.63076619E+0000     16061
 12400   -0.32797578E+0001   -0.32911648E+0001    0.64689072E+0000     16389
 12450   -0.32789989E+0001   -0.32903998E+0001    0.64182267E+0000     16571
 12500   -0.32781796E+0001   -0.32905404E+0001    0.64697901E+0000     16471
 12550   -0.32774079E+0001   -0.32897723E+0001    0.62717034E+0000     16692
 12600   -0.32765802E+0001   -0.32883559E+0001    0.61352615E+0000     17356
 12650   -0.32758057E+0001   -0.32868114E+0001    0.61923403E+0000     17560
 12700   -0.32748823E+0001   -0.32865382E+0001    0.60262645E+0000     17502
 12750   -0.32739847E+0001   -0.32856842E+0001    0.59789509E+0000     17892
 12800   -0.32732610E+0001   -0.32844940E+0001    0.60024289E+0000     17801
 12801   -0.32732836E+0001   -0.32732836E+0001    0.56846233E+0000     12000
 12850   -0.32738399E+0001   -0.32759636E+0001    0.57968125E+0000     11901
 12900   -0.32735431E+0001   -0.32761028E+0001    0.60035097E+0000     11932
 12950   -0.32732131E+0001   -0.32761036E+0001    0.61074205E+0000     11950
 13000   -0.32728665E+0001   -0.32760157E+0001    0.62074274E+0000     12156
 13050   -0.32725198E+0001   -0.32760760E+0001    0.60393804E+0000     12383
 13100   -0.32722370E+0001   -0.32759563E+0001    0.58411675E+0000     12657
 13150   -0.32719696E+0001   -0.32756755E+0001    0.60821525E+0000     12695
 13200   -0.32716640E+0001   -0.32759177E+0001    0.61483646E+0000     12822
 13250   -0.32713774E+0001   -0.32765040E+0001    0.58978270E+0000     13105
 13300   -0.32710921E+0001   -0.32776898E+0001    0.60219871E+0000     13252
 13350   -0.32708342E+0001   -0.32773402E+0001    0.60375821E+0000     13502
 13400   -0.32705163E+0001   -0.32764428E+0001    0.58399658E+0000     13603
 13450   -0.32701170E+0001   -0.32759782E+0001    0.55469931E+0000     13702
 13500   -0.32697276E+0001   -0.32762803E+0001    0.57243882E+0000     13861
 13550   -0.32691763E+0001   -0.32759617E+0001    0.57795644E+0000     14133
 13600   -0.32686351E+0001   -0.32755071E+0001    0.56646102E+0000     14188
 13650   -0.32681821E+0001   -0.32766962E+0001    0.55464142E+0000     14230
 13700   -0.32677348E+0001   -0.32767488E+0001    0.53146978E+0000     14351
 13750   -0.32673440E+0001   -0.32764457E+0001    0.56371244E+0000     14492
 13800   -0.32670130E+0001   -0.32760666E+0001    0.56163886E+0000     14719
 13850   -0.32666213E+0001   -0.32734588E+0001    0.53266054E+0000     14914
 13900   -0.32661540E+0001   -0.32731595E+0001    0.54885476E+0000     14983
 13950   -0.32657183E+0001   -0.32733175E+0001    0.56449529E+0000     15249
 14000   -0.32652425E+0001   -0.32744186E+0001    0.57663222E+0000     15557
 14050   -0.32647589E+0001   -0.32734227E+0001    0.53427279E+0000     15831
 14100   -0.32641669E+0001   -0.32736424E+0001    0.54133161E+0000     16194
 14150   -0.32636235E+0001   -0.32732921E+0001    0.54861709E+0000     16300
 14200   -0.32631089E+0001   -0.32730046E+0001    0.55545875E+0000     16583
 14250   -0.32626196E+0001   -0.32723022E+0001    0.48909414E+0000     16761
 14300   -0.32620807E+0001   -0.32721954E+0001    0.53794674E+0000     16865
 14350   -0.32616368E+0001   -0.32714533E+0001    0.52489828E+0000     17160
 14400   -0.32612014E+0001   -0.32717741E+0001    0.51268836E+0000     17293
 14450   -0.32606413E+0001   -0.32702911E+0001    0.51150499E+0000     17493
 14500   -0.32600401E+0001   -0.32693765E+0001    0.49501211E+0000     17826
 14550   -0.32594611E+0001   -0.32687684E+0001    0.52389261E+0000     18019
 14600   -0.32588961E+0001   -0.32680471E+0001    0.49979069E+0000     18299
 14650   -0.32584124E+0001   -0.32679107E+0001    0.50163212E+0000     18673
 14700   -0.32580151E+0001   -0.32675168E+0001    0.48282358E+0000     19133
 14750   -0.32576528E+0001   -0.32673175E+0001    0.49635400E+0000     19410
 14800   -0.32573180E+0001   -0.32664249E+0001    0.48787174E+0000     19973
 14850   -0.32569563E+0001   -0.32655761E+0001    0.49260153E+0000     20361
 14900   -0.32566064E+0001   -0.32636747E+0001    0.47084663E+0000     20655
 14950   -0.32562346E+0001   -0.32631123E+0001    0.48050174E+0000     21220
 15000   -0.32558405E+0001   -0.32624326E+0001    0.48449153E+0000     21483
 15050   -0.32554452E+0001   -0.32619726E+0001    0.45708167E+0000     21888
 15100   -0.32551189E+0001   -0.32621512E+0001    0.45489425E+0000     22049
 15150   -0.32547758E+0001   -0.32612985E+0001    0.48954566E+0000     22620
 15200   -0.32543627E+0001   -0.32604184E+0001    0.47293639E+0000     22767
 15250   -0.32540227E+0001   -0.32605498E+0001    0.47404427E+0000     23150
 15300   -0.32536655E+0001   -0.32602846E+0001    0.45388536E+0000     23623
 15350   -0.32533620E+0001   -0.32601634E+0001    0.47449337E+0000     24015
 15400   -0.32530783E+0001   -0.32598584E+0001    0.46843161E+0000     24320
 15450   -0.32527861E+0001   -0.32596971E+0001    0.45219113E+0000     24705
 15500   -0.32525217E+0001   -0.32591737E+0001    0.44289601E+0000     25010
 15550   -0.32522416E+0001   -0.32583409E+0001    0.39901392E+0000     25237
 15600   -0.32519507E+0001   -0.32575224E+0001    0.43985804E+0000     25790
 15650   -0.32516202E+0001   -0.32571852E+0001    0.42798681E+0000     26390
 15700   -0.32513028E+0001   -0.32568389E+0001    0.44123065E+0000     26610
 15750   -0.32510199E+0001   -0.32573393E+0001    0.41759090E+0000     27047
 15800   -0.32507923E+0001   -0.32571067E+0001    0.42167379E+0000     27579
 15850   -0.32506270E+0001   -0.32569003E+0001    0.40909943E+0000     27999
 15900   -0.32504047E+0001   -0.32571814E+0001    0.42597429E+0000     28309
 15950   -0.32501735E+0001   -0.32574084E+0001    0.41844897E+0000     29011
 16000   -0.32499181E+0001   -0.32570919E+0001    0.42040566E+0000     29726
 16001   -0.32499025E+0001   -0.32499025E+0001    0.36233143E+0000         1
 16050   -0.32493180E+0001   -0.32493180E+0001    0.56378794E+0000         1
 16100   -0.32498984E+0001   -0.32498984E+0001    0.68755897E+0000         1
 16150   -0.32511423E+0001   -0.32511423E+0001    0.67751727E+0000         1
 16200   -0.32520253E+0001   -0.32520253E+0001    0.56442446E+0000         1
 16250   -0.32517013E+0001   -0.32517013E+0001    0.63509488E+0000         1
 16300   -0.32526276E+0001   -0.32526276E+0001    0.62721109E+0000         1
 16350   -0.32529542E+0001   -0.32529542E+0001    0.63755693E+0000         1
 16400   -0.32539770E+0001   -0.32539770E+0001    0.60321543E+0000         1
 16450   -0.32541102E+0001   -0.32541102E+0001    0.58867250E+0000         1
 16500   -0.32538768E+0001   -0.32538768E+0001    0.64033490E+0000         1
 16550   -0.32552188E+0001   -0.32552188E+0001    0.59997639E+0000         1
 16600   -0.32558076E+0001   -0.32558076E+0001    0.60664697E+0000         1
 16650   -0.32572648E+0001   -0.32572648E+0001    0.62821055E+0000         1
 16700   -0.32580416E+0001   -0.32580416E+0001    0.67810195E+0000         1
 16750   -0.32585620E+0001   -0.32585620E+0001    0.56443463E+0000         1
 16800   -0.32589985E+0001   -0.32589985E+0001    0.67044805E+0000         1
 16850   -0.32607418E+0001   -0.32607418E+0001    0.62531222E+0000         1
 16900   -0.32621339E+0001   -0.32621339E+0001    0.60488352E+0000         1
 16950   -0.32625686E+0001   -0.32625686E+0001    0.60393406E+0000         1
 17000   -0.32640350E+0001   -0.32640350E+0001    0.63971560E+0000         1
 17050   -0.32650095E+0001   -0.32650095E+0001    0.63648277E+0000         1
 17100   -0.32659510E+0001   -0.32659510E+0001    0.61343331E+0000         1
 17150   -0.32656158E+0001   -0.32656158E+0001    0.86290011E+0000         1
 17200   -0.32674937E+0001   -0.32674937E+0001    0.62629154E+0000         1
 17250   -0.32681734E+0001   -0.32681734E+0001    0.69992670E+0000         1
 17300   -0.32684573E+0001   -0.32684573E+0001    0.85534059E+0000         1
 17350   -0.32689072E+0001   -0.32689072E+0001    0.85879113E+0000         1
 17400   -0.32707797E+0001   -0.32707797E+0001    0.69342140E+0000         1
 17450   -0.32720964E+0001   -0.32720964E+0001    0.65791661E+0000         1
 17500   -0.32729229E+0001   -0.32729229E+0001    0.67394330E+0000         1
 17550   -0.32735895E+0001   -0.32735895E+0001    0.64326980E+0000         1
 17600   -0.32749080E+0001   -0.32749080E+0001    0.71853768E+0000         1
 17650   -0.32749777E+0001   -0.32749777E+0001    0.85060489E+0000         1
 17700   -0.32771326E+0001   -0.32771326E+0001    0.73045260E+0000         1
 17750   -0.32785638E+0001   -0.32785638E+0001    0.82785096E+0000         1
 17800   -0.32808319E+0001   -0.32808319E+0001    0.84735528E+0000         1
 17850   -0.32834456E+0001   -0.32834456E+0001    0.78949433E+0000         1
 17900   -0.32839379E+0001   -0.32839379E+0001    0.81022515E+0000         1
 17950   -0.32844908E+0001   -0.32844908E+0001    0.10084327E+0001         1
 18000   -0.32868307E+0001   -0.32868307E+0001    0.88144863E+0000         1
 18050   -0.32885968E+0001   -0.32885968E+0001    0.78492676E+0000         1
 18100   -0.32908923E+0001   -0.32908923E+0001    0.83795727E+0000         1
 18150   -0.32925676E+0001   -0.32925676E+0001    0.96326016E+0000         1
 18200   -0.32955221E+0001   -0.32955221E+0001    0.83536427E+0000         1
 18250   -0.32969893E+0001   -0.32969893E+0001    0.86542910E+0000         1
 18300   -0.32986743E+0001   -0.32986743E+0001    0.90929822E+0000         1
 18350   -0.33012782E+0001   -0.33012782E+0001    0.84959795E+0000         1
 18400   -0.33034674E+0001   -0.33034674E+0001    0.90344162E+0000         1
 18450   -0.33072130E+0001   -0.33072130E+0001    0.99221422E+0000         1
 18500   -0.33095040E+0001   -0.33095040E+0001    0.10205041E+0001         1
 18550   -0.33122405E+0001   -0.33122405E+0001    0.10487525E+0001         1
 18600   -0.33143363E+0001   -0.33143363E+0001    0.10191395E+0001         1
 18650   -0.33170169E+0001   -0.33170169E+0001    0.95896238E+0000         1
 18700   -0.33183857E+0001   -0.33183857E+0001    0.10433429E+0001         1
 18750   -0.33228345E+0001   -0.33228345E+0001    0.10310497E+0001         1
 18800   -0.33264569E+0001   -0.33264569E+0001    0.10341220E+0001         1
 18850   -0.33295365E+0001   -0.33295365E+0001    0.10957573E+0001         1
 18900   -0.33333498E+0001   -0.33333498E+0001    0.11188424E+0001         1
 18950   -0.33374113E+0001   -0.33374113E+0001    0.11538639E+0001         1
 19000   -0.33407064E+0001   -0.33407064E+0001    0.11522456E+0001         1
 19050   -0.33454876E+0001   -0.33454876E+0001    0.11720272E+0001         1
 19100   -0.33480242E+0001   -0.33480242E+0001    0.12529359E+0001         1
 19150   -0.33536626E+0001   -0.33536626E+0001    0.11310249E+0001         1
 19200   -0.33547443E+0001   -0.33547443E+0001    0.11702403E+0001         1
 19250   -0.33582414E+0001   -0.33582414E+0001    0.11857697E+0001         1
 19300   -0.33629478E+0001   -0.33629478E+0001    0.12159953E+0001         1
 19350   -0.33678495E+0001   -0.33678495E+0001    0.12890979E+0001         1
 19400   -0.33741666E+0001   -0.33741666E+0001    0.12595759E+0001         1
 19450   -0.33799339E+0001   -0.33799339E+0001    0.13640031E+0001         1
 19500   -0.33840253E+0001   -0.33840253E+0001    0.13696832E+0001         1
 19550   -0.33881621E+0001   -0.33881621E+0001    0.14751652E+0001         1
 19600   -0.33947464E+0001   -0.33947464E+0001    0.14877615E+0001         1
 19650   -0.34017354E+0001   -0.34017354E+0001    0.15139802E+0001         1
 19700   -0.34093139E+0001   -0.34093139E+0001    0.15194201E+0001         1
 19750   -0.34185930E+0001   -0.34185930E+0001    0.15678019E+0001         1
 19800   -0.34265840E+0001   -0.34265840E+0001    0.15437744E+0001         1
 19850   -0.34339896E+0001   -0.34339896E+0001    0.16125864E+0001         1
 19900   -0.34431344E+0001   -0.34431344E+0001    0.16497478E+0001         1
 19950   -0.34524490E+0001   -0.34524490E+0001    0.16856636E+0001         1
 20000   -0.34610655E+0001   -0.34610655E+0001    0.17530586E+0001         1
 20050   -0.34711202E+0001   -0.34711202E+0001    0.17751531E+0001         1
 20100   -0.34821955E+0001   -0.34821955E+0001    0.17955295E+0001         1
 20150   -0.34924121E+0001   -0.34924121E+0001    0.17946231E+0001         1
 20200   -0.35048162E+0001   -0.35048162E+0001    0.17851215E+0001         1
 20250   -0.35165330E+0001   -0.35165330E+0001    0.18206792E+0001         1
 20300   -0.35277611E+0001   -0.35277611E+0001    0.19620304E+0001         1
 20350   -0.35386684E+0001   -0.35386684E+0001    0.18199733E+0001         1
 20400   -0.35461995E+0001   -0.35461995E+0001    0.17793668E+0001         1
 20450   -0.35537724E+0001   -0.35537724E+0001    0.17822338E+0001         1
 20500   -0.35648200E+0001   -0.35648200E+0001    0.16759892E+0001         1
 20550   -0.35718568E+0001   -0.35718568E+0001    0.16631743E+0001         1
 20600   -0.35796638E+0001   -0.35796638E+0001    0.16130068E+0001         1
 20650   -0.35893801E+0001   -0.35893801E+0001    0.15531053E+0001         1
 20700   -0.35956121E+0001   -0.35956121E+0001    0.15793494E+0001         1
 20750   -0.36025658E+0001   -0.36025658E+0001    0.15049238E+0001         1
 20800   -0.36075844E+0001   -0.36075844E+0001    0.14919625E+0001         1
 20850   -0.36133272E+0001   -0.36133272E+0001    0.14452432E+0001         1
 20900   -0.36194627E+0001   -0.36194627E+0001    0.14369041E+0001         1
 20950   -0.36249152E+0001   -0.36249152E+0001    0.13821503E+0001         1
 21000   -0.36301356E+0001   -0.36301356E+0001    0.14438639E+0001         1
 21050   -0.36371620E+0001   -0.36371620E+0001    0.14621312E+0001         1
 21100   -0.36437901E+0001   -0.36437901E+0001    0.14871122E+0001         1
 21150   -0.36507344E+0001   -0.36507344E+0001    0.14994871E+0001         1
 21200   -0.36577941E+0001   -0.36577941E+0001    0.14736673E+0001         1
 21250   -0.36645881E+0001   -0.36645881E+0001    0.14301796E+0001         1
 21300   -0.36719545E+0001   -0.36719545E+0001    0.14885845E+0001         1
 21350   -0.36821313E+0001   -0.36821313E+0001    0.15711518E+0001         1
 21400   -0.36918968E+0001   -0.36918968E+0001    0.15593145E+0001         1
 21450   -0.37013527E+0001   -0.37013527E+0001    0.16104319E+0001         1
 21500   -0.37098067E+0001   -0.37098067E+0001    0.16729917E+0001         1
 21550   -0.37200734E+0001   -0.37200734E+0001    0.16872706E+0001         1
 21600   -0.37306284E+0001   -0.37306284E+0001    0.17303636E+0001         1
 21650   -0.37426159E+0001   -0.37426159E+0001    0.17803109E+0001         1
 21700   -0.37524657E+0001   -0.37524657E+0001    0.17853347E+0001         1
 21750   -0.37613302E+0001   -0.37613302E+0001    0.18282027E+0001         1
 21800   -0.37729926E+0001   -0.37729926E+0001    0.19175528E+0001         1
 21850   -0.37859394E+0001   -0.37859394E+0001    0.19415323E+0001         1
 21900   -0.37953070E+0001   -0.37953070E+0001    0.19639349E+0001         1
 21950   -0.38091276E+0001   -0.38091276E+0001    0.20011569E+0001         1
 22000   -0.38244378E+0001   -0.38244378E+0001    0.19978992E+0001         1
 22050   -0.38352891E+0001   -0.38352891E+0001    0.19845875E+0001         1
 22100   -0.38500110E+0001   -0.38500110E+0001    0.20101623E+0001         1
 22150   -0.38620234E+0001   -0.38620234E+0001    0.19834148E+0001         1
 22200   -0.38713101E+0001   -0.38713101E+0001    0.19394504E+0001         1
 22250   -0.38862524E+0001   -0.38862524E+0001    0.18436160E+0001         1
 22300   -0.38962630E+0001   -0.38962630E+0001    0.17606283E+0001         1
 22350   -0.39062067E+0001   -0.39062067E+0001    0.16489652E+0001         1
 22400   -0.39150173E+0001   -0.39150173E+0001    0.14755594E+0001         1
 22450   -0.39178037E+0001   -0.39178037E+0001    0.13862573E+0001         1
 22500   -0.39239417E+0001   -0.39239417E+0001    0.12546525E+0001         1
 22550   -0.39281122E+0001   -0.39281122E+0001    0.10588477E+0001         1
 22600   -0.39313510E+0001   -0.39313510E+0001    0.95098492E+0000         1
 22650   -0.39330518E+0001   -0.39330518E+0001    0.99505219E+0000         1
 22700   -0.39354471E+0001   -0.39354471E+0001    0.77678538E+0000         1
 22750   -0.39367903E+0001   -0.39367903E+0001    0.65261484E+0000         1
 22800   -0.39370333E+0001   -0.39370333E+0001    0.63811386E+0000         1
 22850   -0.39376057E+0001   -0.39376057E+0001    0.65569464E+0000         1
 22900   -0.39380643E+0001   -0.39380643E+0001    0.62395336E+0000         1
 22950   -0.39383314E+0001   -0.39383314E+0001    0.61882367E+0000         1
 23000   -0.39376761E+0001   -0.39376761E+0001    0.71186808E+0000         1
 23050   -0.39377331E+0001   -0.39377331E+0001    0.66852191E+0000         1
 23100   -0.39383494E+0001   -0.39383494E+0001    0.61544318E+0000         1
 23150   -0.39382561E+0001   -0.39382561E+0001    0.70875058E+0000         1
 23200   -0.39380016E+0001   -0.39380016E+0001    0.87824965E+0000         1
 23250   -0.39391936E+0001   -0.39391936E+0001    0.52281562E+0000         1
 23300   -0.39389242E+0001   -0.39389242E+0001    0.56113623E+0000         1
 23350   -0.39394530E+0001   -0.39394530E+0001    0.43068094E+0000         1
 23400   -0.39390756E+0001   -0.39390756E+0001    0.55404940E+0000         1
 23450   -0.39392524E+0001   -0.39392524E+0001    0.49383304E+0000         1
 23500   -0.39388934E+0001   -0.39388934E+0001    0.56008674E+0000         1
 23550   -0.39384947E+0001   -0.39384947E+0001    0.66891328E+0000         1
 23600   -0.39383650E+0001   -0.39383650E+0001    0.71465954E+0000         1
 23650   -0.39380548E+0001   -0.39380548E+0001    0.74319982E+0000         1
 23700   -0.39386595E+0001   -0.39386595E+0001    0.71824343E+0000         1
 23750   -0.39387344E+0001   -0.39387344E+0001    0.55873662E+0000         1
 23800   -0.39389254E+0001   -0.39389254E+0001    0.42404137E+0000         1
 23850   -0.39393336E+0001   -0.39393336E+0001    0.37806602E+0000         1
 23900   -0.39391448E+0001   -0.39391448E+0001    0.45041907E+0000         1
 23950   -0.39388483E+0001   -0.39388483E+0001    0.64141161E+0000         1
 24000   -0.39385405E+0001   -0.39385405E+0001    0.66140285E+0000         1
 24050   -0.39391132E+0001   -0.39391132E+0001    0.50352772E+0000         1
 24100   -0.39394671E+0001   -0.39394671E+0001    0.37870964E+0000         1
 24150   -0.39391224E+0001   -0.39391224E+0001    0.47555075E+0000         1
 24200   -0.39387086E+0001   -0.39387086E+0001    0.53576652E+0000         1
 24250   -0.39390743E+0001   -0.39390743E+0001    0.43487401E+0000         1
 24300   -0.39392462E+0001   -0.39392462E+0001    0.44422985E+0000         1
 24350   -0.39391829E+0001   -0.39391829E+0001    0.43645462E+0000         1
 24400   -0.39391062E+0001   -0.39391062E+0001    0.36944007E+0000         1
 24450   -0.39385721E+0001   -0.39385721E+0001    0.60295183E+0000         1
 24500   -0.39385831E+0001   -0.39385831E+0001    0.59800240E+0000         1
 24550   -0.39386734E+0001   -0.39386734E+0001    0.57438426E+0000         1
 24600   -0.39385018E+0001   -0.39385018E+0001    0.47254021E+0000         1
 24650   -0.39383776E+0001   -0.39383776E+0001    0.55769783E+0000         1
 24700   -0.39379399E+0001   -0.39379399E+0001    0.67903304E+0000         1
 24750   -0.39377309E+0001   -0.39377309E+0001    0.62509200E+0000         1
 24800   -0.39381679E+0001   -0.39381679E+0001    0.63836900E+0000         1
 24850   -0.39377198E+0001   -0.39377198E+0001    0.60435605E+0000         1
 24900   -0.39376035E+0001   -0.39376035E+0001    0.63135584E+0000         1
 24950   -0.39376698E+0001   -0.39376698E+0001    0.58455508E+0000         1
 25000   -0.39379545E+0001   -0.39379545E+0001    0.57410998E+0000         1
 25050   -0.39385739E+0001   -0.39385739E+0001    0.42190374E+0000         1
 25100   -0.39384635E+0001   -0.39384635E+0001    0.49272970E+0000         1
 25150   -0.39386920E+0001   -0.39386920E+0001    0.60256821E+0000         1
 25200   -0.39392275E+0001   -0.39392275E+0001    0.37814979E+0000         1
 25250   -0.39387126E+0001   -0.39387126E+0001    0.50796248E+0000         1
 25300   -0.39386941E+0001   -0.39386941E+0001    0.55896708E+0000         1
 25350   -0.39383538E+0001   -0.39383538E+0001    0.64161633E+0000         1
 25400   -0.39389434E+0001   -0.39389434E+0001    0.48649103E+0000         1
 25450   -0.39392788E+0001   -0.39392788E+0001    0.45469300E+0000         1
 25500   -0.39388059E+0001   -0.39388059E+0001    0.68831219E+0000         1
 25550   -0.39392441E+0001   -0.39392441E+0001    0.51884987E+0000         1
 25600   -0.39396037E+0001   -0.39396037E+0001    0.40512569E+0000         1
 25650   -0.39391719E+0001   -0.39391719E+0001    0.60192673E+0000         1
 25700   -0.39394170E+0001   -0.39394170E+0001    0.40955973E+0000         1
 25750   -0.39392382E+0001   -0.39392382E+0001    0.52346576E+0000         1
 25800   -0.39390642E+0001   -0.39390642E+0001    0.58283170E+0000         1
 25850   -0.39391040E+0001   -0.39391040E+0001    0.47312921E+0000         1
 25900   -0.39391971E+0001   -0.39391971E+0001    0.50321505E+0000         1
 25950   -0.39392865E+0001   -0.39392865E+0001    0.57111495E+0000         1
 26000   -0.39392791E+0001   -0.39392791E+0001    0.58949210E+0000         1
 26050   -0.39390074E+0001   -0.39390074E+0001    0.49519887E+0000         1
 26100   -0.39390686E+0001   -0.39390686E+0001    0.44479031E+0000         1
 26150   -0.39394124E+0001   -0.39394124E+0001    0.51454342E+0000         1
 26200   -0.39394002E+0001   -0.39394002E+0001    0.38449994E+0000         1
 26250   -0.39386638E+0001   -0.39386638E+0001    0.61004364E+0000         1
 26300   -0.39383741E+0001   -0.39383741E+0001    0.75555970E+0000         1
 26350   -0.39386623E+0001   -0.39386623E+0001    0.67317862E+0000         1
 26400   -0.39395896E+0001   -0.39395896E+0001    0.34654464E+0000         1
 26450   -0.39393069E+0001   -0.39393069E+0001    0.43730099E+0000         1
 26500   -0.39393013E+0001   -0.39393013E+0001    0.46680625E+0000         1
 26550   -0.39395467E+0001   -0.39395467E+0001    0.33046648E+0000         1
 26600   -0.39387820E+0001   -0.39387820E+0001    0.56485826E+0000         1
 26650   -0.39388866E+0001   -0.39388866E+0001    0.54833442E+0000         1
 26700   -0.39392568E+0001   -0.39392568E+0001    0.44409827E+0000         1
 26750   -0.39388192E+0001   -0.39388192E+0001    0.49021694E+0000         1
 26800   -0.39386729E+0001   -0.39386729E+0001    0.58087640E+0000         1
 26850   -0.39378028E+0001   -0.39378028E+0001    0.66467884E+0000         1
 26900   -0.39387858E+0001   -0.39387858E+0001    0.51579798E+0000         1
 26950   -0.39389757E+0001   -0.39389757E+0001    0.48607090E+0000         1
 27000   -0.39390819E+0001   -0.39390819E+0001    0.42849101E+0000         1
 27050   -0.39388420E+0001   -0.39388420E+0001    0.54647535E+0000         1
 27100   -0.39391741E+0001   -0.39391741E+0001    0.48539176E+0000         1
 27150   -0.39390415E+0001   -0.39390415E+0001    0.48405000E+0000         1
 27200   -0.39387664E+0001   -0.39387664E+0001    0.58334366E+0000         1
 27250   -0.39387727E+0001   -0.39387727E+0001    0.53945618E+0000         1
 27300   -0.39392345E+0001   -0.39392345E+0001    0.49661074E+0000         1
 27350   -0.39392818E+0001   -0.39392818E+0001    0.35226389E+0000         1
 27400   -0.39388195E+0001   -0.39388195E+0001    0.51638635E+0000         1
 27450   -0.39388541E+0001   -0.39388541E+0001    0.45262628E+0000         1
 27500   -0.39393157E+0001   -0.39393157E+0001    0.41048923E+0000         1
 27550   -0.39391891E+0001   -0.39391891E+0001    0.40291713E+0000         1
 27600   -0.39392537E+0001   -0.39392537E+0001    0.55112128E+0000         1
 27650   -0.39390806E+0001   -0.39390806E+0001    0.56138177E+0000         1
 27700   -0.39384243E+0001   -0.39384243E+0001    0.71962897E+0000         1
 27750   -0.39393709E+0001   -0.39393709E+0001    0.40346560E+0000         1
 27800   -0.39390936E+0001   -0.39390936E+0001    0.54689075E+0000         1
 27850   -0.39393305E+0001   -0.39393305E+0001    0.52487621E+0000         1
 27900   -0.39392226E+0001   -0.39392226E+0001    0.43846612E+0000         1
 27950   -0.39392488E+0001   -0.39392488E+0001    0.45719224E+0000         1
 28000   -0.39386215E+0001   -0.39386215E+0001    0.54239070E+0000         1
 28050   -0.39384791E+0001   -0.39384791E+0001    0.64304807E+0000         1
 28100   -0.39389521E+0001   -0.39389521E+0001    0.49414293E+0000         1
 28150   -0.39385106E+0001   -0.39385106E+0001    0.58446528E+0000         1
 28200   -0.39391409E+0001   -0.39391409E+0001    0.43540964E+0000         1
 28250   -0.39391752E+0001   -0.39391752E+0001    0.47279391E+0000         1
 28300   -0.39391324E+0001   -0.39391324E+0001    0.48501758E+0000         1
 28350   -0.39386731E+0001   -0.39386731E+0001    0.57806631E+0000         1
 28400   -0.39388197E+0001   -0.39388197E+0001    0.59480246E+0000         1
 28450   -0.39386308E+0001   -0.39386308E+0001    0.49202200E+0000         1
 28500   -0.39390460E+0001   -0.39390460E+0001    0.58721718E+0000         1
 28550   -0.39391560E+0001   -0.39391560E+0001    0.41244816E+0000         1
 28600   -0.39393498E+0001   -0.39393498E+0001    0.34667007E+0000         1
 28650   -0.39385612E+0001   -0.39385612E+0001    0.63604971E+0000         1
 28700   -0.39390727E+0001   -0.39390727E+0001    0.50780812E+0000         1
 28750   -0.39394019E+0001   -0.39394019E+0001    0.51443231E+0000         1
 28800   -0.39393529E+0001   -0.39393529E+0001    0.39594485E+0000         1
 28850   -0.39391175E+0001   -0.39391175E+0001    0.42092109E+0000         1
 28900   -0.39387704E+0001   -0.39387704E+0001    0.62868839E+0000         1
 28950   -0.39388818E+0001   -0.39388818E+0001    0.57672037E+0000         1
 29000   -0.39387429E+0001   -0.39387429E+0001    0.57383348E+0000         1
 29050   -0.39389508E+0001   -0.39389508E+0001    0.49008063E+0000         1
 29100   -0.39390017E+0001   -0.39390017E+0001    0.50864297E+0000         1
 29150   -0.39388424E+0001   -0.39388424E+0001    0.54561564E+0000         1
 29200   -0.39384114E+0001   -0.39384114E+0001    0.66474919E+0000         1
 29250   -0.39391024E+0001   -0.39391024E+0001    0.47119547E+0000         1
 29300   -0.39389474E+0001   -0.39389474E+0001    0.52419121E+0000         1
 29350   -0.39384444E+0001   -0.39384444E+0001    0.58296130E+0000         1
 29400   -0.39389743E+0001   -0.39389743E+0001    0.51823633E+0000         1
 29450   -0.39390727E+0001   -0.39390727E+0001    0.49743987E+0000         1
 29500   -0.39384201E+0001   -0.39384201E+0001    0.69263854E+0000         1
 29550   -0.39390149E+0001   -0.39390149E+0001    0.52917129E+0000         1
 29600   -0.39390195E+0001   -0.39390195E+0001    0.52651077E+0000         1
 29650   -0.39384592E+0001   -0.39384592E+0001    0.56395066E+0000         1
 29700   -0.39387903E+0001   -0.39387903E+0001    0.58124370E+0000         1
 29750   -0.39386910E+0001   -0.39386910E+0001    0.59524606E+0000         1
 29800   -0.39389805E+0001   -0.39389805E+0001    0.47670589E+0000         1
 29850   -0.39393330E+0001   -0.39393330E+0001    0.36810666E+0000         1
 29900   -0.39392735E+0001   -0.39392735E+0001    0.45778197E+0000         1
 29950   -0.39390977E+0001   -0.39390977E+0001    0.52430865E+0000         1
 30000   -0.39389169E+0001   -0.39389169E+0001    0.48793737E+0000         1
 30050   -0.39385666E+0001   -0.39385666E+0001    0.51064890E+0000         1
 30100   -0.39379288E+0001   -0.39379288E+0001    0.72359002E+0000         1
 30150   -0.39382747E+0001   -0.39382747E+0001    0.63533004E+0000         1
 30200   -0.39384641E+0001   -0.39384641E+0001    0.70531336E+0000         1
 30250   -0.39387077E+0001   -0.39387077E+0001    0.58124565E+0000         1
 30300   -0.39386960E+0001   -0.39386960E+0001    0.58950883E+0000         1
 30350   -0.39392739E+0001   -0.39392739E+0001    0.52161852E+0000         1
 30400   -0.39396214E+0001   -0.39396214E+0001    0.29614491E+0000         1
 30450   -0.39393673E+0001   -0.39393673E+0001    0.36417914E+0000         1
 30500   -0.39393050E+0001   -0.39393050E+0001    0.43884864E+0000         1
 30550   -0.39393310E+0001   -0.39393310E+0001    0.30329871E+0000         1
 30600   -0.39391493E+0001   -0.39391493E+0001    0.38588276E+0000         1
 30650   -0.39393421E+0001   -0.39393421E+0001    0.47119882E+0000         1
 30700   -0.39393825E+0001   -0.39393825E+0001    0.43889757E+0000         1
 30750   -0.39390831E+0001   -0.39390831E+0001    0.45525005E+0000         1
 30800   -0.39393073E+0001   -0.39393073E+0001    0.41448547E+0000         1
 30850   -0.39390454E+0001   -0.39390454E+0001    0.55264659E+0000         1
 30900   -0.39392203E+0001   -0.39392203E+0001    0.50602903E+0000         1
 30950   -0.39386736E+0001   -0.39386736E+0001    0.73291370E+0000         1
 31000   -0.39388895E+0001   -0.39388895E+0001    0.61419143E+0000         1
 31050   -0.39392384E+0001   -0.39392384E+0001    0.45032106E+0000         1
 31100   -0.39394487E+0001   -0.39394487E+0001    0.43726221E+0000         1
 31150   -0.39395097E+0001   -0.39395097E+0001    0.43554684E+0000         1
 31200   -0.39390947E+0001   -0.39390947E+0001    0.43293045E+0000         1
 31250   -0.39387877E+0001   -0.39387877E+0001    0.56713230E+0000         1
 31300   -0.39380933E+0001   -0.39380933E+0001    0.78627925E+0000         1
 31350   -0.39389805E+0001   -0.39389805E+0001    0.52407652E+0000         1
 31400   -0.39385170E+0001   -0.39385170E+0001    0.54204793E+0000         1
 31450   -0.39387263E+0001   -0.39387263E+0001    0.48263552E+0000         1
 31500   -0.39384642E+0001   -0.39384642E+0001    0.59224822E+0000         1
 31550   -0.39380870E+0001   -0.39380870E+0001    0.64531365E+0000         1
 31600   -0.39386651E+0001   -0.39386651E+0001    0.48432878E+0000         1
 31650   -0.39377420E+0001   -0.39377420E+0001    0.82542728E+0000         1
 31700   -0.39383881E+0001   -0.39383881E+0001    0.70498427E+0000         1
 31750   -0.39389901E+0001   -0.39389901E+0001    0.45273539E+0000         1
 31800   -0.39390190E+0001   -0.39390190E+0001    0.47798439E+0000         1
 31850   -0.39381083E+0001   -0.39381083E+0001    0.75086589E+0000         1
 31900   -0.39380921E+0001   -0.39380921E+0001    0.70600930E+0000         1
 31950   -0.39390792E+0001   -0.39390792E+0001    0.44764094E+0000         1
 32000   -0.39390542E+0001   -0.39390542E+0001    0.48681209E+0000         1
 32050   -0.39389422E+0001   -0.39389422E+0001    0.50102490E+0000         1
 32100   -0.39390084E+0001   -0.39390084E+0001    0.51173348E+0000         1
 32150   -0.39393939E+0001   -0.39393939E+0001    0.37387886E+0000         1
 32200   -0.39394825E+0001   -0.39394825E+0001    0.40045514E+0000         1
 32250   -0.39392258E+0001   -0.39392258E+0001    0.46014739E+0000         1
 32300   -0.39392507E+0001   -0.39392507E+0001    0.44936055E+0000         1
 32350   -0.39394336E+0001   -0.39394336E+0001    0.45642097E+0000         1
 32400   -0.39395803E+0001   -0.39395803E+0001    0.39353386E+0000         1
 32450   -0.39393871E+0001   -0.39393871E+0001    0.34844286E+0000         1
 32500   -0.39392645E+0001   -0.39392645E+0001    0.48782368E+0000         1
 32550   -0.39383558E+0001   -0.39383558E+0001    0.87486377E+0000         1
 32600   -0.39388999E+0001   -0.39388999E+0001    0.52621919E+0000         1
 32650   -0.39388329E+0001   -0.39388329E+0001    0.59286061E+0000         1
 32700   -0.39392234E+0001   -0.39392234E+0001    0.49775974E+0000         1
 32750   -0.39391091E+0001   -0.39391091E+0001    0.47436834E+0000         1
 32800   -0.39391651E+0001   -0.39391651E+0001    0.49596088E+0000         1
 32850   -0.39389057E+0001   -0.39389057E+0001    0.55895670E+0000         1
 32900   -0.39392006E+0001   -0.39392006E+0001    0.41584405E+0000         1
 32950   -0.39388410E+0001   -0.39388410E+0001    0.59317422E+0000         1
 33000   -0.39386361E+0001   -0.39386361E+0001    0.56243062E+0000         1
 33050   -0.39383165E+0001   -0.39383165E+0001    0.70140665E+0000         1
 33100   -0.39384462E+0001   -0.39384462E+0001    0.64204832E+0000         1
 33150   -0.39390923E+0001   -0.39390923E+0001    0.50793252E+0000         1
 33200   -0.39382136E+0001   -0.39382136E+0001    0.68771210E+0000         1
 33250   -0.39387298E+0001   -0.39387298E+0001    0.56923377E+0000         1
 33300   -0.39383596E+0001   -0.39383596E+0001    0.68201879E+0000         1
 33350   -0.39388139E+0001   -0.39388139E+0001    0.60521035E+0000         1
 33400   -0.39391857E+0001   -0.39391857E+0001    0.46522220E+0000         1
 33450   -0.39378240E+0001   -0.39378240E+0001    0.67022464E+0000         1
 33500   -0.39374707E+0001   -0.39374707E+0001    0.73744197E+0000         1
 33550   -0.39386435E+0001   -0.39386435E+0001    0.58653881E+0000         1
 33600   -0.39391019E+0001   -0.39391019E+0001    0.48121802E+0000         1
 33650   -0.39390677E+0001   -0.39390677E+0001    0.43512479E+0000         1
 33700   -0.39384780E+0001   -0.39384780E+0001    0.62283851E+0000         1
 33750   -0.39386835E+0001   -0.39386835E+0001    0.51687787E+0000         1
 33800   -0.39378132E+0001   -0.39378132E+0001    0.65577937E+0000         1
 33850   -0.39384020E+0001   -0.39384020E+0001    0.60115485E+0000         1
 33900   -0.39389237E+0001   -0.39389237E+0001    0.51270376E+0000         1
 33950   -0.39394660E+0001   -0.39394660E+0001    0.33042383E+0000         1
 34000   -0.39387290E+0001   -0.39387290E+0001    0.68050574E+0000         1
 34050   -0.39383127E+0001   -0.39383127E+0001    0.64423159E+0000         1
 34100   -0.39382848E+0001   -0.39382848E+0001    0.66204000E+0000         1
 34150   -0.39377593E+0001   -0.39377593E+0001    0.86791074E+0000         1
 34200   -0.39391322E+0001   -0.39391322E+0001    0.43510646E+0000         1
 34250   -0.39394771E+0001   -0.39394771E+0001    0.39931751E+0000         1
 34300   -0.39394951E+0001   -0.39394951E+0001    0.39057434E+0000         1
 34350   -0.39391839E+0001   -0.39391839E+0001    0.60969883E+0000         1
 34400   -0.39388456E+0001   -0.39388456E+0001    0.59266562E+0000         1
 34450   -0.39389903E+0001   -0.39389903E+0001    0.42857138E+0000         1
 34500   -0.39391334E+0001   -0.39391334E+0001    0.46538054E+0000         1
 34550   -0.39392517E+0001   -0.39392517E+0001    0.44616019E+0000         1
 34600   -0.39394250E+0001   -0.39394250E+0001    0.42079845E+0000         1
 34650   -0.39391980E+0001   -0.39391980E+0001    0.40949703E+0000         1
 34700   -0.39394909E+0001   -0.39394909E+0001    0.32840968E+0000         1
 34750   -0.39389811E+0001   -0.39389811E+0001    0.57095192E+0000         1
 34800   -0.39393145E+0001   -0.39393145E+0001    0.40147451E+0000         1
 34850   -0.39391825E+0001   -0.39391825E+0001    0.42370886E+0000         1
 34900   -0.39388680E+0001   -0.39388680E+0001    0.50579823E+0000         1
 34950   -0.39383791E+0001   -0.39383791E+0001    0.68127029E+0000         1
 35000   -0.39387156E+0001   -0.39387156E+0001    0.69759099E+0000         1
 35050   -0.39390093E+0001   -0.39390093E+0001    0.53006282E+0000         1
 35100   -0.39390430E+0001   -0.39390430E+0001    0.53208398E+0000         1
 35150   -0.39390335E+0001   -0.39390335E+0001    0.56756085E+0000         1
 35200   -0.39392101E+0001   -0.39392101E+0001    0.43379682E+0000         1
 35250   -0.39392092E+0001   -0.39392092E+0001    0.44627876E+0000         1
 35300   -0.39388188E+0001   -0.39388188E+0001    0.61001624E+0000         1
 35350   -0.39386680E+0001   -0.39386680E+0001    0.73568190E+0000         1
 35400   -0.39386157E+0001   -0.39386157E+0001    0.70308523E+0000         1
 35450   -0.39390004E+0001   -0.39390004E+0001    0.57464577E+0000         1
 35500   -0.39394874E+0001   -0.39394874E+0001    0.41232699E+0000         1
 35550   -0.39391567E+0001   -0.39391567E+0001    0.46266421E+0000         1
 35600   -0.39391471E+0001   -0.39391471E+0001    0.54192969E+0000         1
 35650   -0.39391170E+0001   -0.39391170E+0001    0.44012526E+0000         1
 35700   -0.39392904E+0001   -0.39392904E+0001    0.35026347E+0000         1
 35750   -0.39390663E+0001   -0.39390663E+0001    0.39040688E+0000         1
 35800   -0.39388925E+0001   -0.39388925E+0001    0.62292169E+0000         1
 35850   -0.39392848E+0001   -0.39392848E+0001    0.48046224E+0000         1
 35900   -0.39389910E+0001   -0.39389910E+0001    0.50041314E+0000         1
 35950   -0.39393123E+0001   -0.39393123E+0001    0.52573091E+0000         1
 36000   -0.39391253E+0001   -0.39391253E+0001    0.44857598E+0000         1
 36050   -0.39387988E+0001   -0.39387988E+0001    0.57409409E+0000         1
 36100   -0.39391959E+0001   -0.39391959E+0001    0.42794845E+0000         1
 36150   -0.39391172E+0001   -0.39391172E+0001    0.53863753E+0000         1
 36200   -0.39391493E+0001   -0.39391493E+0001    0.50010665E+0000         1
 36250   -0.39386332E+0001   -0.39386332E+0001    0.65770367E+0000         1
 36300   -0.39389124E+0001   -0.39389124E+0001    0.65013646E+0000         1
 36350   -0.39391691E+0001   -0.39391691E+0001    0.47789163E+0000         1
 36400   -0.39390707E+0001   -0.39390707E+0001    0.44503148E+0000         1
 36450   -0.39392172E+0001   -0.39392172E+0001    0.44185504E+0000         1
 36500   -0.39391626E+0001   -0.39391626E+0001    0.48416250E+0000         1
 36550   -0.39389575E+0001   -0.39389575E+0001    0.62928045E+0000         1
 36600   -0.39391509E+0001   -0.39391509E+0001    0.50745330E+0000         1
 36650   -0.39393185E+0001   -0.39393185E+0001    0.54474214E+0000         1
 36700   -0.39394121E+0001   -0.39394121E+0001    0.42376116E+0000         1
 36750   -0.39394562E+0001   -0.39394562E+0001    0.32843116E+0000         1
 36800   -0.39394916E+0001   -0.39394916E+0001    0.36366631E+0000         1
 36850   -0.39394656E+0001   -0.39394656E+0001    0.43414888E+0000         1
 36900   -0.39390367E+0001   -0.39390367E+0001    0.55604714E+0000         1
 36950   -0.39392225E+0001   -0.39392225E+0001    0.38613729E+0000         1
 37000   -0.39390720E+0001   -0.39390720E+0001    0.50113480E+0000         1
 37050   -0.39385807E+0001   -0.39385807E+0001    0.69610836E+0000         1
 37100   -0.39391891E+0001   -0.39391891E+0001    0.49316455E+0000         1
 37150   -0.39393595E+0001   -0.39393595E+0001    0.48238939E+0000         1
 37200   -0.39389464E+0001   -0.39389464E+0001    0.68523885E+0000         1
 37250   -0.39394614E+0001   -0.39394614E+0001    0.40479814E+0000         1
 37300   -0.39387764E+0001   -0.39387764E+0001    0.56578369E+0000         1
 37350   -0.39389753E+0001   -0.39389753E+0001    0.51183963E+0000         1
 37400   -0.39391145E+0001   -0.39391145E+0001    0.49905536E+0000         1
 37450   -0.39391318E+0001   -0.39391318E+0001    0.45492109E+0000         1
 37500   -0.39391530E+0001   -0.39391530E+0001    0.46533831E+0000         1
 37550   -0.39385887E+0001   -0.39385887E+0001    0.58186562E+0000         1
 37600   -0.39389566E+0001   -0.39389566E+0001    0.47220111E+0000         1
 37650   -0.39390341E+0001   -0.39390341E+0001    0.40711855E+0000         1
 37700   -0.39385931E+0001   -0.39385931E+0001    0.53576062E+0000         1
 37750   -0.39387168E+0001   -0.39387168E+0001    0.53199871E+0000         1
 37800   -0.39392671E+0001   -0.39392671E+0001    0.37545756E+0000         1
 37850   -0.39392717E+0001   -0.39392717E+0001    0.37221727E+0000         1
 37900   -0.39391705E+0001   -0.39391705E+0001    0.46709799E+0000         1
 37950   -0.39392360E+0001   -0.39392360E+0001    0.40543042E+0000         1
 38000   -0.39383070E+0001   -0.39383070E+0001    0.74131748E+0000         1
 38050   -0.39386788E+0001   -0.39386788E+0001    0.62940954E+0000         1
 38100   -0.39386706E+0001   -0.39386706E+0001    0.59168459E+0000         1
 38150   -0.39394232E+0001   -0.39394232E+0001    0.39180234E+0000         1
 38200   -0.39389987E+0001   -0.39389987E+0001    0.45962269E+0000         1
 38250   -0.39389333E+0001   -0.39389333E+0001    0.49041077E+0000         1
 38300   -0.39390944E+0001   -0.39390944E+0001    0.46734156E+0000         1
 38350   -0.39388792E+0001   -0.39388792E+0001    0.59321555E+0000         1
 38400   -0.39393549E+0001   -0.39393549E+0001    0.42415287E+0000         1
 38450   -0.39392666E+0001   -0.39392666E+0001    0.50362208E+0000         1
 38500   -0.39390557E+0001   -0.39390557E+0001    0.48731782E+0000         1
 38550   -0.39391122E+0001   -0.39391122E+0001    0.42703765E+0000         1
 38600   -0.39386204E+0001   -0.39386204E+0001    0.51503279E+0000         1
 38650   -0.39382008E+0001   -0.39382008E+0001    0.71415503E+0000         1
 38700   -0.39389218E+0001   -0.39389218E+0001    0.57002730E+0000         1
 38750   -0.39392403E+0001   -0.39392403E+0001    0.42339747E+0000         1
 38800   -0.39397449E+0001   -0.39397449E+0001    0.28076124E+0000         1
 38850   -0.39391340E+0001   -0.39391340E+0001    0.51740478E+0000         1
 38900   -0.39394953E+0001   -0.39394953E+0001    0.35943569E+0000         1
 38950   -0.39386605E+0001   -0.39386605E+0001    0.71476088E+0000         1
 39000   -0.39393300E+0001   -0.39393300E+0001    0.45132650E+0000         1
 39050   -0.39390887E+0001   -0.39390887E+0001    0.55678334E+0000         1
 39100   -0.39388891E+0001   -0.39388891E+0001    0.54993147E+0000         1
 39150   -0.39392845E+0001   -0.39392845E+0001    0.46836473E+0000         1
 39200   -0.39389542E+0001   -0.39389542E+0001    0.54293090E+0000         1
 39250   -0.39385433E+0001   -0.39385433E+0001    0.55251390E+0000         1
 39300   -0.39385245E+0001   -0.39385245E+0001    0.54100523E+0000         1
 39350   -0.39383508E+0001   -0.39383508E+0001    0.67081261E+0000         1
 39400   -0.39389476E+0001   -0.39389476E+0001    0.55187720E+0000         1
 39450   -0.39393844E+0001   -0.39393844E+0001    0.38031872E+0000         1
 39500   -0.39390212E+0001   -0.39390212E+0001    0.58878088E+0000         1
 39550   -0.39389550E+0001   -0.39389550E+0001    0.64927022E+0000         1
 39600   -0.39389198E+0001   -0.39389198E+0001    0.60830431E+0000         1
 39650   -0.39388590E+0001   -0.39388590E+0001    0.52672323E+0000         1
 39700   -0.39391618E+0001   -0.39391618E+0001    0.51792279E+0000         1
 39750   -0.39391491E+0001   -0.39391491E+0001    0.51687906E+0000         1
 39800   -0.39391663E+0001   -0.39391663E+0001    0.52738215E+0000         1
 39850   -0.39386655E+0001   -0.39386655E+0001    0.62526694E+0000         1
 39900   -0.39390741E+0001   -0.39390741E+0001    0.47367630E+0000         1
 39950   -0.39390799E+0001   -0.39390799E+0001    0.51712130E+0000         1
 40000   -0.39392410E+0001   -0.39392410E+0001    0.56707058E+0000         1
 40050   -0.39393844E+0001   -0.39393844E+0001    0.48475947E+0000         1
 40100   -0.39396063E+0001   -0.39396063E+0001    0.36704478E+0000         1
 40150   -0.39393223E+0001   -0.39393223E+0001    0.40359914E+0000         1
 40200   -0.39387489E+0001   -0.39387489E+0001    0.50273401E+0000         1
 40250   -0.39387420E+0001   -0.39387420E+0001    0.48769148E+0000         1
 40300   -0.39390808E+0001   -0.39390808E+0001    0.44860033E+0000         1
 40350   -0.39385323E+0001   -0.39385323E+0001    0.53998974E+0000         1
 40400   -0.39390121E+0001   -0.39390121E+0001    0.42807522E+0000         1
 40450   -0.39390138E+0001   -0.39390138E+0001    0.49772116E+0000         1
 40500   -0.39379582E+0001   -0.39379582E+0001    0.81153419E+0000         1
 40550   -0.39389505E+0001   -0.39389505E+0001    0.42773608E+0000         1
 40600   -0.39390825E+0001   -0.39390825E+0001    0.48639960E+0000         1
 40650   -0.39391276E+0001   -0.39391276E+0001    0.49759908E+0000         1
 40700   -0.39393072E+0001   -0.39393072E+0001    0.52957492E+0000         1
 40750   -0.39393975E+0001   -0.39393975E+0001    0.46596940E+0000         1
 40800   -0.39394875E+0001   -0.39394875E+0001    0.49278597E+0000         1
 40850   -0.39391147E+0001   -0.39391147E+0001    0.57808565E+0000         1
 40900   -0.39392245E+0001   -0.39392245E+0001    0.50389722E+0000         1
 40950   -0.39390211E+0001   -0.39390211E+0001    0.55482561E+0000         1
 41000   -0.39390059E+0001   -0.39390059E+0001    0.54404321E+0000         1
 41050   -0.39387095E+0001   -0.39387095E+0001    0.51106718E+0000         1
 41100   -0.39381568E+0001   -0.39381568E+0001    0.66243616E+0000         1
 41150   -0.39383765E+0001   -0.39383765E+0001    0.60725099E+0000         1
 41200   -0.39385016E+0001   -0.39385016E+0001    0.56512465E+0000         1
 41250   -0.39388306E+0001   -0.39388306E+0001    0.49142342E+0000         1
 41300   -0.39388819E+0001   -0.39388819E+0001    0.44360124E+0000         1
 41350   -0.39386073E+0001   -0.39386073E+0001    0.66990058E+0000         1
 41400   -0.39388137E+0001   -0.39388137E+0001    0.53315725E+0000         1
 41450   -0.39390702E+0001   -0.39390702E+0001    0.44157065E+0000         1
 41500   -0.39390818E+0001   -0.39390818E+0001    0.52974440E+0000         1
 41550   -0.39387871E+0001   -0.39387871E+0001    0.62883973E+0000         1
 41600   -0.39393893E+0001   -0.39393893E+0001    0.43822016E+0000         1
 41650   -0.39389631E+0001   -0.39389631E+0001    0.53295993E+0000         1
 41700   -0.39387907E+0001   -0.39387907E+0001    0.62238872E+0000         1
 41750   -0.39383036E+0001   -0.39383036E+0001    0.66289169E+0000         1
 41800   -0.39393165E+0001   -0.39393165E+0001    0.34477182E+0000         1
 41850   -0.39391582E+0001   -0.39391582E+0001    0.41320070E+0000         1
 41900   -0.39391460E+0001   -0.39391460E+0001    0.44916925E+0000         1
 41950   -0.39391554E+0001   -0.39391554E+0001    0.45220306E+0000         1
 42000   -0.39392409E+0001   -0.39392409E+0001    0.56026928E+0000         1
 42050   -0.39387611E+0001   -0.39387611E+0001    0.73894522E+0000         1
 42100   -0.39391944E+0001   -0.39391944E+0001    0.50730296E+0000         1
 42150   -0.39395083E+0001   -0.39395083E+0001    0.34426563E+0000         1
 42200   -0.39390238E+0001   -0.39390238E+0001    0.42427464E+0000         1
 42250   -0.39394029E+0001   -0.39394029E+0001    0.38331101E+0000         1
 42300   -0.39389273E+0001   -0.39389273E+0001    0.54182277E+0000         1
 42350   -0.39391768E+0001   -0.39391768E+0001    0.41855306E+0000         1
 42400   -0.39391027E+0001   -0.39391027E+0001    0.51981412E+0000         1
 42450   -0.39395501E+0001   -0.39395501E+0001    0.29133187E+0000         1
 42500   -0.39389701E+0001   -0.39389701E+0001    0.61024810E+0000         1
 42550   -0.39391479E+0001   -0.39391479E+0001    0.49186640E+0000         1
 42600   -0.39391071E+0001   -0.39391071E+0001    0.49596556E+0000         1
 42650   -0.39390640E+0001   -0.39390640E+0001    0.50302834E+0000         1
 42700   -0.39392655E+0001   -0.39392655E+0001    0.35173967E+0000         1
 42750   -0.39393267E+0001   -0.39393267E+0001    0.32292794E+0000         1
 42800   -0.39390314E+0001   -0.39390314E+0001    0.49425999E+0000         1
 42850   -0.39387847E+0001   -0.39387847E+0001    0.54976172E+0000         1
 42900   -0.39381545E+0001   -0.39381545E+0001    0.80368295E+0000         1
 42950   -0.39391854E+0001   -0.39391854E+0001    0.51936232E+0000         1
 43000   -0.39394758E+0001   -0.39394758E+0001    0.32682748E+0000         1
 43050   -0.39393910E+0001   -0.39393910E+0001    0.43722920E+0000         1
 43100   -0.39390179E+0001   -0.39390179E+0001    0.58095713E+0000         1
 43150   -0.39393942E+0001   -0.39393942E+0001    0.39596481E+0000         1
 43200   -0.39392575E+0001   -0.39392575E+0001    0.41132998E+0000         1
 43250   -0.39391178E+0001   -0.39391178E+0001    0.61263168E+0000         1
 43300   -0.39393363E+0001   -0.39393363E+0001    0.41412718E+0000         1
 43350   -0.39390400E+0001   -0.39390400E+0001    0.44450853E+0000         1
 43400   -0.39390707E+0001   -0.39390707E+0001    0.45436168E+0000         1
 43450   -0.39391139E+0001   -0.39391139E+0001    0.37569836E+0000         1
 43500   -0.39392925E+0001   -0.39392925E+0001    0.41424311E+0000         1
 43550   -0.39391442E+0001   -0.39391442E+0001    0.45500051E+0000         1
 43600   -0.39389573E+0001   -0.39389573E+0001    0.49982331E+0000         1
 43650   -0.39392742E+0001   -0.39392742E+0001    0.42392994E+0000         1
 43700   -0.39395588E+0001   -0.39395588E+0001    0.30519186E+0000         1
 43750   -0.39389568E+0001   -0.39389568E+0001    0.50075560E+0000         1
 43800   -0.39385236E+0001   -0.39385236E+0001    0.51913963E+0000         1
 43850   -0.39393776E+0001   -0.39393776E+0001    0.35124723E+0000         1
 43900   -0.39389021E+0001   -0.39389021E+0001    0.51816907E+0000         1
 43950   -0.39386933E+0001   -0.39386933E+0001    0.56757192E+0000         1
 44000   -0.39388848E+0001   -0.39388848E+0001    0.53723893E+0000         1
 44050   -0.39388123E+0001   -0.39388123E+0001    0.52835139E+0000         1
 44100   -0.39386716E+0001   -0.39386716E+0001    0.56156515E+0000         1
 44150   -0.39383729E+0001   -0.39383729E+0001    0.68287328E+0000         1
 44200   -0.39391629E+0001   -0.39391629E+0001    0.53296632E+0000         1
 44250   -0.39392267E+0001   -0.39392267E+0001    0.46915262E+0000         1
 44300   -0.39391624E+0001   -0.39391624E+0001    0.49298762E+0000         1
 44350   -0.39383662E+0001   -0.39383662E+0001    0.69813349E+0000         1
 44400   -0.39392285E+0001   -0.39392285E+0001    0.45583637E+0000         1
 44450   -0.39392840E+0001   -0.39392840E+0001    0.50207177E+0000         1
 44500   -0.39396217E+0001   -0.39396217E+0001    0.39828302E+0000         1
 44550   -0.39392774E+0001   -0.39392774E+0001    0.50012946E+0000         1
 44600   -0.39389642E+0001   -0.39389642E+0001    0.55764378E+0000         1
 44650   -0.39395539E+0001   -0.39395539E+0001    0.38946760E+0000         1
 44700   -0.39393559E+0001   -0.39393559E+0001    0.39476587E+0000         1
 44750   -0.39392270E+0001   -0.39392270E+0001    0.41112938E+0000         1
 44800   -0.39395286E+0001   -0.39395286E+0001    0.39311111E+0000         1
 44850   -0.39395868E+0001   -0.39395868E+0001    0.31894179E+0000         1
 44900   -0.39396513E+0001   -0.39396513E+0001    0.29166670E+0000         1
 44950   -0.39392235E+0001   -0.39392235E+0001    0.44255646E+0000         1
 45000   -0.39393245E+0001   -0.39393245E+0001    0.52485769E+0000         1
 45050   -0.39394911E+0001   -0.39394911E+0001    0.46124132E+0000         1
 45100   -0.39388449E+0001   -0.39388449E+0001    0.59104038E+0000         1
 45150   -0.39391378E+0001   -0.39391378E+0001    0.46850576E+0000         1
 45200   -0.39392466E+0001   -0.39392466E+0001    0.46146845E+0000         1
 45250   -0.39391827E+0001   -0.39391827E+0001    0.48381338E+0000         1
 45300   -0.39387776E+0001   -0.39387776E+0001    0.54611374E+0000         1
 45350   -0.39389655E+0001   -0.39389655E+0001    0.53015534E+0000         1
 45400   -0.39379864E+0001   -0.39379864E+0001    0.75450802E+0000         1
 45450   -0.39382257E+0001   -0.39382257E+0001    0.73761744E+0000         1
 45500   -0.39389596E+0001   -0.39389596E+0001    0.52381300E+0000         1
 45550   -0.39392047E+0001   -0.39392047E+0001    0.41989473E+0000         1
 45600   -0.39390553E+0001   -0.39390553E+0001    0.48462146E+0000         1
 45650   -0.39385846E+0001   -0.39385846E+0001    0.68374275E+0000         1
 45700   -0.39392994E+0001   -0.39392994E+0001    0.47602925E+0000         1
 45750   -0.39389883E+0001   -0.39389883E+0001    0.50593905E+0000         1
 45800   -0.39392633E+0001   -0.39392633E+0001    0.45947972E+0000         1
 45850   -0.39393901E+0001   -0.39393901E+0001    0.44337723E+0000         1
 45900   -0.39393088E+0001   -0.39393088E+0001    0.40034103E+0000         1
 45950   -0.39388555E+0001   -0.39388555E+0001    0.53662734E+0000         1
 46000   -0.39389210E+0001   -0.39389210E+0001    0.50953898E+0000         1
 46050   -0.39391615E+0001   -0.39391615E+0001    0.54119249E+0000         1
 46100   -0.39391395E+0001   -0.39391395E+0001    0.53199761E+0000         1
 46150   -0.39385525E+0001   -0.39385525E+0001    0.73753180E+0000         1
 46200   -0.39387902E+0001   -0.39387902E+0001    0.64020318E+0000         1
 46250   -0.39396143E+0001   -0.39396143E+0001    0.33708499E+0000         1
 46300   -0.39394660E+0001   -0.39394660E+0001    0.47893860E+0000         1
 46350   -0.39391846E+0001   -0.39391846E+0001    0.59420834E+0000         1
 46400   -0.39393967E+0001   -0.39393967E+0001    0.45316183E+0000         1
 46450   -0.39391565E+0001   -0.39391565E+0001    0.43044379E+0000         1
 46500   -0.39392167E+0001   -0.39392167E+0001    0.42133412E+0000         1
 46550   -0.39390589E+0001   -0.39390589E+0001    0.52385705E+0000         1
 46600   -0.39384649E+0001   -0.39384649E+0001    0.59774455E+0000         1
 46650   -0.39390070E+0001   -0.39390070E+0001    0.54524230E+0000         1
 46700   -0.39383613E+0001   -0.39383613E+0001    0.81696263E+0000         1
 46750   -0.39392029E+0001   -0.39392029E+0001    0.55175387E+0000         1
 46800   -0.39393803E+0001   -0.39393803E+0001    0.44520560E+0000         1
 46850   -0.39388446E+0001   -0.39388446E+0001    0.65811439E+0000         1
 46900   -0.39391220E+0001   -0.39391220E+0001    0.53639157E+0000         1
 46950   -0.39388459E+0001   -0.39388459E+0001    0.63173914E+0000         1
 47000   -0.39390859E+0001   -0.39390859E+0001    0.51750165E+0000         1
 47050   -0.39387372E+0001   -0.39387372E+0001    0.57209511E+0000         1
 47100   -0.39390718E+0001   -0.39390718E+0001    0.45242517E+0000         1
 47150   -0.39393466E+0001   -0.39393466E+0001    0.41708027E+0000         1
 47200   -0.39391543E+0001   -0.39391543E+0001    0.64786636E+0000         1
 47250   -0.39387033E+0001   -0.39387033E+0001    0.54333201E+0000         1
 47300   -0.39387695E+0001   -0.39387695E+0001    0.58112522E+0000         1
 47350   -0.39387577E+0001   -0.39387577E+0001    0.59403151E+0000         1
 47400   -0.39390310E+0001   -0.39390310E+0001    0.48692574E+0000         1
 47450   -0.39391781E+0001   -0.39391781E+0001    0.51685074E+0000         1
 47500   -0.39391852E+0001   -0.39391852E+0001    0.52570884E+0000         1
 47550   -0.39390420E+0001   -0.39390420E+0001    0.55533778E+0000         1
 47600   -0.39394220E+0001   -0.39394220E+0001    0.37538628E+0000         1
 47650   -0.39394769E+0001   -0.39394769E+0001    0.36455018E+0000         1
 47700   -0.39393144E+0001   -0.39393144E+0001    0.40573991E+0000         1
 47750   -0.39393440E+0001   -0.39393440E+0001    0.39273753E+0000         1
 47800   -0.39389960E+0001   -0.39389960E+0001    0.48038742E+0000         1
 47850   -0.39389231E+0001   -0.39389231E+0001    0.47481832E+0000         1
 47900   -0.39388917E+0001   -0.39388917E+0001    0.46721429E+0000         1
 47950   -0.39386420E+0001   -0.39386420E+0001    0.62677649E+0000         1
 48000   -0.39381929E+0001   -0.39381929E+0001    0.67108003E+0000         1
