     1   -0.39239893E+0001   -0.39242912E+0001    0.13344614E+0001     12001
    50   -0.39236279E+0001   -0.39279362E+0001    0.10964382E+0001     12200
   100   -0.39245198E+0001   -0.39290528E+0001    0.10330438E+0001     12664
   150   -0.39258228E+0001   -0.39305216E+0001    0.96600778E+0000     12842
   200   -0.39271053E+0001   -0.39318554E+0001    0.90012354E+0000     12981
   250   -0.39285227E+0001   -0.39323623E+0001    0.83682178E+0000     13152
   300   -0.39294816E+0001   -0.39329494E+0001    0.83441751E+0000     13446
   350   -0.39302059E+0001   -0.39339940E+0001    0.78996520E+0000     13616
   400   -0.39309932E+0001   -0.39351599E+0001    0.75519297E+0000     14112
     1   -0.39239841E+0001   -0.39242933E+0001    0.13344614E+0001     12000
    50   -0.39233641E+0001   -0.39273447E+0001    0.11567547E+0001     12126
   100   -0.39239820E+0001   -0.39283490E+0001    0.10478788E+0001     12397
   150   -0.39248899E+0001   -0.39291199E+0001    0.10051400E+0001     12593
   200   -0.39260069E+0001   -0.39302867E+0001    0.98742035E+0000     12912
   250   -0.39268208E+0001   -0.39312719E+0001    0.95742537E+0000     12823
   300   -0.39275528E+0001   -0.39323822E+0001    0.88357146E+0000     13299
   350   -0.39285114E+0001   -0.39328803E+0001    0.84685653E+0000     13722
   400   -0.39296754E+0001   -0.39335341E+0001    0.81706878E+0000     14056
     1   -0.39239807E+0001   -0.39243023E+0001    0.13344614E+0001     11994
    50   -0.39231481E+0001   -0.39270736E+0001    0.11249687E+0001     11879
   100   -0.39236960E+0001   -0.39285606E+0001    0.10786765E+0001     12138
   150   -0.39245700E+0001   -0.39298438E+0001    0.97638108E+0000     12271
   200   -0.39261471E+0001   -0.39308974E+0001    0.92732756E+0000     12615
   250   -0.39275696E+0001   -0.39318630E+0001    0.86351702E+0000     12843
   300   -0.39285088E+0001   -0.39328151E+0001    0.87382249E+0000     13117
   350   -0.39292160E+0001   -0.39347770E+0001    0.76395585E+0000     13195
   400   -0.39305827E+0001   -0.39351575E+0001    0.69484823E+0000     13397
     1   -0.39239773E+0001   -0.39243116E+0001    0.13344614E+0001     12000
    50   -0.39229330E+0001   -0.39272529E+0001    0.11619907E+0001     12064
   100   -0.39232144E+0001   -0.39282569E+0001    0.10715585E+0001     12302
   150   -0.39239777E+0001   -0.39291767E+0001    0.99839687E+0000     12770
   200   -0.39250310E+0001   -0.39299194E+0001    0.97580447E+0000     12948
   250   -0.39259924E+0001   -0.39304337E+0001    0.93945867E+0000     13222
   300   -0.39269342E+0001   -0.39309510E+0001    0.93671269E+0000     13774
   350   -0.39275375E+0001   -0.39313478E+0001    0.90768085E+0000     14014
   400   -0.39277310E+0001   -0.39312416E+0001    0.91987676E+0000     14608
     1   -0.39239728E+0001   -0.39242800E+0001    0.13344614E+0001     12008
    50   -0.39227426E+0001   -0.39269377E+0001    0.11835063E+0001     12048
   100   -0.39229214E+0001   -0.39281858E+0001    0.11123772E+0001     12417
   150   -0.39235250E+0001   -0.39284520E+0001    0.10942685E+0001     12763
   200   -0.39241136E+0001   -0.39288629E+0001    0.10488175E+0001     13333
   250   -0.39244591E+0001   -0.39295072E+0001    0.10278722E+0001     13597
   300   -0.39249177E+0001   -0.39298847E+0001    0.10038696E+0001     13980
   350   -0.39255582E+0001   -0.39305850E+0001    0.95222272E+0000     14401
   400   -0.39260877E+0001   -0.39306172E+0001    0.91475795E+0000     14722
     1   -0.39239705E+0001   -0.39243159E+0001    0.13344614E+0001     11998
    50   -0.39226077E+0001   -0.39270241E+0001    0.11594111E+0001     12212
   100   -0.39228914E+0001   -0.39276123E+0001    0.11044719E+0001     12519
   150   -0.39235028E+0001   -0.39279585E+0001    0.10595677E+0001     12585
   200   -0.39241132E+0001   -0.39290315E+0001    0.10364111E+0001     12807
   250   -0.39247757E+0001   -0.39298389E+0001    0.10170178E+0001     13277
   300   -0.39254221E+0001   -0.39298934E+0001    0.10181912E+0001     13778
   350   -0.39259078E+0001   -0.39310744E+0001    0.89437434E+0000     14087
   400   -0.39264950E+0001   -0.39312567E+0001    0.90381086E+0000     14537
     1   -0.39239651E+0001   -0.39243302E+0001    0.13344614E+0001     11999
    50   -0.39224428E+0001   -0.39261470E+0001    0.11693216E+0001     12098
   100   -0.39225008E+0001   -0.39274632E+0001    0.11578324E+0001     12186
   150   -0.39229406E+0001   -0.39278035E+0001    0.10571680E+0001     12502
   200   -0.39237293E+0001   -0.39284518E+0001    0.10523542E+0001     13032
   250   -0.39242810E+0001   -0.39288625E+0001    0.10279573E+0001     13376
   300   -0.39246492E+0001   -0.39292051E+0001    0.10292961E+0001     13738
   350   -0.39251368E+0001   -0.39300793E+0001    0.96657519E+0000     14020
   400   -0.39254713E+0001   -0.39300121E+0001    0.10319864E+0001     14242
     1   -0.39239664E+0001   -0.39243240E+0001    0.13344614E+0001     11993
    50   -0.39223166E+0001   -0.39271033E+0001    0.11697516E+0001     12070
   100   -0.39222357E+0001   -0.39282949E+0001    0.10910602E+0001     12593
   150   -0.39232416E+0001   -0.39277636E+0001    0.10854940E+0001     13063
   200   -0.39237443E+0001   -0.39284042E+0001    0.10352248E+0001     13453
   250   -0.39241558E+0001   -0.39289967E+0001    0.94228915E+0000     13642
   300   -0.39244981E+0001   -0.39299128E+0001    0.92213365E+0000     13870
   350   -0.39249626E+0001   -0.39287754E+0001    0.95099146E+0000     14232
   400   -0.39251197E+0001   -0.39291943E+0001    0.97160472E+0000     14306
     1   -0.39239622E+0001   -0.39243161E+0001    0.13344614E+0001     12003
    50   -0.39221657E+0001   -0.39265434E+0001    0.11511794E+0001     12172
   100   -0.39218717E+0001   -0.39270386E+0001    0.11846682E+0001     12594
   150   -0.39214844E+0001   -0.39270475E+0001    0.11635013E+0001     13028
   200   -0.39211148E+0001   -0.39263147E+0001    0.11651492E+0001     13114
   250   -0.39210722E+0001   -0.39268814E+0001    0.11326487E+0001     13523
   300   -0.39213392E+0001   -0.39274157E+0001    0.11084939E+0001     13838
   350   -0.39215892E+0001   -0.39279106E+0001    0.10497679E+0001     14156
   400   -0.39223309E+0001   -0.39283001E+0001    0.10409802E+0001     15093
   450   -0.39233786E+0001   -0.39283771E+0001    0.10009266E+0001     15255
     1   -0.39239589E+0001   -0.39243349E+0001    0.13344614E+0001     11997
    50   -0.39220133E+0001   -0.39260900E+0001    0.12010981E+0001     12081
   100   -0.39215133E+0001   -0.39262844E+0001    0.11865526E+0001     12575
   150   -0.39214582E+0001   -0.39264561E+0001    0.11229680E+0001     13252
   200   -0.39213116E+0001   -0.39269251E+0001    0.11587374E+0001     13378
   250   -0.39212486E+0001   -0.39261349E+0001    0.11625236E+0001     13725
   300   -0.39209463E+0001   -0.39267784E+0001    0.10242659E+0001     14352
   350   -0.39211237E+0001   -0.39278502E+0001    0.10308964E+0001     14844
   400   -0.39235760E+0001   -0.39282089E+0001    0.99123336E+0000     15235
     1   -0.39239591E+0001   -0.39243080E+0001    0.13344614E+0001     11998
    50   -0.39219218E+0001   -0.39261493E+0001    0.11810957E+0001     12013
   100   -0.39215247E+0001   -0.39262535E+0001    0.11705329E+0001     12634
   150   -0.39217830E+0001   -0.39272344E+0001    0.11580484E+0001     13097
   200   -0.39220559E+0001   -0.39267350E+0001    0.11158449E+0001     13629
   250   -0.39220674E+0001   -0.39268757E+0001    0.10822570E+0001     14308
   300   -0.39219501E+0001   -0.39276807E+0001    0.10954289E+0001     14685
   350   -0.39220064E+0001   -0.39270340E+0001    0.11248448E+0001     15095
   400   -0.39218027E+0001   -0.39273097E+0001    0.11071109E+0001     15438
   450   -0.39218762E+0001   -0.39268414E+0001    0.11119555E+0001     15598
   500   -0.39219273E+0001   -0.39273703E+0001    0.10650927E+0001     15938
   550   -0.39218235E+0001   -0.39262083E+0001    0.11134402E+0001     16497
   600   -0.39213533E+0001   -0.39264099E+0001    0.11149770E+0001     16931
   650   -0.39208719E+0001   -0.39263925E+0001    0.10796335E+0001     17326
   700   -0.39202917E+0001   -0.39257281E+0001    0.11040119E+0001     17875
   750   -0.39198325E+0001   -0.39262692E+0001    0.11156933E+0001     18176
   800   -0.39201177E+0001   -0.39259112E+0001    0.11183574E+0001     18612
   850   -0.39205305E+0001   -0.39262635E+0001    0.10760141E+0001     18817
   900   -0.39205216E+0001   -0.39265256E+0001    0.10789506E+0001     19514
   950   -0.39209046E+0001   -0.39272624E+0001    0.10837423E+0001     19627
  1000   -0.39209151E+0001   -0.39269427E+0001    0.10752906E+0001     19875
  1050   -0.39207905E+0001   -0.39270381E+0001    0.10001863E+0001     20379
  1100   -0.39209635E+0001   -0.39273459E+0001    0.10400840E+0001     21010
  1150   -0.39218875E+0001   -0.39280436E+0001    0.10192835E+0001     21378
  1200   -0.39227055E+0001   -0.39278417E+0001    0.10557877E+0001     21847
  1250   -0.39227665E+0001   -0.39278683E+0001    0.10105767E+0001     22546
  1300   -0.39228071E+0001   -0.39282310E+0001    0.10037503E+0001     22942
  1350   -0.39229845E+0001   -0.39288550E+0001    0.98230489E+0000     23801
  1400   -0.39232832E+0001   -0.39287633E+0001    0.97909492E+0000     24511
  1450   -0.39236857E+0001   -0.39291397E+0001    0.99905631E+0000     24966
  1500   -0.39239108E+0001   -0.39292459E+0001    0.99326677E+0000     25533
  1550   -0.39240044E+0001   -0.39305353E+0001    0.95503480E+0000     26406
     1   -0.39239578E+0001   -0.39243034E+0001    0.13344614E+0001     12003
    50   -0.39217907E+0001   -0.39264605E+0001    0.11893196E+0001     12092
   100   -0.39212174E+0001   -0.39264275E+0001    0.11627672E+0001     12449
   150   -0.39213572E+0001   -0.39268029E+0001    0.11284743E+0001     13019
   200   -0.39216209E+0001   -0.39270164E+0001    0.10881465E+0001     13576
   250   -0.39226373E+0001   -0.39280592E+0001    0.10969109E+0001     13811
   300   -0.39226160E+0001   -0.39287271E+0001    0.10466776E+0001     14071
   350   -0.39223003E+0001   -0.39286171E+0001    0.10119804E+0001     14295
   400   -0.39228500E+0001   -0.39285761E+0001    0.10074218E+0001     14440
   450   -0.39238511E+0001   -0.39288608E+0001    0.10188517E+0001     14827
     1   -0.39239591E+0001   -0.39243345E+0001    0.13344614E+0001     11999
    50   -0.39217533E+0001   -0.39264540E+0001    0.11652938E+0001     11957
   100   -0.39209760E+0001   -0.39264679E+0001    0.11738375E+0001     12131
   150   -0.39208413E+0001   -0.39258815E+0001    0.12142955E+0001     12391
   200   -0.39201386E+0001   -0.39256023E+0001    0.11123007E+0001     12844
   250   -0.39196810E+0001   -0.39263131E+0001    0.11163363E+0001     13418
   300   -0.39210544E+0001   -0.39262660E+0001    0.11264165E+0001     13784
   350   -0.39212532E+0001   -0.39264655E+0001    0.11338770E+0001     14451
   400   -0.39208074E+0001   -0.39262915E+0001    0.11488756E+0001     14917
   450   -0.39203234E+0001   -0.39258213E+0001    0.10816545E+0001     15045
   500   -0.39202599E+0001   -0.39256800E+0001    0.11221367E+0001     15398
   550   -0.39212585E+0001   -0.39264716E+0001    0.11223116E+0001     15748
   600   -0.39216132E+0001   -0.39259864E+0001    0.11176953E+0001     16167
   650   -0.39213515E+0001   -0.39256427E+0001    0.11392035E+0001     16916
   700   -0.39207517E+0001   -0.39254139E+0001    0.11512128E+0001     17180
   750   -0.39203244E+0001   -0.39254138E+0001    0.11687770E+0001     17689
   800   -0.39196625E+0001   -0.39238937E+0001    0.11812496E+0001     18137
   850   -0.39187674E+0001   -0.39244378E+0001    0.12023017E+0001     18633
   900   -0.39177247E+0001   -0.39241939E+0001    0.11546367E+0001     19135
   950   -0.39170006E+0001   -0.39246721E+0001    0.11222365E+0001     19918
  1000   -0.39178947E+0001   -0.39247489E+0001    0.11230763E+0001     20434
  1050   -0.39189532E+0001   -0.39249492E+0001    0.11285060E+0001     21166
  1100   -0.39187636E+0001   -0.39247288E+0001    0.11522723E+0001     21542
  1150   -0.39185857E+0001   -0.39251200E+0001    0.11053250E+0001     22161
  1200   -0.39185274E+0001   -0.39258489E+0001    0.11187672E+0001     22852
  1250   -0.39190746E+0001   -0.39263890E+0001    0.10360908E+0001     23406
  1300   -0.39199844E+0001   -0.39270087E+0001    0.99287505E+0000     24373
  1350   -0.39217765E+0001   -0.39276768E+0001    0.10081446E+0001     25168
  1400   -0.39226754E+0001   -0.39274193E+0001    0.99777640E+0000     25560
  1450   -0.39225440E+0001   -0.39273341E+0001    0.10104006E+0001     26155
  1500   -0.39222425E+0001   -0.39277777E+0001    0.98728110E+0000     26918
  1550   -0.39223524E+0001   -0.39285105E+0001    0.98666904E+0000     27566
  1600   -0.39229294E+0001   -0.39284733E+0001    0.98201617E+0000     28630
  1601   -0.39230123E+0001   -0.39230123E+0001    0.10705748E+0001     12000
  1650   -0.39247233E+0001   -0.39279386E+0001    0.93895790E+0000     11971
  1700   -0.39236612E+0001   -0.39282959E+0001    0.97130895E+0000     12188
  1750   -0.39230130E+0001   -0.39283836E+0001    0.93124464E+0000     12328
  1800   -0.39229841E+0001   -0.39298504E+0001    0.92948994E+0000     12576
  1850   -0.39239207E+0001   -0.39311828E+0001    0.92512301E+0000     12953
  1900   -0.39250294E+0001   -0.39315496E+0001    0.91633274E+0000     12908
  1950   -0.39263458E+0001   -0.39315069E+0001    0.90488230E+0000     13258
  2000   -0.39275931E+0001   -0.39318860E+0001    0.92316104E+0000     13661
     1   -0.39239553E+0001   -0.39243221E+0001    0.13344614E+0001     12001
    50   -0.39218849E+0001   -0.39265356E+0001    0.11602443E+0001     12117
   100   -0.39215852E+0001   -0.39264379E+0001    0.11265589E+0001     12478
   150   -0.39221224E+0001   -0.39275288E+0001    0.10797727E+0001     12744
   200   -0.39229598E+0001   -0.39281347E+0001    0.10461137E+0001     13072
   250   -0.39234481E+0001   -0.39280092E+0001    0.10293644E+0001     13586
   300   -0.39233432E+0001   -0.39289281E+0001    0.10025181E+0001     13790
   350   -0.39241094E+0001   -0.39294916E+0001    0.98949154E+0000     14326
   400   -0.39249090E+0001   -0.39294554E+0001    0.98692294E+0000     14697
     1   -0.39239584E+0001   -0.39242983E+0001    0.13344614E+0001     11990
    50   -0.39217361E+0001   -0.39259005E+0001    0.12062143E+0001     11873
   100   -0.39212016E+0001   -0.39263095E+0001    0.11404557E+0001     12327
   150   -0.39213913E+0001   -0.39260766E+0001    0.11270746E+0001     12888
   200   -0.39213930E+0001   -0.39261521E+0001    0.11363775E+0001     13424
   250   -0.39210035E+0001   -0.39255346E+0001    0.11310238E+0001     13502
   300   -0.39208563E+0001   -0.39254430E+0001    0.11347008E+0001     13976
   350   -0.39204024E+0001   -0.39251026E+0001    0.11280216E+0001     14451
   400   -0.39195079E+0001   -0.39255367E+0001    0.11659252E+0001     14843
   450   -0.39188863E+0001   -0.39249501E+0001    0.11635165E+0001     15217
   500   -0.39186455E+0001   -0.39243383E+0001    0.11489271E+0001     15813
   550   -0.39182712E+0001   -0.39240924E+0001    0.12240360E+0001     16130
   600   -0.39174873E+0001   -0.39240398E+0001    0.12255427E+0001     16308
   650   -0.39165642E+0001   -0.39248470E+0001    0.12610760E+0001     16561
   700   -0.39156685E+0001   -0.39225394E+0001    0.12688401E+0001     16726
   750   -0.39146580E+0001   -0.39220704E+0001    0.12462855E+0001     17016
   800   -0.39136580E+0001   -0.39212421E+0001    0.12818551E+0001     17457
   850   -0.39132241E+0001   -0.39210991E+0001    0.12658653E+0001     17590
   900   -0.39139781E+0001   -0.39209417E+0001    0.12650510E+0001     17995
   950   -0.39146785E+0001   -0.39209883E+0001    0.12387770E+0001     18545
  1000   -0.39140736E+0001   -0.39207302E+0001    0.12497338E+0001     18882
  1050   -0.39133187E+0001   -0.39212484E+0001    0.11722776E+0001     19364
  1100   -0.39137163E+0001   -0.39215230E+0001    0.11994661E+0001     20008
  1150   -0.39152785E+0001   -0.39211447E+0001    0.12081514E+0001     20462
  1200   -0.39149172E+0001   -0.39210020E+0001    0.12138596E+0001     20939
  1250   -0.39141387E+0001   -0.39208349E+0001    0.12347029E+0001     21340
  1300   -0.39143327E+0001   -0.39209766E+0001    0.12271246E+0001     22002
  1350   -0.39145634E+0001   -0.39208683E+0001    0.12676315E+0001     22572
  1400   -0.39139904E+0001   -0.39197880E+0001    0.12857305E+0001     23325
  1450   -0.39133073E+0001   -0.39197484E+0001    0.12962614E+0001     23949
  1500   -0.39127274E+0001   -0.39192774E+0001    0.12949657E+0001     24466
  1550   -0.39119943E+0001   -0.39191056E+0001    0.13120816E+0001     25107
  1600   -0.39108531E+0001   -0.39196823E+0001    0.13117524E+0001     26135
  1601   -0.39109849E+0001   -0.39109849E+0001    0.13677344E+0001     12000
  1650   -0.39137438E+0001   -0.39178001E+0001    0.12467940E+0001     12077
  1700   -0.39118742E+0001   -0.39170546E+0001    0.12879343E+0001     12371
  1750   -0.39103927E+0001   -0.39165904E+0001    0.13142078E+0001     12513
  1800   -0.39092844E+0001   -0.39155592E+0001    0.13410757E+0001     12893
  1850   -0.39084203E+0001   -0.39152954E+0001    0.13206328E+0001     13226
  1900   -0.39075393E+0001   -0.39143391E+0001    0.13622409E+0001     13684
  1950   -0.39068565E+0001   -0.39141642E+0001    0.13870873E+0001     14298
  2000   -0.39055101E+0001   -0.39124002E+0001    0.14181956E+0001     14697
  2050   -0.39042274E+0001   -0.39109560E+0001    0.14030945E+0001     14946
  2100   -0.39033648E+0001   -0.39102076E+0001    0.14391103E+0001     15287
  2150   -0.39020426E+0001   -0.39095479E+0001    0.14460910E+0001     15661
  2200   -0.39005345E+0001   -0.39078155E+0001    0.14164117E+0001     15900
  2250   -0.38993773E+0001   -0.39078047E+0001    0.14299201E+0001     16387
  2300   -0.38987993E+0001   -0.39079729E+0001    0.14600909E+0001     16942
  2350   -0.38986968E+0001   -0.39063951E+0001    0.14593050E+0001     17616
  2400   -0.38977559E+0001   -0.39064570E+0001    0.14721845E+0001     18448
  2450   -0.38966637E+0001   -0.39053551E+0001    0.14991596E+0001     19175
  2500   -0.38950710E+0001   -0.39039350E+0001    0.15168814E+0001     19759
  2550   -0.38928022E+0001   -0.39026869E+0001    0.15158013E+0001     20578
  2600   -0.38902649E+0001   -0.39013195E+0001    0.15337816E+0001     21259
  2650   -0.38882108E+0001   -0.39013890E+0001    0.15473147E+0001     22122
  2700   -0.38865372E+0001   -0.39000686E+0001    0.15677539E+0001     22769
  2750   -0.38853966E+0001   -0.39004925E+0001    0.15505713E+0001     23347
  2800   -0.38836065E+0001   -0.39000891E+0001    0.15583552E+0001     24183
  2850   -0.38813133E+0001   -0.38980231E+0001    0.15782557E+0001     24617
  2900   -0.38796659E+0001   -0.38970142E+0001    0.15622608E+0001     25269
  2950   -0.38779544E+0001   -0.38967300E+0001    0.15877998E+0001     25746
  3000   -0.38760414E+0001   -0.38963366E+0001    0.16069369E+0001     25971
  3050   -0.38740383E+0001   -0.38949338E+0001    0.16026310E+0001     26561
  3100   -0.38708500E+0001   -0.38933309E+0001    0.16102357E+0001     27578
  3150   -0.38671954E+0001   -0.38912674E+0001    0.16205870E+0001     27930
  3200   -0.38641783E+0001   -0.38903287E+0001    0.16342822E+0001     28418
  3201   -0.38643663E+0001   -0.38643663E+0001    0.16348334E+0001     12000
  3250   -0.38683973E+0001   -0.38738690E+0001    0.16151519E+0001     12029
  3300   -0.38647904E+0001   -0.38728455E+0001    0.16279397E+0001     12229
  3350   -0.38611383E+0001   -0.38708626E+0001    0.16470756E+0001     12268
  3400   -0.38573367E+0001   -0.38673538E+0001    0.16471811E+0001     12259
  3450   -0.38535479E+0001   -0.38639616E+0001    0.16373248E+0001     12615
  3500   -0.38493109E+0001   -0.38613083E+0001    0.16237408E+0001     12778
  3550   -0.38447206E+0001   -0.38570886E+0001    0.16289262E+0001     13160
  3600   -0.38399382E+0001   -0.38539455E+0001    0.16104682E+0001     13222
  3650   -0.38350935E+0001   -0.38527997E+0001    0.15883585E+0001     13439
  3700   -0.38302050E+0001   -0.38487785E+0001    0.15898870E+0001     13593
  3750   -0.38253534E+0001   -0.38417498E+0001    0.15728061E+0001     13981
  3800   -0.38207969E+0001   -0.38393704E+0001    0.15510927E+0001     14323
  3850   -0.38167342E+0001   -0.38296915E+0001    0.15259753E+0001     14541
  3900   -0.38126246E+0001   -0.38296753E+0001    0.15187153E+0001     14571
  3950   -0.38086289E+0001   -0.38226856E+0001    0.15074659E+0001     14909
  4000   -0.38047663E+0001   -0.38175410E+0001    0.14914472E+0001     15058
  4050   -0.38010311E+0001   -0.38126910E+0001    0.14827306E+0001     15560
  4100   -0.37973500E+0001   -0.38094992E+0001    0.14653741E+0001     15748
  4150   -0.37937008E+0001   -0.38059015E+0001    0.14375201E+0001     16102
  4200   -0.37902009E+0001   -0.38009084E+0001    0.13963031E+0001     16327
  4250   -0.37868526E+0001   -0.38003540E+0001    0.14053278E+0001     16699
  4300   -0.37836095E+0001   -0.37943496E+0001    0.13723880E+0001     16945
  4350   -0.37799639E+0001   -0.37911547E+0001    0.13272868E+0001     17406
  4400   -0.37759956E+0001   -0.37877843E+0001    0.13243458E+0001     17798
  4450   -0.37724383E+0001   -0.37865786E+0001    0.12963205E+0001     18150
  4500   -0.37692245E+0001   -0.37837005E+0001    0.12988034E+0001     18410
  4550   -0.37658501E+0001   -0.37809333E+0001    0.12711491E+0001     18837
  4600   -0.37624843E+0001   -0.37759499E+0001    0.12634266E+0001     19318
  4650   -0.37597229E+0001   -0.37736176E+0001    0.12403544E+0001     19433
  4700   -0.37575756E+0001   -0.37686142E+0001    0.12003457E+0001     19675
  4750   -0.37556897E+0001   -0.37667539E+0001    0.11809144E+0001     20518
  4800   -0.37535808E+0001   -0.37630084E+0001    0.11900761E+0001     20814
  4801   -0.37536740E+0001   -0.37536740E+0001    0.11525493E+0001     12000
  4850   -0.37557281E+0001   -0.37599027E+0001    0.11582729E+0001     11983
  4900   -0.37537880E+0001   -0.37590603E+0001    0.11599953E+0001     12113
  4950   -0.37518542E+0001   -0.37580150E+0001    0.11342977E+0001     12062
  5000   -0.37498686E+0001   -0.37570955E+0001    0.11404835E+0001     12373
  5050   -0.37478731E+0001   -0.37571285E+0001    0.11177493E+0001     12475
  5100   -0.37459021E+0001   -0.37531929E+0001    0.10910446E+0001     12765
  5150   -0.37440113E+0001   -0.37520007E+0001    0.10748663E+0001     13124
  5200   -0.37420548E+0001   -0.37496487E+0001    0.10476121E+0001     13396
  5250   -0.37398329E+0001   -0.37481831E+0001    0.10591645E+0001     13843
  5300   -0.37375652E+0001   -0.37464991E+0001    0.10464734E+0001     14075
  5350   -0.37354717E+0001   -0.37439382E+0001    0.10280478E+0001     14544
  5400   -0.37336830E+0001   -0.37425673E+0001    0.10094369E+0001     14999
  5450   -0.37318536E+0001   -0.37432691E+0001    0.10081741E+0001     15594
  5500   -0.37303048E+0001   -0.37418320E+0001    0.98115996E+0000     15823
  5550   -0.37291465E+0001   -0.37384076E+0001    0.96723164E+0000     16332
  5600   -0.37279339E+0001   -0.37367617E+0001    0.97861197E+0000     16712
  5650   -0.37267768E+0001   -0.37360175E+0001    0.95073209E+0000     17045
  5700   -0.37254439E+0001   -0.37353451E+0001    0.92935591E+0000     17488
  5750   -0.37239081E+0001   -0.37341790E+0001    0.92196755E+0000     17932
  5800   -0.37224314E+0001   -0.37320745E+0001    0.89353285E+0000     18291
  5850   -0.37211106E+0001   -0.37297700E+0001    0.88004253E+0000     18604
  5900   -0.37198168E+0001   -0.37283132E+0001    0.87671581E+0000     18946
  5950   -0.37186352E+0001   -0.37279827E+0001    0.83900149E+0000     19698
  6000   -0.37176515E+0001   -0.37255345E+0001    0.83019784E+0000     20435
  6050   -0.37165496E+0001   -0.37249110E+0001    0.82174379E+0000     20680
  6100   -0.37154529E+0001   -0.37230086E+0001    0.82961320E+0000     21391
  6150   -0.37144931E+0001   -0.37211213E+0001    0.80678258E+0000     22114
  6200   -0.37136219E+0001   -0.37209559E+0001    0.78491357E+0000     22355
  6250   -0.37127498E+0001   -0.37213319E+0001    0.78439873E+0000     22913
  6300   -0.37117944E+0001   -0.37196210E+0001    0.75549219E+0000     23290
  6350   -0.37107717E+0001   -0.37166450E+0001    0.72438789E+0000     23704
  6400   -0.37098359E+0001   -0.37174283E+0001    0.75288813E+0000     24125
  6401   -0.37098698E+0001   -0.37098698E+0001    0.68836724E+0000     12000
  6450   -0.37106159E+0001   -0.37126425E+0001    0.70136547E+0000     11934
  6500   -0.37099710E+0001   -0.37130547E+0001    0.72086499E+0000     12041
  6550   -0.37092921E+0001   -0.37129183E+0001    0.71622993E+0000     12339
  6600   -0.37086130E+0001   -0.37127210E+0001    0.73554081E+0000     12820
  6650   -0.37079579E+0001   -0.37119717E+0001    0.71585657E+0000     13254
  6700   -0.37072837E+0001   -0.37120889E+0001    0.67035091E+0000     13403
  6750   -0.37065686E+0001   -0.37111830E+0001    0.68268494E+0000     13576
  6800   -0.37057926E+0001   -0.37109702E+0001    0.64273277E+0000     13695
  6850   -0.37050051E+0001   -0.37122334E+0001    0.63958122E+0000     14085
  6900   -0.37042722E+0001   -0.37117920E+0001    0.65321564E+0000     14097
  6950   -0.37036310E+0001   -0.37078620E+0001    0.64558956E+0000     14352
  7000   -0.37030253E+0001   -0.37071365E+0001    0.62865005E+0000     14829
  7050   -0.37024050E+0001   -0.37068527E+0001    0.61433269E+0000     14910
  7100   -0.37017049E+0001   -0.37062922E+0001    0.64237343E+0000     15426
  7150   -0.37010946E+0001   -0.37056480E+0001    0.61597942E+0000     15627
  7200   -0.37005914E+0001   -0.37045684E+0001    0.59822975E+0000     15961
  7250   -0.37000748E+0001   -0.37042409E+0001    0.55832320E+0000     16257
  7300   -0.36994976E+0001   -0.37034117E+0001    0.58952416E+0000     16562
  7350   -0.36988761E+0001   -0.37032276E+0001    0.55442306E+0000     16978
  7400   -0.36982888E+0001   -0.37027972E+0001    0.55817557E+0000     17153
  7450   -0.36977153E+0001   -0.37026179E+0001    0.53584879E+0000     17645
  7500   -0.36972293E+0001   -0.37024008E+0001    0.51898738E+0000     17850
  7550   -0.36968149E+0001   -0.37017893E+0001    0.53832938E+0000     17972
  7600   -0.36964323E+0001   -0.37003538E+0001    0.52588788E+0000     18333
  7650   -0.36960675E+0001   -0.36997712E+0001    0.50561651E+0000     18525
  7700   -0.36957565E+0001   -0.36991056E+0001    0.47358875E+0000     19096
  7750   -0.36953793E+0001   -0.36988775E+0001    0.48494238E+0000     19189
  7800   -0.36949824E+0001   -0.36995196E+0001    0.48847059E+0000     19527
  7850   -0.36946104E+0001   -0.36989766E+0001    0.48114634E+0000     19620
  7900   -0.36942593E+0001   -0.36980793E+0001    0.49164948E+0000     20186
  7950   -0.36938409E+0001   -0.36977852E+0001    0.48091847E+0000     20548
  8000   -0.36933955E+0001   -0.36970085E+0001    0.42323302E+0000     20818
  8001   -0.36934055E+0001   -0.36934055E+0001    0.36890817E+0000     12000
  8050   -0.36936199E+0001   -0.36947894E+0001    0.38832703E+0000     12043
  8100   -0.36934640E+0001   -0.36947185E+0001    0.40312403E+0000     12286
  8150   -0.36933065E+0001   -0.36949303E+0001    0.41672686E+0000     12429
  8200   -0.36931371E+0001   -0.36950451E+0001    0.45419893E+0000     12826
  8250   -0.36929624E+0001   -0.36950526E+0001    0.45485228E+0000     13066
  8300   -0.36928320E+0001   -0.36952233E+0001    0.43195728E+0000     13123
  8350   -0.36926284E+0001   -0.36953203E+0001    0.44879264E+0000     13449
  8400   -0.36924403E+0001   -0.36950645E+0001    0.37690183E+0000     13838
  8450   -0.36922939E+0001   -0.36945968E+0001    0.44046426E+0000     13906
  8500   -0.36920732E+0001   -0.36944007E+0001    0.43537247E+0000     14143
  8550   -0.36917907E+0001   -0.36942606E+0001    0.41466999E+0000     14374
  8600   -0.36915155E+0001   -0.36943636E+0001    0.40542402E+0000     14710
  8650   -0.36912296E+0001   -0.36938979E+0001    0.37957675E+0000     14751
  8700   -0.36909915E+0001   -0.36940998E+0001    0.34131888E+0000     15145
  8750   -0.36907960E+0001   -0.36931857E+0001    0.38507968E+0000     15518
  8800   -0.36905505E+0001   -0.36931852E+0001    0.35040375E+0000     15933
  8850   -0.36903099E+0001   -0.36931112E+0001    0.43439046E+0000     16250
  8900   -0.36901162E+0001   -0.36926297E+0001    0.39910984E+0000     16256
  8950   -0.36899452E+0001   -0.36928579E+0001    0.32253407E+0000     16354
  9000   -0.36897706E+0001   -0.36921914E+0001    0.38327148E+0000     16307
  9050   -0.36896127E+0001   -0.36923448E+0001    0.37957210E+0000     16644
  9100   -0.36894611E+0001   -0.36925105E+0001    0.36041570E+0000     16897
  9150   -0.36893534E+0001   -0.36926120E+0001    0.39396490E+0000     17158
  9200   -0.36892369E+0001   -0.36922476E+0001    0.37450339E+0000     17387
  9250   -0.36891657E+0001   -0.36918403E+0001    0.36350886E+0000     17614
  9300   -0.36891208E+0001   -0.36913898E+0001    0.37424808E+0000     17966
  9350   -0.36890951E+0001   -0.36911937E+0001    0.36460261E+0000     18270
  9400   -0.36890671E+0001   -0.36910074E+0001    0.40545389E+0000     18288
  9450   -0.36890338E+0001   -0.36908315E+0001    0.37613128E+0000     18584
  9500   -0.36889565E+0001   -0.36907721E+0001    0.31605108E+0000     18957
  9550   -0.36888854E+0001   -0.36911073E+0001    0.36449291E+0000     19519
  9600   -0.36888390E+0001   -0.36911640E+0001    0.36355673E+0000     19823
  9601   -0.36888427E+0001   -0.36888427E+0001    0.21428576E+0000     12000
  9650   -0.36889208E+0001   -0.36893483E+0001    0.24925202E+0000     12035
  9700   -0.36888683E+0001   -0.36895241E+0001    0.30579174E+0000     12137
  9750   -0.36888219E+0001   -0.36897132E+0001    0.31738370E+0000     12427
  9800   -0.36887774E+0001   -0.36896208E+0001    0.32820142E+0000     12557
  9850   -0.36887309E+0001   -0.36897417E+0001    0.33132032E+0000     12685
  9900   -0.36886657E+0001   -0.36897256E+0001    0.35090425E+0000     12979
  9950   -0.36885585E+0001   -0.36897008E+0001    0.34782953E+0000     13251
 10000   -0.36884717E+0001   -0.36898051E+0001    0.29921736E+0000     13719
 10050   -0.36883864E+0001   -0.36898656E+0001    0.32297332E+0000     14084
 10100   -0.36883167E+0001   -0.36897826E+0001    0.33631490E+0000     14096
 10150   -0.36882495E+0001   -0.36898033E+0001    0.38096494E+0000     14360
 10200   -0.36881918E+0001   -0.36895644E+0001    0.28471524E+0000     14936
 10250   -0.36881260E+0001   -0.36893382E+0001    0.34983016E+0000     15355
 10300   -0.36880446E+0001   -0.36895646E+0001    0.35936545E+0000     15711
 10350   -0.36879783E+0001   -0.36898627E+0001    0.33172247E+0000     15940
 10400   -0.36879247E+0001   -0.36896622E+0001    0.32626764E+0000     15935
 10450   -0.36878835E+0001   -0.36896055E+0001    0.37877110E+0000     16417
 10500   -0.36878429E+0001   -0.36895901E+0001    0.37413215E+0000     16631
 10550   -0.36878027E+0001   -0.36895589E+0001    0.31317849E+0000     16637
 10600   -0.36877595E+0001   -0.36896061E+0001    0.33521427E+0000     16987
 10650   -0.36876764E+0001   -0.36889937E+0001    0.37998105E+0000     17267
 10700   -0.36875727E+0001   -0.36891128E+0001    0.34545097E+0000     17466
 10750   -0.36874749E+0001   -0.36886397E+0001    0.30488564E+0000     17711
 10800   -0.36874252E+0001   -0.36886665E+0001    0.33857260E+0000     18095
 10850   -0.36873954E+0001   -0.36883962E+0001    0.30979629E+0000     18746
 10900   -0.36873603E+0001   -0.36883826E+0001    0.33220802E+0000     19298
 10950   -0.36873327E+0001   -0.36882446E+0001    0.32434913E+0000     19655
 11000   -0.36873260E+0001   -0.36879913E+0001    0.31191986E+0000     19964
 11050   -0.36873326E+0001   -0.36881228E+0001    0.33873884E+0000     20135
 11100   -0.36873450E+0001   -0.36879681E+0001    0.31650037E+0000     20417
 11150   -0.36873348E+0001   -0.36881257E+0001    0.29505562E+0000     20231
 11200   -0.36873161E+0001   -0.36878841E+0001    0.27326054E+0000     20704
 11201   -0.36873170E+0001   -0.36873170E+0001    0.11150436E+0000     12000
 11250   -0.36873373E+0001   -0.36874536E+0001    0.19522471E+0000     12114
 11300   -0.36873277E+0001   -0.36875275E+0001    0.25925970E+0000     12189
 11350   -0.36873122E+0001   -0.36876100E+0001    0.23771852E+0000     12333
 11400   -0.36873017E+0001   -0.36876400E+0001    0.28658302E+0000     12505
 11450   -0.36872963E+0001   -0.36876634E+0001    0.27793109E+0000     12682
 11500   -0.36872933E+0001   -0.36876968E+0001    0.29731628E+0000     12775
 11550   -0.36872953E+0001   -0.36878461E+0001    0.24791294E+0000     12824
 11600   -0.36872913E+0001   -0.36879208E+0001    0.25855308E+0000     13110
 11650   -0.36872664E+0001   -0.36878505E+0001    0.32124077E+0000     13299
 11700   -0.36872256E+0001   -0.36877784E+0001    0.31451425E+0000     13501
 11750   -0.36871967E+0001   -0.36878048E+0001    0.29271831E+0000     13844
 11800   -0.36871737E+0001   -0.36876658E+0001    0.32777408E+0000     14032
 11850   -0.36871529E+0001   -0.36880353E+0001    0.35909562E+0000     14230
 11900   -0.36871387E+0001   -0.36877059E+0001    0.33268515E+0000     14418
 11950   -0.36871399E+0001   -0.36876620E+0001    0.28308437E+0000     14900
 12000   -0.36871429E+0001   -0.36876863E+0001    0.27373402E+0000     15087
 12050   -0.36871423E+0001   -0.36877685E+0001    0.21666925E+0000     15434
 12100   -0.36871202E+0001   -0.36876596E+0001    0.31725197E+0000     15489
 12150   -0.36871037E+0001   -0.36875622E+0001    0.26642068E+0000     15934
 12200   -0.36870793E+0001   -0.36876130E+0001    0.28040387E+0000     16266
 12250   -0.36870387E+0001   -0.36878235E+0001    0.29910667E+0000     16510
 12300   -0.36870114E+0001   -0.36875459E+0001    0.32520700E+0000     16596
 12350   -0.36870019E+0001   -0.36874942E+0001    0.28446872E+0000     16467
 12400   -0.36869949E+0001   -0.36874473E+0001    0.31003837E+0000     16656
 12450   -0.36869859E+0001   -0.36873368E+0001    0.29707521E+0000     16890
 12500   -0.36869808E+0001   -0.36873881E+0001    0.28367360E+0000     17244
 12550   -0.36869862E+0001   -0.36873277E+0001    0.27408967E+0000     17534
 12600   -0.36869813E+0001   -0.36874968E+0001    0.32750075E+0000     17801
 12650   -0.36869825E+0001   -0.36876153E+0001    0.33664630E+0000     18159
 12700   -0.36869838E+0001   -0.36874091E+0001    0.32365033E+0000     18170
 12750   -0.36869839E+0001   -0.36873581E+0001    0.23550156E+0000     18720
 12800   -0.36869841E+0001   -0.36873913E+0001    0.32115283E+0000     19034
 12801   -0.36869845E+0001   -0.36869845E+0001    0.75417836E-0001     12000
 12850   -0.36869932E+0001   -0.36870232E+0001    0.16132944E+0000     12040
 12900   -0.36869908E+0001   -0.36870733E+0001    0.22555610E+0000     12055
 12950   -0.36869914E+0001   -0.36870601E+0001    0.22349330E+0000     12370
 13000   -0.36869934E+0001   -0.36870803E+0001    0.29256276E+0000     12610
 13050   -0.36869896E+0001   -0.36870210E+0001    0.25886229E+0000     12755
 13100   -0.36869789E+0001   -0.36870792E+0001    0.19172041E+0000     12850
 13150   -0.36869755E+0001   -0.36871627E+0001    0.28611423E+0000     13031
 13200   -0.36869668E+0001   -0.36870863E+0001    0.25861417E+0000     13306
 13250   -0.36869582E+0001   -0.36870615E+0001    0.22714479E+0000     13582
 13300   -0.36869564E+0001   -0.36870873E+0001    0.23779292E+0000     13885
 13350   -0.36869507E+0001   -0.36870442E+0001    0.29034235E+0000     14124
 13400   -0.36869497E+0001   -0.36869512E+0001    0.23362240E+0000     14399
 13450   -0.36869422E+0001   -0.36870850E+0001    0.27368011E+0000     14465
 13500   -0.36869310E+0001   -0.36870105E+0001    0.29934539E+0000     14738
 13550   -0.36869274E+0001   -0.36869738E+0001    0.23706567E+0000     15136
 13600   -0.36869195E+0001   -0.36870579E+0001    0.24312751E+0000     15495
 13650   -0.36869133E+0001   -0.36869642E+0001    0.29066848E+0000     15716
 13700   -0.36869066E+0001   -0.36870447E+0001    0.24884680E+0000     15814
 13750   -0.36869005E+0001   -0.36869998E+0001    0.24857288E+0000     16067
 13800   -0.36868932E+0001   -0.36870192E+0001    0.27140799E+0000     16400
 13850   -0.36868863E+0001   -0.36868431E+0001    0.23236279E+0000     17040
 13900   -0.36868812E+0001   -0.36869559E+0001    0.24011888E+0000     17238
 13950   -0.36868800E+0001   -0.36869279E+0001    0.32328551E+0000     17264
 14000   -0.36868772E+0001   -0.36870239E+0001    0.24106104E+0000     17672
 14050   -0.36868754E+0001   -0.36869900E+0001    0.29661453E+0000     17817
 14100   -0.36868802E+0001   -0.36867238E+0001    0.24901423E+0000     18092
 14150   -0.36868798E+0001   -0.36869685E+0001    0.27436819E+0000     17951
 14200   -0.36868777E+0001   -0.36869575E+0001    0.23368139E+0000     18201
 14250   -0.36868801E+0001   -0.36869352E+0001    0.20340052E+0000     18419
 14300   -0.36868819E+0001   -0.36869995E+0001    0.25319451E+0000     18880
 14350   -0.36868808E+0001   -0.36869822E+0001    0.23666466E+0000     19216
 14400   -0.36868846E+0001   -0.36869974E+0001    0.24233111E+0000     19466
 14450   -0.36868860E+0001   -0.36870696E+0001    0.23287434E+0000     19874
 14500   -0.36868858E+0001   -0.36870781E+0001    0.29574487E+0000     20280
 14550   -0.36868884E+0001   -0.36871406E+0001    0.28893511E+0000     20331
 14600   -0.36868887E+0001   -0.36872694E+0001    0.29604588E+0000     20815
 14650   -0.36868897E+0001   -0.36874428E+0001    0.24584856E+0000     21130
 14700   -0.36868926E+0001   -0.36874230E+0001    0.24771026E+0000     21410
 14750   -0.36868902E+0001   -0.36875719E+0001    0.25581201E+0000     21715
 14800   -0.36868916E+0001   -0.36876803E+0001    0.29425635E+0000     21869
 14850   -0.36868900E+0001   -0.36877578E+0001    0.27095278E+0000     22199
 14900   -0.36868909E+0001   -0.36881385E+0001    0.30080762E+0000     22695
 14950   -0.36868907E+0001   -0.36878051E+0001    0.23678021E+0000     23159
 15000   -0.36868954E+0001   -0.36879848E+0001    0.29468729E+0000     23664
 15050   -0.36868935E+0001   -0.36881898E+0001    0.25546633E+0000     24017
 15100   -0.36868872E+0001   -0.36884127E+0001    0.32299002E+0000     24275
 15150   -0.36868823E+0001   -0.36880382E+0001    0.32063173E+0000     24798
 15200   -0.36868781E+0001   -0.36876380E+0001    0.30266107E+0000     25497
 15250   -0.36868735E+0001   -0.36875929E+0001    0.31598190E+0000     25967
 15300   -0.36868683E+0001   -0.36875802E+0001    0.31772100E+0000     26345
 15350   -0.36868655E+0001   -0.36875677E+0001    0.22919078E+0000     26606
 15400   -0.36868658E+0001   -0.36874889E+0001    0.30320532E+0000     26940
 15450   -0.36868677E+0001   -0.36876237E+0001    0.25886337E+0000     27429
 15500   -0.36868714E+0001   -0.36873141E+0001    0.26809571E+0000     27790
 15550   -0.36868736E+0001   -0.36873294E+0001    0.32003685E+0000     27774
 15600   -0.36868737E+0001   -0.36872845E+0001    0.25974884E+0000     28379
 15650   -0.36868692E+0001   -0.36870955E+0001    0.29544903E+0000     28438
 15700   -0.36868674E+0001   -0.36870861E+0001    0.25811094E+0000     28903
 15750   -0.36868700E+0001   -0.36867474E+0001    0.27731210E+0000     29323
 15800   -0.36868739E+0001   -0.36868331E+0001    0.28717201E+0000     29919
 15850   -0.36868785E+0001   -0.36872912E+0001    0.24311146E+0000     30743
 15900   -0.36868835E+0001   -0.36872271E+0001    0.25025933E+0000     31232
 15950   -0.36868839E+0001   -0.36872201E+0001    0.28588727E+0000     31761
 16000   -0.36868829E+0001   -0.36871085E+0001    0.23192192E+0000     32263
 16001   -0.36868743E+0001   -0.36868743E+0001    0.54164796E-0001         1
 16050   -0.36865081E+0001   -0.36865081E+0001    0.36503300E+0000         1
 16100   -0.36865640E+0001   -0.36865640E+0001    0.26026257E+0000         1
 16150   -0.36863001E+0001   -0.36863001E+0001    0.42824886E+0000         1
 16200   -0.36866224E+0001   -0.36866224E+0001    0.28654329E+0000         1
 16250   -0.36857334E+0001   -0.36857334E+0001    0.55612743E+0000         1
 16300   -0.36863133E+0001   -0.36863133E+0001    0.45305737E+0000         1
 16350   -0.36856766E+0001   -0.36856766E+0001    0.53692810E+0000         1
 16400   -0.36856897E+0001   -0.36856897E+0001    0.63985139E+0000         1
 16450   -0.36859182E+0001   -0.36859182E+0001    0.57804447E+0000         1
 16500   -0.36864513E+0001   -0.36864513E+0001    0.33877159E+0000         1
 16550   -0.36860743E+0001   -0.36860743E+0001    0.41197108E+0000         1
 16600   -0.36858155E+0001   -0.36858155E+0001    0.57569505E+0000         1
 16650   -0.36863132E+0001   -0.36863132E+0001    0.50824268E+0000         1
 16700   -0.36865626E+0001   -0.36865626E+0001    0.34985123E+0000         1
 16750   -0.36859788E+0001   -0.36859788E+0001    0.53896806E+0000         1
 16800   -0.36859707E+0001   -0.36859707E+0001    0.59047057E+0000         1
 16850   -0.36864581E+0001   -0.36864581E+0001    0.48189751E+0000         1
 16900   -0.36862176E+0001   -0.36862176E+0001    0.53701922E+0000         1
 16950   -0.36869286E+0001   -0.36869286E+0001    0.43101746E+0000         1
 17000   -0.36869201E+0001   -0.36869201E+0001    0.34513403E+0000         1
 17050   -0.36868974E+0001   -0.36868974E+0001    0.43217683E+0000         1
 17100   -0.36864083E+0001   -0.36864083E+0001    0.52365180E+0000         1
 17150   -0.36867789E+0001   -0.36867789E+0001    0.39886810E+0000         1
 17200   -0.36865551E+0001   -0.36865551E+0001    0.41367944E+0000         1
 17250   -0.36864235E+0001   -0.36864235E+0001    0.39925865E+0000         1
 17300   -0.36862983E+0001   -0.36862983E+0001    0.47825605E+0000         1
 17350   -0.36867841E+0001   -0.36867841E+0001    0.44805821E+0000         1
 17400   -0.36865188E+0001   -0.36865188E+0001    0.58817384E+0000         1
 17450   -0.36866288E+0001   -0.36866288E+0001    0.59560745E+0000         1
 17500   -0.36864278E+0001   -0.36864278E+0001    0.70091384E+0000         1
 17550   -0.36864707E+0001   -0.36864707E+0001    0.58610827E+0000         1
 17600   -0.36866716E+0001   -0.36866716E+0001    0.60312588E+0000         1
 17650   -0.36862741E+0001   -0.36862741E+0001    0.71453276E+0000         1
 17700   -0.36872062E+0001   -0.36872062E+0001    0.50810085E+0000         1
 17750   -0.36872216E+0001   -0.36872216E+0001    0.61299632E+0000         1
 17800   -0.36874832E+0001   -0.36874832E+0001    0.63708309E+0000         1
 17850   -0.36871596E+0001   -0.36871596E+0001    0.68127319E+0000         1
 17900   -0.36872922E+0001   -0.36872922E+0001    0.64221507E+0000         1
 17950   -0.36875801E+0001   -0.36875801E+0001    0.72374185E+0000         1
 18000   -0.36871759E+0001   -0.36871759E+0001    0.71242700E+0000         1
 18050   -0.36876841E+0001   -0.36876841E+0001    0.65815318E+0000         1
 18100   -0.36882634E+0001   -0.36882634E+0001    0.50703788E+0000         1
 18150   -0.36883573E+0001   -0.36883573E+0001    0.52428389E+0000         1
 18200   -0.36887280E+0001   -0.36887280E+0001    0.53488241E+0000         1
 18250   -0.36882802E+0001   -0.36882802E+0001    0.59582407E+0000         1
 18300   -0.36882369E+0001   -0.36882369E+0001    0.71501042E+0000         1
 18350   -0.36892818E+0001   -0.36892818E+0001    0.42301921E+0000         1
 18400   -0.36894851E+0001   -0.36894851E+0001    0.46322214E+0000         1
 18450   -0.36895254E+0001   -0.36895254E+0001    0.41897648E+0000         1
 18500   -0.36893983E+0001   -0.36893983E+0001    0.67192444E+0000         1
 18550   -0.36898738E+0001   -0.36898738E+0001    0.57260570E+0000         1
 18600   -0.36897007E+0001   -0.36897007E+0001    0.74127344E+0000         1
 18650   -0.36905216E+0001   -0.36905216E+0001    0.66323330E+0000         1
 18700   -0.36915116E+0001   -0.36915116E+0001    0.56813802E+0000         1
 18750   -0.36915104E+0001   -0.36915104E+0001    0.60729885E+0000         1
 18800   -0.36918755E+0001   -0.36918755E+0001    0.51716020E+0000         1
 18850   -0.36919967E+0001   -0.36919967E+0001    0.50495091E+0000         1
 18900   -0.36925233E+0001   -0.36925233E+0001    0.58729765E+0000         1
 18950   -0.36917886E+0001   -0.36917886E+0001    0.66434874E+0000         1
 19000   -0.36927892E+0001   -0.36927892E+0001    0.66446450E+0000         1
 19050   -0.36936923E+0001   -0.36936923E+0001    0.62358988E+0000         1
 19100   -0.36935294E+0001   -0.36935294E+0001    0.66937239E+0000         1
 19150   -0.36945745E+0001   -0.36945745E+0001    0.63164739E+0000         1
 19200   -0.36951974E+0001   -0.36951974E+0001    0.71978498E+0000         1
 19250   -0.36959369E+0001   -0.36959369E+0001    0.78224290E+0000         1
 19300   -0.36967971E+0001   -0.36967971E+0001    0.74712304E+0000         1
 19350   -0.36976256E+0001   -0.36976256E+0001    0.67237842E+0000         1
 19400   -0.36991010E+0001   -0.36991010E+0001    0.76946389E+0000         1
 19450   -0.37014366E+0001   -0.37014366E+0001    0.72975259E+0000         1
 19500   -0.37026453E+0001   -0.37026453E+0001    0.89436656E+0000         1
 19550   -0.37049619E+0001   -0.37049619E+0001    0.79306481E+0000         1
 19600   -0.37061988E+0001   -0.37061988E+0001    0.80007300E+0000         1
 19650   -0.37081012E+0001   -0.37081012E+0001    0.75950052E+0000         1
 19700   -0.37085992E+0001   -0.37085992E+0001    0.82319540E+0000         1
 19750   -0.37109629E+0001   -0.37109629E+0001    0.89657309E+0000         1
 19800   -0.37121823E+0001   -0.37121823E+0001    0.84748528E+0000         1
 19850   -0.37149110E+0001   -0.37149110E+0001    0.88377953E+0000         1
 19900   -0.37173626E+0001   -0.37173626E+0001    0.93062758E+0000         1
 19950   -0.37183831E+0001   -0.37183831E+0001    0.91454431E+0000         1
 20000   -0.37231574E+0001   -0.37231574E+0001    0.10557941E+0001         1
 20050   -0.37261312E+0001   -0.37261312E+0001    0.10031515E+0001         1
 20100   -0.37288884E+0001   -0.37288884E+0001    0.10522210E+0001         1
 20150   -0.37306496E+0001   -0.37306496E+0001    0.11048065E+0001         1
 20200   -0.37336758E+0001   -0.37336758E+0001    0.11488596E+0001         1
 20250   -0.37389503E+0001   -0.37389503E+0001    0.11548567E+0001         1
 20300   -0.37448248E+0001   -0.37448248E+0001    0.12458628E+0001         1
 20350   -0.37491839E+0001   -0.37491839E+0001    0.12281003E+0001         1
 20400   -0.37522849E+0001   -0.37522849E+0001    0.11698094E+0001         1
 20450   -0.37571234E+0001   -0.37571234E+0001    0.12046870E+0001         1
 20500   -0.37602815E+0001   -0.37602815E+0001    0.12197988E+0001         1
 20550   -0.37642416E+0001   -0.37642416E+0001    0.11686278E+0001         1
 20600   -0.37673467E+0001   -0.37673467E+0001    0.11629304E+0001         1
 20650   -0.37722573E+0001   -0.37722573E+0001    0.11646534E+0001         1
 20700   -0.37766026E+0001   -0.37766026E+0001    0.11124104E+0001         1
 20750   -0.37803662E+0001   -0.37803662E+0001    0.12229502E+0001         1
 20800   -0.37848729E+0001   -0.37848729E+0001    0.11095222E+0001         1
 20850   -0.37865327E+0001   -0.37865327E+0001    0.10924485E+0001         1
 20900   -0.37874677E+0001   -0.37874677E+0001    0.11094066E+0001         1
 20950   -0.37909093E+0001   -0.37909093E+0001    0.98504170E+0000         1
 21000   -0.37935484E+0001   -0.37935484E+0001    0.92190780E+0000         1
 21050   -0.37932772E+0001   -0.37932772E+0001    0.90993966E+0000         1
 21100   -0.37955334E+0001   -0.37955334E+0001    0.85634967E+0000         1
 21150   -0.37968549E+0001   -0.37968549E+0001    0.80626237E+0000         1
 21200   -0.37985836E+0001   -0.37985836E+0001    0.64896844E+0000         1
 21250   -0.37977301E+0001   -0.37977301E+0001    0.75218332E+0000         1
 21300   -0.37986118E+0001   -0.37986118E+0001    0.82718638E+0000         1
 21350   -0.37993486E+0001   -0.37993486E+0001    0.73353232E+0000         1
 21400   -0.38001296E+0001   -0.38001296E+0001    0.62281608E+0000         1
 21450   -0.38009919E+0001   -0.38009919E+0001    0.54066734E+0000         1
 21500   -0.38010918E+0001   -0.38010918E+0001    0.44408237E+0000         1
 21550   -0.38007071E+0001   -0.38007071E+0001    0.66193745E+0000         1
 21600   -0.38017434E+0001   -0.38017434E+0001    0.47369683E+0000         1
 21650   -0.38017191E+0001   -0.38017191E+0001    0.46055059E+0000         1
 21700   -0.38012277E+0001   -0.38012277E+0001    0.58487360E+0000         1
 21750   -0.38015252E+0001   -0.38015252E+0001    0.53005559E+0000         1
 21800   -0.38012262E+0001   -0.38012262E+0001    0.58797508E+0000         1
 21850   -0.38016252E+0001   -0.38016252E+0001    0.53591360E+0000         1
 21900   -0.38009451E+0001   -0.38009451E+0001    0.60283786E+0000         1
 21950   -0.38017273E+0001   -0.38017273E+0001    0.47948952E+0000         1
 22000   -0.38011043E+0001   -0.38011043E+0001    0.60120672E+0000         1
 22050   -0.38020706E+0001   -0.38020706E+0001    0.53398957E+0000         1
 22100   -0.38022053E+0001   -0.38022053E+0001    0.54514033E+0000         1
 22150   -0.38025931E+0001   -0.38025931E+0001    0.57901556E+0000         1
 22200   -0.38028470E+0001   -0.38028470E+0001    0.36102869E+0000         1
 22250   -0.38022348E+0001   -0.38022348E+0001    0.58917973E+0000         1
 22300   -0.38029997E+0001   -0.38029997E+0001    0.34268133E+0000         1
 22350   -0.38026687E+0001   -0.38026687E+0001    0.51254066E+0000         1
 22400   -0.38023420E+0001   -0.38023420E+0001    0.58608838E+0000         1
 22450   -0.38024379E+0001   -0.38024379E+0001    0.57689772E+0000         1
 22500   -0.38024097E+0001   -0.38024097E+0001    0.56363259E+0000         1
 22550   -0.38018091E+0001   -0.38018091E+0001    0.86980103E+0000         1
 22600   -0.38029328E+0001   -0.38029328E+0001    0.45832583E+0000         1
 22650   -0.38025041E+0001   -0.38025041E+0001    0.50585325E+0000         1
 22700   -0.38019359E+0001   -0.38019359E+0001    0.70416751E+0000         1
 22750   -0.38022632E+0001   -0.38022632E+0001    0.53074334E+0000         1
 22800   -0.38030831E+0001   -0.38030831E+0001    0.45603390E+0000         1
 22850   -0.38032480E+0001   -0.38032480E+0001    0.34981920E+0000         1
 22900   -0.38032988E+0001   -0.38032988E+0001    0.36746980E+0000         1
 22950   -0.38029988E+0001   -0.38029988E+0001    0.46823360E+0000         1
 23000   -0.38026931E+0001   -0.38026931E+0001    0.58053714E+0000         1
 23050   -0.38033144E+0001   -0.38033144E+0001    0.32214773E+0000         1
 23100   -0.38032807E+0001   -0.38032807E+0001    0.36681035E+0000         1
 23150   -0.38034600E+0001   -0.38034600E+0001    0.29187338E+0000         1
 23200   -0.38029106E+0001   -0.38029106E+0001    0.46251742E+0000         1
 23250   -0.38032010E+0001   -0.38032010E+0001    0.36900875E+0000         1
 23300   -0.38032366E+0001   -0.38032366E+0001    0.45940595E+0000         1
 23350   -0.38030644E+0001   -0.38030644E+0001    0.44925200E+0000         1
 23400   -0.38030947E+0001   -0.38030947E+0001    0.40419142E+0000         1
 23450   -0.38029512E+0001   -0.38029512E+0001    0.49472256E+0000         1
 23500   -0.38021180E+0001   -0.38021180E+0001    0.69226870E+0000         1
 23550   -0.38029246E+0001   -0.38029246E+0001    0.51470668E+0000         1
 23600   -0.38029455E+0001   -0.38029455E+0001    0.51748804E+0000         1
 23650   -0.38033307E+0001   -0.38033307E+0001    0.48046585E+0000         1
 23700   -0.38031073E+0001   -0.38031073E+0001    0.47038758E+0000         1
 23750   -0.38028921E+0001   -0.38028921E+0001    0.48987777E+0000         1
 23800   -0.38033700E+0001   -0.38033700E+0001    0.42680790E+0000         1
 23850   -0.38029775E+0001   -0.38029775E+0001    0.53038433E+0000         1
 23900   -0.38029315E+0001   -0.38029315E+0001    0.44984536E+0000         1
 23950   -0.38028984E+0001   -0.38028984E+0001    0.48847657E+0000         1
 24000   -0.38025758E+0001   -0.38025758E+0001    0.57169081E+0000         1
 24050   -0.38030062E+0001   -0.38030062E+0001    0.48477574E+0000         1
 24100   -0.38030500E+0001   -0.38030500E+0001    0.47369871E+0000         1
 24150   -0.38032140E+0001   -0.38032140E+0001    0.52643694E+0000         1
 24200   -0.38030213E+0001   -0.38030213E+0001    0.52555285E+0000         1
 24250   -0.38025650E+0001   -0.38025650E+0001    0.56435936E+0000         1
 24300   -0.38035563E+0001   -0.38035563E+0001    0.31017368E+0000         1
 24350   -0.38028888E+0001   -0.38028888E+0001    0.61116495E+0000         1
 24400   -0.38032816E+0001   -0.38032816E+0001    0.46863168E+0000         1
 24450   -0.38026082E+0001   -0.38026082E+0001    0.66420282E+0000         1
 24500   -0.38033024E+0001   -0.38033024E+0001    0.42504980E+0000         1
 24550   -0.38030422E+0001   -0.38030422E+0001    0.51512482E+0000         1
 24600   -0.38030966E+0001   -0.38030966E+0001    0.42349912E+0000         1
 24650   -0.38023738E+0001   -0.38023738E+0001    0.63593218E+0000         1
 24700   -0.38028171E+0001   -0.38028171E+0001    0.52987207E+0000         1
 24750   -0.38028686E+0001   -0.38028686E+0001    0.39229177E+0000         1
 24800   -0.38027577E+0001   -0.38027577E+0001    0.42846061E+0000         1
 24850   -0.38025624E+0001   -0.38025624E+0001    0.45736873E+0000         1
 24900   -0.38024787E+0001   -0.38024787E+0001    0.50095312E+0000         1
 24950   -0.38020414E+0001   -0.38020414E+0001    0.71360299E+0000         1
 25000   -0.38027593E+0001   -0.38027593E+0001    0.49827019E+0000         1
 25050   -0.38026115E+0001   -0.38026115E+0001    0.44819806E+0000         1
 25100   -0.38026794E+0001   -0.38026794E+0001    0.61006927E+0000         1
 25150   -0.38028825E+0001   -0.38028825E+0001    0.38185877E+0000         1
 25200   -0.38028384E+0001   -0.38028384E+0001    0.42468690E+0000         1
 25250   -0.38023573E+0001   -0.38023573E+0001    0.62371368E+0000         1
 25300   -0.38028046E+0001   -0.38028046E+0001    0.53387043E+0000         1
 25350   -0.38032058E+0001   -0.38032058E+0001    0.39916592E+0000         1
 25400   -0.38030996E+0001   -0.38030996E+0001    0.43716121E+0000         1
 25450   -0.38032348E+0001   -0.38032348E+0001    0.38995236E+0000         1
 25500   -0.38024178E+0001   -0.38024178E+0001    0.58394016E+0000         1
 25550   -0.38031315E+0001   -0.38031315E+0001    0.42783045E+0000         1
 25600   -0.38030165E+0001   -0.38030165E+0001    0.44596141E+0000         1
 25650   -0.38025018E+0001   -0.38025018E+0001    0.56224400E+0000         1
 25700   -0.38021835E+0001   -0.38021835E+0001    0.66101440E+0000         1
 25750   -0.38023882E+0001   -0.38023882E+0001    0.73507490E+0000         1
 25800   -0.38029400E+0001   -0.38029400E+0001    0.47434311E+0000         1
 25850   -0.38026948E+0001   -0.38026948E+0001    0.50999338E+0000         1
 25900   -0.38028937E+0001   -0.38028937E+0001    0.48236234E+0000         1
 25950   -0.38025561E+0001   -0.38025561E+0001    0.61310063E+0000         1
 26000   -0.38035395E+0001   -0.38035395E+0001    0.39557405E+0000         1
 26050   -0.38026990E+0001   -0.38026990E+0001    0.50801756E+0000         1
 26100   -0.38026387E+0001   -0.38026387E+0001    0.48395765E+0000         1
 26150   -0.38027588E+0001   -0.38027588E+0001    0.56577136E+0000         1
 26200   -0.38033151E+0001   -0.38033151E+0001    0.43351423E+0000         1
 26250   -0.38029056E+0001   -0.38029056E+0001    0.52255774E+0000         1
 26300   -0.38031207E+0001   -0.38031207E+0001    0.51672579E+0000         1
 26350   -0.38023291E+0001   -0.38023291E+0001    0.62516337E+0000         1
 26400   -0.38025187E+0001   -0.38025187E+0001    0.55595592E+0000         1
 26450   -0.38030834E+0001   -0.38030834E+0001    0.46385759E+0000         1
 26500   -0.38029332E+0001   -0.38029332E+0001    0.55084539E+0000         1
 26550   -0.38030563E+0001   -0.38030563E+0001    0.45112125E+0000         1
 26600   -0.38031535E+0001   -0.38031535E+0001    0.47120550E+0000         1
 26650   -0.38025961E+0001   -0.38025961E+0001    0.54082256E+0000         1
 26700   -0.38024247E+0001   -0.38024247E+0001    0.58677752E+0000         1
 26750   -0.38026841E+0001   -0.38026841E+0001    0.58949949E+0000         1
 26800   -0.38026349E+0001   -0.38026349E+0001    0.61200319E+0000         1
 26850   -0.38027569E+0001   -0.38027569E+0001    0.64096188E+0000         1
 26900   -0.38031355E+0001   -0.38031355E+0001    0.46313889E+0000         1
 26950   -0.38031529E+0001   -0.38031529E+0001    0.46678075E+0000         1
 27000   -0.38027935E+0001   -0.38027935E+0001    0.59257522E+0000         1
 27050   -0.38028066E+0001   -0.38028066E+0001    0.54746549E+0000         1
 27100   -0.38032712E+0001   -0.38032712E+0001    0.44627616E+0000         1
 27150   -0.38028102E+0001   -0.38028102E+0001    0.49332378E+0000         1
 27200   -0.38033102E+0001   -0.38033102E+0001    0.34752922E+0000         1
 27250   -0.38032519E+0001   -0.38032519E+0001    0.35647453E+0000         1
 27300   -0.38031938E+0001   -0.38031938E+0001    0.40587455E+0000         1
 27350   -0.38029833E+0001   -0.38029833E+0001    0.49858468E+0000         1
 27400   -0.38026376E+0001   -0.38026376E+0001    0.64504054E+0000         1
 27450   -0.38032593E+0001   -0.38032593E+0001    0.45941287E+0000         1
 27500   -0.38027754E+0001   -0.38027754E+0001    0.52830228E+0000         1
 27550   -0.38027940E+0001   -0.38027940E+0001    0.62510982E+0000         1
 27600   -0.38028674E+0001   -0.38028674E+0001    0.44138277E+0000         1
 27650   -0.38028986E+0001   -0.38028986E+0001    0.49983567E+0000         1
 27700   -0.38022620E+0001   -0.38022620E+0001    0.59967429E+0000         1
 27750   -0.38023164E+0001   -0.38023164E+0001    0.59295261E+0000         1
 27800   -0.38028847E+0001   -0.38028847E+0001    0.43370768E+0000         1
 27850   -0.38031122E+0001   -0.38031122E+0001    0.36808859E+0000         1
 27900   -0.38030364E+0001   -0.38030364E+0001    0.39191291E+0000         1
 27950   -0.38033418E+0001   -0.38033418E+0001    0.31625229E+0000         1
 28000   -0.38030332E+0001   -0.38030332E+0001    0.44827931E+0000         1
 28050   -0.38029051E+0001   -0.38029051E+0001    0.55468905E+0000         1
 28100   -0.38026441E+0001   -0.38026441E+0001    0.50274845E+0000         1
 28150   -0.38029398E+0001   -0.38029398E+0001    0.51331536E+0000         1
 28200   -0.38029747E+0001   -0.38029747E+0001    0.53216554E+0000         1
 28250   -0.38031121E+0001   -0.38031121E+0001    0.49302730E+0000         1
 28300   -0.38030977E+0001   -0.38030977E+0001    0.45264878E+0000         1
 28350   -0.38030595E+0001   -0.38030595E+0001    0.42257727E+0000         1
 28400   -0.38034545E+0001   -0.38034545E+0001    0.43959885E+0000         1
 28450   -0.38031625E+0001   -0.38031625E+0001    0.53322387E+0000         1
 28500   -0.38033313E+0001   -0.38033313E+0001    0.34222431E+0000         1
 28550   -0.38028013E+0001   -0.38028013E+0001    0.53032951E+0000         1
 28600   -0.38026838E+0001   -0.38026838E+0001    0.52370734E+0000         1
 28650   -0.38033199E+0001   -0.38033199E+0001    0.33780013E+0000         1
 28700   -0.38028791E+0001   -0.38028791E+0001    0.45147855E+0000         1
 28750   -0.38030221E+0001   -0.38030221E+0001    0.49055850E+0000         1
 28800   -0.38033531E+0001   -0.38033531E+0001    0.39730755E+0000         1
 28850   -0.38024467E+0001   -0.38024467E+0001    0.71605269E+0000         1
 28900   -0.38017320E+0001   -0.38017320E+0001    0.85463751E+0000         1
 28950   -0.38030568E+0001   -0.38030568E+0001    0.53218182E+0000         1
 29000   -0.38030490E+0001   -0.38030490E+0001    0.59471709E+0000         1
 29050   -0.38032100E+0001   -0.38032100E+0001    0.50533941E+0000         1
 29100   -0.38031317E+0001   -0.38031317E+0001    0.42408092E+0000         1
 29150   -0.38029417E+0001   -0.38029417E+0001    0.49978773E+0000         1
 29200   -0.38029076E+0001   -0.38029076E+0001    0.56014562E+0000         1
 29250   -0.38028284E+0001   -0.38028284E+0001    0.63802091E+0000         1
 29300   -0.38032945E+0001   -0.38032945E+0001    0.38220766E+0000         1
 29350   -0.38030792E+0001   -0.38030792E+0001    0.55033247E+0000         1
 29400   -0.38036043E+0001   -0.38036043E+0001    0.24321646E+0000         1
 29450   -0.38031730E+0001   -0.38031730E+0001    0.52328212E+0000         1
 29500   -0.38032225E+0001   -0.38032225E+0001    0.51288077E+0000         1
 29550   -0.38030793E+0001   -0.38030793E+0001    0.55663826E+0000         1
 29600   -0.38034805E+0001   -0.38034805E+0001    0.32442576E+0000         1
 29650   -0.38034713E+0001   -0.38034713E+0001    0.33833662E+0000         1
 29700   -0.38034376E+0001   -0.38034376E+0001    0.35065657E+0000         1
 29750   -0.38029662E+0001   -0.38029662E+0001    0.44549446E+0000         1
 29800   -0.38023558E+0001   -0.38023558E+0001    0.60039269E+0000         1
 29850   -0.38029109E+0001   -0.38029109E+0001    0.52947579E+0000         1
 29900   -0.38026442E+0001   -0.38026442E+0001    0.56092956E+0000         1
 29950   -0.38031786E+0001   -0.38031786E+0001    0.49123583E+0000         1
 30000   -0.38031304E+0001   -0.38031304E+0001    0.40877582E+0000         1
 30050   -0.38029554E+0001   -0.38029554E+0001    0.51228882E+0000         1
 30100   -0.38030105E+0001   -0.38030105E+0001    0.45468451E+0000         1
 30150   -0.38029019E+0001   -0.38029019E+0001    0.50888953E+0000         1
 30200   -0.38026459E+0001   -0.38026459E+0001    0.49079374E+0000         1
 30250   -0.38028522E+0001   -0.38028522E+0001    0.46544102E+0000         1
 30300   -0.38029650E+0001   -0.38029650E+0001    0.47456851E+0000         1
 30350   -0.38031282E+0001   -0.38031282E+0001    0.38639894E+0000         1
 30400   -0.38030412E+0001   -0.38030412E+0001    0.38967060E+0000         1
 30450   -0.38030921E+0001   -0.38030921E+0001    0.44895433E+0000         1
 30500   -0.38026967E+0001   -0.38026967E+0001    0.56562143E+0000         1
 30550   -0.38030898E+0001   -0.38030898E+0001    0.37703453E+0000         1
 30600   -0.38029372E+0001   -0.38029372E+0001    0.45584417E+0000         1
 30650   -0.38021861E+0001   -0.38021861E+0001    0.71522061E+0000         1
 30700   -0.38016463E+0001   -0.38016463E+0001    0.81761837E+0000         1
 30750   -0.38028158E+0001   -0.38028158E+0001    0.58927160E+0000         1
 30800   -0.38035212E+0001   -0.38035212E+0001    0.34219819E+0000         1
 30850   -0.38032434E+0001   -0.38032434E+0001    0.44564621E+0000         1
 30900   -0.38029996E+0001   -0.38029996E+0001    0.49846964E+0000         1
 30950   -0.38024369E+0001   -0.38024369E+0001    0.58159790E+0000         1
 31000   -0.38024241E+0001   -0.38024241E+0001    0.63180925E+0000         1
 31050   -0.38030348E+0001   -0.38030348E+0001    0.47976103E+0000         1
 31100   -0.38030135E+0001   -0.38030135E+0001    0.53070191E+0000         1
 31150   -0.38022408E+0001   -0.38022408E+0001    0.70351839E+0000         1
 31200   -0.38023362E+0001   -0.38023362E+0001    0.61093328E+0000         1
 31250   -0.38021985E+0001   -0.38021985E+0001    0.65393835E+0000         1
 31300   -0.38027977E+0001   -0.38027977E+0001    0.61150990E+0000         1
 31350   -0.38033877E+0001   -0.38033877E+0001    0.35566791E+0000         1
 31400   -0.38023965E+0001   -0.38023965E+0001    0.66387752E+0000         1
 31450   -0.38022535E+0001   -0.38022535E+0001    0.63147461E+0000         1
 31500   -0.38022601E+0001   -0.38022601E+0001    0.62994931E+0000         1
 31550   -0.38028303E+0001   -0.38028303E+0001    0.52210209E+0000         1
 31600   -0.38025481E+0001   -0.38025481E+0001    0.55167963E+0000         1
 31650   -0.38019460E+0001   -0.38019460E+0001    0.69881504E+0000         1
 31700   -0.38030032E+0001   -0.38030032E+0001    0.49098582E+0000         1
 31750   -0.38024176E+0001   -0.38024176E+0001    0.68325784E+0000         1
 31800   -0.38023976E+0001   -0.38023976E+0001    0.70625460E+0000         1
 31850   -0.38027543E+0001   -0.38027543E+0001    0.52937496E+0000         1
 31900   -0.38025447E+0001   -0.38025447E+0001    0.57501182E+0000         1
 31950   -0.38025501E+0001   -0.38025501E+0001    0.62989098E+0000         1
 32000   -0.38028779E+0001   -0.38028779E+0001    0.63906391E+0000         1
 32050   -0.38031294E+0001   -0.38031294E+0001    0.43259969E+0000         1
 32100   -0.38028194E+0001   -0.38028194E+0001    0.55844729E+0000         1
 32150   -0.38032700E+0001   -0.38032700E+0001    0.47072325E+0000         1
 32200   -0.38026347E+0001   -0.38026347E+0001    0.55493860E+0000         1
 32250   -0.38030106E+0001   -0.38030106E+0001    0.50810299E+0000         1
 32300   -0.38030119E+0001   -0.38030119E+0001    0.40941709E+0000         1
 32350   -0.38031354E+0001   -0.38031354E+0001    0.39552603E+0000         1
 32400   -0.38028327E+0001   -0.38028327E+0001    0.47693678E+0000         1
 32450   -0.38026247E+0001   -0.38026247E+0001    0.60672852E+0000         1
 32500   -0.38019572E+0001   -0.38019572E+0001    0.65024917E+0000         1
 32550   -0.38020245E+0001   -0.38020245E+0001    0.63669428E+0000         1
 32600   -0.38021262E+0001   -0.38021262E+0001    0.55193571E+0000         1
 32650   -0.38019908E+0001   -0.38019908E+0001    0.66016580E+0000         1
 32700   -0.38023175E+0001   -0.38023175E+0001    0.67250731E+0000         1
 32750   -0.38024807E+0001   -0.38024807E+0001    0.55056002E+0000         1
 32800   -0.38025436E+0001   -0.38025436E+0001    0.52856770E+0000         1
 32850   -0.38028063E+0001   -0.38028063E+0001    0.48056359E+0000         1
 32900   -0.38026953E+0001   -0.38026953E+0001    0.46299728E+0000         1
 32950   -0.38025008E+0001   -0.38025008E+0001    0.46133428E+0000         1
 33000   -0.38023123E+0001   -0.38023123E+0001    0.68652387E+0000         1
 33050   -0.38027702E+0001   -0.38027702E+0001    0.68856492E+0000         1
 33100   -0.38028491E+0001   -0.38028491E+0001    0.62461945E+0000         1
 33150   -0.38028134E+0001   -0.38028134E+0001    0.55925140E+0000         1
 33200   -0.38028719E+0001   -0.38028719E+0001    0.58375375E+0000         1
 33250   -0.38028799E+0001   -0.38028799E+0001    0.54691451E+0000         1
 33300   -0.38025276E+0001   -0.38025276E+0001    0.64840403E+0000         1
 33350   -0.38027024E+0001   -0.38027024E+0001    0.52830352E+0000         1
 33400   -0.38026025E+0001   -0.38026025E+0001    0.52208278E+0000         1
 33450   -0.38027698E+0001   -0.38027698E+0001    0.48242807E+0000         1
 33500   -0.38027682E+0001   -0.38027682E+0001    0.56163452E+0000         1
 33550   -0.38026784E+0001   -0.38026784E+0001    0.51634613E+0000         1
 33600   -0.38021534E+0001   -0.38021534E+0001    0.68703427E+0000         1
 33650   -0.38028068E+0001   -0.38028068E+0001    0.48576364E+0000         1
 33700   -0.38027868E+0001   -0.38027868E+0001    0.51677467E+0000         1
 33750   -0.38026996E+0001   -0.38026996E+0001    0.56657085E+0000         1
 33800   -0.38029714E+0001   -0.38029714E+0001    0.39386345E+0000         1
 33850   -0.38031746E+0001   -0.38031746E+0001    0.34151591E+0000         1
 33900   -0.38028901E+0001   -0.38028901E+0001    0.46292992E+0000         1
 33950   -0.38027880E+0001   -0.38027880E+0001    0.48648542E+0000         1
 34000   -0.38024731E+0001   -0.38024731E+0001    0.57734073E+0000         1
 34050   -0.38029157E+0001   -0.38029157E+0001    0.51152953E+0000         1
 34100   -0.38032185E+0001   -0.38032185E+0001    0.48691426E+0000         1
 34150   -0.38029913E+0001   -0.38029913E+0001    0.51305718E+0000         1
 34200   -0.38021272E+0001   -0.38021272E+0001    0.69088765E+0000         1
 34250   -0.38026136E+0001   -0.38026136E+0001    0.59599124E+0000         1
 34300   -0.38025247E+0001   -0.38025247E+0001    0.52400071E+0000         1
 34350   -0.38025073E+0001   -0.38025073E+0001    0.52231259E+0000         1
 34400   -0.38031113E+0001   -0.38031113E+0001    0.43045979E+0000         1
 34450   -0.38033592E+0001   -0.38033592E+0001    0.35763843E+0000         1
 34500   -0.38026815E+0001   -0.38026815E+0001    0.62380173E+0000         1
 34550   -0.38024899E+0001   -0.38024899E+0001    0.67867244E+0000         1
 34600   -0.38026175E+0001   -0.38026175E+0001    0.58304102E+0000         1
 34650   -0.38028351E+0001   -0.38028351E+0001    0.46780534E+0000         1
 34700   -0.38026662E+0001   -0.38026662E+0001    0.56939047E+0000         1
 34750   -0.38027817E+0001   -0.38027817E+0001    0.45191355E+0000         1
 34800   -0.38027012E+0001   -0.38027012E+0001    0.53699234E+0000         1
 34850   -0.38034952E+0001   -0.38034952E+0001    0.30571224E+0000         1
 34900   -0.38031760E+0001   -0.38031760E+0001    0.39546026E+0000         1
 34950   -0.38031587E+0001   -0.38031587E+0001    0.43835322E+0000         1
 35000   -0.38031935E+0001   -0.38031935E+0001    0.43599715E+0000         1
 35050   -0.38029645E+0001   -0.38029645E+0001    0.49981863E+0000         1
 35100   -0.38028297E+0001   -0.38028297E+0001    0.57410036E+0000         1
 35150   -0.38026527E+0001   -0.38026527E+0001    0.55678917E+0000         1
 35200   -0.38026960E+0001   -0.38026960E+0001    0.51285222E+0000         1
 35250   -0.38025841E+0001   -0.38025841E+0001    0.60401925E+0000         1
 35300   -0.38031824E+0001   -0.38031824E+0001    0.41481964E+0000         1
 35350   -0.38027224E+0001   -0.38027224E+0001    0.57971360E+0000         1
 35400   -0.38031975E+0001   -0.38031975E+0001    0.41825986E+0000         1
 35450   -0.38029071E+0001   -0.38029071E+0001    0.57061885E+0000         1
 35500   -0.38024639E+0001   -0.38024639E+0001    0.55743717E+0000         1
 35550   -0.38025671E+0001   -0.38025671E+0001    0.47626775E+0000         1
 35600   -0.38025435E+0001   -0.38025435E+0001    0.52307199E+0000         1
 35650   -0.38026273E+0001   -0.38026273E+0001    0.48745787E+0000         1
 35700   -0.38020283E+0001   -0.38020283E+0001    0.57812156E+0000         1
 35750   -0.38022144E+0001   -0.38022144E+0001    0.55423475E+0000         1
 35800   -0.38024082E+0001   -0.38024082E+0001    0.68248776E+0000         1
 35850   -0.38024870E+0001   -0.38024870E+0001    0.56439182E+0000         1
 35900   -0.38025327E+0001   -0.38025327E+0001    0.60768546E+0000         1
 35950   -0.38031552E+0001   -0.38031552E+0001    0.45007417E+0000         1
 36000   -0.38030168E+0001   -0.38030168E+0001    0.43293825E+0000         1
 36050   -0.38026781E+0001   -0.38026781E+0001    0.51156288E+0000         1
 36100   -0.38026553E+0001   -0.38026553E+0001    0.62849334E+0000         1
 36150   -0.38030577E+0001   -0.38030577E+0001    0.45502618E+0000         1
 36200   -0.38030418E+0001   -0.38030418E+0001    0.43467311E+0000         1
 36250   -0.38028050E+0001   -0.38028050E+0001    0.57371060E+0000         1
 36300   -0.38031976E+0001   -0.38031976E+0001    0.40927161E+0000         1
 36350   -0.38032759E+0001   -0.38032759E+0001    0.42944309E+0000         1
 36400   -0.38035836E+0001   -0.38035836E+0001    0.22604430E+0000         1
 36450   -0.38027427E+0001   -0.38027427E+0001    0.51721267E+0000         1
 36500   -0.38028706E+0001   -0.38028706E+0001    0.48330498E+0000         1
 36550   -0.38033896E+0001   -0.38033896E+0001    0.38346468E+0000         1
 36600   -0.38033382E+0001   -0.38033382E+0001    0.33062687E+0000         1
 36650   -0.38031560E+0001   -0.38031560E+0001    0.36218875E+0000         1
 36700   -0.38032356E+0001   -0.38032356E+0001    0.40634612E+0000         1
 36750   -0.38030516E+0001   -0.38030516E+0001    0.49778878E+0000         1
 36800   -0.38029877E+0001   -0.38029877E+0001    0.50164141E+0000         1
 36850   -0.38028315E+0001   -0.38028315E+0001    0.61680238E+0000         1
 36900   -0.38020403E+0001   -0.38020403E+0001    0.77131510E+0000         1
 36950   -0.38023879E+0001   -0.38023879E+0001    0.62864933E+0000         1
 37000   -0.38030105E+0001   -0.38030105E+0001    0.44788615E+0000         1
 37050   -0.38028091E+0001   -0.38028091E+0001    0.54546654E+0000         1
 37100   -0.38029145E+0001   -0.38029145E+0001    0.56743810E+0000         1
 37150   -0.38031677E+0001   -0.38031677E+0001    0.42739209E+0000         1
 37200   -0.38029803E+0001   -0.38029803E+0001    0.46543852E+0000         1
 37250   -0.38022040E+0001   -0.38022040E+0001    0.63418478E+0000         1
 37300   -0.38020575E+0001   -0.38020575E+0001    0.68004819E+0000         1
 37350   -0.38031405E+0001   -0.38031405E+0001    0.44515611E+0000         1
 37400   -0.38029427E+0001   -0.38029427E+0001    0.47383321E+0000         1
 37450   -0.38030175E+0001   -0.38030175E+0001    0.44467869E+0000         1
 37500   -0.38027147E+0001   -0.38027147E+0001    0.54263239E+0000         1
 37550   -0.38028478E+0001   -0.38028478E+0001    0.54743218E+0000         1
 37600   -0.38019477E+0001   -0.38019477E+0001    0.82415995E+0000         1
 37650   -0.38028594E+0001   -0.38028594E+0001    0.51413577E+0000         1
 37700   -0.38026280E+0001   -0.38026280E+0001    0.59069147E+0000         1
 37750   -0.38027026E+0001   -0.38027026E+0001    0.58590096E+0000         1
 37800   -0.38026744E+0001   -0.38026744E+0001    0.63529876E+0000         1
 37850   -0.38032236E+0001   -0.38032236E+0001    0.37687614E+0000         1
 37900   -0.38031869E+0001   -0.38031869E+0001    0.45693452E+0000         1
 37950   -0.38032038E+0001   -0.38032038E+0001    0.41762650E+0000         1
 38000   -0.38027955E+0001   -0.38027955E+0001    0.58977372E+0000         1
 38050   -0.38027899E+0001   -0.38027899E+0001    0.62098251E+0000         1
 38100   -0.38035911E+0001   -0.38035911E+0001    0.36086345E+0000         1
 38150   -0.38032089E+0001   -0.38032089E+0001    0.40904748E+0000         1
 38200   -0.38028848E+0001   -0.38028848E+0001    0.53141419E+0000         1
 38250   -0.38033271E+0001   -0.38033271E+0001    0.33327336E+0000         1
 38300   -0.38030412E+0001   -0.38030412E+0001    0.39542812E+0000         1
 38350   -0.38027103E+0001   -0.38027103E+0001    0.54650019E+0000         1
 38400   -0.38023127E+0001   -0.38023127E+0001    0.59764855E+0000         1
 38450   -0.38026374E+0001   -0.38026374E+0001    0.57680785E+0000         1
 38500   -0.38030029E+0001   -0.38030029E+0001    0.42513171E+0000         1
 38550   -0.38026623E+0001   -0.38026623E+0001    0.58180931E+0000         1
 38600   -0.38029640E+0001   -0.38029640E+0001    0.42948678E+0000         1
 38650   -0.38027720E+0001   -0.38027720E+0001    0.56988085E+0000         1
 38700   -0.38027246E+0001   -0.38027246E+0001    0.56218875E+0000         1
 38750   -0.38025576E+0001   -0.38025576E+0001    0.66704718E+0000         1
 38800   -0.38030942E+0001   -0.38030942E+0001    0.44987473E+0000         1
 38850   -0.38027847E+0001   -0.38027847E+0001    0.53935367E+0000         1
 38900   -0.38024549E+0001   -0.38024549E+0001    0.58604789E+0000         1
 38950   -0.38025103E+0001   -0.38025103E+0001    0.62663888E+0000         1
 39000   -0.38031238E+0001   -0.38031238E+0001    0.47114025E+0000         1
 39050   -0.38028309E+0001   -0.38028309E+0001    0.54218183E+0000         1
 39100   -0.38027964E+0001   -0.38027964E+0001    0.54544010E+0000         1
 39150   -0.38022629E+0001   -0.38022629E+0001    0.63008393E+0000         1
 39200   -0.38019859E+0001   -0.38019859E+0001    0.72756221E+0000         1
 39250   -0.38029815E+0001   -0.38029815E+0001    0.40398908E+0000         1
 39300   -0.38028384E+0001   -0.38028384E+0001    0.53466594E+0000         1
 39350   -0.38026470E+0001   -0.38026470E+0001    0.57522059E+0000         1
 39400   -0.38022692E+0001   -0.38022692E+0001    0.70275511E+0000         1
 39450   -0.38029825E+0001   -0.38029825E+0001    0.42762077E+0000         1
 39500   -0.38028419E+0001   -0.38028419E+0001    0.54155680E+0000         1
 39550   -0.38032120E+0001   -0.38032120E+0001    0.35274542E+0000         1
 39600   -0.38031355E+0001   -0.38031355E+0001    0.40425487E+0000         1
 39650   -0.38030863E+0001   -0.38030863E+0001    0.37046362E+0000         1
 39700   -0.38025010E+0001   -0.38025010E+0001    0.64331630E+0000         1
 39750   -0.38029766E+0001   -0.38029766E+0001    0.48728201E+0000         1
 39800   -0.38033946E+0001   -0.38033946E+0001    0.35638298E+0000         1
 39850   -0.38033220E+0001   -0.38033220E+0001    0.41461503E+0000         1
 39900   -0.38031627E+0001   -0.38031627E+0001    0.51676147E+0000         1
 39950   -0.38029787E+0001   -0.38029787E+0001    0.50559082E+0000         1
 40000   -0.38035439E+0001   -0.38035439E+0001    0.29512484E+0000         1
 40050   -0.38027897E+0001   -0.38027897E+0001    0.53888996E+0000         1
 40100   -0.38031953E+0001   -0.38031953E+0001    0.40469165E+0000         1
 40150   -0.38029834E+0001   -0.38029834E+0001    0.41602082E+0000         1
 40200   -0.38026316E+0001   -0.38026316E+0001    0.59982689E+0000         1
 40250   -0.38028141E+0001   -0.38028141E+0001    0.41154571E+0000         1
 40300   -0.38029945E+0001   -0.38029945E+0001    0.45329600E+0000         1
 40350   -0.38025614E+0001   -0.38025614E+0001    0.52160035E+0000         1
 40400   -0.38022275E+0001   -0.38022275E+0001    0.62254036E+0000         1
 40450   -0.38023564E+0001   -0.38023564E+0001    0.56161571E+0000         1
 40500   -0.38029898E+0001   -0.38029898E+0001    0.52258976E+0000         1
 40550   -0.38029620E+0001   -0.38029620E+0001    0.50277039E+0000         1
 40600   -0.38033123E+0001   -0.38033123E+0001    0.38996362E+0000         1
 40650   -0.38032706E+0001   -0.38032706E+0001    0.32503705E+0000         1
 40700   -0.38030814E+0001   -0.38030814E+0001    0.41231356E+0000         1
 40750   -0.38030156E+0001   -0.38030156E+0001    0.50833656E+0000         1
 40800   -0.38034247E+0001   -0.38034247E+0001    0.33910938E+0000         1
 40850   -0.38034843E+0001   -0.38034843E+0001    0.26223461E+0000         1
 40900   -0.38030765E+0001   -0.38030765E+0001    0.36922365E+0000         1
 40950   -0.38028422E+0001   -0.38028422E+0001    0.50338538E+0000         1
 41000   -0.38026239E+0001   -0.38026239E+0001    0.53182890E+0000         1
 41050   -0.38026765E+0001   -0.38026765E+0001    0.54479509E+0000         1
 41100   -0.38030805E+0001   -0.38030805E+0001    0.46273033E+0000         1
 41150   -0.38025571E+0001   -0.38025571E+0001    0.61143696E+0000         1
 41200   -0.38023472E+0001   -0.38023472E+0001    0.66806352E+0000         1
 41250   -0.38030158E+0001   -0.38030158E+0001    0.50826654E+0000         1
 41300   -0.38023368E+0001   -0.38023368E+0001    0.63838263E+0000         1
 41350   -0.38025205E+0001   -0.38025205E+0001    0.65753955E+0000         1
 41400   -0.38025720E+0001   -0.38025720E+0001    0.57736245E+0000         1
 41450   -0.38031957E+0001   -0.38031957E+0001    0.36598216E+0000         1
 41500   -0.38031579E+0001   -0.38031579E+0001    0.44884946E+0000         1
 41550   -0.38031725E+0001   -0.38031725E+0001    0.40589412E+0000         1
 41600   -0.38030305E+0001   -0.38030305E+0001    0.47684728E+0000         1
 41650   -0.38030342E+0001   -0.38030342E+0001    0.54405652E+0000         1
 41700   -0.38035555E+0001   -0.38035555E+0001    0.36524395E+0000         1
 41750   -0.38031536E+0001   -0.38031536E+0001    0.40475802E+0000         1
 41800   -0.38029795E+0001   -0.38029795E+0001    0.41791971E+0000         1
 41850   -0.38025134E+0001   -0.38025134E+0001    0.60816064E+0000         1
 41900   -0.38027376E+0001   -0.38027376E+0001    0.45043091E+0000         1
 41950   -0.38028441E+0001   -0.38028441E+0001    0.39761391E+0000         1
 42000   -0.38029918E+0001   -0.38029918E+0001    0.37965161E+0000         1
 42050   -0.38024817E+0001   -0.38024817E+0001    0.55090699E+0000         1
 42100   -0.38026401E+0001   -0.38026401E+0001    0.51273557E+0000         1
 42150   -0.38026776E+0001   -0.38026776E+0001    0.52815610E+0000         1
 42200   -0.38026623E+0001   -0.38026623E+0001    0.54832840E+0000         1
 42250   -0.38034244E+0001   -0.38034244E+0001    0.27831566E+0000         1
 42300   -0.38031792E+0001   -0.38031792E+0001    0.38715305E+0000         1
 42350   -0.38025818E+0001   -0.38025818E+0001    0.65615600E+0000         1
 42400   -0.38031719E+0001   -0.38031719E+0001    0.40811260E+0000         1
 42450   -0.38034221E+0001   -0.38034221E+0001    0.36301431E+0000         1
 42500   -0.38028314E+0001   -0.38028314E+0001    0.46725931E+0000         1
 42550   -0.38035562E+0001   -0.38035562E+0001    0.23586864E+0000         1
 42600   -0.38031816E+0001   -0.38031816E+0001    0.44627714E+0000         1
 42650   -0.38031997E+0001   -0.38031997E+0001    0.35149313E+0000         1
 42700   -0.38030193E+0001   -0.38030193E+0001    0.42982056E+0000         1
 42750   -0.38029973E+0001   -0.38029973E+0001    0.46725312E+0000         1
 42800   -0.38030367E+0001   -0.38030367E+0001    0.39796057E+0000         1
 42850   -0.38024919E+0001   -0.38024919E+0001    0.66544373E+0000         1
 42900   -0.38030406E+0001   -0.38030406E+0001    0.44736164E+0000         1
 42950   -0.38027499E+0001   -0.38027499E+0001    0.45951277E+0000         1
 43000   -0.38026579E+0001   -0.38026579E+0001    0.48100529E+0000         1
 43050   -0.38020974E+0001   -0.38020974E+0001    0.63581496E+0000         1
 43100   -0.38026254E+0001   -0.38026254E+0001    0.46010509E+0000         1
 43150   -0.38024770E+0001   -0.38024770E+0001    0.51841724E+0000         1
 43200   -0.38029556E+0001   -0.38029556E+0001    0.48917524E+0000         1
 43250   -0.38032297E+0001   -0.38032297E+0001    0.37273183E+0000         1
 43300   -0.38030893E+0001   -0.38030893E+0001    0.41132253E+0000         1
 43350   -0.38028548E+0001   -0.38028548E+0001    0.49016844E+0000         1
 43400   -0.38026888E+0001   -0.38026888E+0001    0.59386276E+0000         1
 43450   -0.38030185E+0001   -0.38030185E+0001    0.49240255E+0000         1
 43500   -0.38023687E+0001   -0.38023687E+0001    0.68136380E+0000         1
 43550   -0.38026472E+0001   -0.38026472E+0001    0.56657722E+0000         1
 43600   -0.38029363E+0001   -0.38029363E+0001    0.47154462E+0000         1
 43650   -0.38027636E+0001   -0.38027636E+0001    0.58941537E+0000         1
 43700   -0.38025850E+0001   -0.38025850E+0001    0.58354228E+0000         1
 43750   -0.38024676E+0001   -0.38024676E+0001    0.56809681E+0000         1
 43800   -0.38025358E+0001   -0.38025358E+0001    0.56047477E+0000         1
 43850   -0.38032040E+0001   -0.38032040E+0001    0.41508981E+0000         1
 43900   -0.38027881E+0001   -0.38027881E+0001    0.60161348E+0000         1
 43950   -0.38032531E+0001   -0.38032531E+0001    0.39801725E+0000         1
 44000   -0.38026055E+0001   -0.38026055E+0001    0.54947895E+0000         1
 44050   -0.38029837E+0001   -0.38029837E+0001    0.40807364E+0000         1
 44100   -0.38022587E+0001   -0.38022587E+0001    0.66984995E+0000         1
 44150   -0.38026873E+0001   -0.38026873E+0001    0.60103626E+0000         1
 44200   -0.38027330E+0001   -0.38027330E+0001    0.51996215E+0000         1
 44250   -0.38028897E+0001   -0.38028897E+0001    0.47039085E+0000         1
 44300   -0.38032533E+0001   -0.38032533E+0001    0.39639197E+0000         1
 44350   -0.38031273E+0001   -0.38031273E+0001    0.44816869E+0000         1
 44400   -0.38031957E+0001   -0.38031957E+0001    0.46828168E+0000         1
 44450   -0.38034489E+0001   -0.38034489E+0001    0.32613899E+0000         1
 44500   -0.38027250E+0001   -0.38027250E+0001    0.60409667E+0000         1
 44550   -0.38033348E+0001   -0.38033348E+0001    0.38843669E+0000         1
 44600   -0.38033890E+0001   -0.38033890E+0001    0.43935722E+0000         1
 44650   -0.38027585E+0001   -0.38027585E+0001    0.51882560E+0000         1
 44700   -0.38030199E+0001   -0.38030199E+0001    0.48297473E+0000         1
 44750   -0.38028124E+0001   -0.38028124E+0001    0.57111885E+0000         1
 44800   -0.38031296E+0001   -0.38031296E+0001    0.50891173E+0000         1
 44850   -0.38026007E+0001   -0.38026007E+0001    0.59520055E+0000         1
 44900   -0.38030958E+0001   -0.38030958E+0001    0.38757530E+0000         1
 44950   -0.38026503E+0001   -0.38026503E+0001    0.58193309E+0000         1
 45000   -0.38030916E+0001   -0.38030916E+0001    0.37350300E+0000         1
 45050   -0.38030389E+0001   -0.38030389E+0001    0.50464612E+0000         1
 45100   -0.38026835E+0001   -0.38026835E+0001    0.54449809E+0000         1
 45150   -0.38025541E+0001   -0.38025541E+0001    0.50244720E+0000         1
 45200   -0.38026564E+0001   -0.38026564E+0001    0.57222301E+0000         1
 45250   -0.38028321E+0001   -0.38028321E+0001    0.55811185E+0000         1
 45300   -0.38025551E+0001   -0.38025551E+0001    0.68201988E+0000         1
 45350   -0.38027531E+0001   -0.38027531E+0001    0.52383490E+0000         1
 45400   -0.38029569E+0001   -0.38029569E+0001    0.48816042E+0000         1
 45450   -0.38033662E+0001   -0.38033662E+0001    0.36844809E+0000         1
 45500   -0.38027320E+0001   -0.38027320E+0001    0.60972786E+0000         1
 45550   -0.38032619E+0001   -0.38032619E+0001    0.39488839E+0000         1
 45600   -0.38029550E+0001   -0.38029550E+0001    0.47304104E+0000         1
 45650   -0.38029555E+0001   -0.38029555E+0001    0.46245867E+0000         1
 45700   -0.38020888E+0001   -0.38020888E+0001    0.71467936E+0000         1
 45750   -0.38022764E+0001   -0.38022764E+0001    0.76979821E+0000         1
 45800   -0.38026936E+0001   -0.38026936E+0001    0.66890288E+0000         1
 45850   -0.38032743E+0001   -0.38032743E+0001    0.41808970E+0000         1
 45900   -0.38031861E+0001   -0.38031861E+0001    0.44209518E+0000         1
 45950   -0.38029872E+0001   -0.38029872E+0001    0.62389049E+0000         1
 46000   -0.38031141E+0001   -0.38031141E+0001    0.52150388E+0000         1
 46050   -0.38027839E+0001   -0.38027839E+0001    0.55351953E+0000         1
 46100   -0.38029432E+0001   -0.38029432E+0001    0.47643017E+0000         1
 46150   -0.38030491E+0001   -0.38030491E+0001    0.39058001E+0000         1
 46200   -0.38030985E+0001   -0.38030985E+0001    0.48087851E+0000         1
 46250   -0.38025376E+0001   -0.38025376E+0001    0.63657819E+0000         1
 46300   -0.38029638E+0001   -0.38029638E+0001    0.48204849E+0000         1
 46350   -0.38022575E+0001   -0.38022575E+0001    0.73354878E+0000         1
 46400   -0.38022386E+0001   -0.38022386E+0001    0.74058838E+0000         1
 46450   -0.38027330E+0001   -0.38027330E+0001    0.50649708E+0000         1
 46500   -0.38025263E+0001   -0.38025263E+0001    0.53666808E+0000         1
 46550   -0.38027916E+0001   -0.38027916E+0001    0.57068318E+0000         1
 46600   -0.38025430E+0001   -0.38025430E+0001    0.56893466E+0000         1
 46650   -0.38023989E+0001   -0.38023989E+0001    0.63884695E+0000         1
 46700   -0.38031042E+0001   -0.38031042E+0001    0.43849036E+0000         1
 46750   -0.38025848E+0001   -0.38025848E+0001    0.53126554E+0000         1
 46800   -0.38023480E+0001   -0.38023480E+0001    0.62070508E+0000         1
 46850   -0.38022619E+0001   -0.38022619E+0001    0.59855309E+0000         1
 46900   -0.38023956E+0001   -0.38023956E+0001    0.63548965E+0000         1
 46950   -0.38023111E+0001   -0.38023111E+0001    0.64165806E+0000         1
 47000   -0.38028971E+0001   -0.38028971E+0001    0.36916913E+0000         1
 47050   -0.38029823E+0001   -0.38029823E+0001    0.51341988E+0000         1
 47100   -0.38032433E+0001   -0.38032433E+0001    0.44012258E+0000         1
 47150   -0.38025953E+0001   -0.38025953E+0001    0.59082926E+0000         1
 47200   -0.38032935E+0001   -0.38032935E+0001    0.35082090E+0000         1
 47250   -0.38033006E+0001   -0.38033006E+0001    0.39233058E+0000         1
 47300   -0.38033949E+0001   -0.38033949E+0001    0.43809326E+0000         1
 47350   -0.38032548E+0001   -0.38032548E+0001    0.43376442E+0000         1
 47400   -0.38033464E+0001   -0.38033464E+0001    0.39740093E+0000         1
 47450   -0.38029196E+0001   -0.38029196E+0001    0.59945432E+0000         1
 47500   -0.38033147E+0001   -0.38033147E+0001    0.41521845E+0000         1
 47550   -0.38034068E+0001   -0.38034068E+0001    0.39608614E+0000         1
 47600   -0.38034107E+0001   -0.38034107E+0001    0.39035705E+0000         1
 47650   -0.38035974E+0001   -0.38035974E+0001    0.29127628E+0000         1
 47700   -0.38026712E+0001   -0.38026712E+0001    0.57280540E+0000         1
 47750   -0.38025774E+0001   -0.38025774E+0001    0.63504802E+0000         1
 47800   -0.38028952E+0001   -0.38028952E+0001    0.52135650E+0000         1
 47850   -0.38028146E+0001   -0.38028146E+0001    0.63063544E+0000         1
 47900   -0.38031982E+0001   -0.38031982E+0001    0.45680051E+0000         1
 47950   -0.38031893E+0001   -0.38031893E+0001    0.47079079E+0000         1
 48000   -0.38032720E+0001   -0.38032720E+0001    0.46997536E+0000         1
