     1   -0.39239858E+0001   -0.39244791E+0001    0.16720554E+0001     12004
    50   -0.39237478E+0001   -0.39286726E+0001    0.13750220E+0001     12262
   100   -0.39258223E+0001   -0.39305235E+0001    0.12285579E+0001     13067
   150   -0.39280719E+0001   -0.39326085E+0001    0.10460156E+0001     13498
   200   -0.39299639E+0001   -0.39340337E+0001    0.88978328E+0000     13811
   250   -0.39319570E+0001   -0.39353301E+0001    0.82662495E+0000     14359
   300   -0.39333515E+0001   -0.39361017E+0001    0.74406148E+0000     14964
   350   -0.39342820E+0001   -0.39368654E+0001    0.71322009E+0000     15354
   400   -0.39351424E+0001   -0.39374302E+0001    0.63353171E+0000     15694
     1   -0.39239755E+0001   -0.39244453E+0001    0.16720554E+0001     11999
    50   -0.39234679E+0001   -0.39281360E+0001    0.13640044E+0001     12228
   100   -0.39252885E+0001   -0.39299261E+0001    0.12765225E+0001     12923
   150   -0.39273005E+0001   -0.39319979E+0001    0.11241349E+0001     13445
   200   -0.39289037E+0001   -0.39335681E+0001    0.10411854E+0001     13776
   250   -0.39305070E+0001   -0.39346746E+0001    0.97248748E+0000     14069
   300   -0.39320860E+0001   -0.39358279E+0001    0.85287027E+0000     14392
   350   -0.39331594E+0001   -0.39366214E+0001    0.77113561E+0000     14605
   400   -0.39341825E+0001   -0.39373799E+0001    0.71250930E+0000     14674
     1   -0.39239735E+0001   -0.39244438E+0001    0.16720554E+0001     12003
    50   -0.39230823E+0001   -0.39278435E+0001    0.14121902E+0001     12290
   100   -0.39248578E+0001   -0.39303009E+0001    0.12295973E+0001     12905
   150   -0.39273677E+0001   -0.39324586E+0001    0.10406873E+0001     13533
   200   -0.39295239E+0001   -0.39335919E+0001    0.96056249E+0000     13738
   250   -0.39313240E+0001   -0.39349356E+0001    0.83919492E+0000     13922
   300   -0.39325035E+0001   -0.39359598E+0001    0.77554904E+0000     14280
   350   -0.39338611E+0001   -0.39367894E+0001    0.71456670E+0000     14729
   400   -0.39349243E+0001   -0.39376293E+0001    0.65394395E+0000     15319
     1   -0.39239633E+0001   -0.39246004E+0001    0.16720554E+0001     11996
    50   -0.39227695E+0001   -0.39280745E+0001    0.13769663E+0001     11963
   100   -0.39249961E+0001   -0.39300831E+0001    0.12564137E+0001     12264
   150   -0.39266172E+0001   -0.39314035E+0001    0.11793925E+0001     12751
   200   -0.39281113E+0001   -0.39327902E+0001    0.10709425E+0001     13168
   250   -0.39299899E+0001   -0.39343052E+0001    0.97700154E+0000     13638
   300   -0.39315643E+0001   -0.39353926E+0001    0.88823309E+0000     14006
   350   -0.39326843E+0001   -0.39359729E+0001    0.85560764E+0000     14531
   400   -0.39337522E+0001   -0.39367735E+0001    0.74418251E+0000     14776
     1   -0.39239615E+0001   -0.39244306E+0001    0.16720554E+0001     12000
    50   -0.39224377E+0001   -0.39271292E+0001    0.14680075E+0001     12117
   100   -0.39234421E+0001   -0.39285990E+0001    0.13485411E+0001     12569
   150   -0.39251722E+0001   -0.39303266E+0001    0.12074525E+0001     12985
   200   -0.39267991E+0001   -0.39312768E+0001    0.11456348E+0001     13409
   250   -0.39281583E+0001   -0.39323964E+0001    0.10500770E+0001     13888
   300   -0.39292040E+0001   -0.39339190E+0001    0.93829859E+0000     14236
   350   -0.39307265E+0001   -0.39353242E+0001    0.86306256E+0000     14676
   400   -0.39322997E+0001   -0.39367233E+0001    0.78455010E+0000     15172
     1   -0.39239547E+0001   -0.39244339E+0001    0.16720554E+0001     12004
    50   -0.39221483E+0001   -0.39270904E+0001    0.14936158E+0001     12087
   100   -0.39226844E+0001   -0.39283212E+0001    0.13543837E+0001     12342
   150   -0.39244565E+0001   -0.39293810E+0001    0.13111798E+0001     12679
   200   -0.39255096E+0001   -0.39303084E+0001    0.11810084E+0001     13078
   250   -0.39271885E+0001   -0.39323959E+0001    0.10699944E+0001     13390
   300   -0.39283827E+0001   -0.39324277E+0001    0.10554663E+0001     13908
   350   -0.39296179E+0001   -0.39335980E+0001    0.10107352E+0001     14460
   400   -0.39307514E+0001   -0.39344473E+0001    0.88411431E+0000     15093
     1   -0.39239503E+0001   -0.39244943E+0001    0.16720554E+0001     11999
    50   -0.39219771E+0001   -0.39273505E+0001    0.14525859E+0001     12104
   100   -0.39229964E+0001   -0.39296562E+0001    0.13226677E+0001     12543
   150   -0.39258492E+0001   -0.39308473E+0001    0.12010055E+0001     13075
   200   -0.39272952E+0001   -0.39319900E+0001    0.11477017E+0001     13714
   250   -0.39280527E+0001   -0.39327482E+0001    0.11169080E+0001     14097
   300   -0.39289830E+0001   -0.39332503E+0001    0.99890295E+0000     14526
   350   -0.39302375E+0001   -0.39345617E+0001    0.89556075E+0000     14771
   400   -0.39321107E+0001   -0.39361214E+0001    0.79144027E+0000     15459
     1   -0.39239456E+0001   -0.39244720E+0001    0.16720554E+0001     12006
    50   -0.39216727E+0001   -0.39271521E+0001    0.14935365E+0001     12253
   100   -0.39226571E+0001   -0.39288845E+0001    0.13342318E+0001     12914
   150   -0.39250597E+0001   -0.39298785E+0001    0.12379281E+0001     13588
   200   -0.39263196E+0001   -0.39317026E+0001    0.11049980E+0001     14042
   250   -0.39270062E+0001   -0.39312790E+0001    0.11110240E+0001     14552
   300   -0.39279787E+0001   -0.39323093E+0001    0.10760054E+0001     15260
   350   -0.39283721E+0001   -0.39335214E+0001    0.99975708E+0000     15650
   400   -0.39292062E+0001   -0.39339569E+0001    0.94730005E+0000     16006
     1   -0.39239446E+0001   -0.39244377E+0001    0.16720554E+0001     12008
    50   -0.39214045E+0001   -0.39267899E+0001    0.14777742E+0001     12064
   100   -0.39214886E+0001   -0.39270563E+0001    0.14321800E+0001     12510
   150   -0.39226700E+0001   -0.39277916E+0001    0.13925288E+0001     13096
   200   -0.39230484E+0001   -0.39277866E+0001    0.12918973E+0001     13534
   250   -0.39237198E+0001   -0.39293923E+0001    0.13051729E+0001     14109
   300   -0.39241234E+0001   -0.39284854E+0001    0.12293473E+0001     14534
   350   -0.39245764E+0001   -0.39298823E+0001    0.11509411E+0001     14843
   400   -0.39254608E+0001   -0.39305535E+0001    0.11036085E+0001     15380
     1   -0.39239409E+0001   -0.39244411E+0001    0.16720554E+0001     12003
    50   -0.39212583E+0001   -0.39263732E+0001    0.15090027E+0001     12301
   100   -0.39218547E+0001   -0.39272629E+0001    0.14191885E+0001     12725
   150   -0.39228896E+0001   -0.39289547E+0001    0.12740370E+0001     13651
   200   -0.39245427E+0001   -0.39298887E+0001    0.11915222E+0001     14452
   250   -0.39256639E+0001   -0.39303732E+0001    0.12208840E+0001     15148
   300   -0.39258904E+0001   -0.39307652E+0001    0.11804406E+0001     15343
   350   -0.39261811E+0001   -0.39313503E+0001    0.11610155E+0001     15812
   400   -0.39265550E+0001   -0.39314409E+0001    0.11136044E+0001     16522
     1   -0.39239362E+0001   -0.39245176E+0001    0.16720554E+0001     12002
    50   -0.39210959E+0001   -0.39263949E+0001    0.15234754E+0001     12042
   100   -0.39213724E+0001   -0.39270320E+0001    0.14545330E+0001     12517
   150   -0.39222199E+0001   -0.39278683E+0001    0.13910300E+0001     13120
   200   -0.39228649E+0001   -0.39272218E+0001    0.13640501E+0001     13616
   250   -0.39227514E+0001   -0.39279297E+0001    0.12952087E+0001     14114
   300   -0.39227323E+0001   -0.39275364E+0001    0.12937373E+0001     14803
   350   -0.39225628E+0001   -0.39271186E+0001    0.12850748E+0001     14927
   400   -0.39220019E+0001   -0.39280029E+0001    0.12411260E+0001     15451
   450   -0.39217554E+0001   -0.39272568E+0001    0.12812075E+0001     16011
   500   -0.39218057E+0001   -0.39275466E+0001    0.12473792E+0001     16730
   550   -0.39221539E+0001   -0.39273886E+0001    0.12029946E+0001     17024
   600   -0.39225605E+0001   -0.39275492E+0001    0.11732162E+0001     17694
   650   -0.39225337E+0001   -0.39286568E+0001    0.12036142E+0001     17888
   700   -0.39225329E+0001   -0.39287141E+0001    0.11997547E+0001     18566
   750   -0.39228100E+0001   -0.39303580E+0001    0.11008432E+0001     19060
   800   -0.39238990E+0001   -0.39309479E+0001    0.10743848E+0001     19925
     1   -0.39239344E+0001   -0.39244879E+0001    0.16720554E+0001     11994
    50   -0.39208913E+0001   -0.39261426E+0001    0.15125084E+0001     12109
   100   -0.39209639E+0001   -0.39264814E+0001    0.14930291E+0001     12268
   150   -0.39207226E+0001   -0.39260537E+0001    0.14834266E+0001     13025
   200   -0.39202863E+0001   -0.39255362E+0001    0.14396214E+0001     13734
   250   -0.39198761E+0001   -0.39261265E+0001    0.13909604E+0001     14255
   300   -0.39202837E+0001   -0.39261414E+0001    0.13999276E+0001     14655
   350   -0.39208687E+0001   -0.39263839E+0001    0.13761786E+0001     15349
   400   -0.39208473E+0001   -0.39266115E+0001    0.12997264E+0001     15762
   450   -0.39215857E+0001   -0.39271760E+0001    0.13316363E+0001     16287
   500   -0.39215115E+0001   -0.39278015E+0001    0.13009689E+0001     16710
   550   -0.39220536E+0001   -0.39285939E+0001    0.13121558E+0001     17339
   600   -0.39226702E+0001   -0.39287413E+0001    0.12660240E+0001     18204
   650   -0.39233465E+0001   -0.39295025E+0001    0.11638886E+0001     18794
     1   -0.39239251E+0001   -0.39244576E+0001    0.16720554E+0001     12004
    50   -0.39207955E+0001   -0.39264950E+0001    0.15060764E+0001     12286
   100   -0.39209849E+0001   -0.39266447E+0001    0.14255710E+0001     12993
   150   -0.39214649E+0001   -0.39270274E+0001    0.13734865E+0001     13688
   200   -0.39227943E+0001   -0.39281640E+0001    0.13598212E+0001     14349
   250   -0.39229073E+0001   -0.39280240E+0001    0.13770626E+0001     14818
   300   -0.39223036E+0001   -0.39276455E+0001    0.13609904E+0001     14995
   350   -0.39217038E+0001   -0.39275384E+0001    0.13461844E+0001     15493
   400   -0.39217373E+0001   -0.39278818E+0001    0.13356284E+0001     16029
   450   -0.39218487E+0001   -0.39278455E+0001    0.13286296E+0001     16456
   500   -0.39226199E+0001   -0.39281021E+0001    0.12541390E+0001     17065
   550   -0.39237585E+0001   -0.39289502E+0001    0.12083294E+0001     18126
     1   -0.39239282E+0001   -0.39244676E+0001    0.16720554E+0001     11997
    50   -0.39205567E+0001   -0.39280578E+0001    0.14603203E+0001     12244
   100   -0.39206107E+0001   -0.39279974E+0001    0.14440993E+0001     12916
   150   -0.39221280E+0001   -0.39296484E+0001    0.12926888E+0001     13675
   200   -0.39249098E+0001   -0.39304544E+0001    0.11800703E+0001     14346
   250   -0.39257901E+0001   -0.39304268E+0001    0.12149099E+0001     14626
   300   -0.39262151E+0001   -0.39302369E+0001    0.11796314E+0001     14963
   350   -0.39258646E+0001   -0.39303568E+0001    0.12042896E+0001     15627
   400   -0.39256651E+0001   -0.39301648E+0001    0.11725820E+0001     15801
     1   -0.39239291E+0001   -0.39244405E+0001    0.16720554E+0001     11991
    50   -0.39204700E+0001   -0.39262930E+0001    0.15326108E+0001     12178
   100   -0.39198444E+0001   -0.39259434E+0001    0.15183317E+0001     12611
   150   -0.39199442E+0001   -0.39255368E+0001    0.14779190E+0001     13294
   200   -0.39205978E+0001   -0.39260553E+0001    0.14147677E+0001     13938
   250   -0.39214401E+0001   -0.39263652E+0001    0.13893163E+0001     14588
   300   -0.39203572E+0001   -0.39263202E+0001    0.13257549E+0001     14993
   350   -0.39199569E+0001   -0.39281067E+0001    0.12005382E+0001     15371
   400   -0.39228526E+0001   -0.39279688E+0001    0.11990168E+0001     16290
   450   -0.39230360E+0001   -0.39279016E+0001    0.12143939E+0001     16601
   500   -0.39226348E+0001   -0.39285873E+0001    0.12573296E+0001     17027
   550   -0.39225091E+0001   -0.39295072E+0001    0.11661531E+0001     17460
   600   -0.39231073E+0001   -0.39290912E+0001    0.12094237E+0001     18084
   650   -0.39237431E+0001   -0.39286296E+0001    0.12167513E+0001     18443
   700   -0.39237603E+0001   -0.39290576E+0001    0.11946347E+0001     19045
     1   -0.39239290E+0001   -0.39244813E+0001    0.16720554E+0001     11993
    50   -0.39203728E+0001   -0.39269313E+0001    0.14398776E+0001     12163
   100   -0.39202910E+0001   -0.39280250E+0001    0.13312138E+0001     12474
   150   -0.39232652E+0001   -0.39284486E+0001    0.12865326E+0001     13055
   200   -0.39236111E+0001   -0.39290620E+0001    0.12868157E+0001     13373
   250   -0.39239707E+0001   -0.39289737E+0001    0.12530434E+0001     13991
   300   -0.39242079E+0001   -0.39286844E+0001    0.12365861E+0001     14795
   350   -0.39237447E+0001   -0.39293712E+0001    0.11697012E+0001     15101
   400   -0.39239114E+0001   -0.39290835E+0001    0.12106045E+0001     15666
     1   -0.39239277E+0001   -0.39244515E+0001    0.16720554E+0001     11994
    50   -0.39203538E+0001   -0.39268762E+0001    0.14625286E+0001     12321
   100   -0.39205048E+0001   -0.39272816E+0001    0.14285152E+0001     13082
   150   -0.39207306E+0001   -0.39277278E+0001    0.13924202E+0001     13896
   200   -0.39199301E+0001   -0.39278714E+0001    0.14152143E+0001     14440
   250   -0.39210483E+0001   -0.39277425E+0001    0.12815964E+0001     14963
   300   -0.39237321E+0001   -0.39293237E+0001    0.11666392E+0001     15789
   350   -0.39237667E+0001   -0.39297993E+0001    0.11817792E+0001     16282
   400   -0.39236696E+0001   -0.39298885E+0001    0.11682169E+0001     16693
   450   -0.39236173E+0001   -0.39307973E+0001    0.11555580E+0001     16939
   500   -0.39239437E+0001   -0.39305501E+0001    0.12041291E+0001     17382
     1   -0.39239224E+0001   -0.39244996E+0001    0.16720554E+0001     12006
    50   -0.39202245E+0001   -0.39265265E+0001    0.15148458E+0001     12264
   100   -0.39201061E+0001   -0.39263024E+0001    0.14434896E+0001     12718
   150   -0.39202323E+0001   -0.39262491E+0001    0.14197692E+0001     13201
   200   -0.39202487E+0001   -0.39261874E+0001    0.13969408E+0001     13783
   250   -0.39202747E+0001   -0.39267007E+0001    0.13661963E+0001     14353
   300   -0.39205511E+0001   -0.39269562E+0001    0.13473965E+0001     14518
   350   -0.39205661E+0001   -0.39270794E+0001    0.12979790E+0001     14885
   400   -0.39223066E+0001   -0.39275667E+0001    0.13052365E+0001     15834
   450   -0.39217857E+0001   -0.39265308E+0001    0.12917390E+0001     16313
   500   -0.39210456E+0001   -0.39275682E+0001    0.12507684E+0001     17025
   550   -0.39212929E+0001   -0.39281982E+0001    0.12232388E+0001     17262
   600   -0.39221849E+0001   -0.39275331E+0001    0.12571439E+0001     18049
   650   -0.39221317E+0001   -0.39279203E+0001    0.12580667E+0001     18824
   700   -0.39216567E+0001   -0.39274443E+0001    0.12931637E+0001     19374
   750   -0.39214143E+0001   -0.39276396E+0001    0.12961000E+0001     19979
   800   -0.39209193E+0001   -0.39267021E+0001    0.12878724E+0001     20703
   850   -0.39208725E+0001   -0.39254639E+0001    0.13256443E+0001     21268
   900   -0.39200626E+0001   -0.39243740E+0001    0.13608891E+0001     22101
   950   -0.39186390E+0001   -0.39231593E+0001    0.14129822E+0001     22680
  1000   -0.39176891E+0001   -0.39231605E+0001    0.14180537E+0001     22991
  1050   -0.39167400E+0001   -0.39218778E+0001    0.14328990E+0001     23897
  1100   -0.39152484E+0001   -0.39216299E+0001    0.14481666E+0001     24781
  1150   -0.39150113E+0001   -0.39207202E+0001    0.14485481E+0001     25892
  1200   -0.39145923E+0001   -0.39204234E+0001    0.14899932E+0001     26901
  1250   -0.39131791E+0001   -0.39199183E+0001    0.14704440E+0001     27568
  1300   -0.39116116E+0001   -0.39202795E+0001    0.14725110E+0001     28247
  1350   -0.39111757E+0001   -0.39196960E+0001    0.14523993E+0001     29212
  1400   -0.39117964E+0001   -0.39191658E+0001    0.14857679E+0001     29911
  1450   -0.39113694E+0001   -0.39188389E+0001    0.15117252E+0001     31174
  1500   -0.39104526E+0001   -0.39179916E+0001    0.15275007E+0001     32318
  1550   -0.39094347E+0001   -0.39174179E+0001    0.15434032E+0001     33567
  1600   -0.39080041E+0001   -0.39157891E+0001    0.15262645E+0001     34789
  1601   -0.39082099E+0001   -0.39082099E+0001    0.17012417E+0001     12000
  1650   -0.39123720E+0001   -0.39172635E+0001    0.14888542E+0001     12082
  1700   -0.39096931E+0001   -0.39169601E+0001    0.14895410E+0001     12184
  1750   -0.39082907E+0001   -0.39165970E+0001    0.15529457E+0001     12634
  1800   -0.39085831E+0001   -0.39156535E+0001    0.15274383E+0001     13094
  1850   -0.39080645E+0001   -0.39160702E+0001    0.15397682E+0001     13126
  1900   -0.39088659E+0001   -0.39168109E+0001    0.15408185E+0001     13750
  1950   -0.39094517E+0001   -0.39159479E+0001    0.15283768E+0001     14487
  2000   -0.39082973E+0001   -0.39151922E+0001    0.15474331E+0001     14974
  2050   -0.39073342E+0001   -0.39150335E+0001    0.15831980E+0001     15205
  2100   -0.39072618E+0001   -0.39144462E+0001    0.15827376E+0001     15508
  2150   -0.39070026E+0001   -0.39145002E+0001    0.15705107E+0001     16285
  2200   -0.39070846E+0001   -0.39142912E+0001    0.15616329E+0001     17066
  2250   -0.39070838E+0001   -0.39143097E+0001    0.16080533E+0001     17636
  2300   -0.39059519E+0001   -0.39148436E+0001    0.16127488E+0001     18257
  2350   -0.39046388E+0001   -0.39142337E+0001    0.16593673E+0001     18749
  2400   -0.39038767E+0001   -0.39119500E+0001    0.16796828E+0001     18980
  2450   -0.39023242E+0001   -0.39096360E+0001    0.17290678E+0001     19727
  2500   -0.39001967E+0001   -0.39082921E+0001    0.17360996E+0001     20238
  2550   -0.38987956E+0001   -0.39071728E+0001    0.17610766E+0001     21009
  2600   -0.38973859E+0001   -0.39061499E+0001    0.17661865E+0001     21359
  2650   -0.38956259E+0001   -0.39047105E+0001    0.17994167E+0001     21973
  2700   -0.38938975E+0001   -0.39034733E+0001    0.18130097E+0001     22999
  2750   -0.38927770E+0001   -0.39015221E+0001    0.18338461E+0001     23644
  2800   -0.38906343E+0001   -0.38988708E+0001    0.18816674E+0001     24711
  2850   -0.38881366E+0001   -0.38983128E+0001    0.18434713E+0001     25436
  2900   -0.38863664E+0001   -0.38961043E+0001    0.18560822E+0001     26285
  2950   -0.38843574E+0001   -0.38948357E+0001    0.19107749E+0001     27299
  3000   -0.38812440E+0001   -0.38909928E+0001    0.19348861E+0001     28220
  3050   -0.38783251E+0001   -0.38889048E+0001    0.19579625E+0001     29113
  3100   -0.38759950E+0001   -0.38876488E+0001    0.19570643E+0001     30162
  3150   -0.38731671E+0001   -0.38855120E+0001    0.20039394E+0001     30899
  3200   -0.38698182E+0001   -0.38830046E+0001    0.20391561E+0001     31559
  3201   -0.38701290E+0001   -0.38701290E+0001    0.20900127E+0001     12000
  3250   -0.38765378E+0001   -0.38835476E+0001    0.19360333E+0001     11995
  3300   -0.38716257E+0001   -0.38811828E+0001    0.19816534E+0001     12000
  3350   -0.38674913E+0001   -0.38795304E+0001    0.20051447E+0001     12302
  3400   -0.38644639E+0001   -0.38757312E+0001    0.20544257E+0001     12577
  3450   -0.38615842E+0001   -0.38729625E+0001    0.20597775E+0001     13250
  3500   -0.38580499E+0001   -0.38716609E+0001    0.20752301E+0001     13717
  3550   -0.38539216E+0001   -0.38678771E+0001    0.21143020E+0001     14261
  3600   -0.38495162E+0001   -0.38630908E+0001    0.21102105E+0001     14704
  3650   -0.38434559E+0001   -0.38591151E+0001    0.21018580E+0001     15235
  3700   -0.38349240E+0001   -0.38514845E+0001    0.20865102E+0001     15817
  3750   -0.38262036E+0001   -0.38485800E+0001    0.20665568E+0001     16454
  3800   -0.38205736E+0001   -0.38422898E+0001    0.20428957E+0001     16895
  3850   -0.38155082E+0001   -0.38366058E+0001    0.20156412E+0001     17394
  3900   -0.38100444E+0001   -0.38236611E+0001    0.20082028E+0001     18025
  3950   -0.38043520E+0001   -0.38188380E+0001    0.19861935E+0001     18622
  4000   -0.37998637E+0001   -0.38161613E+0001    0.19570252E+0001     19259
  4050   -0.37987489E+0001   -0.38125344E+0001    0.19517777E+0001     19595
  4100   -0.37965662E+0001   -0.38101706E+0001    0.19286066E+0001     20285
  4150   -0.37921594E+0001   -0.38048941E+0001    0.18741434E+0001     20574
  4200   -0.37862772E+0001   -0.37999788E+0001    0.18279769E+0001     21363
  4250   -0.37804734E+0001   -0.37962083E+0001    0.17575040E+0001     21933
  4300   -0.37769454E+0001   -0.37882367E+0001    0.17403865E+0001     23051
  4350   -0.37740212E+0001   -0.37832490E+0001    0.17114814E+0001     24197
  4400   -0.37708222E+0001   -0.37824783E+0001    0.16356660E+0001     24644
  4450   -0.37672876E+0001   -0.37798611E+0001    0.15962302E+0001     25026
  4500   -0.37633314E+0001   -0.37764369E+0001    0.15158287E+0001     25867
  4550   -0.37602956E+0001   -0.37743873E+0001    0.15085362E+0001     26311
  4600   -0.37579387E+0001   -0.37715482E+0001    0.14843509E+0001     26822
  4650   -0.37556990E+0001   -0.37688327E+0001    0.14551404E+0001     27711
  4700   -0.37529555E+0001   -0.37640778E+0001    0.14390390E+0001     28443
  4750   -0.37503662E+0001   -0.37619535E+0001    0.13868592E+0001     28860
  4800   -0.37478865E+0001   -0.37586266E+0001    0.14142942E+0001     29327
  4801   -0.37480278E+0001   -0.37480278E+0001    0.14093964E+0001     12000
  4850   -0.37510051E+0001   -0.37554967E+0001    0.13704116E+0001     11973
  4900   -0.37483128E+0001   -0.37549579E+0001    0.13810459E+0001     12139
  4950   -0.37457245E+0001   -0.37546949E+0001    0.13593268E+0001     12458
  5000   -0.37434106E+0001   -0.37509010E+0001    0.13564805E+0001     12671
  5050   -0.37409126E+0001   -0.37498475E+0001    0.13122991E+0001     13151
  5100   -0.37385112E+0001   -0.37470560E+0001    0.12963883E+0001     13624
  5150   -0.37363927E+0001   -0.37444532E+0001    0.12553428E+0001     14137
  5200   -0.37347145E+0001   -0.37427948E+0001    0.12561947E+0001     14186
  5250   -0.37332906E+0001   -0.37412148E+0001    0.12470919E+0001     14767
  5300   -0.37319279E+0001   -0.37402468E+0001    0.12213806E+0001     14652
  5350   -0.37305570E+0001   -0.37379234E+0001    0.11839194E+0001     14827
  5400   -0.37291668E+0001   -0.37359945E+0001    0.11509834E+0001     15259
  5450   -0.37279200E+0001   -0.37366394E+0001    0.11333375E+0001     15768
  5500   -0.37271479E+0001   -0.37354080E+0001    0.10799392E+0001     16116
  5550   -0.37265898E+0001   -0.37338563E+0001    0.10556388E+0001     16698
  5600   -0.37258090E+0001   -0.37316811E+0001    0.10308392E+0001     16981
  5650   -0.37246244E+0001   -0.37310057E+0001    0.10149119E+0001     17521
  5700   -0.37232445E+0001   -0.37294566E+0001    0.10081384E+0001     17913
  5750   -0.37218415E+0001   -0.37286694E+0001    0.99845928E+0000     18262
  5800   -0.37202896E+0001   -0.37287280E+0001    0.98578637E+0000     18656
  5850   -0.37188878E+0001   -0.37273968E+0001    0.92776395E+0000     19068
  5900   -0.37175676E+0001   -0.37255856E+0001    0.93870490E+0000     19442
  5950   -0.37163885E+0001   -0.37244745E+0001    0.93311853E+0000     19547
  6000   -0.37151951E+0001   -0.37217852E+0001    0.86339560E+0000     20159
  6050   -0.37141219E+0001   -0.37218932E+0001    0.85347203E+0000     20666
  6100   -0.37130614E+0001   -0.37199263E+0001    0.83705176E+0000     21416
  6150   -0.37120594E+0001   -0.37188920E+0001    0.84112355E+0000     22236
  6200   -0.37112016E+0001   -0.37178697E+0001    0.82055236E+0000     22734
  6250   -0.37103783E+0001   -0.37182247E+0001    0.77926469E+0000     23377
  6300   -0.37094624E+0001   -0.37169326E+0001    0.79506857E+0000     23722
  6350   -0.37084750E+0001   -0.37144514E+0001    0.76604900E+0000     24121
  6400   -0.37074658E+0001   -0.37132106E+0001    0.78334369E+0000     24778
  6401   -0.37075051E+0001   -0.37075051E+0001    0.72760672E+0000     12000
  6450   -0.37083143E+0001   -0.37110185E+0001    0.70748142E+0000     11992
  6500   -0.37075701E+0001   -0.37109805E+0001    0.73648324E+0000     12153
  6550   -0.37068260E+0001   -0.37102049E+0001    0.72184838E+0000     12355
  6600   -0.37061361E+0001   -0.37095721E+0001    0.71358577E+0000     12379
  6650   -0.37055016E+0001   -0.37088643E+0001    0.68782560E+0000     12608
  6700   -0.37048598E+0001   -0.37085569E+0001    0.70502739E+0000     12967
  6750   -0.37041957E+0001   -0.37076503E+0001    0.70043304E+0000     13088
  6800   -0.37035048E+0001   -0.37072367E+0001    0.66493913E+0000     13384
  6850   -0.37027753E+0001   -0.37070584E+0001    0.66522569E+0000     13717
  6900   -0.37020961E+0001   -0.37062707E+0001    0.68268811E+0000     13986
  6950   -0.37015590E+0001   -0.37061636E+0001    0.64158839E+0000     14090
  7000   -0.37011290E+0001   -0.37056435E+0001    0.64890330E+0000     14716
  7050   -0.37006194E+0001   -0.37046130E+0001    0.56627213E+0000     14906
  7100   -0.37001140E+0001   -0.37038757E+0001    0.60275150E+0000     15556
  7150   -0.36996929E+0001   -0.37040778E+0001    0.57141013E+0000     15736
  7200   -0.36992765E+0001   -0.37035907E+0001    0.58529249E+0000     15959
  7250   -0.36989109E+0001   -0.37030630E+0001    0.56019854E+0000     16272
  7300   -0.36984675E+0001   -0.37023919E+0001    0.54308221E+0000     16299
  7350   -0.36979572E+0001   -0.37019796E+0001    0.54998571E+0000     16235
  7400   -0.36974081E+0001   -0.37022575E+0001    0.48775834E+0000     16600
  7450   -0.36967822E+0001   -0.37022407E+0001    0.54804712E+0000     17064
  7500   -0.36961658E+0001   -0.37013974E+0001    0.50355339E+0000     17417
  7550   -0.36956033E+0001   -0.37010098E+0001    0.46496399E+0000     17920
  7600   -0.36951510E+0001   -0.36991956E+0001    0.45272627E+0000     18323
  7650   -0.36947250E+0001   -0.36986887E+0001    0.48256572E+0000     18295
  7700   -0.36942568E+0001   -0.36989298E+0001    0.47289160E+0000     18763
  7750   -0.36938659E+0001   -0.36978170E+0001    0.47428703E+0000     18937
  7800   -0.36934877E+0001   -0.36979351E+0001    0.47413534E+0000     19099
  7850   -0.36931153E+0001   -0.36980548E+0001    0.42920374E+0000     19482
  7900   -0.36928250E+0001   -0.36979212E+0001    0.42859840E+0000     19855
  7950   -0.36925752E+0001   -0.36980312E+0001    0.45506701E+0000     20064
  8000   -0.36922870E+0001   -0.36977138E+0001    0.45950772E+0000     20777
  8001   -0.36922962E+0001   -0.36922962E+0001    0.34760083E+0000     12000
  8050   -0.36924847E+0001   -0.36934130E+0001    0.36262558E+0000     11930
  8100   -0.36923319E+0001   -0.36935236E+0001    0.40178873E+0000     12211
  8150   -0.36921814E+0001   -0.36933823E+0001    0.38579564E+0000     12551
  8200   -0.36920351E+0001   -0.36933778E+0001    0.40773896E+0000     12679
  8250   -0.36918706E+0001   -0.36936804E+0001    0.41607236E+0000     12956
  8300   -0.36916858E+0001   -0.36934515E+0001    0.42095321E+0000     13175
  8350   -0.36915254E+0001   -0.36934965E+0001    0.39691770E+0000     13522
  8400   -0.36913731E+0001   -0.36931105E+0001    0.44955514E+0000     13718
  8450   -0.36911862E+0001   -0.36937893E+0001    0.39500127E+0000     14015
  8500   -0.36910386E+0001   -0.36927995E+0001    0.38062657E+0000     14351
  8550   -0.36908866E+0001   -0.36929688E+0001    0.38092819E+0000     14967
  8600   -0.36907863E+0001   -0.36929280E+0001    0.40573494E+0000     14937
  8650   -0.36906455E+0001   -0.36929020E+0001    0.41395328E+0000     15367
  8700   -0.36905057E+0001   -0.36929392E+0001    0.43459612E+0000     15640
  8750   -0.36903732E+0001   -0.36917391E+0001    0.35206665E+0000     15854
  8800   -0.36902622E+0001   -0.36919591E+0001    0.40691109E+0000     16124
  8850   -0.36901780E+0001   -0.36924759E+0001    0.38581294E+0000     16378
  8900   -0.36900404E+0001   -0.36924757E+0001    0.40582388E+0000     16534
  8950   -0.36899341E+0001   -0.36920700E+0001    0.35517922E+0000     16970
  9000   -0.36898925E+0001   -0.36919805E+0001    0.36896030E+0000     17285
  9050   -0.36897831E+0001   -0.36915574E+0001    0.39351219E+0000     17634
  9100   -0.36896631E+0001   -0.36918212E+0001    0.31897948E+0000     17851
  9150   -0.36895534E+0001   -0.36920213E+0001    0.36482278E+0000     18061
  9200   -0.36894596E+0001   -0.36919326E+0001    0.38368261E+0000     18433
  9250   -0.36893701E+0001   -0.36915308E+0001    0.35750943E+0000     18897
  9300   -0.36892990E+0001   -0.36917789E+0001    0.37354741E+0000     19234
  9350   -0.36892332E+0001   -0.36911552E+0001    0.36481681E+0000     19507
  9400   -0.36892021E+0001   -0.36907456E+0001    0.35728141E+0000     19773
  9450   -0.36891680E+0001   -0.36904403E+0001    0.33347038E+0000     20126
  9500   -0.36890898E+0001   -0.36906283E+0001    0.34061669E+0000     20320
  9550   -0.36890004E+0001   -0.36905173E+0001    0.37372942E+0000     20661
  9600   -0.36889287E+0001   -0.36900622E+0001    0.38211174E+0000     21180
  9601   -0.36889321E+0001   -0.36889321E+0001    0.22373418E+0000     12000
  9650   -0.36890191E+0001   -0.36894924E+0001    0.27963255E+0000     12026
  9700   -0.36889696E+0001   -0.36897183E+0001    0.25941306E+0000     12061
  9750   -0.36889190E+0001   -0.36896984E+0001    0.33504352E+0000     12149
  9800   -0.36888596E+0001   -0.36897559E+0001    0.31910023E+0000     12682
  9850   -0.36887906E+0001   -0.36897812E+0001    0.38729415E+0000     12990
  9900   -0.36887102E+0001   -0.36895422E+0001    0.31434663E+0000     13012
  9950   -0.36886229E+0001   -0.36894944E+0001    0.33720171E+0000     13064
 10000   -0.36885340E+0001   -0.36895728E+0001    0.36588558E+0000     13513
 10050   -0.36884616E+0001   -0.36895549E+0001    0.35341699E+0000     13831
 10100   -0.36883773E+0001   -0.36894233E+0001    0.33481154E+0000     14394
 10150   -0.36883178E+0001   -0.36896781E+0001    0.32366947E+0000     14412
 10200   -0.36882741E+0001   -0.36898914E+0001    0.31838669E+0000     14704
 10250   -0.36882363E+0001   -0.36899158E+0001    0.33170377E+0000     15030
 10300   -0.36882162E+0001   -0.36898722E+0001    0.26008307E+0000     15470
 10350   -0.36881731E+0001   -0.36896828E+0001    0.32201269E+0000     15669
 10400   -0.36881012E+0001   -0.36895706E+0001    0.32932600E+0000     15824
 10450   -0.36880333E+0001   -0.36893275E+0001    0.31664261E+0000     15942
 10500   -0.36879518E+0001   -0.36894394E+0001    0.27479179E+0000     15938
 10550   -0.36879126E+0001   -0.36891633E+0001    0.31649447E+0000     16061
 10600   -0.36878745E+0001   -0.36889305E+0001    0.34108019E+0000     16540
 10650   -0.36878218E+0001   -0.36889833E+0001    0.32627616E+0000     16666
 10700   -0.36877863E+0001   -0.36889625E+0001    0.30076173E+0000     16649
 10750   -0.36877615E+0001   -0.36889190E+0001    0.32685182E+0000     16765
 10800   -0.36877396E+0001   -0.36891308E+0001    0.31481209E+0000     17041
 10850   -0.36877079E+0001   -0.36892001E+0001    0.30747258E+0000     17243
 10900   -0.36876722E+0001   -0.36889876E+0001    0.33669566E+0000     17857
 10950   -0.36876594E+0001   -0.36892644E+0001    0.34109552E+0000     17968
 11000   -0.36876339E+0001   -0.36890386E+0001    0.31725362E+0000     18202
 11050   -0.36875628E+0001   -0.36889636E+0001    0.30095955E+0000     18532
 11100   -0.36874987E+0001   -0.36890818E+0001    0.30376975E+0000     18890
 11150   -0.36874361E+0001   -0.36890732E+0001    0.33393755E+0000     19156
 11200   -0.36873877E+0001   -0.36887694E+0001    0.34455283E+0000     19327
 11201   -0.36873893E+0001   -0.36873893E+0001    0.13533266E+0000     12000
 11250   -0.36874196E+0001   -0.36875502E+0001    0.17480434E+0000     11994
 11300   -0.36874057E+0001   -0.36876867E+0001    0.24263838E+0000     12103
 11350   -0.36873905E+0001   -0.36876883E+0001    0.26078709E+0000     12308
 11400   -0.36873719E+0001   -0.36878840E+0001    0.31089394E+0000     12334
 11450   -0.36873528E+0001   -0.36877635E+0001    0.28627032E+0000     12346
 11500   -0.36873367E+0001   -0.36877294E+0001    0.33995758E+0000     12644
 11550   -0.36873275E+0001   -0.36877706E+0001    0.29942922E+0000     12989
 11600   -0.36873050E+0001   -0.36877736E+0001    0.30267355E+0000     13190
 11650   -0.36872776E+0001   -0.36876775E+0001    0.28795861E+0000     13347
 11700   -0.36872530E+0001   -0.36877441E+0001    0.27129810E+0000     13473
 11750   -0.36872295E+0001   -0.36876580E+0001    0.31930751E+0000     13728
 11800   -0.36872074E+0001   -0.36877799E+0001    0.33678255E+0000     13942
 11850   -0.36871881E+0001   -0.36876930E+0001    0.27959800E+0000     14077
 11900   -0.36871731E+0001   -0.36874591E+0001    0.30977349E+0000     14326
 11950   -0.36871590E+0001   -0.36875243E+0001    0.33497704E+0000     14489
 12000   -0.36871325E+0001   -0.36875536E+0001    0.31091363E+0000     14700
 12050   -0.36871109E+0001   -0.36878844E+0001    0.27468188E+0000     15059
 12100   -0.36870912E+0001   -0.36877039E+0001    0.30364947E+0000     15175
 12150   -0.36870769E+0001   -0.36877860E+0001    0.29593939E+0000     15430
 12200   -0.36870425E+0001   -0.36879701E+0001    0.27823737E+0000     15669
 12250   -0.36870082E+0001   -0.36880009E+0001    0.31920725E+0000     16075
 12300   -0.36869822E+0001   -0.36880989E+0001    0.32217245E+0000     16085
 12350   -0.36869705E+0001   -0.36884565E+0001    0.32464507E+0000     16364
 12400   -0.36869682E+0001   -0.36877599E+0001    0.30887373E+0000     16726
 12450   -0.36869716E+0001   -0.36877600E+0001    0.30952132E+0000     16954
 12500   -0.36869832E+0001   -0.36879248E+0001    0.29680821E+0000     17436
 12550   -0.36869872E+0001   -0.36878023E+0001    0.27888942E+0000     17323
 12600   -0.36869789E+0001   -0.36878982E+0001    0.31720117E+0000     17510
 12650   -0.36869718E+0001   -0.36882743E+0001    0.31434015E+0000     17651
 12700   -0.36869653E+0001   -0.36877385E+0001    0.31403641E+0000     18010
 12750   -0.36869613E+0001   -0.36877041E+0001    0.30620225E+0000     18077
 12800   -0.36869508E+0001   -0.36878062E+0001    0.24409233E+0000     18549
 12801   -0.36869511E+0001   -0.36869511E+0001    0.73168581E-0001     12000
 12850   -0.36869591E+0001   -0.36869839E+0001    0.16306496E+0000     11975
 12900   -0.36869587E+0001   -0.36870068E+0001    0.14948657E+0000     12127
 12950   -0.36869544E+0001   -0.36870177E+0001    0.24155844E+0000     12335
 13000   -0.36869491E+0001   -0.36870284E+0001    0.21854866E+0000     12445
 13050   -0.36869472E+0001   -0.36870657E+0001    0.24928421E+0000     12589
 13100   -0.36869444E+0001   -0.36871023E+0001    0.25811739E+0000     12545
 13150   -0.36869393E+0001   -0.36871111E+0001    0.26832487E+0000     12889
 13200   -0.36869389E+0001   -0.36871837E+0001    0.20734168E+0000     13200
 13250   -0.36869348E+0001   -0.36872367E+0001    0.31256981E+0000     13347
 13300   -0.36869336E+0001   -0.36870842E+0001    0.30504526E+0000     13566
 13350   -0.36869382E+0001   -0.36871935E+0001    0.28622623E+0000     13904
 13400   -0.36869382E+0001   -0.36871544E+0001    0.30078822E+0000     14184
 13450   -0.36869324E+0001   -0.36873235E+0001    0.27613939E+0000     14594
 13500   -0.36869274E+0001   -0.36872548E+0001    0.33851427E+0000     14763
 13550   -0.36869190E+0001   -0.36873118E+0001    0.34085605E+0000     15094
 13600   -0.36869106E+0001   -0.36872932E+0001    0.35903075E+0000     15235
 13650   -0.36869015E+0001   -0.36872042E+0001    0.35181294E+0000     15316
 13700   -0.36868923E+0001   -0.36871919E+0001    0.32945569E+0000     15578
 13750   -0.36868868E+0001   -0.36873463E+0001    0.25874757E+0000     15645
 13800   -0.36868893E+0001   -0.36871883E+0001    0.29028435E+0000     15812
 13850   -0.36868946E+0001   -0.36871838E+0001    0.27269589E+0000     16185
 13900   -0.36868972E+0001   -0.36870553E+0001    0.22917227E+0000     16487
 13950   -0.36868979E+0001   -0.36873681E+0001    0.26868521E+0000     16723
 14000   -0.36868871E+0001   -0.36871206E+0001    0.26103112E+0000     16973
 14050   -0.36868784E+0001   -0.36870982E+0001    0.25021033E+0000     16949
 14100   -0.36868764E+0001   -0.36870419E+0001    0.29055554E+0000     17108
 14150   -0.36868840E+0001   -0.36871254E+0001    0.21968857E+0000     17188
 14200   -0.36868899E+0001   -0.36870665E+0001    0.25897912E+0000     17349
 14250   -0.36868920E+0001   -0.36871171E+0001    0.28585174E+0000     17552
 14300   -0.36868900E+0001   -0.36873064E+0001    0.28347513E+0000     17656
 14350   -0.36868884E+0001   -0.36875634E+0001    0.29394126E+0000     17862
 14400   -0.36868853E+0001   -0.36874649E+0001    0.27972241E+0000     17940
 14450   -0.36868855E+0001   -0.36877149E+0001    0.29827219E+0000     18458
 14500   -0.36868889E+0001   -0.36874491E+0001    0.27880868E+0000     18656
 14550   -0.36868944E+0001   -0.36871935E+0001    0.27833452E+0000     19042
 14600   -0.36868953E+0001   -0.36873534E+0001    0.24958429E+0000     19170
 14650   -0.36868986E+0001   -0.36873541E+0001    0.28912470E+0000     19535
 14700   -0.36868983E+0001   -0.36873285E+0001    0.20823454E+0000     19856
 14750   -0.36868978E+0001   -0.36871915E+0001    0.29599299E+0000     20200
 14800   -0.36868942E+0001   -0.36873757E+0001    0.26053217E+0000     20570
 14850   -0.36868931E+0001   -0.36874559E+0001    0.31227828E+0000     20662
 14900   -0.36868928E+0001   -0.36872408E+0001    0.27575198E+0000     20801
 14950   -0.36868950E+0001   -0.36872264E+0001    0.26359647E+0000     21118
 15000   -0.36868969E+0001   -0.36873238E+0001    0.24222478E+0000     21393
 15050   -0.36868983E+0001   -0.36872489E+0001    0.26719337E+0000     21619
 15100   -0.36868983E+0001   -0.36876189E+0001    0.29873267E+0000     22040
 15150   -0.36869001E+0001   -0.36875442E+0001    0.29541546E+0000     22135
 15200   -0.36869004E+0001   -0.36875254E+0001    0.28901790E+0000     22530
 15250   -0.36868993E+0001   -0.36872607E+0001    0.30027078E+0000     22907
 15300   -0.36868991E+0001   -0.36871262E+0001    0.33414031E+0000     23477
 15350   -0.36868934E+0001   -0.36871587E+0001    0.30679395E+0000     23525
 15400   -0.36868876E+0001   -0.36873189E+0001    0.27758239E+0000     23875
 15450   -0.36868864E+0001   -0.36875424E+0001    0.26479515E+0000     24138
 15500   -0.36868857E+0001   -0.36871865E+0001    0.27518976E+0000     24257
 15550   -0.36868850E+0001   -0.36872357E+0001    0.21203906E+0000     24632
 15600   -0.36868804E+0001   -0.36870925E+0001    0.26655451E+0000     25097
 15650   -0.36868823E+0001   -0.36871693E+0001    0.30493402E+0000     25965
 15700   -0.36868864E+0001   -0.36870906E+0001    0.30757524E+0000     26059
 15750   -0.36868849E+0001   -0.36871755E+0001    0.28795548E+0000     26363
 15800   -0.36868796E+0001   -0.36871750E+0001    0.28935473E+0000     26612
 15850   -0.36868775E+0001   -0.36872051E+0001    0.28605272E+0000     26797
 15900   -0.36868778E+0001   -0.36872716E+0001    0.29998232E+0000     27348
 15950   -0.36868880E+0001   -0.36869813E+0001    0.24466198E+0000     27841
 16000   -0.36868943E+0001   -0.36871710E+0001    0.29442677E+0000     27769
 16001   -0.36868721E+0001   -0.36868721E+0001    0.61138767E-0001         1
 16050   -0.36860870E+0001   -0.36860870E+0001    0.47894221E+0000         1
 16100   -0.36861746E+0001   -0.36861746E+0001    0.41123983E+0000         1
 16150   -0.36859010E+0001   -0.36859010E+0001    0.50240972E+0000         1
 16200   -0.36845999E+0001   -0.36845999E+0001    0.95171857E+0000         1
 16250   -0.36855025E+0001   -0.36855025E+0001    0.76464078E+0000         1
 16300   -0.36850229E+0001   -0.36850229E+0001    0.75239968E+0000         1
 16350   -0.36860485E+0001   -0.36860485E+0001    0.57056755E+0000         1
 16400   -0.36863834E+0001   -0.36863834E+0001    0.48299505E+0000         1
 16450   -0.36863677E+0001   -0.36863677E+0001    0.45571878E+0000         1
 16500   -0.36863661E+0001   -0.36863661E+0001    0.38696245E+0000         1
 16550   -0.36856659E+0001   -0.36856659E+0001    0.57253229E+0000         1
 16600   -0.36864017E+0001   -0.36864017E+0001    0.38264743E+0000         1
 16650   -0.36865894E+0001   -0.36865894E+0001    0.35873257E+0000         1
 16700   -0.36863968E+0001   -0.36863968E+0001    0.35547066E+0000         1
 16750   -0.36862980E+0001   -0.36862980E+0001    0.49289167E+0000         1
 16800   -0.36860796E+0001   -0.36860796E+0001    0.43816463E+0000         1
 16850   -0.36861700E+0001   -0.36861700E+0001    0.35457963E+0000         1
 16900   -0.36853489E+0001   -0.36853489E+0001    0.58944361E+0000         1
 16950   -0.36847720E+0001   -0.36847720E+0001    0.70035193E+0000         1
 17000   -0.36857709E+0001   -0.36857709E+0001    0.46481491E+0000         1
 17050   -0.36856105E+0001   -0.36856105E+0001    0.56908806E+0000         1
 17100   -0.36860013E+0001   -0.36860013E+0001    0.48968787E+0000         1
 17150   -0.36862153E+0001   -0.36862153E+0001    0.39978161E+0000         1
 17200   -0.36859193E+0001   -0.36859193E+0001    0.53962653E+0000         1
 17250   -0.36861061E+0001   -0.36861061E+0001    0.46327699E+0000         1
 17300   -0.36863918E+0001   -0.36863918E+0001    0.35307030E+0000         1
 17350   -0.36863468E+0001   -0.36863468E+0001    0.37014726E+0000         1
 17400   -0.36856124E+0001   -0.36856124E+0001    0.74026167E+0000         1
 17450   -0.36860817E+0001   -0.36860817E+0001    0.51607553E+0000         1
 17500   -0.36861192E+0001   -0.36861192E+0001    0.43362259E+0000         1
 17550   -0.36855783E+0001   -0.36855783E+0001    0.58037694E+0000         1
 17600   -0.36860561E+0001   -0.36860561E+0001    0.40869526E+0000         1
 17650   -0.36853785E+0001   -0.36853785E+0001    0.66860450E+0000         1
 17700   -0.36861719E+0001   -0.36861719E+0001    0.38624411E+0000         1
 17750   -0.36864954E+0001   -0.36864954E+0001    0.29182519E+0000         1
 17800   -0.36865329E+0001   -0.36865329E+0001    0.32833162E+0000         1
 17850   -0.36863239E+0001   -0.36863239E+0001    0.40945443E+0000         1
 17900   -0.36865186E+0001   -0.36865186E+0001    0.30296344E+0000         1
 17950   -0.36857810E+0001   -0.36857810E+0001    0.60155690E+0000         1
 18000   -0.36854687E+0001   -0.36854687E+0001    0.67845370E+0000         1
 18050   -0.36860735E+0001   -0.36860735E+0001    0.45172188E+0000         1
 18100   -0.36863396E+0001   -0.36863396E+0001    0.34925426E+0000         1
 18150   -0.36861628E+0001   -0.36861628E+0001    0.49145537E+0000         1
 18200   -0.36862323E+0001   -0.36862323E+0001    0.41741472E+0000         1
 18250   -0.36863557E+0001   -0.36863557E+0001    0.35644616E+0000         1
 18300   -0.36866455E+0001   -0.36866455E+0001    0.30219815E+0000         1
 18350   -0.36859760E+0001   -0.36859760E+0001    0.51319986E+0000         1
 18400   -0.36861613E+0001   -0.36861613E+0001    0.43266734E+0000         1
 18450   -0.36859564E+0001   -0.36859564E+0001    0.57873653E+0000         1
 18500   -0.36860067E+0001   -0.36860067E+0001    0.44380318E+0000         1
 18550   -0.36850618E+0001   -0.36850618E+0001    0.71951901E+0000         1
 18600   -0.36854273E+0001   -0.36854273E+0001    0.63368049E+0000         1
 18650   -0.36854760E+0001   -0.36854760E+0001    0.63413057E+0000         1
 18700   -0.36860043E+0001   -0.36860043E+0001    0.46531087E+0000         1
 18750   -0.36854491E+0001   -0.36854491E+0001    0.61331398E+0000         1
 18800   -0.36850812E+0001   -0.36850812E+0001    0.73375245E+0000         1
 18850   -0.36855137E+0001   -0.36855137E+0001    0.60907524E+0000         1
 18900   -0.36861169E+0001   -0.36861169E+0001    0.59591300E+0000         1
 18950   -0.36858372E+0001   -0.36858372E+0001    0.60361411E+0000         1
 19000   -0.36858921E+0001   -0.36858921E+0001    0.59862275E+0000         1
 19050   -0.36864190E+0001   -0.36864190E+0001    0.37568767E+0000         1
 19100   -0.36860899E+0001   -0.36860899E+0001    0.46866461E+0000         1
 19150   -0.36863304E+0001   -0.36863304E+0001    0.48680678E+0000         1
 19200   -0.36862039E+0001   -0.36862039E+0001    0.44759283E+0000         1
 19250   -0.36866033E+0001   -0.36866033E+0001    0.46456267E+0000         1
 19300   -0.36868002E+0001   -0.36868002E+0001    0.46675151E+0000         1
 19350   -0.36859885E+0001   -0.36859885E+0001    0.68668422E+0000         1
 19400   -0.36867335E+0001   -0.36867335E+0001    0.52220244E+0000         1
 19450   -0.36867152E+0001   -0.36867152E+0001    0.47235055E+0000         1
 19500   -0.36867204E+0001   -0.36867204E+0001    0.41430754E+0000         1
 19550   -0.36870708E+0001   -0.36870708E+0001    0.44217176E+0000         1
 19600   -0.36869946E+0001   -0.36869946E+0001    0.47935188E+0000         1
 19650   -0.36866894E+0001   -0.36866894E+0001    0.74652589E+0000         1
 19700   -0.36881778E+0001   -0.36881778E+0001    0.48379435E+0000         1
 19750   -0.36884625E+0001   -0.36884625E+0001    0.46274666E+0000         1
 19800   -0.36883964E+0001   -0.36883964E+0001    0.53779747E+0000         1
 19850   -0.36883604E+0001   -0.36883604E+0001    0.57785289E+0000         1
 19900   -0.36891814E+0001   -0.36891814E+0001    0.49389024E+0000         1
 19950   -0.36894518E+0001   -0.36894518E+0001    0.65857383E+0000         1
 20000   -0.36898779E+0001   -0.36898779E+0001    0.57922986E+0000         1
 20050   -0.36894130E+0001   -0.36894130E+0001    0.63522898E+0000         1
 20100   -0.36894921E+0001   -0.36894921E+0001    0.62965261E+0000         1
 20150   -0.36893302E+0001   -0.36893302E+0001    0.66915104E+0000         1
 20200   -0.36898744E+0001   -0.36898744E+0001    0.57676894E+0000         1
 20250   -0.36894621E+0001   -0.36894621E+0001    0.65986765E+0000         1
 20300   -0.36893842E+0001   -0.36893842E+0001    0.59265990E+0000         1
 20350   -0.36891144E+0001   -0.36891144E+0001    0.66044858E+0000         1
 20400   -0.36894668E+0001   -0.36894668E+0001    0.66569041E+0000         1
 20450   -0.36897366E+0001   -0.36897366E+0001    0.71752810E+0000         1
 20500   -0.36904609E+0001   -0.36904609E+0001    0.62701154E+0000         1
 20550   -0.36903522E+0001   -0.36903522E+0001    0.69202170E+0000         1
 20600   -0.36900064E+0001   -0.36900064E+0001    0.79958012E+0000         1
 20650   -0.36904499E+0001   -0.36904499E+0001    0.64787562E+0000         1
 20700   -0.36913050E+0001   -0.36913050E+0001    0.61039465E+0000         1
 20750   -0.36918714E+0001   -0.36918714E+0001    0.59337194E+0000         1
 20800   -0.36928200E+0001   -0.36928200E+0001    0.62742856E+0000         1
 20850   -0.36934444E+0001   -0.36934444E+0001    0.62279637E+0000         1
 20900   -0.36952567E+0001   -0.36952567E+0001    0.64163038E+0000         1
 20950   -0.36959104E+0001   -0.36959104E+0001    0.62885593E+0000         1
 21000   -0.36963136E+0001   -0.36963136E+0001    0.65410910E+0000         1
 21050   -0.36974816E+0001   -0.36974816E+0001    0.66792199E+0000         1
 21100   -0.36984968E+0001   -0.36984968E+0001    0.72143295E+0000         1
 21150   -0.36985974E+0001   -0.36985974E+0001    0.75644336E+0000         1
 21200   -0.36997562E+0001   -0.36997562E+0001    0.68731062E+0000         1
 21250   -0.37011361E+0001   -0.37011361E+0001    0.63585649E+0000         1
 21300   -0.37021249E+0001   -0.37021249E+0001    0.75491800E+0000         1
 21350   -0.37021638E+0001   -0.37021638E+0001    0.68920612E+0000         1
 21400   -0.37040064E+0001   -0.37040064E+0001    0.73256876E+0000         1
 21450   -0.37040847E+0001   -0.37040847E+0001    0.85185758E+0000         1
 21500   -0.37066754E+0001   -0.37066754E+0001    0.85678875E+0000         1
 21550   -0.37086899E+0001   -0.37086899E+0001    0.82550955E+0000         1
 21600   -0.37113454E+0001   -0.37113454E+0001    0.84670890E+0000         1
 21650   -0.37127316E+0001   -0.37127316E+0001    0.94354487E+0000         1
 21700   -0.37148065E+0001   -0.37148065E+0001    0.86784214E+0000         1
 21750   -0.37161548E+0001   -0.37161548E+0001    0.88578898E+0000         1
 21800   -0.37175962E+0001   -0.37175962E+0001    0.95665061E+0000         1
 21850   -0.37193148E+0001   -0.37193148E+0001    0.11253340E+0001         1
 21900   -0.37228299E+0001   -0.37228299E+0001    0.11045502E+0001         1
 21950   -0.37249509E+0001   -0.37249509E+0001    0.11097097E+0001         1
 22000   -0.37262137E+0001   -0.37262137E+0001    0.10466868E+0001         1
 22050   -0.37293700E+0001   -0.37293700E+0001    0.11400270E+0001         1
 22100   -0.37326902E+0001   -0.37326902E+0001    0.11493080E+0001         1
 22150   -0.37372055E+0001   -0.37372055E+0001    0.12118281E+0001         1
 22200   -0.37417702E+0001   -0.37417702E+0001    0.10878267E+0001         1
 22250   -0.37463311E+0001   -0.37463311E+0001    0.11417848E+0001         1
 22300   -0.37487811E+0001   -0.37487811E+0001    0.12708725E+0001         1
 22350   -0.37533371E+0001   -0.37533371E+0001    0.12740509E+0001         1
 22400   -0.37565441E+0001   -0.37565441E+0001    0.12674599E+0001         1
 22450   -0.37607080E+0001   -0.37607080E+0001    0.14054862E+0001         1
 22500   -0.37650876E+0001   -0.37650876E+0001    0.11747170E+0001         1
 22550   -0.37684182E+0001   -0.37684182E+0001    0.11852010E+0001         1
 22600   -0.37706210E+0001   -0.37706210E+0001    0.12093513E+0001         1
 22650   -0.37732435E+0001   -0.37732435E+0001    0.12391772E+0001         1
 22700   -0.37770538E+0001   -0.37770538E+0001    0.11414385E+0001         1
 22750   -0.37788141E+0001   -0.37788141E+0001    0.11964482E+0001         1
 22800   -0.37824867E+0001   -0.37824867E+0001    0.10784292E+0001         1
 22850   -0.37866189E+0001   -0.37866189E+0001    0.96514655E+0000         1
 22900   -0.37876199E+0001   -0.37876199E+0001    0.10447459E+0001         1
 22950   -0.37899079E+0001   -0.37899079E+0001    0.10388095E+0001         1
 23000   -0.37925383E+0001   -0.37925383E+0001    0.88710171E+0000         1
 23050   -0.37941870E+0001   -0.37941870E+0001    0.91022652E+0000         1
 23100   -0.37952804E+0001   -0.37952804E+0001    0.79037928E+0000         1
 23150   -0.37972535E+0001   -0.37972535E+0001    0.66996396E+0000         1
 23200   -0.37979813E+0001   -0.37979813E+0001    0.71219706E+0000         1
 23250   -0.37983402E+0001   -0.37983402E+0001    0.76825435E+0000         1
 23300   -0.37995682E+0001   -0.37995682E+0001    0.73240987E+0000         1
 23350   -0.38008119E+0001   -0.38008119E+0001    0.66940759E+0000         1
 23400   -0.38010365E+0001   -0.38010365E+0001    0.66779022E+0000         1
 23450   -0.38018695E+0001   -0.38018695E+0001    0.56947869E+0000         1
 23500   -0.38020651E+0001   -0.38020651E+0001    0.60161818E+0000         1
 23550   -0.38026813E+0001   -0.38026813E+0001    0.51555107E+0000         1
 23600   -0.38029841E+0001   -0.38029841E+0001    0.38157803E+0000         1
 23650   -0.38029290E+0001   -0.38029290E+0001    0.55836024E+0000         1
 23700   -0.38033272E+0001   -0.38033272E+0001    0.47021186E+0000         1
 23750   -0.38033160E+0001   -0.38033160E+0001    0.42939047E+0000         1
 23800   -0.38028385E+0001   -0.38028385E+0001    0.56354182E+0000         1
 23850   -0.38029065E+0001   -0.38029065E+0001    0.46529966E+0000         1
 23900   -0.38029326E+0001   -0.38029326E+0001    0.45670730E+0000         1
 23950   -0.38020061E+0001   -0.38020061E+0001    0.72506290E+0000         1
 24000   -0.38028005E+0001   -0.38028005E+0001    0.51941323E+0000         1
 24050   -0.38025384E+0001   -0.38025384E+0001    0.59533846E+0000         1
 24100   -0.38026365E+0001   -0.38026365E+0001    0.55779701E+0000         1
 24150   -0.38028840E+0001   -0.38028840E+0001    0.52022037E+0000         1
 24200   -0.38030186E+0001   -0.38030186E+0001    0.52035007E+0000         1
 24250   -0.38030893E+0001   -0.38030893E+0001    0.43649295E+0000         1
 24300   -0.38031899E+0001   -0.38031899E+0001    0.45604678E+0000         1
 24350   -0.38030135E+0001   -0.38030135E+0001    0.52024521E+0000         1
 24400   -0.38030012E+0001   -0.38030012E+0001    0.56698872E+0000         1
 24450   -0.38025229E+0001   -0.38025229E+0001    0.66227279E+0000         1
 24500   -0.38029066E+0001   -0.38029066E+0001    0.50534746E+0000         1
 24550   -0.38031196E+0001   -0.38031196E+0001    0.53529866E+0000         1
 24600   -0.38031236E+0001   -0.38031236E+0001    0.47067354E+0000         1
 24650   -0.38027507E+0001   -0.38027507E+0001    0.63237828E+0000         1
 24700   -0.38024840E+0001   -0.38024840E+0001    0.69205690E+0000         1
 24750   -0.38032694E+0001   -0.38032694E+0001    0.42596973E+0000         1
 24800   -0.38032446E+0001   -0.38032446E+0001    0.37632219E+0000         1
 24850   -0.38022833E+0001   -0.38022833E+0001    0.66989810E+0000         1
 24900   -0.38026460E+0001   -0.38026460E+0001    0.48380401E+0000         1
 24950   -0.38025774E+0001   -0.38025774E+0001    0.45709299E+0000         1
 25000   -0.38021587E+0001   -0.38021587E+0001    0.65297482E+0000         1
 25050   -0.38024029E+0001   -0.38024029E+0001    0.65300930E+0000         1
 25100   -0.38023116E+0001   -0.38023116E+0001    0.68604528E+0000         1
 25150   -0.38030679E+0001   -0.38030679E+0001    0.41144337E+0000         1
 25200   -0.38031519E+0001   -0.38031519E+0001    0.44096338E+0000         1
 25250   -0.38033376E+0001   -0.38033376E+0001    0.39685893E+0000         1
 25300   -0.38027541E+0001   -0.38027541E+0001    0.51762393E+0000         1
 25350   -0.38027720E+0001   -0.38027720E+0001    0.44865015E+0000         1
 25400   -0.38028200E+0001   -0.38028200E+0001    0.57197487E+0000         1
 25450   -0.38027174E+0001   -0.38027174E+0001    0.49442984E+0000         1
 25500   -0.38028448E+0001   -0.38028448E+0001    0.43701753E+0000         1
 25550   -0.38029270E+0001   -0.38029270E+0001    0.52615231E+0000         1
 25600   -0.38030788E+0001   -0.38030788E+0001    0.44854925E+0000         1
 25650   -0.38025472E+0001   -0.38025472E+0001    0.54987386E+0000         1
 25700   -0.38024614E+0001   -0.38024614E+0001    0.62316081E+0000         1
 25750   -0.38026308E+0001   -0.38026308E+0001    0.54376702E+0000         1
 25800   -0.38033532E+0001   -0.38033532E+0001    0.36112853E+0000         1
 25850   -0.38024944E+0001   -0.38024944E+0001    0.67078372E+0000         1
 25900   -0.38027239E+0001   -0.38027239E+0001    0.54920100E+0000         1
 25950   -0.38024637E+0001   -0.38024637E+0001    0.59922691E+0000         1
 26000   -0.38026531E+0001   -0.38026531E+0001    0.61717827E+0000         1
 26050   -0.38027943E+0001   -0.38027943E+0001    0.55777426E+0000         1
 26100   -0.38028136E+0001   -0.38028136E+0001    0.53931396E+0000         1
 26150   -0.38028921E+0001   -0.38028921E+0001    0.54350874E+0000         1
 26200   -0.38030413E+0001   -0.38030413E+0001    0.46800042E+0000         1
 26250   -0.38028203E+0001   -0.38028203E+0001    0.48180349E+0000         1
 26300   -0.38029108E+0001   -0.38029108E+0001    0.47054194E+0000         1
 26350   -0.38027122E+0001   -0.38027122E+0001    0.58434076E+0000         1
 26400   -0.38030166E+0001   -0.38030166E+0001    0.50357179E+0000         1
 26450   -0.38031143E+0001   -0.38031143E+0001    0.49865126E+0000         1
 26500   -0.38030666E+0001   -0.38030666E+0001    0.48439308E+0000         1
 26550   -0.38026259E+0001   -0.38026259E+0001    0.62570626E+0000         1
 26600   -0.38034022E+0001   -0.38034022E+0001    0.42759108E+0000         1
 26650   -0.38031102E+0001   -0.38031102E+0001    0.44369595E+0000         1
 26700   -0.38029008E+0001   -0.38029008E+0001    0.56409381E+0000         1
 26750   -0.38034179E+0001   -0.38034179E+0001    0.32542931E+0000         1
 26800   -0.38033807E+0001   -0.38033807E+0001    0.34692042E+0000         1
 26850   -0.38031845E+0001   -0.38031845E+0001    0.42607024E+0000         1
 26900   -0.38024928E+0001   -0.38024928E+0001    0.54552577E+0000         1
 26950   -0.38029750E+0001   -0.38029750E+0001    0.41495348E+0000         1
 27000   -0.38032880E+0001   -0.38032880E+0001    0.40656498E+0000         1
 27050   -0.38028877E+0001   -0.38028877E+0001    0.44403742E+0000         1
 27100   -0.38030067E+0001   -0.38030067E+0001    0.47280446E+0000         1
 27150   -0.38031074E+0001   -0.38031074E+0001    0.46723898E+0000         1
 27200   -0.38036056E+0001   -0.38036056E+0001    0.26650362E+0000         1
 27250   -0.38028005E+0001   -0.38028005E+0001    0.59445046E+0000         1
 27300   -0.38028087E+0001   -0.38028087E+0001    0.61502168E+0000         1
 27350   -0.38031223E+0001   -0.38031223E+0001    0.42714678E+0000         1
 27400   -0.38025658E+0001   -0.38025658E+0001    0.61200978E+0000         1
 27450   -0.38031818E+0001   -0.38031818E+0001    0.37149940E+0000         1
 27500   -0.38029125E+0001   -0.38029125E+0001    0.61400459E+0000         1
 27550   -0.38031667E+0001   -0.38031667E+0001    0.49024609E+0000         1
 27600   -0.38021664E+0001   -0.38021664E+0001    0.72984574E+0000         1
 27650   -0.38026825E+0001   -0.38026825E+0001    0.54358701E+0000         1
 27700   -0.38027581E+0001   -0.38027581E+0001    0.49692205E+0000         1
 27750   -0.38028728E+0001   -0.38028728E+0001    0.53535975E+0000         1
 27800   -0.38032552E+0001   -0.38032552E+0001    0.38012205E+0000         1
 27850   -0.38030535E+0001   -0.38030535E+0001    0.40945603E+0000         1
 27900   -0.38029232E+0001   -0.38029232E+0001    0.46362545E+0000         1
 27950   -0.38028629E+0001   -0.38028629E+0001    0.46604274E+0000         1
 28000   -0.38031833E+0001   -0.38031833E+0001    0.41485919E+0000         1
 28050   -0.38025604E+0001   -0.38025604E+0001    0.50729300E+0000         1
 28100   -0.38022992E+0001   -0.38022992E+0001    0.50850232E+0000         1
 28150   -0.38023710E+0001   -0.38023710E+0001    0.50925652E+0000         1
 28200   -0.38025232E+0001   -0.38025232E+0001    0.52652847E+0000         1
 28250   -0.38028123E+0001   -0.38028123E+0001    0.47020191E+0000         1
 28300   -0.38024671E+0001   -0.38024671E+0001    0.52356233E+0000         1
 28350   -0.38026061E+0001   -0.38026061E+0001    0.55642204E+0000         1
 28400   -0.38026116E+0001   -0.38026116E+0001    0.56123645E+0000         1
 28450   -0.38026827E+0001   -0.38026827E+0001    0.48338245E+0000         1
 28500   -0.38027917E+0001   -0.38027917E+0001    0.48112726E+0000         1
 28550   -0.38031188E+0001   -0.38031188E+0001    0.45226929E+0000         1
 28600   -0.38021820E+0001   -0.38021820E+0001    0.70531114E+0000         1
 28650   -0.38028649E+0001   -0.38028649E+0001    0.42334587E+0000         1
 28700   -0.38029783E+0001   -0.38029783E+0001    0.45048292E+0000         1
 28750   -0.38028004E+0001   -0.38028004E+0001    0.45413450E+0000         1
 28800   -0.38026882E+0001   -0.38026882E+0001    0.51319781E+0000         1
 28850   -0.38021694E+0001   -0.38021694E+0001    0.62650973E+0000         1
 28900   -0.38025562E+0001   -0.38025562E+0001    0.54493250E+0000         1
 28950   -0.38026780E+0001   -0.38026780E+0001    0.46469856E+0000         1
 29000   -0.38030194E+0001   -0.38030194E+0001    0.45650562E+0000         1
 29050   -0.38029147E+0001   -0.38029147E+0001    0.41805580E+0000         1
 29100   -0.38028872E+0001   -0.38028872E+0001    0.43631634E+0000         1
 29150   -0.38027771E+0001   -0.38027771E+0001    0.48236930E+0000         1
 29200   -0.38022720E+0001   -0.38022720E+0001    0.56936558E+0000         1
 29250   -0.38027415E+0001   -0.38027415E+0001    0.46442389E+0000         1
 29300   -0.38026245E+0001   -0.38026245E+0001    0.41669614E+0000         1
 29350   -0.38025362E+0001   -0.38025362E+0001    0.51390063E+0000         1
 29400   -0.38025591E+0001   -0.38025591E+0001    0.61220021E+0000         1
 29450   -0.38033294E+0001   -0.38033294E+0001    0.49401805E+0000         1
 29500   -0.38034040E+0001   -0.38034040E+0001    0.40693405E+0000         1
 29550   -0.38026322E+0001   -0.38026322E+0001    0.62921747E+0000         1
 29600   -0.38024755E+0001   -0.38024755E+0001    0.61935964E+0000         1
 29650   -0.38026816E+0001   -0.38026816E+0001    0.58636304E+0000         1
 29700   -0.38033866E+0001   -0.38033866E+0001    0.36207898E+0000         1
 29750   -0.38027811E+0001   -0.38027811E+0001    0.55099420E+0000         1
 29800   -0.38031379E+0001   -0.38031379E+0001    0.51192969E+0000         1
 29850   -0.38031944E+0001   -0.38031944E+0001    0.51038912E+0000         1
 29900   -0.38033335E+0001   -0.38033335E+0001    0.34911780E+0000         1
 29950   -0.38029928E+0001   -0.38029928E+0001    0.52877747E+0000         1
 30000   -0.38024332E+0001   -0.38024332E+0001    0.67790803E+0000         1
 30050   -0.38032377E+0001   -0.38032377E+0001    0.41780683E+0000         1
 30100   -0.38029520E+0001   -0.38029520E+0001    0.48373893E+0000         1
 30150   -0.38030733E+0001   -0.38030733E+0001    0.35924248E+0000         1
 30200   -0.38030535E+0001   -0.38030535E+0001    0.45299897E+0000         1
 30250   -0.38026710E+0001   -0.38026710E+0001    0.58654762E+0000         1
 30300   -0.38028506E+0001   -0.38028506E+0001    0.48310369E+0000         1
 30350   -0.38027200E+0001   -0.38027200E+0001    0.56345514E+0000         1
 30400   -0.38028261E+0001   -0.38028261E+0001    0.51141595E+0000         1
 30450   -0.38027696E+0001   -0.38027696E+0001    0.49427039E+0000         1
 30500   -0.38032192E+0001   -0.38032192E+0001    0.31511879E+0000         1
 30550   -0.38028346E+0001   -0.38028346E+0001    0.53078838E+0000         1
 30600   -0.38029836E+0001   -0.38029836E+0001    0.42898878E+0000         1
 30650   -0.38023482E+0001   -0.38023482E+0001    0.59234027E+0000         1
 30700   -0.38028037E+0001   -0.38028037E+0001    0.46517038E+0000         1
 30750   -0.38026932E+0001   -0.38026932E+0001    0.53439392E+0000         1
 30800   -0.38023629E+0001   -0.38023629E+0001    0.59608223E+0000         1
 30850   -0.38025830E+0001   -0.38025830E+0001    0.61150855E+0000         1
 30900   -0.38031526E+0001   -0.38031526E+0001    0.48157672E+0000         1
 30950   -0.38029452E+0001   -0.38029452E+0001    0.55066372E+0000         1
 31000   -0.38029165E+0001   -0.38029165E+0001    0.59734574E+0000         1
 31050   -0.38027453E+0001   -0.38027453E+0001    0.50913227E+0000         1
 31100   -0.38031055E+0001   -0.38031055E+0001    0.38593914E+0000         1
 31150   -0.38029812E+0001   -0.38029812E+0001    0.50912911E+0000         1
 31200   -0.38029904E+0001   -0.38029904E+0001    0.56525767E+0000         1
 31250   -0.38031589E+0001   -0.38031589E+0001    0.46131909E+0000         1
 31300   -0.38031416E+0001   -0.38031416E+0001    0.42802338E+0000         1
 31350   -0.38029900E+0001   -0.38029900E+0001    0.44133189E+0000         1
 31400   -0.38033732E+0001   -0.38033732E+0001    0.38310656E+0000         1
 31450   -0.38031649E+0001   -0.38031649E+0001    0.41101937E+0000         1
 31500   -0.38031991E+0001   -0.38031991E+0001    0.45061936E+0000         1
 31550   -0.38034715E+0001   -0.38034715E+0001    0.31666427E+0000         1
 31600   -0.38026935E+0001   -0.38026935E+0001    0.60898678E+0000         1
 31650   -0.38026381E+0001   -0.38026381E+0001    0.66140298E+0000         1
 31700   -0.38030854E+0001   -0.38030854E+0001    0.51378649E+0000         1
 31750   -0.38032304E+0001   -0.38032304E+0001    0.41311788E+0000         1
 31800   -0.38030479E+0001   -0.38030479E+0001    0.46891897E+0000         1
 31850   -0.38028253E+0001   -0.38028253E+0001    0.47891009E+0000         1
 31900   -0.38027790E+0001   -0.38027790E+0001    0.51244112E+0000         1
 31950   -0.38028079E+0001   -0.38028079E+0001    0.47681609E+0000         1
 32000   -0.38028181E+0001   -0.38028181E+0001    0.48794237E+0000         1
 32050   -0.38030377E+0001   -0.38030377E+0001    0.44957757E+0000         1
 32100   -0.38028374E+0001   -0.38028374E+0001    0.60931158E+0000         1
 32150   -0.38022153E+0001   -0.38022153E+0001    0.79994596E+0000         1
 32200   -0.38024517E+0001   -0.38024517E+0001    0.62343865E+0000         1
 32250   -0.38025492E+0001   -0.38025492E+0001    0.58668352E+0000         1
 32300   -0.38026936E+0001   -0.38026936E+0001    0.54177417E+0000         1
 32350   -0.38027110E+0001   -0.38027110E+0001    0.52277948E+0000         1
 32400   -0.38024266E+0001   -0.38024266E+0001    0.58077253E+0000         1
 32450   -0.38030088E+0001   -0.38030088E+0001    0.43001871E+0000         1
 32500   -0.38030311E+0001   -0.38030311E+0001    0.47654816E+0000         1
 32550   -0.38037406E+0001   -0.38037406E+0001    0.24231057E+0000         1
 32600   -0.38029703E+0001   -0.38029703E+0001    0.49735832E+0000         1
 32650   -0.38031105E+0001   -0.38031105E+0001    0.40396897E+0000         1
 32700   -0.38028006E+0001   -0.38028006E+0001    0.42715557E+0000         1
 32750   -0.38030261E+0001   -0.38030261E+0001    0.45935081E+0000         1
 32800   -0.38026974E+0001   -0.38026974E+0001    0.53347683E+0000         1
 32850   -0.38025348E+0001   -0.38025348E+0001    0.57789475E+0000         1
 32900   -0.38024891E+0001   -0.38024891E+0001    0.61111255E+0000         1
 32950   -0.38024688E+0001   -0.38024688E+0001    0.57892954E+0000         1
 33000   -0.38028088E+0001   -0.38028088E+0001    0.59748725E+0000         1
 33050   -0.38030871E+0001   -0.38030871E+0001    0.51365604E+0000         1
 33100   -0.38031647E+0001   -0.38031647E+0001    0.41521579E+0000         1
 33150   -0.38031656E+0001   -0.38031656E+0001    0.42636261E+0000         1
 33200   -0.38027055E+0001   -0.38027055E+0001    0.53430540E+0000         1
 33250   -0.38030334E+0001   -0.38030334E+0001    0.44066459E+0000         1
 33300   -0.38031045E+0001   -0.38031045E+0001    0.42077414E+0000         1
 33350   -0.38030684E+0001   -0.38030684E+0001    0.41312100E+0000         1
 33400   -0.38029475E+0001   -0.38029475E+0001    0.51374128E+0000         1
 33450   -0.38028654E+0001   -0.38028654E+0001    0.48870091E+0000         1
 33500   -0.38027587E+0001   -0.38027587E+0001    0.53650233E+0000         1
 33550   -0.38023570E+0001   -0.38023570E+0001    0.56280872E+0000         1
 33600   -0.38027901E+0001   -0.38027901E+0001    0.51306511E+0000         1
 33650   -0.38030967E+0001   -0.38030967E+0001    0.46915242E+0000         1
 33700   -0.38023061E+0001   -0.38023061E+0001    0.61721607E+0000         1
 33750   -0.38024022E+0001   -0.38024022E+0001    0.67401036E+0000         1
 33800   -0.38025697E+0001   -0.38025697E+0001    0.59695770E+0000         1
 33850   -0.38018430E+0001   -0.38018430E+0001    0.80598177E+0000         1
 33900   -0.38029623E+0001   -0.38029623E+0001    0.51527833E+0000         1
 33950   -0.38030288E+0001   -0.38030288E+0001    0.48269723E+0000         1
 34000   -0.38028833E+0001   -0.38028833E+0001    0.50088090E+0000         1
 34050   -0.38021130E+0001   -0.38021130E+0001    0.57565596E+0000         1
 34100   -0.38022519E+0001   -0.38022519E+0001    0.55515122E+0000         1
 34150   -0.38030306E+0001   -0.38030306E+0001    0.44695023E+0000         1
 34200   -0.38032404E+0001   -0.38032404E+0001    0.29432426E+0000         1
 34250   -0.38032126E+0001   -0.38032126E+0001    0.36497419E+0000         1
 34300   -0.38026540E+0001   -0.38026540E+0001    0.57310028E+0000         1
 34350   -0.38023297E+0001   -0.38023297E+0001    0.57338006E+0000         1
 34400   -0.38023213E+0001   -0.38023213E+0001    0.63598180E+0000         1
 34450   -0.38016930E+0001   -0.38016930E+0001    0.75035082E+0000         1
 34500   -0.38022128E+0001   -0.38022128E+0001    0.61646096E+0000         1
 34550   -0.38022138E+0001   -0.38022138E+0001    0.57045546E+0000         1
 34600   -0.38027286E+0001   -0.38027286E+0001    0.44879105E+0000         1
 34650   -0.38029525E+0001   -0.38029525E+0001    0.40382045E+0000         1
 34700   -0.38028313E+0001   -0.38028313E+0001    0.45998780E+0000         1
 34750   -0.38029132E+0001   -0.38029132E+0001    0.41341442E+0000         1
 34800   -0.38030266E+0001   -0.38030266E+0001    0.36245768E+0000         1
 34850   -0.38030966E+0001   -0.38030966E+0001    0.42684264E+0000         1
 34900   -0.38034200E+0001   -0.38034200E+0001    0.29729562E+0000         1
 34950   -0.38036382E+0001   -0.38036382E+0001    0.22675949E+0000         1
 35000   -0.38035119E+0001   -0.38035119E+0001    0.29010781E+0000         1
 35050   -0.38031400E+0001   -0.38031400E+0001    0.43514948E+0000         1
 35100   -0.38028998E+0001   -0.38028998E+0001    0.51434624E+0000         1
 35150   -0.38021639E+0001   -0.38021639E+0001    0.65187652E+0000         1
 35200   -0.38027356E+0001   -0.38027356E+0001    0.57849948E+0000         1
 35250   -0.38019377E+0001   -0.38019377E+0001    0.76060300E+0000         1
 35300   -0.38025449E+0001   -0.38025449E+0001    0.53370740E+0000         1
 35350   -0.38017243E+0001   -0.38017243E+0001    0.86244023E+0000         1
 35400   -0.38030449E+0001   -0.38030449E+0001    0.49686803E+0000         1
 35450   -0.38027057E+0001   -0.38027057E+0001    0.65439700E+0000         1
 35500   -0.38025590E+0001   -0.38025590E+0001    0.63919723E+0000         1
 35550   -0.38027784E+0001   -0.38027784E+0001    0.53584351E+0000         1
 35600   -0.38021557E+0001   -0.38021557E+0001    0.60253222E+0000         1
 35650   -0.38022592E+0001   -0.38022592E+0001    0.64855078E+0000         1
 35700   -0.38028186E+0001   -0.38028186E+0001    0.49447767E+0000         1
 35750   -0.38029474E+0001   -0.38029474E+0001    0.59115148E+0000         1
 35800   -0.38026682E+0001   -0.38026682E+0001    0.57054938E+0000         1
 35850   -0.38030923E+0001   -0.38030923E+0001    0.51728293E+0000         1
 35900   -0.38028227E+0001   -0.38028227E+0001    0.52096600E+0000         1
 35950   -0.38024355E+0001   -0.38024355E+0001    0.67454582E+0000         1
 36000   -0.38030263E+0001   -0.38030263E+0001    0.40280895E+0000         1
 36050   -0.38024344E+0001   -0.38024344E+0001    0.50149716E+0000         1
 36100   -0.38029453E+0001   -0.38029453E+0001    0.48345339E+0000         1
 36150   -0.38034115E+0001   -0.38034115E+0001    0.30835544E+0000         1
 36200   -0.38034847E+0001   -0.38034847E+0001    0.33779060E+0000         1
 36250   -0.38034650E+0001   -0.38034650E+0001    0.35670423E+0000         1
 36300   -0.38031970E+0001   -0.38031970E+0001    0.42229062E+0000         1
 36350   -0.38029279E+0001   -0.38029279E+0001    0.53048764E+0000         1
 36400   -0.38025367E+0001   -0.38025367E+0001    0.70073629E+0000         1
 36450   -0.38025832E+0001   -0.38025832E+0001    0.55665980E+0000         1
 36500   -0.38032337E+0001   -0.38032337E+0001    0.39766310E+0000         1
 36550   -0.38034581E+0001   -0.38034581E+0001    0.30964262E+0000         1
 36600   -0.38033779E+0001   -0.38033779E+0001    0.39152285E+0000         1
 36650   -0.38029583E+0001   -0.38029583E+0001    0.58440836E+0000         1
 36700   -0.38035029E+0001   -0.38035029E+0001    0.32093023E+0000         1
 36750   -0.38033093E+0001   -0.38033093E+0001    0.37706221E+0000         1
 36800   -0.38032472E+0001   -0.38032472E+0001    0.39631554E+0000         1
 36850   -0.38034709E+0001   -0.38034709E+0001    0.42298538E+0000         1
 36900   -0.38032065E+0001   -0.38032065E+0001    0.44874657E+0000         1
 36950   -0.38024638E+0001   -0.38024638E+0001    0.67148729E+0000         1
 37000   -0.38027253E+0001   -0.38027253E+0001    0.61972340E+0000         1
 37050   -0.38028817E+0001   -0.38028817E+0001    0.55573041E+0000         1
 37100   -0.38029019E+0001   -0.38029019E+0001    0.53557266E+0000         1
 37150   -0.38023102E+0001   -0.38023102E+0001    0.64240993E+0000         1
 37200   -0.38016457E+0001   -0.38016457E+0001    0.80172288E+0000         1
 37250   -0.38021700E+0001   -0.38021700E+0001    0.66332650E+0000         1
 37300   -0.38025731E+0001   -0.38025731E+0001    0.53745038E+0000         1
 37350   -0.38022945E+0001   -0.38022945E+0001    0.62770177E+0000         1
 37400   -0.38018461E+0001   -0.38018461E+0001    0.72657650E+0000         1
 37450   -0.38025885E+0001   -0.38025885E+0001    0.46722206E+0000         1
 37500   -0.38026262E+0001   -0.38026262E+0001    0.52795663E+0000         1
 37550   -0.38030923E+0001   -0.38030923E+0001    0.36061658E+0000         1
 37600   -0.38030332E+0001   -0.38030332E+0001    0.48702426E+0000         1
 37650   -0.38029256E+0001   -0.38029256E+0001    0.46827809E+0000         1
 37700   -0.38022213E+0001   -0.38022213E+0001    0.65942268E+0000         1
 37750   -0.38029087E+0001   -0.38029087E+0001    0.46722103E+0000         1
 37800   -0.38028104E+0001   -0.38028104E+0001    0.50658776E+0000         1
 37850   -0.38015984E+0001   -0.38015984E+0001    0.88917846E+0000         1
 37900   -0.38026709E+0001   -0.38026709E+0001    0.64912911E+0000         1
 37950   -0.38028589E+0001   -0.38028589E+0001    0.44369933E+0000         1
 38000   -0.38029707E+0001   -0.38029707E+0001    0.46728893E+0000         1
 38050   -0.38029225E+0001   -0.38029225E+0001    0.41540855E+0000         1
 38100   -0.38028423E+0001   -0.38028423E+0001    0.44153016E+0000         1
 38150   -0.38031405E+0001   -0.38031405E+0001    0.39840348E+0000         1
 38200   -0.38032797E+0001   -0.38032797E+0001    0.36290174E+0000         1
 38250   -0.38031931E+0001   -0.38031931E+0001    0.45210298E+0000         1
 38300   -0.38028993E+0001   -0.38028993E+0001    0.53383612E+0000         1
 38350   -0.38027243E+0001   -0.38027243E+0001    0.59687913E+0000         1
 38400   -0.38027071E+0001   -0.38027071E+0001    0.61635758E+0000         1
 38450   -0.38033810E+0001   -0.38033810E+0001    0.41317744E+0000         1
 38500   -0.38035699E+0001   -0.38035699E+0001    0.29782204E+0000         1
 38550   -0.38034995E+0001   -0.38034995E+0001    0.30157465E+0000         1
 38600   -0.38034917E+0001   -0.38034917E+0001    0.29078399E+0000         1
 38650   -0.38031665E+0001   -0.38031665E+0001    0.39488016E+0000         1
 38700   -0.38033933E+0001   -0.38033933E+0001    0.40645690E+0000         1
 38750   -0.38034132E+0001   -0.38034132E+0001    0.34592293E+0000         1
 38800   -0.38023814E+0001   -0.38023814E+0001    0.65540019E+0000         1
 38850   -0.38026617E+0001   -0.38026617E+0001    0.52366014E+0000         1
 38900   -0.38029683E+0001   -0.38029683E+0001    0.44411926E+0000         1
 38950   -0.38025283E+0001   -0.38025283E+0001    0.69400003E+0000         1
 39000   -0.38036001E+0001   -0.38036001E+0001    0.23730420E+0000         1
 39050   -0.38033676E+0001   -0.38033676E+0001    0.40001883E+0000         1
 39100   -0.38024343E+0001   -0.38024343E+0001    0.69650139E+0000         1
 39150   -0.38026282E+0001   -0.38026282E+0001    0.65075711E+0000         1
 39200   -0.38025823E+0001   -0.38025823E+0001    0.58948081E+0000         1
 39250   -0.38021223E+0001   -0.38021223E+0001    0.72428275E+0000         1
 39300   -0.38027730E+0001   -0.38027730E+0001    0.60644872E+0000         1
 39350   -0.38034080E+0001   -0.38034080E+0001    0.36591015E+0000         1
 39400   -0.38035062E+0001   -0.38035062E+0001    0.38688786E+0000         1
 39450   -0.38032429E+0001   -0.38032429E+0001    0.42271536E+0000         1
 39500   -0.38029583E+0001   -0.38029583E+0001    0.54772565E+0000         1
 39550   -0.38028033E+0001   -0.38028033E+0001    0.53350646E+0000         1
 39600   -0.38026651E+0001   -0.38026651E+0001    0.57174111E+0000         1
 39650   -0.38027327E+0001   -0.38027327E+0001    0.55616966E+0000         1
 39700   -0.38029174E+0001   -0.38029174E+0001    0.45535886E+0000         1
 39750   -0.38031589E+0001   -0.38031589E+0001    0.34128893E+0000         1
 39800   -0.38021746E+0001   -0.38021746E+0001    0.58078763E+0000         1
 39850   -0.38027744E+0001   -0.38027744E+0001    0.51390715E+0000         1
 39900   -0.38030280E+0001   -0.38030280E+0001    0.42199383E+0000         1
 39950   -0.38024977E+0001   -0.38024977E+0001    0.59551877E+0000         1
 40000   -0.38029078E+0001   -0.38029078E+0001    0.56470038E+0000         1
 40050   -0.38022975E+0001   -0.38022975E+0001    0.57390995E+0000         1
 40100   -0.38031300E+0001   -0.38031300E+0001    0.42079878E+0000         1
 40150   -0.38032576E+0001   -0.38032576E+0001    0.43854230E+0000         1
 40200   -0.38033167E+0001   -0.38033167E+0001    0.46655892E+0000         1
 40250   -0.38031407E+0001   -0.38031407E+0001    0.48858063E+0000         1
 40300   -0.38031423E+0001   -0.38031423E+0001    0.34736151E+0000         1
 40350   -0.38029886E+0001   -0.38029886E+0001    0.50127174E+0000         1
 40400   -0.38029340E+0001   -0.38029340E+0001    0.44036486E+0000         1
 40450   -0.38031422E+0001   -0.38031422E+0001    0.41319486E+0000         1
 40500   -0.38025558E+0001   -0.38025558E+0001    0.71730583E+0000         1
 40550   -0.38032391E+0001   -0.38032391E+0001    0.36070257E+0000         1
 40600   -0.38028482E+0001   -0.38028482E+0001    0.54713101E+0000         1
 40650   -0.38027087E+0001   -0.38027087E+0001    0.61067715E+0000         1
 40700   -0.38019275E+0001   -0.38019275E+0001    0.65143364E+0000         1
 40750   -0.38020082E+0001   -0.38020082E+0001    0.59415435E+0000         1
 40800   -0.38025329E+0001   -0.38025329E+0001    0.57293791E+0000         1
 40850   -0.38016486E+0001   -0.38016486E+0001    0.75185603E+0000         1
 40900   -0.38028608E+0001   -0.38028608E+0001    0.42353692E+0000         1
 40950   -0.38028743E+0001   -0.38028743E+0001    0.46227522E+0000         1
 41000   -0.38030733E+0001   -0.38030733E+0001    0.50423467E+0000         1
 41050   -0.38026742E+0001   -0.38026742E+0001    0.53605070E+0000         1
 41100   -0.38029509E+0001   -0.38029509E+0001    0.40947949E+0000         1
 41150   -0.38028679E+0001   -0.38028679E+0001    0.49506223E+0000         1
 41200   -0.38025789E+0001   -0.38025789E+0001    0.59651448E+0000         1
 41250   -0.38027800E+0001   -0.38027800E+0001    0.44538393E+0000         1
 41300   -0.38022708E+0001   -0.38022708E+0001    0.65016061E+0000         1
 41350   -0.38031300E+0001   -0.38031300E+0001    0.40302765E+0000         1
 41400   -0.38028275E+0001   -0.38028275E+0001    0.48337172E+0000         1
 41450   -0.38028956E+0001   -0.38028956E+0001    0.44264669E+0000         1
 41500   -0.38032568E+0001   -0.38032568E+0001    0.35021328E+0000         1
 41550   -0.38028735E+0001   -0.38028735E+0001    0.54754756E+0000         1
 41600   -0.38033404E+0001   -0.38033404E+0001    0.36005574E+0000         1
 41650   -0.38035787E+0001   -0.38035787E+0001    0.26795236E+0000         1
 41700   -0.38035326E+0001   -0.38035326E+0001    0.32487605E+0000         1
 41750   -0.38030995E+0001   -0.38030995E+0001    0.50918295E+0000         1
 41800   -0.38022637E+0001   -0.38022637E+0001    0.75815796E+0000         1
 41850   -0.38028844E+0001   -0.38028844E+0001    0.53888610E+0000         1
 41900   -0.38031859E+0001   -0.38031859E+0001    0.44534446E+0000         1
 41950   -0.38034193E+0001   -0.38034193E+0001    0.34949301E+0000         1
 42000   -0.38034455E+0001   -0.38034455E+0001    0.33312770E+0000         1
 42050   -0.38031979E+0001   -0.38031979E+0001    0.41273199E+0000         1
 42100   -0.38028884E+0001   -0.38028884E+0001    0.50317667E+0000         1
 42150   -0.38027512E+0001   -0.38027512E+0001    0.45882177E+0000         1
 42200   -0.38029635E+0001   -0.38029635E+0001    0.44708020E+0000         1
 42250   -0.38029210E+0001   -0.38029210E+0001    0.48898716E+0000         1
 42300   -0.38027308E+0001   -0.38027308E+0001    0.56352293E+0000         1
 42350   -0.38028231E+0001   -0.38028231E+0001    0.52559913E+0000         1
 42400   -0.38033439E+0001   -0.38033439E+0001    0.38565554E+0000         1
 42450   -0.38033152E+0001   -0.38033152E+0001    0.33140219E+0000         1
 42500   -0.38026541E+0001   -0.38026541E+0001    0.46001680E+0000         1
 42550   -0.38026236E+0001   -0.38026236E+0001    0.59714895E+0000         1
 42600   -0.38029395E+0001   -0.38029395E+0001    0.51191815E+0000         1
 42650   -0.38030483E+0001   -0.38030483E+0001    0.49939366E+0000         1
 42700   -0.38031491E+0001   -0.38031491E+0001    0.42254251E+0000         1
 42750   -0.38034064E+0001   -0.38034064E+0001    0.35189995E+0000         1
 42800   -0.38029495E+0001   -0.38029495E+0001    0.49616912E+0000         1
 42850   -0.38026331E+0001   -0.38026331E+0001    0.56250413E+0000         1
 42900   -0.38029592E+0001   -0.38029592E+0001    0.50219273E+0000         1
 42950   -0.38027858E+0001   -0.38027858E+0001    0.56510279E+0000         1
 43000   -0.38028652E+0001   -0.38028652E+0001    0.52825103E+0000         1
 43050   -0.38023632E+0001   -0.38023632E+0001    0.61354232E+0000         1
 43100   -0.38024811E+0001   -0.38024811E+0001    0.53405841E+0000         1
 43150   -0.38027673E+0001   -0.38027673E+0001    0.45895060E+0000         1
 43200   -0.38027463E+0001   -0.38027463E+0001    0.42306029E+0000         1
 43250   -0.38022416E+0001   -0.38022416E+0001    0.65258453E+0000         1
 43300   -0.38027327E+0001   -0.38027327E+0001    0.43297270E+0000         1
 43350   -0.38027407E+0001   -0.38027407E+0001    0.48807475E+0000         1
 43400   -0.38032459E+0001   -0.38032459E+0001    0.28653503E+0000         1
 43450   -0.38033837E+0001   -0.38033837E+0001    0.36108585E+0000         1
 43500   -0.38030697E+0001   -0.38030697E+0001    0.44929039E+0000         1
 43550   -0.38031543E+0001   -0.38031543E+0001    0.48022444E+0000         1
 43600   -0.38029894E+0001   -0.38029894E+0001    0.50392220E+0000         1
 43650   -0.38026873E+0001   -0.38026873E+0001    0.61613194E+0000         1
 43700   -0.38027953E+0001   -0.38027953E+0001    0.65757304E+0000         1
 43750   -0.38027554E+0001   -0.38027554E+0001    0.57618159E+0000         1
 43800   -0.38026738E+0001   -0.38026738E+0001    0.57550470E+0000         1
 43850   -0.38031381E+0001   -0.38031381E+0001    0.30397759E+0000         1
 43900   -0.38032843E+0001   -0.38032843E+0001    0.32280214E+0000         1
 43950   -0.38030587E+0001   -0.38030587E+0001    0.37261249E+0000         1
 44000   -0.38027382E+0001   -0.38027382E+0001    0.54978029E+0000         1
 44050   -0.38020486E+0001   -0.38020486E+0001    0.64884299E+0000         1
 44100   -0.38019910E+0001   -0.38019910E+0001    0.60798755E+0000         1
 44150   -0.38018381E+0001   -0.38018381E+0001    0.70500957E+0000         1
 44200   -0.38025663E+0001   -0.38025663E+0001    0.46430103E+0000         1
 44250   -0.38032121E+0001   -0.38032121E+0001    0.40095940E+0000         1
 44300   -0.38025809E+0001   -0.38025809E+0001    0.49526990E+0000         1
 44350   -0.38016757E+0001   -0.38016757E+0001    0.72141800E+0000         1
 44400   -0.38021957E+0001   -0.38021957E+0001    0.59349871E+0000         1
 44450   -0.38027071E+0001   -0.38027071E+0001    0.52413577E+0000         1
 44500   -0.38024619E+0001   -0.38024619E+0001    0.63364447E+0000         1
 44550   -0.38018226E+0001   -0.38018226E+0001    0.84435171E+0000         1
 44600   -0.38029329E+0001   -0.38029329E+0001    0.55464035E+0000         1
 44650   -0.38029770E+0001   -0.38029770E+0001    0.55214369E+0000         1
 44700   -0.38030962E+0001   -0.38030962E+0001    0.44537356E+0000         1
 44750   -0.38029893E+0001   -0.38029893E+0001    0.50200014E+0000         1
 44800   -0.38027887E+0001   -0.38027887E+0001    0.46195830E+0000         1
 44850   -0.38027984E+0001   -0.38027984E+0001    0.53417684E+0000         1
 44900   -0.38025771E+0001   -0.38025771E+0001    0.53991790E+0000         1
 44950   -0.38028703E+0001   -0.38028703E+0001    0.45823335E+0000         1
 45000   -0.38030482E+0001   -0.38030482E+0001    0.35481637E+0000         1
 45050   -0.38029889E+0001   -0.38029889E+0001    0.38920179E+0000         1
 45100   -0.38029890E+0001   -0.38029890E+0001    0.45257560E+0000         1
 45150   -0.38030969E+0001   -0.38030969E+0001    0.44956013E+0000         1
 45200   -0.38033625E+0001   -0.38033625E+0001    0.39002138E+0000         1
 45250   -0.38033054E+0001   -0.38033054E+0001    0.47684391E+0000         1
 45300   -0.38035104E+0001   -0.38035104E+0001    0.38166044E+0000         1
 45350   -0.38033919E+0001   -0.38033919E+0001    0.34618512E+0000         1
 45400   -0.38032840E+0001   -0.38032840E+0001    0.42614937E+0000         1
 45450   -0.38031985E+0001   -0.38031985E+0001    0.48255735E+0000         1
 45500   -0.38031983E+0001   -0.38031983E+0001    0.48727448E+0000         1
 45550   -0.38032318E+0001   -0.38032318E+0001    0.41750173E+0000         1
 45600   -0.38031214E+0001   -0.38031214E+0001    0.49229080E+0000         1
 45650   -0.38031455E+0001   -0.38031455E+0001    0.52661044E+0000         1
 45700   -0.38034414E+0001   -0.38034414E+0001    0.35419309E+0000         1
 45750   -0.38034703E+0001   -0.38034703E+0001    0.32329071E+0000         1
 45800   -0.38029136E+0001   -0.38029136E+0001    0.38289865E+0000         1
 45850   -0.38027680E+0001   -0.38027680E+0001    0.43530021E+0000         1
 45900   -0.38027667E+0001   -0.38027667E+0001    0.47767426E+0000         1
 45950   -0.38024397E+0001   -0.38024397E+0001    0.68731709E+0000         1
 46000   -0.38032705E+0001   -0.38032705E+0001    0.34273662E+0000         1
 46050   -0.38027133E+0001   -0.38027133E+0001    0.54468488E+0000         1
 46100   -0.38030225E+0001   -0.38030225E+0001    0.51227555E+0000         1
 46150   -0.38031088E+0001   -0.38031088E+0001    0.51187359E+0000         1
 46200   -0.38030009E+0001   -0.38030009E+0001    0.44468429E+0000         1
 46250   -0.38029320E+0001   -0.38029320E+0001    0.48319472E+0000         1
 46300   -0.38027495E+0001   -0.38027495E+0001    0.58252552E+0000         1
 46350   -0.38029856E+0001   -0.38029856E+0001    0.60237782E+0000         1
 46400   -0.38027491E+0001   -0.38027491E+0001    0.63320616E+0000         1
 46450   -0.38024129E+0001   -0.38024129E+0001    0.61964703E+0000         1
 46500   -0.38028988E+0001   -0.38028988E+0001    0.46704662E+0000         1
 46550   -0.38031975E+0001   -0.38031975E+0001    0.37569338E+0000         1
 46600   -0.38030674E+0001   -0.38030674E+0001    0.44719620E+0000         1
 46650   -0.38029724E+0001   -0.38029724E+0001    0.48450127E+0000         1
 46700   -0.38033617E+0001   -0.38033617E+0001    0.41403173E+0000         1
 46750   -0.38030364E+0001   -0.38030364E+0001    0.47890571E+0000         1
 46800   -0.38028698E+0001   -0.38028698E+0001    0.49169182E+0000         1
 46850   -0.38029567E+0001   -0.38029567E+0001    0.57052295E+0000         1
 46900   -0.38034216E+0001   -0.38034216E+0001    0.29429084E+0000         1
 46950   -0.38027835E+0001   -0.38027835E+0001    0.51929179E+0000         1
 47000   -0.38031742E+0001   -0.38031742E+0001    0.36982098E+0000         1
 47050   -0.38028570E+0001   -0.38028570E+0001    0.43929151E+0000         1
 47100   -0.38023346E+0001   -0.38023346E+0001    0.47922842E+0000         1
 47150   -0.38026837E+0001   -0.38026837E+0001    0.39575882E+0000         1
 47200   -0.38025152E+0001   -0.38025152E+0001    0.41868687E+0000         1
 47250   -0.38018853E+0001   -0.38018853E+0001    0.59920269E+0000         1
 47300   -0.38023368E+0001   -0.38023368E+0001    0.57869852E+0000         1
 47350   -0.38028762E+0001   -0.38028762E+0001    0.41542814E+0000         1
 47400   -0.38026702E+0001   -0.38026702E+0001    0.49308406E+0000         1
 47450   -0.38032216E+0001   -0.38032216E+0001    0.38476344E+0000         1
 47500   -0.38027248E+0001   -0.38027248E+0001    0.46671326E+0000         1
 47550   -0.38020416E+0001   -0.38020416E+0001    0.77720870E+0000         1
 47600   -0.38030649E+0001   -0.38030649E+0001    0.50329604E+0000         1
 47650   -0.38033315E+0001   -0.38033315E+0001    0.47452775E+0000         1
 47700   -0.38032878E+0001   -0.38032878E+0001    0.41194656E+0000         1
 47750   -0.38023064E+0001   -0.38023064E+0001    0.72074748E+0000         1
 47800   -0.38030774E+0001   -0.38030774E+0001    0.57202936E+0000         1
 47850   -0.38030238E+0001   -0.38030238E+0001    0.51228159E+0000         1
 47900   -0.38029437E+0001   -0.38029437E+0001    0.47611444E+0000         1
 47950   -0.38030367E+0001   -0.38030367E+0001    0.41435447E+0000         1
 48000   -0.38031777E+0001   -0.38031777E+0001    0.44550195E+0000         1
