     1   -0.56799883E+0001   -0.56800955E+0001    0.15465438E+0001      3200
   100   -0.56795483E+0001   -0.56819910E+0001    0.15598409E+0001      3200
   200   -0.56807168E+0001   -0.56838885E+0001    0.15174999E+0001      3200
   300   -0.56834074E+0001   -0.56860575E+0001    0.14183855E+0001      3200
   400   -0.56857572E+0001   -0.56873930E+0001    0.13768963E+0001      3200
     1   -0.56799799E+0001   -0.56800947E+0001    0.15467279E+0001      3200
   100   -0.56790991E+0001   -0.56811989E+0001    0.15739600E+0001      3200
   200   -0.56789493E+0001   -0.56812562E+0001    0.15702380E+0001      3200
   300   -0.56780222E+0001   -0.56811391E+0001    0.16116231E+0001      3200
   400   -0.56770351E+0001   -0.56811525E+0001    0.16402532E+0001      3200
   500   -0.56764722E+0001   -0.56803594E+0001    0.16494682E+0001      3200
   600   -0.56751821E+0001   -0.56772686E+0001    0.16874861E+0001      3200
   700   -0.56751296E+0001   -0.56778718E+0001    0.16838965E+0001      3200
   800   -0.56759553E+0001   -0.56779081E+0001    0.16646065E+0001      3200
   900   -0.56765861E+0001   -0.56792575E+0001    0.16621243E+0001      3200
  1000   -0.56767663E+0001   -0.56790500E+0001    0.16510831E+0001      3200
  1100   -0.56763924E+0001   -0.56785470E+0001    0.16586890E+0001      3200
  1200   -0.56768579E+0001   -0.56787578E+0001    0.16611170E+0001      3200
  1300   -0.56770427E+0001   -0.56786242E+0001    0.16823939E+0001      3200
  1400   -0.56766762E+0001   -0.56786592E+0001    0.16811708E+0001      3200
  1500   -0.56765416E+0001   -0.56795621E+0001    0.16805228E+0001      3200
  1600   -0.56768300E+0001   -0.56789433E+0001    0.16692798E+0001      3200
  1700   -0.56763682E+0001   -0.56792100E+0001    0.16748869E+0001      3200
  1800   -0.56763503E+0001   -0.56787386E+0001    0.16582236E+0001      3200
  1900   -0.56773761E+0001   -0.56800404E+0001    0.16210470E+0001      3200
  2000   -0.56778919E+0001   -0.56804115E+0001    0.16274282E+0001      3200
  2100   -0.56785648E+0001   -0.56806126E+0001    0.16021690E+0001      3200
  2200   -0.56796079E+0001   -0.56818646E+0001    0.15823576E+0001      3200
  2300   -0.56796086E+0001   -0.56820155E+0001    0.15884523E+0001      3200
  2400   -0.56789017E+0001   -0.56818284E+0001    0.15987185E+0001      3200
  2500   -0.56784643E+0001   -0.56807720E+0001    0.16100906E+0001      3200
  2600   -0.56781467E+0001   -0.56807804E+0001    0.16102846E+0001      3200
  2700   -0.56773145E+0001   -0.56797226E+0001    0.16305953E+0001      3200
  2800   -0.56775572E+0001   -0.56805857E+0001    0.16177111E+0001      3200
  2900   -0.56786642E+0001   -0.56808672E+0001    0.16359189E+0001      3200
  3000   -0.56782932E+0001   -0.56809329E+0001    0.16365657E+0001      3200
  3100   -0.56780122E+0001   -0.56811884E+0001    0.16294889E+0001      3200
     1   -0.56799770E+0001   -0.56800958E+0001    0.15470364E+0001      3200
   100   -0.56787873E+0001   -0.56818524E+0001    0.15830333E+0001      3200
   200   -0.56786874E+0001   -0.56818392E+0001    0.16003655E+0001      3200
   300   -0.56796558E+0001   -0.56812991E+0001    0.15988817E+0001      3200
   400   -0.56787634E+0001   -0.56818077E+0001    0.16159151E+0001      3200
     1   -0.56799709E+0001   -0.56800937E+0001    0.15471716E+0001      3200
   100   -0.56782146E+0001   -0.56813820E+0001    0.16056620E+0001      3200
   200   -0.56780055E+0001   -0.56798678E+0001    0.16097707E+0001      3200
   300   -0.56768978E+0001   -0.56800979E+0001    0.16449906E+0001      3200
   400   -0.56760504E+0001   -0.56781706E+0001    0.16898077E+0001      3200
   500   -0.56752020E+0001   -0.56772111E+0001    0.17238449E+0001      3200
   600   -0.56733027E+0001   -0.56759342E+0001    0.17807556E+0001      3200
   700   -0.56714150E+0001   -0.56747843E+0001    0.17786607E+0001      3200
   800   -0.56704738E+0001   -0.56743219E+0001    0.17964659E+0001      3200
   900   -0.56684754E+0001   -0.56713170E+0001    0.18400505E+0001      3200
  1000   -0.56660960E+0001   -0.56685699E+0001    0.19452120E+0001      3200
  1100   -0.56629489E+0001   -0.56657052E+0001    0.20144202E+0001      3200
  1200   -0.56608064E+0001   -0.56650935E+0001    0.20252155E+0001      3200
  1300   -0.56582434E+0001   -0.56617047E+0001    0.20598316E+0001      3200
  1400   -0.56587516E+0001   -0.56615333E+0001    0.21111211E+0001      3200
  1500   -0.56574173E+0001   -0.56603294E+0001    0.20965264E+0001      3200
  1600   -0.56553331E+0001   -0.56595290E+0001    0.21147782E+0001      3200
  1700   -0.56541012E+0001   -0.56585486E+0001    0.21115390E+0001      3200
  1800   -0.56539925E+0001   -0.56572579E+0001    0.21405439E+0001      3200
  1900   -0.56519120E+0001   -0.56553699E+0001    0.21458144E+0001      3200
  2000   -0.56491115E+0001   -0.56516240E+0001    0.21716278E+0001      3200
  2100   -0.56443109E+0001   -0.56478717E+0001    0.22096090E+0001      3200
  2200   -0.56397510E+0001   -0.56427630E+0001    0.22550010E+0001      3200
  2300   -0.56360928E+0001   -0.56400639E+0001    0.22945676E+0001      3200
  2400   -0.56320927E+0001   -0.56371917E+0001    0.23062042E+0001      3200
  2500   -0.56276300E+0001   -0.56321017E+0001    0.23459829E+0001      3200
  2600   -0.56222272E+0001   -0.56269842E+0001    0.23945644E+0001      3200
  2700   -0.56173458E+0001   -0.56217882E+0001    0.24363451E+0001      3200
  2800   -0.56116007E+0001   -0.56171375E+0001    0.24732725E+0001      3200
  2900   -0.56081295E+0001   -0.56122302E+0001    0.24793682E+0001      3200
  3000   -0.56045373E+0001   -0.56081416E+0001    0.25006766E+0001      3200
  3100   -0.55988972E+0001   -0.56043224E+0001    0.25430828E+0001      3200
  3200   -0.55920206E+0001   -0.55966697E+0001    0.25838549E+0001      3200
  3300   -0.55859062E+0001   -0.55905292E+0001    0.25715013E+0001      3200
  3400   -0.55809685E+0001   -0.55869356E+0001    0.25904115E+0001      3200
  3500   -0.55765465E+0001   -0.55808481E+0001    0.26013287E+0001      3200
  3600   -0.55728028E+0001   -0.55778933E+0001    0.26277916E+0001      3200
  3700   -0.55682390E+0001   -0.55736919E+0001    0.26410683E+0001      3200
  3800   -0.55631505E+0001   -0.55685989E+0001    0.26439657E+0001      3200
  3900   -0.55565785E+0001   -0.55621981E+0001    0.26764759E+0001      3200
  4000   -0.55499724E+0001   -0.55578302E+0001    0.26932129E+0001      3200
  4100   -0.55438454E+0001   -0.55535493E+0001    0.27019651E+0001      3200
  4200   -0.55386986E+0001   -0.55493003E+0001    0.27153512E+0001      3200
  4300   -0.55264861E+0001   -0.55374899E+0001    0.27224106E+0001      3200
  4400   -0.55179254E+0001   -0.55252062E+0001    0.27584911E+0001      3200
  4500   -0.55116719E+0001   -0.55204039E+0001    0.27750721E+0001      3200
  4600   -0.55038681E+0001   -0.55132528E+0001    0.27954811E+0001      3200
  4700   -0.54983568E+0001   -0.55043977E+0001    0.27980209E+0001      3200
  4800   -0.54899911E+0001   -0.54955237E+0001    0.28085065E+0001      3200
  4900   -0.54820473E+0001   -0.54884256E+0001    0.28197204E+0001      3200
  5000   -0.54740359E+0001   -0.54807589E+0001    0.28056385E+0001      3200
  5100   -0.54704243E+0001   -0.54755104E+0001    0.28100513E+0001      3200
  5200   -0.54634102E+0001   -0.54695278E+0001    0.28024241E+0001      3200
  5300   -0.54556715E+0001   -0.54632109E+0001    0.28143604E+0001      3200
  5400   -0.54489253E+0001   -0.54535536E+0001    0.28183809E+0001      3200
  5500   -0.54416765E+0001   -0.54470114E+0001    0.28182555E+0001      3200
  5600   -0.54341052E+0001   -0.54406297E+0001    0.28226593E+0001      3200
  5700   -0.54276705E+0001   -0.54343727E+0001    0.28217655E+0001      3200
  5800   -0.54223352E+0001   -0.54291972E+0001    0.27984882E+0001      3200
  5900   -0.54136050E+0001   -0.54213265E+0001    0.28060408E+0001      3200
  6000   -0.54067025E+0001   -0.54127891E+0001    0.28107237E+0001      3200
  6001   -0.54070039E+0001   -0.54070039E+0001    0.28088367E+0001      3200
  6100   -0.54110489E+0001   -0.54158998E+0001    0.27577495E+0001      3200
  6200   -0.54047563E+0001   -0.54101131E+0001    0.27436980E+0001      3200
  6300   -0.53982145E+0001   -0.54046154E+0001    0.27416082E+0001      3200
  6400   -0.53917677E+0001   -0.53997724E+0001    0.27352217E+0001      3200
  6500   -0.53828501E+0001   -0.53932595E+0001    0.27203052E+0001      3200
  6600   -0.53777779E+0001   -0.53841725E+0001    0.27016694E+0001      3200
  6700   -0.53729551E+0001   -0.53791492E+0001    0.27063342E+0001      3200
  6800   -0.53650201E+0001   -0.53729465E+0001    0.26984169E+0001      3200
  6900   -0.53560107E+0001   -0.53626659E+0001    0.27033934E+0001      3200
  7000   -0.53488034E+0001   -0.53560618E+0001    0.26820855E+0001      3200
  7100   -0.53424710E+0001   -0.53496487E+0001    0.26654652E+0001      3200
  7200   -0.53391075E+0001   -0.53457948E+0001    0.26400777E+0001      3200
  7300   -0.53351994E+0001   -0.53427456E+0001    0.26347471E+0001      3200
  7400   -0.53277918E+0001   -0.53377646E+0001    0.26016948E+0001      3200
  7500   -0.53206853E+0001   -0.53258293E+0001    0.25449138E+0001      3200
  7600   -0.53135238E+0001   -0.53192961E+0001    0.24938180E+0001      3200
  7700   -0.53032044E+0001   -0.53119170E+0001    0.24462434E+0001      3200
  7800   -0.52969875E+0001   -0.53017015E+0001    0.24100147E+0001      3200
  7900   -0.52910249E+0001   -0.52959520E+0001    0.23671611E+0001      3200
  8000   -0.52846365E+0001   -0.52896360E+0001    0.23367839E+0001      3200
  8100   -0.52801442E+0001   -0.52850791E+0001    0.22968555E+0001      3200
  8200   -0.52761521E+0001   -0.52811205E+0001    0.22660496E+0001      3200
  8300   -0.52680637E+0001   -0.52768176E+0001    0.22173511E+0001      3200
  8400   -0.52614516E+0001   -0.52692712E+0001    0.21879568E+0001      3200
  8500   -0.52556413E+0001   -0.52646503E+0001    0.21533423E+0001      3200
  8600   -0.52496822E+0001   -0.52538205E+0001    0.21205721E+0001      3200
  8700   -0.52458444E+0001   -0.52498521E+0001    0.20839926E+0001      3200
  8800   -0.52416322E+0001   -0.52481444E+0001    0.20391186E+0001      3200
  8900   -0.52361204E+0001   -0.52416573E+0001    0.19836256E+0001      3200
  9000   -0.52302688E+0001   -0.52354570E+0001    0.19535703E+0001      3200
  9100   -0.52263188E+0001   -0.52293673E+0001    0.19209307E+0001      3200
  9200   -0.52211166E+0001   -0.52257075E+0001    0.18753650E+0001      3200
  9300   -0.52153135E+0001   -0.52222102E+0001    0.18135029E+0001      3200
  9400   -0.52122932E+0001   -0.52164505E+0001    0.17605574E+0001      3200
  9500   -0.52101228E+0001   -0.52123617E+0001    0.17363421E+0001      3200
  9600   -0.52075290E+0001   -0.52115349E+0001    0.16854492E+0001      3200
  9700   -0.52044962E+0001   -0.52078986E+0001    0.16516901E+0001      3200
  9800   -0.52017643E+0001   -0.52048606E+0001    0.16109565E+0001      3200
  9900   -0.51980858E+0001   -0.52020562E+0001    0.15697089E+0001      3200
 10000   -0.51947680E+0001   -0.51976030E+0001    0.15192762E+0001      3200
 10100   -0.51932539E+0001   -0.51964098E+0001    0.14815388E+0001      3200
 10200   -0.51911649E+0001   -0.51939121E+0001    0.14605414E+0001      3200
 10300   -0.51883455E+0001   -0.51929718E+0001    0.14575437E+0001      3200
 10400   -0.51854895E+0001   -0.51895325E+0001    0.14277730E+0001      3200
 10500   -0.51832049E+0001   -0.51862987E+0001    0.14377087E+0001      3200
 10600   -0.51774410E+0001   -0.51845089E+0001    0.14168628E+0001      3200
 10700   -0.51734950E+0001   -0.51803288E+0001    0.14520270E+0001      3200
 10800   -0.51724485E+0001   -0.51772128E+0001    0.14093558E+0001      3200
 10900   -0.51709754E+0001   -0.51743523E+0001    0.14101287E+0001      3200
 11000   -0.51693727E+0001   -0.51714980E+0001    0.14142539E+0001      3200
 11100   -0.51678147E+0001   -0.51699851E+0001    0.13977896E+0001      3200
 11200   -0.51673619E+0001   -0.51691996E+0001    0.13537537E+0001      3200
 11300   -0.51661802E+0001   -0.51687076E+0001    0.13506310E+0001      3200
 11400   -0.51636577E+0001   -0.51669070E+0001    0.13167205E+0001      3200
 11500   -0.51623388E+0001   -0.51654106E+0001    0.13140215E+0001      3200
 11600   -0.51601963E+0001   -0.51638161E+0001    0.13243860E+0001      3200
 11700   -0.51587870E+0001   -0.51612709E+0001    0.13335805E+0001      3200
 11800   -0.51570693E+0001   -0.51590201E+0001    0.13356568E+0001      3200
 11900   -0.51555623E+0001   -0.51582620E+0001    0.13239508E+0001      3200
 12000   -0.51545571E+0001   -0.51582997E+0001    0.13285029E+0001      3200
 12001   -0.51546270E+0001   -0.51546270E+0001    0.13270431E+0001      3200
 12100   -0.51556289E+0001   -0.51576239E+0001    0.12925307E+0001      3200
 12200   -0.51547411E+0001   -0.51570951E+0001    0.12847125E+0001      3200
 12300   -0.51543038E+0001   -0.51566021E+0001    0.12771208E+0001      3200
 12400   -0.51541149E+0001   -0.51568458E+0001    0.12706497E+0001      3200
 12500   -0.51530635E+0001   -0.51554157E+0001    0.12722408E+0001      3200
 12600   -0.51515159E+0001   -0.51539687E+0001    0.12760548E+0001      3200
 12700   -0.51499980E+0001   -0.51522142E+0001    0.12956030E+0001      3200
 12800   -0.51484519E+0001   -0.51505534E+0001    0.12856861E+0001      3200
 12900   -0.51477123E+0001   -0.51509672E+0001    0.12998223E+0001      3200
 13000   -0.51469585E+0001   -0.51512058E+0001    0.12840428E+0001      3200
 13100   -0.51458729E+0001   -0.51494347E+0001    0.13021953E+0001      3200
 13200   -0.51455358E+0001   -0.51478954E+0001    0.12772239E+0001      3200
 13300   -0.51454347E+0001   -0.51476568E+0001    0.13087011E+0001      3200
 13400   -0.51455067E+0001   -0.51476589E+0001    0.12802963E+0001      3200
 13500   -0.51456356E+0001   -0.51478829E+0001    0.13000268E+0001      3200
 13600   -0.51442783E+0001   -0.51473470E+0001    0.13066893E+0001      3200
 13700   -0.51421317E+0001   -0.51449855E+0001    0.13107355E+0001      3200
 13800   -0.51407090E+0001   -0.51443316E+0001    0.13121648E+0001      3200
 13900   -0.51400654E+0001   -0.51419047E+0001    0.13118653E+0001      3200
 14000   -0.51391893E+0001   -0.51412238E+0001    0.13213311E+0001      3200
 14100   -0.51385570E+0001   -0.51404618E+0001    0.13311248E+0001      3200
 14200   -0.51375281E+0001   -0.51398870E+0001    0.13225112E+0001      3200
 14300   -0.51361903E+0001   -0.51384866E+0001    0.13495353E+0001      3200
 14400   -0.51353948E+0001   -0.51374397E+0001    0.13767458E+0001      3200
 14500   -0.51341730E+0001   -0.51368865E+0001    0.14005044E+0001      3200
 14600   -0.51317858E+0001   -0.51347720E+0001    0.14445198E+0001      3200
 14700   -0.51302947E+0001   -0.51335928E+0001    0.14521365E+0001      3200
 14800   -0.51312424E+0001   -0.51333522E+0001    0.14399531E+0001      3200
 14900   -0.51306007E+0001   -0.51330620E+0001    0.14266200E+0001      3200
 15000   -0.51292949E+0001   -0.51316870E+0001    0.14221107E+0001      3200
 15100   -0.51291478E+0001   -0.51316586E+0001    0.14222230E+0001      3200
 15200   -0.51291866E+0001   -0.51316590E+0001    0.14207313E+0001      3200
 15300   -0.51281522E+0001   -0.51311139E+0001    0.14249743E+0001      3200
 15400   -0.51271087E+0001   -0.51295462E+0001    0.14371868E+0001      3200
 15500   -0.51261423E+0001   -0.51285821E+0001    0.14408406E+0001      3200
 15600   -0.51263815E+0001   -0.51289798E+0001    0.14629332E+0001      3200
 15700   -0.51263661E+0001   -0.51289537E+0001    0.14538248E+0001      3200
 15800   -0.51255578E+0001   -0.51283866E+0001    0.14646284E+0001      3200
 15900   -0.51238702E+0001   -0.51278457E+0001    0.14975382E+0001      3200
 16000   -0.51219364E+0001   -0.51256289E+0001    0.15260035E+0001      3200
 16100   -0.51220141E+0001   -0.51253086E+0001    0.15452971E+0001      3200
 16200   -0.51204333E+0001   -0.51228838E+0001    0.15770851E+0001      3200
 16300   -0.51189654E+0001   -0.51232288E+0001    0.15694117E+0001      3200
 16400   -0.51173904E+0001   -0.51204065E+0001    0.15761245E+0001      3200
 16500   -0.51171185E+0001   -0.51193617E+0001    0.15727634E+0001      3200
 16600   -0.51168513E+0001   -0.51190299E+0001    0.15543555E+0001      3200
 16700   -0.51157799E+0001   -0.51187304E+0001    0.15617811E+0001      3200
 16800   -0.51139882E+0001   -0.51171011E+0001    0.15757888E+0001      3200
 16900   -0.51128460E+0001   -0.51155820E+0001    0.15892724E+0001      3200
 17000   -0.51116257E+0001   -0.51158570E+0001    0.16219479E+0001      3200
 17100   -0.51128483E+0001   -0.51171331E+0001    0.16145254E+0001      3200
 17200   -0.51134019E+0001   -0.51159206E+0001    0.15970796E+0001      3200
 17300   -0.51121086E+0001   -0.51154860E+0001    0.16036574E+0001      3200
 17400   -0.51126446E+0001   -0.51159008E+0001    0.16026847E+0001      3200
 17500   -0.51127004E+0001   -0.51155915E+0001    0.16103448E+0001      3200
 17600   -0.51119082E+0001   -0.51143043E+0001    0.16083238E+0001      3200
 17700   -0.51104517E+0001   -0.51132670E+0001    0.16124550E+0001      3200
 17800   -0.51090078E+0001   -0.51125383E+0001    0.16156695E+0001      3200
 17900   -0.51078292E+0001   -0.51130739E+0001    0.16105037E+0001      3200
 18000   -0.51086331E+0001   -0.51143282E+0001    0.16085508E+0001      3200
 18001   -0.51087337E+0001   -0.51087337E+0001    0.16066590E+0001      3200
 18100   -0.51106907E+0001   -0.51134354E+0001    0.15621025E+0001      3200
 18200   -0.51102121E+0001   -0.51130763E+0001    0.15546746E+0001      3200
 18300   -0.51095403E+0001   -0.51124283E+0001    0.15724813E+0001      3200
 18400   -0.51088170E+0001   -0.51118774E+0001    0.15808483E+0001      3200
 18500   -0.51078936E+0001   -0.51114506E+0001    0.15841545E+0001      3200
 18600   -0.51052653E+0001   -0.51106266E+0001    0.15904009E+0001      3200
 18700   -0.51030495E+0001   -0.51064716E+0001    0.16252969E+0001      3200
 18800   -0.51021778E+0001   -0.51053091E+0001    0.16321455E+0001      3200
 18900   -0.51012800E+0001   -0.51033979E+0001    0.16249266E+0001      3200
 19000   -0.51008866E+0001   -0.51041750E+0001    0.16256541E+0001      3200
 19100   -0.51003355E+0001   -0.51020643E+0001    0.16348797E+0001      3200
 19200   -0.50991584E+0001   -0.51019607E+0001    0.16393074E+0001      3200
 19300   -0.50970699E+0001   -0.51001010E+0001    0.16657585E+0001      3200
 19400   -0.50955390E+0001   -0.50998393E+0001    0.16747880E+0001      3200
 19500   -0.50940642E+0001   -0.50986668E+0001    0.16904551E+0001      3200
 19600   -0.50915274E+0001   -0.50964026E+0001    0.17275784E+0001      3200
 19700   -0.50906095E+0001   -0.50939436E+0001    0.17419821E+0001      3200
 19800   -0.50892168E+0001   -0.50929202E+0001    0.17436826E+0001      3200
 19900   -0.50879114E+0001   -0.50911058E+0001    0.17547258E+0001      3200
 20000   -0.50865952E+0001   -0.50904368E+0001    0.17676760E+0001      3200
 20100   -0.50852421E+0001   -0.50882191E+0001    0.17726584E+0001      3200
 20200   -0.50840780E+0001   -0.50870177E+0001    0.17975262E+0001      3200
 20300   -0.50827794E+0001   -0.50859146E+0001    0.18002150E+0001      3200
 20400   -0.50815110E+0001   -0.50847951E+0001    0.17981968E+0001      3200
 20500   -0.50807973E+0001   -0.50843493E+0001    0.17911868E+0001      3200
 20600   -0.50795629E+0001   -0.50831925E+0001    0.17832873E+0001      3200
 20700   -0.50797789E+0001   -0.50838826E+0001    0.17688375E+0001      3200
 20800   -0.50789584E+0001   -0.50819827E+0001    0.17613772E+0001      3200
 20900   -0.50770979E+0001   -0.50805930E+0001    0.17700116E+0001      3200
 21000   -0.50745424E+0001   -0.50783636E+0001    0.17913175E+0001      3200
 21100   -0.50714834E+0001   -0.50762227E+0001    0.18149633E+0001      3200
 21200   -0.50696487E+0001   -0.50736296E+0001    0.18294805E+0001      3200
 21300   -0.50705448E+0001   -0.50756114E+0001    0.17982774E+0001      3200
 21400   -0.50705384E+0001   -0.50752294E+0001    0.18050963E+0001      3200
 21500   -0.50693879E+0001   -0.50734705E+0001    0.18125507E+0001      3200
 21600   -0.50677371E+0001   -0.50720913E+0001    0.18316565E+0001      3200
 21700   -0.50660446E+0001   -0.50707967E+0001    0.18374498E+0001      3200
 21800   -0.50646335E+0001   -0.50678850E+0001    0.18363916E+0001      3200
 21900   -0.50611609E+0001   -0.50656755E+0001    0.18732801E+0001      3200
 22000   -0.50612415E+0001   -0.50649594E+0001    0.18700135E+0001      3200
 22100   -0.50605216E+0001   -0.50645644E+0001    0.18741388E+0001      3200
 22200   -0.50591104E+0001   -0.50629104E+0001    0.18739707E+0001      3200
 22300   -0.50581291E+0001   -0.50620344E+0001    0.18849231E+0001      3200
 22400   -0.50570901E+0001   -0.50602841E+0001    0.19004912E+0001      3200
 22500   -0.50559327E+0001   -0.50598932E+0001    0.18980186E+0001      3200
 22600   -0.50553371E+0001   -0.50603359E+0001    0.18983018E+0001      3200
 22700   -0.50557490E+0001   -0.50607270E+0001    0.18891703E+0001      3200
 22800   -0.50574997E+0001   -0.50614862E+0001    0.18740694E+0001      3200
 22900   -0.50579294E+0001   -0.50608108E+0001    0.18856646E+0001      3200
 23000   -0.50582877E+0001   -0.50621141E+0001    0.18782335E+0001      3200
 23100   -0.50579906E+0001   -0.50608408E+0001    0.18495823E+0001      3200
 23200   -0.50572813E+0001   -0.50609948E+0001    0.18293151E+0001      3200
 23300   -0.50573147E+0001   -0.50608702E+0001    0.18134510E+0001      3200
 23400   -0.50574422E+0001   -0.50613575E+0001    0.18205982E+0001      3200
 23500   -0.50567374E+0001   -0.50600391E+0001    0.18180756E+0001      3200
 23600   -0.50559065E+0001   -0.50588712E+0001    0.18203423E+0001      3200
 23700   -0.50546590E+0001   -0.50575214E+0001    0.18072787E+0001      3200
 23800   -0.50536862E+0001   -0.50578193E+0001    0.18160694E+0001      3200
 23900   -0.50523677E+0001   -0.50580764E+0001    0.17968786E+0001      3200
 24000   -0.50507632E+0001   -0.50564649E+0001    0.18064037E+0001      3200
 24001   -0.50508898E+0001   -0.50508898E+0001    0.18045631E+0001      3200
 24100   -0.50533462E+0001   -0.50571624E+0001    0.17620104E+0001      3200
 24200   -0.50525990E+0001   -0.50558529E+0001    0.17632451E+0001      3200
 24300   -0.50513860E+0001   -0.50563383E+0001    0.17782508E+0001      3200
 24400   -0.50524664E+0001   -0.50568676E+0001    0.17683028E+0001      3200
 24500   -0.50531228E+0001   -0.50566978E+0001    0.17665680E+0001      3200
 24600   -0.50524277E+0001   -0.50568752E+0001    0.17574918E+0001      3200
 24700   -0.50506728E+0001   -0.50544784E+0001    0.17665539E+0001      3200
 24800   -0.50490430E+0001   -0.50538603E+0001    0.17597408E+0001      3200
 24900   -0.50484271E+0001   -0.50538095E+0001    0.17580213E+0001      3200
 25000   -0.50511566E+0001   -0.50550765E+0001    0.17481537E+0001      3200
 25100   -0.50502098E+0001   -0.50545322E+0001    0.17454449E+0001      3200
 25200   -0.50485468E+0001   -0.50521496E+0001    0.17383104E+0001      3200
 25300   -0.50462217E+0001   -0.50529559E+0001    0.17371298E+0001      3200
 25400   -0.50449348E+0001   -0.50496952E+0001    0.17465707E+0001      3200
 25500   -0.50433928E+0001   -0.50476397E+0001    0.17475262E+0001      3200
 25600   -0.50417067E+0001   -0.50468568E+0001    0.17480606E+0001      3200
 25700   -0.50405844E+0001   -0.50464345E+0001    0.17480705E+0001      3200
 25800   -0.50414400E+0001   -0.50461275E+0001    0.17446374E+0001      3200
 25900   -0.50417195E+0001   -0.50448469E+0001    0.17471230E+0001      3200
 26000   -0.50411794E+0001   -0.50445814E+0001    0.17411091E+0001      3200
 26100   -0.50394048E+0001   -0.50434525E+0001    0.17331877E+0001      3200
 26200   -0.50379965E+0001   -0.50428123E+0001    0.17332283E+0001      3200
 26300   -0.50354669E+0001   -0.50410110E+0001    0.17463928E+0001      3200
 26400   -0.50330646E+0001   -0.50396933E+0001    0.17525868E+0001      3200
 26500   -0.50322853E+0001   -0.50368003E+0001    0.17355808E+0001      3200
 26600   -0.50320366E+0001   -0.50369645E+0001    0.17236769E+0001      3200
 26700   -0.50283572E+0001   -0.50362523E+0001    0.17185583E+0001      3200
 26800   -0.50277852E+0001   -0.50341557E+0001    0.17041302E+0001      3200
 26900   -0.50256398E+0001   -0.50334927E+0001    0.17136972E+0001      3200
 27000   -0.50225792E+0001   -0.50308516E+0001    0.17259636E+0001      3200
 27100   -0.50200704E+0001   -0.50282276E+0001    0.17391798E+0001      3200
 27200   -0.50186612E+0001   -0.50278973E+0001    0.17510687E+0001      3200
 27300   -0.50194464E+0001   -0.50273416E+0001    0.17486846E+0001      3200
 27400   -0.50167389E+0001   -0.50249098E+0001    0.17401321E+0001      3200
 27500   -0.50132525E+0001   -0.50210028E+0001    0.17442998E+0001      3200
 27600   -0.50124736E+0001   -0.50184688E+0001    0.17249008E+0001      3200
 27700   -0.50121787E+0001   -0.50158633E+0001    0.17268072E+0001      3200
 27800   -0.50118844E+0001   -0.50168673E+0001    0.16986977E+0001      3200
 27900   -0.50104175E+0001   -0.50171636E+0001    0.16777876E+0001      3200
 28000   -0.50093671E+0001   -0.50130448E+0001    0.16609852E+0001      3200
 28100   -0.50072068E+0001   -0.50142392E+0001    0.16386730E+0001      3200
 28200   -0.50045869E+0001   -0.50101265E+0001    0.16377380E+0001      3200
 28300   -0.50004997E+0001   -0.50080575E+0001    0.16453967E+0001      3200
 28400   -0.49988833E+0001   -0.50054076E+0001    0.16140929E+0001      3200
 28500   -0.49973611E+0001   -0.50030762E+0001    0.15998170E+0001      3200
 28600   -0.49949976E+0001   -0.50008746E+0001    0.15897990E+0001      3200
 28700   -0.49930460E+0001   -0.49962745E+0001    0.15750016E+0001      3200
 28800   -0.49927049E+0001   -0.49962090E+0001    0.15554784E+0001      3200
 28900   -0.49912750E+0001   -0.49954158E+0001    0.15551005E+0001      3200
 29000   -0.49886112E+0001   -0.49936198E+0001    0.15293330E+0001      3200
 29100   -0.49872884E+0001   -0.49900880E+0001    0.14819134E+0001      3200
 29200   -0.49863761E+0001   -0.49910932E+0001    0.14500178E+0001      3200
 29300   -0.49837321E+0001   -0.49879842E+0001    0.14364489E+0001      3200
 29400   -0.49825431E+0001   -0.49877528E+0001    0.14190369E+0001      3200
 29500   -0.49806589E+0001   -0.49851445E+0001    0.14238687E+0001      3200
 29600   -0.49800807E+0001   -0.49830264E+0001    0.14237300E+0001      3200
 29700   -0.49785780E+0001   -0.49810828E+0001    0.13963628E+0001      3200
 29800   -0.49767988E+0001   -0.49799891E+0001    0.13734301E+0001      3200
 29900   -0.49757937E+0001   -0.49785261E+0001    0.13343492E+0001      3200
 30000   -0.49746071E+0001   -0.49785442E+0001    0.13054394E+0001      3200
 30001   -0.49746744E+0001   -0.49746744E+0001    0.13047266E+0001      3200
 30100   -0.49759426E+0001   -0.49787052E+0001    0.12813629E+0001      3200
 30200   -0.49750857E+0001   -0.49777477E+0001    0.12632704E+0001      3200
 30300   -0.49731112E+0001   -0.49767944E+0001    0.12471674E+0001      3200
 30400   -0.49722854E+0001   -0.49758690E+0001    0.12389604E+0001      3200
 30500   -0.49712131E+0001   -0.49740070E+0001    0.12284370E+0001      3200
 30600   -0.49704229E+0001   -0.49725802E+0001    0.12004351E+0001      3200
 30700   -0.49702533E+0001   -0.49733757E+0001    0.11734688E+0001      3200
 30800   -0.49700778E+0001   -0.49738220E+0001    0.11528227E+0001      3200
 30900   -0.49691554E+0001   -0.49717040E+0001    0.11358979E+0001      3200
 31000   -0.49678107E+0001   -0.49711480E+0001    0.11419519E+0001      3200
 31100   -0.49664805E+0001   -0.49697674E+0001    0.11469432E+0001      3200
 31200   -0.49653061E+0001   -0.49687057E+0001    0.11434991E+0001      3200
 31300   -0.49642645E+0001   -0.49688202E+0001    0.11414797E+0001      3200
 31400   -0.49628971E+0001   -0.49658299E+0001    0.11493519E+0001      3200
 31500   -0.49625521E+0001   -0.49646762E+0001    0.11068344E+0001      3200
 31600   -0.49614952E+0001   -0.49635214E+0001    0.10813592E+0001      3200
 31700   -0.49602698E+0001   -0.49631792E+0001    0.10849399E+0001      3200
 31800   -0.49590543E+0001   -0.49616844E+0001    0.10893604E+0001      3200
 31900   -0.49584077E+0001   -0.49616288E+0001    0.10671410E+0001      3200
 32000   -0.49569935E+0001   -0.49604784E+0001    0.10694466E+0001      3200
 32100   -0.49557612E+0001   -0.49594695E+0001    0.10560805E+0001      3200
 32200   -0.49552249E+0001   -0.49568594E+0001    0.10432451E+0001      3200
 32300   -0.49547030E+0001   -0.49568761E+0001    0.10220777E+0001      3200
 32400   -0.49544967E+0001   -0.49567916E+0001    0.10167865E+0001      3200
 32500   -0.49538239E+0001   -0.49556364E+0001    0.10194367E+0001      3200
 32600   -0.49534617E+0001   -0.49558326E+0001    0.10109266E+0001      3200
 32700   -0.49530802E+0001   -0.49556924E+0001    0.10088540E+0001      3200
 32800   -0.49526939E+0001   -0.49542531E+0001    0.10226248E+0001      3200
 32900   -0.49523855E+0001   -0.49539790E+0001    0.10160836E+0001      3200
 33000   -0.49519897E+0001   -0.49539081E+0001    0.10110525E+0001      3200
 33100   -0.49513049E+0001   -0.49532032E+0001    0.99302932E+0000      3200
 33200   -0.49511093E+0001   -0.49534225E+0001    0.10030250E+0001      3200
 33300   -0.49502786E+0001   -0.49525457E+0001    0.10015707E+0001      3200
 33400   -0.49498000E+0001   -0.49518023E+0001    0.10063702E+0001      3200
 33500   -0.49493518E+0001   -0.49509362E+0001    0.98888206E+0000      3200
 33600   -0.49488763E+0001   -0.49507265E+0001    0.98733846E+0000      3200
 33700   -0.49483550E+0001   -0.49501986E+0001    0.99203842E+0000      3200
 33800   -0.49479971E+0001   -0.49507275E+0001    0.97205345E+0000      3200
 33900   -0.49468956E+0001   -0.49508478E+0001    0.99017301E+0000      3200
 34000   -0.49455980E+0001   -0.49477156E+0001    0.97641009E+0000      3200
 34100   -0.49439181E+0001   -0.49473127E+0001    0.10062350E+0001      3200
 34200   -0.49436831E+0001   -0.49456469E+0001    0.99591264E+0000      3200
 34300   -0.49433469E+0001   -0.49451657E+0001    0.10091817E+0001      3200
 34400   -0.49434841E+0001   -0.49449942E+0001    0.10039783E+0001      3200
 34500   -0.49430239E+0001   -0.49449008E+0001    0.10138872E+0001      3200
 34600   -0.49422498E+0001   -0.49440160E+0001    0.10085002E+0001      3200
 34700   -0.49412310E+0001   -0.49435093E+0001    0.10008359E+0001      3200
 34800   -0.49409033E+0001   -0.49422994E+0001    0.98855083E+0000      3200
 34900   -0.49410645E+0001   -0.49427608E+0001    0.97252608E+0000      3200
 35000   -0.49407573E+0001   -0.49426759E+0001    0.96746810E+0000      3200
 35100   -0.49396806E+0001   -0.49419815E+0001    0.10009572E+0001      3200
 35200   -0.49390090E+0001   -0.49422602E+0001    0.99275077E+0000      3200
 35300   -0.49384587E+0001   -0.49402699E+0001    0.10048081E+0001      3200
 35400   -0.49392462E+0001   -0.49406270E+0001    0.10010287E+0001      3200
 35500   -0.49389638E+0001   -0.49411649E+0001    0.99015156E+0000      3200
 35600   -0.49385354E+0001   -0.49405431E+0001    0.98987503E+0000      3200
 35700   -0.49386542E+0001   -0.49401773E+0001    0.99507197E+0000      3200
 35800   -0.49388307E+0001   -0.49406981E+0001    0.97935933E+0000      3200
 35900   -0.49384477E+0001   -0.49409303E+0001    0.96805224E+0000      3200
 36000   -0.49379452E+0001   -0.49405350E+0001    0.99280299E+0000      3200
 36001   -0.49379832E+0001   -0.49379832E+0001    0.99162450E+0000      3200
 36100   -0.49387707E+0001   -0.49405600E+0001    0.95917044E+0000      3200
 36200   -0.49384243E+0001   -0.49403335E+0001    0.94635861E+0000      3200
 36300   -0.49380015E+0001   -0.49399549E+0001    0.93918216E+0000      3200
 36400   -0.49371104E+0001   -0.49394569E+0001    0.92765370E+0000      3200
 36500   -0.49364994E+0001   -0.49389331E+0001    0.92767617E+0000      3200
 36600   -0.49358971E+0001   -0.49384691E+0001    0.92803797E+0000      3200
 36700   -0.49351292E+0001   -0.49371507E+0001    0.93927190E+0000      3200
 36800   -0.49347173E+0001   -0.49365107E+0001    0.94184009E+0000      3200
 36900   -0.49349320E+0001   -0.49369208E+0001    0.91798677E+0000      3200
 37000   -0.49350012E+0001   -0.49366147E+0001    0.92677009E+0000      3200
 37100   -0.49349546E+0001   -0.49368716E+0001    0.94265748E+0000      3200
 37200   -0.49346653E+0001   -0.49364368E+0001    0.91940691E+0000      3200
 37300   -0.49340019E+0001   -0.49360639E+0001    0.91137545E+0000      3200
 37400   -0.49333760E+0001   -0.49356047E+0001    0.90553705E+0000      3200
 37500   -0.49329995E+0001   -0.49343563E+0001    0.90948889E+0000      3200
 37600   -0.49324137E+0001   -0.49341090E+0001    0.91443890E+0000      3200
 37700   -0.49323849E+0001   -0.49340127E+0001    0.91048272E+0000      3200
 37800   -0.49321463E+0001   -0.49341095E+0001    0.92144579E+0000      3200
 37900   -0.49320420E+0001   -0.49340495E+0001    0.92738455E+0000      3200
 38000   -0.49304273E+0001   -0.49336972E+0001    0.93773503E+0000      3200
 38100   -0.49286450E+0001   -0.49329597E+0001    0.93366440E+0000      3200
 38200   -0.49283385E+0001   -0.49325903E+0001    0.93604662E+0000      3200
 38300   -0.49276466E+0001   -0.49320591E+0001    0.94217517E+0000      3200
 38400   -0.49267809E+0001   -0.49318521E+0001    0.94194145E+0000      3200
 38500   -0.49253565E+0001   -0.49315362E+0001    0.93663731E+0000      3200
 38600   -0.49249791E+0001   -0.49273291E+0001    0.92708333E+0000      3200
 38700   -0.49248635E+0001   -0.49264610E+0001    0.92116465E+0000      3200
 38800   -0.49245429E+0001   -0.49260333E+0001    0.91985935E+0000      3200
 38900   -0.49241892E+0001   -0.49259599E+0001    0.92894219E+0000      3200
 39000   -0.49242260E+0001   -0.49260505E+0001    0.92325901E+0000      3200
 39100   -0.49243212E+0001   -0.49264861E+0001    0.92437784E+0000      3200
 39200   -0.49246142E+0001   -0.49267878E+0001    0.91544394E+0000      3200
 39300   -0.49248456E+0001   -0.49268706E+0001    0.91584044E+0000      3200
 39400   -0.49241709E+0001   -0.49267844E+0001    0.92754783E+0000      3200
 39500   -0.49233755E+0001   -0.49260963E+0001    0.93342960E+0000      3200
 39600   -0.49228310E+0001   -0.49260311E+0001    0.95226830E+0000      3200
 39700   -0.49225751E+0001   -0.49252738E+0001    0.93802524E+0000      3200
 39800   -0.49220032E+0001   -0.49245876E+0001    0.94410641E+0000      3200
 39900   -0.49213382E+0001   -0.49243628E+0001    0.93411037E+0000      3200
 40000   -0.49214458E+0001   -0.49245179E+0001    0.92997130E+0000      3200
 40100   -0.49218101E+0001   -0.49243520E+0001    0.93518616E+0000      3200
 40200   -0.49225054E+0001   -0.49251195E+0001    0.94536333E+0000      3200
 40300   -0.49226444E+0001   -0.49250472E+0001    0.94242792E+0000      3200
 40400   -0.49223522E+0001   -0.49250745E+0001    0.93384326E+0000      3200
 40500   -0.49222048E+0001   -0.49250252E+0001    0.92774533E+0000      3200
 40600   -0.49217041E+0001   -0.49249412E+0001    0.92638832E+0000      3200
 40700   -0.49213843E+0001   -0.49229561E+0001    0.94263307E+0000      3200
 40800   -0.49214330E+0001   -0.49230704E+0001    0.94868145E+0000      3200
 40900   -0.49210752E+0001   -0.49233819E+0001    0.96833373E+0000      3200
 41000   -0.49211562E+0001   -0.49236758E+0001    0.97555678E+0000      3200
 41100   -0.49207478E+0001   -0.49233385E+0001    0.95198453E+0000      3200
 41200   -0.49202819E+0001   -0.49232117E+0001    0.94780132E+0000      3200
 41300   -0.49199573E+0001   -0.49214514E+0001    0.94880761E+0000      3200
 41400   -0.49188868E+0001   -0.49213072E+0001    0.95480396E+0000      3200
 41500   -0.49181938E+0001   -0.49203583E+0001    0.94664747E+0000      3200
 41600   -0.49179929E+0001   -0.49207887E+0001    0.94370008E+0000      3200
 41700   -0.49180899E+0001   -0.49207558E+0001    0.95813222E+0000      3200
 41800   -0.49178083E+0001   -0.49216646E+0001    0.94956986E+0000      3200
 41900   -0.49175566E+0001   -0.49211860E+0001    0.94532971E+0000      3200
 42000   -0.49167264E+0001   -0.49206391E+0001    0.94890749E+0000      3200
 42001   -0.49167606E+0001   -0.49167606E+0001    0.94833146E+0000      3200
 42100   -0.49175583E+0001   -0.49189675E+0001    0.93101759E+0000      3200
 42200   -0.49174358E+0001   -0.49196339E+0001    0.92993008E+0000      3200
 42300   -0.49172384E+0001   -0.49190131E+0001    0.93215693E+0000      3200
 42400   -0.49177223E+0001   -0.49190319E+0001    0.93709631E+0000      3200
 42500   -0.49179960E+0001   -0.49199354E+0001    0.94290507E+0000      3200
 42600   -0.49178693E+0001   -0.49204086E+0001    0.94171545E+0000      3200
 42700   -0.49180412E+0001   -0.49206614E+0001    0.93845155E+0000      3200
 42800   -0.49184762E+0001   -0.49212786E+0001    0.93367611E+0000      3200
 42900   -0.49185150E+0001   -0.49205917E+0001    0.93096820E+0000      3200
 43000   -0.49185026E+0001   -0.49199654E+0001    0.92234898E+0000      3200
 43100   -0.49184403E+0001   -0.49205597E+0001    0.92338450E+0000      3200
 43200   -0.49184344E+0001   -0.49202095E+0001    0.92714923E+0000      3200
 43300   -0.49181991E+0001   -0.49201850E+0001    0.92762831E+0000      3200
 43400   -0.49180622E+0001   -0.49201570E+0001    0.93971229E+0000      3200
 43500   -0.49180718E+0001   -0.49205898E+0001    0.94016063E+0000      3200
 43600   -0.49179854E+0001   -0.49213362E+0001    0.94144785E+0000      3200
 43700   -0.49183523E+0001   -0.49210484E+0001    0.95046286E+0000      3200
 43800   -0.49183290E+0001   -0.49208463E+0001    0.95400078E+0000      3200
 43900   -0.49183983E+0001   -0.49202216E+0001    0.94022923E+0000      3200
 44000   -0.49181159E+0001   -0.49210590E+0001    0.94817718E+0000      3200
 44100   -0.49175785E+0001   -0.49207363E+0001    0.95347570E+0000      3200
 44200   -0.49174462E+0001   -0.49201320E+0001    0.95429031E+0000      3200
 44300   -0.49170359E+0001   -0.49194454E+0001    0.96828410E+0000      3200
 44400   -0.49165395E+0001   -0.49187839E+0001    0.96402829E+0000      3200
 44500   -0.49157545E+0001   -0.49185993E+0001    0.95133154E+0000      3200
 44600   -0.49150838E+0001   -0.49184034E+0001    0.95164848E+0000      3200
 44700   -0.49144953E+0001   -0.49181463E+0001    0.96396243E+0000      3200
 44800   -0.49145582E+0001   -0.49188907E+0001    0.96141336E+0000      3200
 44900   -0.49155766E+0001   -0.49186703E+0001    0.95046064E+0000      3200
 45000   -0.49161245E+0001   -0.49187822E+0001    0.95485672E+0000      3200
 45100   -0.49164620E+0001   -0.49193219E+0001    0.94783198E+0000      3200
 45200   -0.49161745E+0001   -0.49185655E+0001    0.94476748E+0000      3200
 45300   -0.49162612E+0001   -0.49187600E+0001    0.95425086E+0000      3200
 45400   -0.49162689E+0001   -0.49183610E+0001    0.95444443E+0000      3200
 45500   -0.49163671E+0001   -0.49187809E+0001    0.94545525E+0000      3200
 45600   -0.49160576E+0001   -0.49184075E+0001    0.94146193E+0000      3200
 45700   -0.49157940E+0001   -0.49178592E+0001    0.93601889E+0000      3200
 45800   -0.49152977E+0001   -0.49174965E+0001    0.93326310E+0000      3200
 45900   -0.49150733E+0001   -0.49179617E+0001    0.93436162E+0000      3200
 46000   -0.49146404E+0001   -0.49173853E+0001    0.92871071E+0000      3200
 46100   -0.49138342E+0001   -0.49168112E+0001    0.94650022E+0000      3200
 46200   -0.49136754E+0001   -0.49165242E+0001    0.93999520E+0000      3200
 46300   -0.49132326E+0001   -0.49159900E+0001    0.93902348E+0000      3200
 46400   -0.49129477E+0001   -0.49154219E+0001    0.94307403E+0000      3200
 46500   -0.49127288E+0001   -0.49141010E+0001    0.94973800E+0000      3200
 46600   -0.49123638E+0001   -0.49141209E+0001    0.94764091E+0000      3200
 46700   -0.49122000E+0001   -0.49139561E+0001    0.94117787E+0000      3200
 46800   -0.49119128E+0001   -0.49139189E+0001    0.93923050E+0000      3200
 46900   -0.49119757E+0001   -0.49142693E+0001    0.94560108E+0000      3200
 47000   -0.49114683E+0001   -0.49144880E+0001    0.94164915E+0000      3200
 47100   -0.49118689E+0001   -0.49146470E+0001    0.94663657E+0000      3200
 47200   -0.49119549E+0001   -0.49143395E+0001    0.94389978E+0000      3200
 47300   -0.49126606E+0001   -0.49152385E+0001    0.93712013E+0000      3200
 47400   -0.49130034E+0001   -0.49152442E+0001    0.93190789E+0000      3200
 47500   -0.49129602E+0001   -0.49161663E+0001    0.94538293E+0000      3200
 47600   -0.49129052E+0001   -0.49167284E+0001    0.94250931E+0000      3200
 47700   -0.49128287E+0001   -0.49161435E+0001    0.93544124E+0000      3200
 47800   -0.49127669E+0001   -0.49154594E+0001    0.93922697E+0000      3200
 47900   -0.49129695E+0001   -0.49151341E+0001    0.94007761E+0000      3200
 48000   -0.49129312E+0001   -0.49149935E+0001    0.93714217E+0000      3200
 48001   -0.49129637E+0001   -0.49129637E+0001    0.93660718E+0000      3200
 48100   -0.49137358E+0001   -0.49151233E+0001    0.91666589E+0000      3200
 48200   -0.49135919E+0001   -0.49156072E+0001    0.91183106E+0000      3200
 48300   -0.49134466E+0001   -0.49154930E+0001    0.90984302E+0000      3200
 48400   -0.49137144E+0001   -0.49158857E+0001    0.91255175E+0000      3200
 48500   -0.49137622E+0001   -0.49156305E+0001    0.91044491E+0000      3200
 48600   -0.49136166E+0001   -0.49159697E+0001    0.91213223E+0000      3200
 48700   -0.49129959E+0001   -0.49153080E+0001    0.90664542E+0000      3200
 48800   -0.49122516E+0001   -0.49157533E+0001    0.92362678E+0000      3200
 48900   -0.49125020E+0001   -0.49168236E+0001    0.91443072E+0000      3200
 49000   -0.49133134E+0001   -0.49171294E+0001    0.90833485E+0000      3200
 49100   -0.49141814E+0001   -0.49178563E+0001    0.91176006E+0000      3200
 49200   -0.49145307E+0001   -0.49176039E+0001    0.91170860E+0000      3200
 49300   -0.49152328E+0001   -0.49172428E+0001    0.92131858E+0000      3200
 49400   -0.49151651E+0001   -0.49169121E+0001    0.92290401E+0000      3200
 49500   -0.49152246E+0001   -0.49172357E+0001    0.91977706E+0000      3200
 49600   -0.49145688E+0001   -0.49169974E+0001    0.91059854E+0000      3200
 49700   -0.49145278E+0001   -0.49163689E+0001    0.90740890E+0000      3200
 49800   -0.49145094E+0001   -0.49167354E+0001    0.90137006E+0000      3200
 49900   -0.49147641E+0001   -0.49169562E+0001    0.90462881E+0000      3200
 50000   -0.49145125E+0001   -0.49170239E+0001    0.90881191E+0000      3200
 50100   -0.49147607E+0001   -0.49170991E+0001    0.90607967E+0000      3200
 50200   -0.49142996E+0001   -0.49171381E+0001    0.90125834E+0000      3200
 50300   -0.49143467E+0001   -0.49169965E+0001    0.90174277E+0000      3200
 50400   -0.49138758E+0001   -0.49170203E+0001    0.90257142E+0000      3200
 50500   -0.49149654E+0001   -0.49184182E+0001    0.89556457E+0000      3200
 50600   -0.49158460E+0001   -0.49188528E+0001    0.88761054E+0000      3200
 50700   -0.49163109E+0001   -0.49189424E+0001    0.89075650E+0000      3200
 50800   -0.49167725E+0001   -0.49192532E+0001    0.89181666E+0000      3200
 50900   -0.49172749E+0001   -0.49193478E+0001    0.88988449E+0000      3200
 51000   -0.49170933E+0001   -0.49193276E+0001    0.89066454E+0000      3200
 51100   -0.49169486E+0001   -0.49187609E+0001    0.89071553E+0000      3200
 51200   -0.49168708E+0001   -0.49190476E+0001    0.88952164E+0000      3200
 51300   -0.49167440E+0001   -0.49192556E+0001    0.88495569E+0000      3200
 51400   -0.49169384E+0001   -0.49203952E+0001    0.87274318E+0000      3200
 51500   -0.49171736E+0001   -0.49202460E+0001    0.87944674E+0000      3200
 51600   -0.49174584E+0001   -0.49193222E+0001    0.88192886E+0000      3200
 51700   -0.49170529E+0001   -0.49190572E+0001    0.88177347E+0000      3200
 51800   -0.49169262E+0001   -0.49191994E+0001    0.87158746E+0000      3200
 51900   -0.49163989E+0001   -0.49195257E+0001    0.87056424E+0000      3200
 52000   -0.49157103E+0001   -0.49197243E+0001    0.87328820E+0000      3200
 52100   -0.49150987E+0001   -0.49200699E+0001    0.87714062E+0000      3200
 52200   -0.49142150E+0001   -0.49170915E+0001    0.88593855E+0000      3200
 52300   -0.49138781E+0001   -0.49174603E+0001    0.88620104E+0000      3200
 52400   -0.49132967E+0001   -0.49171095E+0001    0.88080054E+0000      3200
 52500   -0.49127842E+0001   -0.49162373E+0001    0.88375539E+0000      3200
 52600   -0.49127316E+0001   -0.49164304E+0001    0.88506693E+0000      3200
 52700   -0.49134793E+0001   -0.49165922E+0001    0.88462396E+0000      3200
 52800   -0.49151046E+0001   -0.49172466E+0001    0.88629831E+0000      3200
 52900   -0.49150030E+0001   -0.49176235E+0001    0.88458642E+0000      3200
 53000   -0.49146919E+0001   -0.49168839E+0001    0.88371087E+0000      3200
 53100   -0.49145758E+0001   -0.49164112E+0001    0.88465699E+0000      3200
 53200   -0.49147901E+0001   -0.49173182E+0001    0.88130475E+0000      3200
 53300   -0.49146909E+0001   -0.49171921E+0001    0.90076005E+0000      3200
 53400   -0.49144592E+0001   -0.49176886E+0001    0.88714702E+0000      3200
 53500   -0.49141761E+0001   -0.49174284E+0001    0.88799938E+0000      3200
 53600   -0.49136207E+0001   -0.49175105E+0001    0.89852531E+0000      3200
 53700   -0.49118401E+0001   -0.49156902E+0001    0.90410779E+0000      3200
 53800   -0.49111815E+0001   -0.49151423E+0001    0.90290916E+0000      3200
 53900   -0.49109067E+0001   -0.49147003E+0001    0.90882952E+0000      3200
 54000   -0.49106019E+0001   -0.49144136E+0001    0.91011002E+0000      3200
