     1   -0.39239890E+0001   -0.39244002E+0001    0.15959816E+0001     12001
    50   -0.39235980E+0001   -0.39283982E+0001    0.13284468E+0001     11963
   100   -0.39251534E+0001   -0.39299456E+0001    0.12321092E+0001     12356
   150   -0.39272750E+0001   -0.39309830E+0001    0.11154946E+0001     12987
   200   -0.39286289E+0001   -0.39324276E+0001    0.10068265E+0001     13224
   250   -0.39297073E+0001   -0.39337046E+0001    0.94792134E+0000     13539
   300   -0.39312316E+0001   -0.39349727E+0001    0.85044824E+0000     13800
   350   -0.39328879E+0001   -0.39361346E+0001    0.76302754E+0000     14385
   400   -0.39340018E+0001   -0.39372271E+0001    0.63558636E+0000     14557
     1   -0.39239856E+0001   -0.39244250E+0001    0.15959816E+0001     12008
    50   -0.39232689E+0001   -0.39282008E+0001    0.13149876E+0001     11930
   100   -0.39248876E+0001   -0.39304029E+0001    0.11933485E+0001     12489
   150   -0.39272485E+0001   -0.39323491E+0001    0.11046349E+0001     12919
   200   -0.39297421E+0001   -0.39347501E+0001    0.86154921E+0000     13068
   250   -0.39317728E+0001   -0.39361597E+0001    0.73513176E+0000     13617
   300   -0.39342201E+0001   -0.39372280E+0001    0.61412460E+0000     14323
   350   -0.39355188E+0001   -0.39380693E+0001    0.53969833E+0000     14787
   400   -0.39365521E+0001   -0.39385703E+0001    0.47031787E+0000     15215
     1   -0.39239749E+0001   -0.39244355E+0001    0.15959816E+0001     11994
    50   -0.39229309E+0001   -0.39279397E+0001    0.13720778E+0001     12279
   100   -0.39244807E+0001   -0.39300779E+0001    0.12536316E+0001     12881
   150   -0.39262357E+0001   -0.39310727E+0001    0.11853817E+0001     13395
   200   -0.39274761E+0001   -0.39328117E+0001    0.10666895E+0001     13913
   250   -0.39289602E+0001   -0.39338212E+0001    0.10001056E+0001     14562
   300   -0.39311149E+0001   -0.39353549E+0001    0.95147764E+0000     15153
   350   -0.39325455E+0001   -0.39360310E+0001    0.84288299E+0000     15347
   400   -0.39337058E+0001   -0.39364345E+0001    0.78517204E+0000     15780
     1   -0.39239717E+0001   -0.39244643E+0001    0.15959816E+0001     11999
    50   -0.39226221E+0001   -0.39278490E+0001    0.13746888E+0001     12311
   100   -0.39236688E+0001   -0.39289470E+0001    0.12752242E+0001     12899
   150   -0.39254916E+0001   -0.39304540E+0001    0.12165382E+0001     13453
   200   -0.39265966E+0001   -0.39317442E+0001    0.11036796E+0001     13548
   250   -0.39283306E+0001   -0.39327623E+0001    0.10200335E+0001     13895
   300   -0.39298594E+0001   -0.39340079E+0001    0.91043921E+0000     14140
   350   -0.39312212E+0001   -0.39353665E+0001    0.80291601E+0000     14440
   400   -0.39328377E+0001   -0.39361149E+0001    0.77722755E+0000     14777
     1   -0.39239635E+0001   -0.39244253E+0001    0.15959816E+0001     12001
    50   -0.39223530E+0001   -0.39270909E+0001    0.14109026E+0001     12098
   100   -0.39231123E+0001   -0.39291900E+0001    0.12895132E+0001     12501
   150   -0.39251443E+0001   -0.39306003E+0001    0.12379908E+0001     12907
   200   -0.39268552E+0001   -0.39321255E+0001    0.11348139E+0001     13334
   250   -0.39279428E+0001   -0.39324338E+0001    0.11054486E+0001     13794
   300   -0.39292525E+0001   -0.39337315E+0001    0.10606065E+0001     14197
   350   -0.39303013E+0001   -0.39344802E+0001    0.97440302E+0000     15053
   400   -0.39314918E+0001   -0.39356025E+0001    0.85081656E+0000     15298
     1   -0.39239597E+0001   -0.39244211E+0001    0.15959816E+0001     12001
    50   -0.39220291E+0001   -0.39277667E+0001    0.14254292E+0001     12263
   100   -0.39226634E+0001   -0.39283162E+0001    0.12964865E+0001     12758
   150   -0.39251231E+0001   -0.39303373E+0001    0.11534217E+0001     13679
   200   -0.39264998E+0001   -0.39311850E+0001    0.10885516E+0001     14135
   250   -0.39271838E+0001   -0.39313743E+0001    0.10597730E+0001     14825
   300   -0.39279620E+0001   -0.39317726E+0001    0.10739954E+0001     15356
   350   -0.39282303E+0001   -0.39325113E+0001    0.10816166E+0001     15700
   400   -0.39285208E+0001   -0.39336276E+0001    0.10410642E+0001     16008
     1   -0.39239564E+0001   -0.39244556E+0001    0.15959816E+0001     12006
    50   -0.39218810E+0001   -0.39275048E+0001    0.13822275E+0001     12032
   100   -0.39227407E+0001   -0.39274542E+0001    0.13563383E+0001     12294
   150   -0.39237144E+0001   -0.39282035E+0001    0.13021925E+0001     12730
   200   -0.39238398E+0001   -0.39295764E+0001    0.12345606E+0001     12926
   250   -0.39245623E+0001   -0.39307170E+0001    0.11876338E+0001     13360
   300   -0.39250490E+0001   -0.39302730E+0001    0.11918925E+0001     13842
   350   -0.39252337E+0001   -0.39304940E+0001    0.12006047E+0001     14288
   400   -0.39257596E+0001   -0.39307738E+0001    0.10758439E+0001     15235
     1   -0.39239525E+0001   -0.39244794E+0001    0.15959816E+0001     11997
    50   -0.39216257E+0001   -0.39273622E+0001    0.14107508E+0001     12094
   100   -0.39220701E+0001   -0.39283572E+0001    0.13594154E+0001     12580
   150   -0.39237670E+0001   -0.39295980E+0001    0.13085590E+0001     13190
   200   -0.39257456E+0001   -0.39305417E+0001    0.11949510E+0001     13729
   250   -0.39263370E+0001   -0.39311776E+0001    0.11919490E+0001     14514
   300   -0.39267566E+0001   -0.39316092E+0001    0.10858824E+0001     14789
   350   -0.39276310E+0001   -0.39321683E+0001    0.97742836E+0000     15243
   400   -0.39281885E+0001   -0.39327352E+0001    0.97973776E+0000     15734
     1   -0.39239517E+0001   -0.39245390E+0001    0.15959816E+0001     11990
    50   -0.39214623E+0001   -0.39275260E+0001    0.14381448E+0001     12020
   100   -0.39216194E+0001   -0.39281683E+0001    0.14145244E+0001     12397
   150   -0.39225661E+0001   -0.39287022E+0001    0.13275186E+0001     12642
   200   -0.39236370E+0001   -0.39295673E+0001    0.12233449E+0001     13004
   250   -0.39253188E+0001   -0.39293965E+0001    0.12531877E+0001     13649
   300   -0.39256930E+0001   -0.39302962E+0001    0.11900555E+0001     14029
   350   -0.39255571E+0001   -0.39297635E+0001    0.11681035E+0001     14375
   400   -0.39252281E+0001   -0.39312299E+0001    0.11930894E+0001     14757
     1   -0.39239488E+0001   -0.39244609E+0001    0.15959816E+0001     12009
    50   -0.39213076E+0001   -0.39269881E+0001    0.14470226E+0001     12120
   100   -0.39216421E+0001   -0.39281989E+0001    0.12957726E+0001     12588
   150   -0.39236982E+0001   -0.39310926E+0001    0.12244734E+0001     13322
   200   -0.39243694E+0001   -0.39310067E+0001    0.12372967E+0001     13639
   250   -0.39245148E+0001   -0.39322485E+0001    0.11750584E+0001     14092
   300   -0.39248519E+0001   -0.39316872E+0001    0.11414378E+0001     14404
   350   -0.39247934E+0001   -0.39309324E+0001    0.11230329E+0001     14531
   400   -0.39250595E+0001   -0.39326549E+0001    0.10605199E+0001     14961
     1   -0.39239470E+0001   -0.39244320E+0001    0.15959816E+0001     11995
    50   -0.39210854E+0001   -0.39257248E+0001    0.14721160E+0001     12196
   100   -0.39204598E+0001   -0.39257674E+0001    0.14031562E+0001     12483
   150   -0.39205525E+0001   -0.39260990E+0001    0.13822188E+0001     13268
   200   -0.39211654E+0001   -0.39271399E+0001    0.13540662E+0001     13883
   250   -0.39219308E+0001   -0.39282253E+0001    0.12929518E+0001     14511
   300   -0.39222181E+0001   -0.39277391E+0001    0.12755408E+0001     15087
   350   -0.39229199E+0001   -0.39287688E+0001    0.12556472E+0001     15712
   400   -0.39234070E+0001   -0.39290285E+0001    0.12019240E+0001     16512
   450   -0.39238190E+0001   -0.39294174E+0001    0.11711483E+0001     17267
     1   -0.39239416E+0001   -0.39244183E+0001    0.15959816E+0001     12000
    50   -0.39209671E+0001   -0.39262288E+0001    0.14606107E+0001     12157
   100   -0.39206850E+0001   -0.39265690E+0001    0.14578025E+0001     12639
   150   -0.39213582E+0001   -0.39270188E+0001    0.14422393E+0001     13461
   200   -0.39208700E+0001   -0.39267866E+0001    0.14001364E+0001     14172
   250   -0.39211473E+0001   -0.39277282E+0001    0.13469395E+0001     14651
   300   -0.39220155E+0001   -0.39285100E+0001    0.12939820E+0001     15131
   350   -0.39227988E+0001   -0.39288645E+0001    0.13440511E+0001     15739
   400   -0.39236919E+0001   -0.39300302E+0001    0.12803025E+0001     16414
     1   -0.39239415E+0001   -0.39244104E+0001    0.15959816E+0001     11999
    50   -0.39208239E+0001   -0.39262123E+0001    0.14608251E+0001     12386
   100   -0.39202625E+0001   -0.39263324E+0001    0.14373675E+0001     12866
   150   -0.39205560E+0001   -0.39268569E+0001    0.13935328E+0001     13465
   200   -0.39210657E+0001   -0.39265729E+0001    0.13793146E+0001     14456
   250   -0.39201489E+0001   -0.39257419E+0001    0.13711309E+0001     15193
   300   -0.39197146E+0001   -0.39272396E+0001    0.11923061E+0001     15801
   350   -0.39224251E+0001   -0.39276403E+0001    0.12225708E+0001     16904
   400   -0.39221402E+0001   -0.39275491E+0001    0.12286084E+0001     17101
   450   -0.39217374E+0001   -0.39267795E+0001    0.12277410E+0001     17352
   500   -0.39214818E+0001   -0.39269767E+0001    0.12664631E+0001     17659
   550   -0.39211400E+0001   -0.39260602E+0001    0.12607066E+0001     18158
   600   -0.39206913E+0001   -0.39270657E+0001    0.12351827E+0001     18641
   650   -0.39203017E+0001   -0.39268842E+0001    0.12466604E+0001     19189
   700   -0.39203194E+0001   -0.39269779E+0001    0.12441578E+0001     19912
   750   -0.39205813E+0001   -0.39268826E+0001    0.12199185E+0001     20551
   800   -0.39207603E+0001   -0.39264945E+0001    0.11944848E+0001     20995
   850   -0.39209179E+0001   -0.39276397E+0001    0.12609223E+0001     21638
   900   -0.39206139E+0001   -0.39264439E+0001    0.12104790E+0001     22403
   950   -0.39198555E+0001   -0.39261550E+0001    0.12270563E+0001     22937
  1000   -0.39194155E+0001   -0.39258707E+0001    0.12646195E+0001     23525
  1050   -0.39190933E+0001   -0.39247878E+0001    0.12956949E+0001     24382
  1100   -0.39183188E+0001   -0.39243535E+0001    0.13183667E+0001     24985
  1150   -0.39173551E+0001   -0.39233984E+0001    0.13286985E+0001     25615
  1200   -0.39163874E+0001   -0.39237366E+0001    0.12569789E+0001     26161
  1250   -0.39163214E+0001   -0.39247009E+0001    0.12398540E+0001     27119
  1300   -0.39183455E+0001   -0.39247571E+0001    0.12684874E+0001     28171
  1350   -0.39184116E+0001   -0.39250244E+0001    0.12870370E+0001     29211
  1400   -0.39174299E+0001   -0.39240668E+0001    0.12843280E+0001     29432
  1450   -0.39164197E+0001   -0.39232901E+0001    0.13063368E+0001     29939
  1500   -0.39158234E+0001   -0.39240357E+0001    0.12293464E+0001     30344
  1550   -0.39157068E+0001   -0.39234923E+0001    0.12534321E+0001     31318
  1600   -0.39165989E+0001   -0.39248811E+0001    0.12168723E+0001     32245
  1601   -0.39167314E+0001   -0.39167314E+0001    0.13699900E+0001     12000
  1650   -0.39195384E+0001   -0.39235444E+0001    0.12253380E+0001     12061
  1700   -0.39178694E+0001   -0.39237401E+0001    0.12508984E+0001     12185
  1750   -0.39167226E+0001   -0.39219837E+0001    0.12492667E+0001     12418
  1800   -0.39160553E+0001   -0.39222224E+0001    0.12444784E+0001     12899
  1850   -0.39153919E+0001   -0.39216818E+0001    0.13155415E+0001     13198
  1900   -0.39149086E+0001   -0.39214351E+0001    0.13250800E+0001     13384
  1950   -0.39148519E+0001   -0.39213812E+0001    0.13285709E+0001     13742
  2000   -0.39146942E+0001   -0.39214670E+0001    0.13505389E+0001     14001
  2050   -0.39140585E+0001   -0.39210902E+0001    0.13497425E+0001     14475
  2100   -0.39134253E+0001   -0.39207933E+0001    0.13110545E+0001     14930
  2150   -0.39132446E+0001   -0.39201989E+0001    0.13467228E+0001     15571
  2200   -0.39134055E+0001   -0.39204144E+0001    0.13427280E+0001     15916
  2250   -0.39131295E+0001   -0.39185570E+0001    0.13551088E+0001     16427
  2300   -0.39125313E+0001   -0.39200863E+0001    0.13449740E+0001     16835
  2350   -0.39127928E+0001   -0.39188867E+0001    0.13671978E+0001     17564
  2400   -0.39121462E+0001   -0.39182312E+0001    0.13869831E+0001     18140
  2450   -0.39113744E+0001   -0.39185519E+0001    0.13258203E+0001     18530
  2500   -0.39116341E+0001   -0.39186635E+0001    0.13217247E+0001     19023
  2550   -0.39123796E+0001   -0.39187812E+0001    0.13417663E+0001     19401
  2600   -0.39118995E+0001   -0.39192227E+0001    0.13239796E+0001     19646
  2650   -0.39112571E+0001   -0.39176832E+0001    0.13839094E+0001     20238
  2700   -0.39103835E+0001   -0.39168488E+0001    0.13464878E+0001     20724
  2750   -0.39095807E+0001   -0.39166601E+0001    0.13762623E+0001     21105
  2800   -0.39090261E+0001   -0.39166390E+0001    0.13892661E+0001     21653
  2850   -0.39080226E+0001   -0.39150341E+0001    0.14055936E+0001     22249
  2900   -0.39070060E+0001   -0.39145381E+0001    0.14164227E+0001     22581
  2950   -0.39062382E+0001   -0.39151547E+0001    0.13562640E+0001     23311
  3000   -0.39069426E+0001   -0.39158894E+0001    0.13939396E+0001     24259
  3050   -0.39082220E+0001   -0.39157251E+0001    0.13759867E+0001     25197
  3100   -0.39080321E+0001   -0.39142277E+0001    0.13802946E+0001     25952
  3150   -0.39071183E+0001   -0.39140144E+0001    0.13836480E+0001     26676
  3200   -0.39061016E+0001   -0.39156105E+0001    0.13339223E+0001     27662
  3201   -0.39062572E+0001   -0.39062572E+0001    0.14676555E+0001     12000
  3250   -0.39095426E+0001   -0.39140003E+0001    0.13245977E+0001     11959
  3300   -0.39075012E+0001   -0.39127340E+0001    0.13437131E+0001     11906
  3350   -0.39059513E+0001   -0.39126982E+0001    0.13904011E+0001     12113
  3400   -0.39052523E+0001   -0.39126455E+0001    0.13947692E+0001     12309
  3450   -0.39050329E+0001   -0.39111594E+0001    0.14078120E+0001     12463
  3500   -0.39043806E+0001   -0.39111899E+0001    0.13863736E+0001     12556
  3550   -0.39039413E+0001   -0.39113871E+0001    0.14225501E+0001     12900
  3600   -0.39036418E+0001   -0.39106861E+0001    0.14457294E+0001     13243
  3650   -0.39034459E+0001   -0.39105423E+0001    0.14455743E+0001     13750
  3700   -0.39028089E+0001   -0.39110890E+0001    0.14585155E+0001     14021
  3750   -0.39021689E+0001   -0.39093788E+0001    0.14806115E+0001     14407
  3800   -0.39015764E+0001   -0.39094112E+0001    0.15083770E+0001     14653
  3850   -0.39004520E+0001   -0.39085578E+0001    0.15159670E+0001     14922
  3900   -0.38992504E+0001   -0.39066056E+0001    0.15212787E+0001     15401
  3950   -0.38977824E+0001   -0.39062380E+0001    0.15413502E+0001     15767
  4000   -0.38963389E+0001   -0.39047643E+0001    0.15584515E+0001     16162
  4050   -0.38950889E+0001   -0.39038226E+0001    0.15950256E+0001     16726
  4100   -0.38938443E+0001   -0.39030621E+0001    0.15877588E+0001     17376
  4150   -0.38921423E+0001   -0.39021749E+0001    0.15898191E+0001     18069
  4200   -0.38914907E+0001   -0.39023681E+0001    0.15755084E+0001     18422
  4250   -0.38913308E+0001   -0.39036434E+0001    0.16008439E+0001     19268
  4300   -0.38911897E+0001   -0.39019462E+0001    0.15816403E+0001     19236
  4350   -0.38904605E+0001   -0.38996521E+0001    0.15993017E+0001     19748
  4400   -0.38897389E+0001   -0.38996645E+0001    0.15756609E+0001     20378
  4450   -0.38888727E+0001   -0.38985732E+0001    0.16171343E+0001     20668
  4500   -0.38882713E+0001   -0.38974443E+0001    0.15853169E+0001     21321
  4550   -0.38877815E+0001   -0.38968000E+0001    0.15957469E+0001     22214
  4600   -0.38873052E+0001   -0.38955085E+0001    0.16238732E+0001     22625
  4650   -0.38859901E+0001   -0.38952269E+0001    0.16435717E+0001     22999
  4700   -0.38841501E+0001   -0.38935777E+0001    0.16429276E+0001     23686
  4750   -0.38821595E+0001   -0.38921711E+0001    0.16573012E+0001     24395
  4800   -0.38798240E+0001   -0.38907081E+0001    0.16645243E+0001     24982
  4801   -0.38800313E+0001   -0.38800313E+0001    0.16983305E+0001     12000
  4850   -0.38845300E+0001   -0.38897621E+0001    0.16122983E+0001     11982
  4900   -0.38815427E+0001   -0.38882057E+0001    0.16350560E+0001     12209
  4950   -0.38789837E+0001   -0.38882389E+0001    0.16622162E+0001     12596
  5000   -0.38770953E+0001   -0.38874419E+0001    0.16639618E+0001     13003
  5050   -0.38756572E+0001   -0.38858972E+0001    0.16744589E+0001     13459
  5100   -0.38738689E+0001   -0.38852552E+0001    0.16693790E+0001     13778
  5150   -0.38718281E+0001   -0.38831348E+0001    0.16806677E+0001     14072
  5200   -0.38694655E+0001   -0.38810567E+0001    0.16798421E+0001     14499
  5250   -0.38666833E+0001   -0.38811764E+0001    0.16694696E+0001     14864
  5300   -0.38636292E+0001   -0.38778735E+0001    0.16667151E+0001     15100
  5350   -0.38604122E+0001   -0.38770663E+0001    0.16798045E+0001     15571
  5400   -0.38564121E+0001   -0.38752698E+0001    0.16738643E+0001     16033
  5450   -0.38525947E+0001   -0.38717627E+0001    0.16629060E+0001     16554
  5500   -0.38491145E+0001   -0.38679125E+0001    0.16502101E+0001     17265
  5550   -0.38457692E+0001   -0.38621123E+0001    0.16527766E+0001     17805
  5600   -0.38425692E+0001   -0.38591277E+0001    0.16330436E+0001     18184
  5650   -0.38392688E+0001   -0.38567904E+0001    0.16271513E+0001     18607
  5700   -0.38359028E+0001   -0.38546131E+0001    0.16117901E+0001     18990
  5750   -0.38323190E+0001   -0.38521234E+0001    0.15962331E+0001     19397
  5800   -0.38280653E+0001   -0.38466231E+0001    0.15637158E+0001     19926
  5850   -0.38229678E+0001   -0.38444051E+0001    0.15610178E+0001     20293
  5900   -0.38175869E+0001   -0.38398339E+0001    0.15239714E+0001     20481
  5950   -0.38123875E+0001   -0.38354371E+0001    0.15061671E+0001     20673
  6000   -0.38070726E+0001   -0.38306685E+0001    0.14996703E+0001     20930
  6050   -0.38021556E+0001   -0.38240430E+0001    0.14712228E+0001     21631
  6100   -0.37978591E+0001   -0.38214892E+0001    0.14524707E+0001     21983
  6150   -0.37939752E+0001   -0.38156125E+0001    0.14217958E+0001     22434
  6200   -0.37902024E+0001   -0.38107540E+0001    0.13773640E+0001     22836
  6250   -0.37863391E+0001   -0.38019544E+0001    0.13801079E+0001     23310
  6300   -0.37825497E+0001   -0.38018022E+0001    0.13579942E+0001     23786
  6350   -0.37791342E+0001   -0.37926403E+0001    0.13394860E+0001     24441
  6400   -0.37758842E+0001   -0.37900303E+0001    0.13340058E+0001     24854
  6401   -0.37760073E+0001   -0.37760073E+0001    0.13162006E+0001     12000
  6450   -0.37787145E+0001   -0.37833978E+0001    0.13236897E+0001     12038
  6500   -0.37763419E+0001   -0.37824902E+0001    0.13276926E+0001     12202
  6550   -0.37740018E+0001   -0.37813621E+0001    0.12992077E+0001     12590
  6600   -0.37716430E+0001   -0.37796642E+0001    0.13029169E+0001     12771
  6650   -0.37692922E+0001   -0.37780704E+0001    0.12790476E+0001     13157
  6700   -0.37669122E+0001   -0.37770311E+0001    0.12613666E+0001     13483
  6750   -0.37644575E+0001   -0.37737211E+0001    0.12559952E+0001     13651
  6800   -0.37618071E+0001   -0.37717799E+0001    0.12422614E+0001     13808
  6850   -0.37592703E+0001   -0.37708011E+0001    0.12044054E+0001     14178
  6900   -0.37568272E+0001   -0.37688524E+0001    0.12054775E+0001     14440
  6950   -0.37543347E+0001   -0.37657690E+0001    0.11833638E+0001     14612
  7000   -0.37519347E+0001   -0.37650881E+0001    0.11720696E+0001     14795
  7050   -0.37494648E+0001   -0.37608262E+0001    0.11432452E+0001     15183
  7100   -0.37471577E+0001   -0.37584731E+0001    0.11395544E+0001     15344
  7150   -0.37449125E+0001   -0.37564228E+0001    0.11148974E+0001     15725
  7200   -0.37426263E+0001   -0.37545495E+0001    0.10650377E+0001     16299
  7250   -0.37401186E+0001   -0.37507742E+0001    0.10296582E+0001     16534
  7300   -0.37376117E+0001   -0.37482808E+0001    0.99815770E+0000     16937
  7350   -0.37351112E+0001   -0.37460965E+0001    0.99017139E+0000     17753
  7400   -0.37326378E+0001   -0.37430289E+0001    0.97503375E+0000     18085
  7450   -0.37303960E+0001   -0.37411263E+0001    0.97701218E+0000     18556
  7500   -0.37285762E+0001   -0.37424066E+0001    0.92658120E+0000     18733
  7550   -0.37269037E+0001   -0.37359998E+0001    0.90339953E+0000     19079
  7600   -0.37251459E+0001   -0.37343589E+0001    0.88353823E+0000     19525
  7650   -0.37231232E+0001   -0.37311396E+0001    0.87209629E+0000     20041
  7700   -0.37209080E+0001   -0.37302322E+0001    0.85733579E+0000     20412
  7750   -0.37191092E+0001   -0.37281208E+0001    0.84462902E+0000     20358
  7800   -0.37176088E+0001   -0.37266208E+0001    0.83803339E+0000     20723
  7850   -0.37162368E+0001   -0.37244330E+0001    0.84649356E+0000     20984
  7900   -0.37150190E+0001   -0.37233543E+0001    0.80031711E+0000     21384
  7950   -0.37138995E+0001   -0.37231357E+0001    0.79891183E+0000     22014
  8000   -0.37128592E+0001   -0.37224398E+0001    0.81287496E+0000     22249
  8001   -0.37128991E+0001   -0.37128991E+0001    0.75313305E+0000     12000
  8050   -0.37138171E+0001   -0.37163096E+0001    0.76440276E+0000     12034
  8100   -0.37131015E+0001   -0.37166376E+0001    0.78192029E+0000     11942
  8150   -0.37123535E+0001   -0.37159448E+0001    0.75307927E+0000     12068
  8200   -0.37115999E+0001   -0.37155152E+0001    0.79048321E+0000     12190
  8250   -0.37108015E+0001   -0.37154659E+0001    0.75974909E+0000     12232
  8300   -0.37100234E+0001   -0.37150556E+0001    0.74013461E+0000     12151
  8350   -0.37092151E+0001   -0.37144263E+0001    0.70871108E+0000     12188
  8400   -0.37084268E+0001   -0.37139200E+0001    0.72858254E+0000     12258
  8450   -0.37077884E+0001   -0.37141403E+0001    0.73224851E+0000     12553
  8500   -0.37071855E+0001   -0.37118763E+0001    0.72967756E+0000     12802
  8550   -0.37066475E+0001   -0.37116638E+0001    0.70201925E+0000     13359
  8600   -0.37060337E+0001   -0.37115445E+0001    0.68636163E+0000     13620
  8650   -0.37053048E+0001   -0.37105776E+0001    0.68433077E+0000     13693
  8700   -0.37046536E+0001   -0.37104094E+0001    0.66933712E+0000     14296
  8750   -0.37041279E+0001   -0.37109889E+0001    0.67326581E+0000     14393
  8800   -0.37036674E+0001   -0.37095363E+0001    0.64279308E+0000     14504
  8850   -0.37031633E+0001   -0.37088277E+0001    0.63889612E+0000     14768
  8900   -0.37024879E+0001   -0.37073420E+0001    0.61856375E+0000     14705
  8950   -0.37017560E+0001   -0.37068616E+0001    0.58174955E+0000     14936
  9000   -0.37009900E+0001   -0.37065186E+0001    0.59844943E+0000     15132
  9050   -0.37002626E+0001   -0.37055785E+0001    0.60513718E+0000     15472
  9100   -0.36996333E+0001   -0.37053733E+0001    0.60159175E+0000     15648
  9150   -0.36991013E+0001   -0.37041760E+0001    0.56946379E+0000     16234
  9200   -0.36986787E+0001   -0.37038172E+0001    0.56864076E+0000     16368
  9250   -0.36982959E+0001   -0.37031969E+0001    0.56403457E+0000     16784
  9300   -0.36979144E+0001   -0.37028095E+0001    0.53204181E+0000     17195
  9350   -0.36975713E+0001   -0.37015100E+0001    0.55953131E+0000     17461
  9400   -0.36972343E+0001   -0.37011475E+0001    0.54651364E+0000     17977
  9450   -0.36968155E+0001   -0.37005594E+0001    0.51428255E+0000     18326
  9500   -0.36964403E+0001   -0.37005013E+0001    0.51498571E+0000     18639
  9550   -0.36960982E+0001   -0.36997936E+0001    0.53583871E+0000     18874
  9600   -0.36957664E+0001   -0.36999376E+0001    0.54116137E+0000     19029
  9601   -0.36957803E+0001   -0.36957803E+0001    0.43277678E+0000     12000
  9650   -0.36960869E+0001   -0.36973310E+0001    0.45422245E+0000     12020
  9700   -0.36958617E+0001   -0.36975869E+0001    0.48322325E+0000     12139
  9750   -0.36956344E+0001   -0.36975877E+0001    0.48990044E+0000     12124
  9800   -0.36953968E+0001   -0.36975557E+0001    0.49736963E+0000     12208
  9850   -0.36951611E+0001   -0.36974714E+0001    0.46133736E+0000     12276
  9900   -0.36949065E+0001   -0.36974255E+0001    0.47575577E+0000     12666
  9950   -0.36946422E+0001   -0.36972651E+0001    0.48445759E+0000     12881
 10000   -0.36943850E+0001   -0.36975670E+0001    0.43672652E+0000     12955
 10050   -0.36941263E+0001   -0.36968685E+0001    0.45615669E+0000     13164
 10100   -0.36938315E+0001   -0.36965673E+0001    0.46712166E+0000     13661
 10150   -0.36935255E+0001   -0.36962295E+0001    0.47773745E+0000     13727
 10200   -0.36932707E+0001   -0.36961901E+0001    0.49174686E+0000     13981
 10250   -0.36929890E+0001   -0.36957145E+0001    0.43509329E+0000     14110
 10300   -0.36927433E+0001   -0.36961339E+0001    0.45538147E+0000     14298
 10350   -0.36925606E+0001   -0.36969077E+0001    0.44229142E+0000     14583
 10400   -0.36923757E+0001   -0.36967327E+0001    0.44939084E+0000     14725
 10450   -0.36922055E+0001   -0.36965576E+0001    0.45902083E+0000     14715
 10500   -0.36919820E+0001   -0.36960886E+0001    0.43810686E+0000     15052
 10550   -0.36917148E+0001   -0.36944215E+0001    0.43799821E+0000     15185
 10600   -0.36914517E+0001   -0.36938817E+0001    0.42071715E+0000     15512
 10650   -0.36912365E+0001   -0.36943349E+0001    0.42290365E+0000     15752
 10700   -0.36910256E+0001   -0.36939201E+0001    0.41900875E+0000     16025
 10750   -0.36907638E+0001   -0.36937130E+0001    0.40541387E+0000     16303
 10800   -0.36905758E+0001   -0.36935986E+0001    0.35403993E+0000     16544
 10850   -0.36904157E+0001   -0.36939231E+0001    0.40981516E+0000     16744
 10900   -0.36902894E+0001   -0.36935213E+0001    0.40762569E+0000     17007
 10950   -0.36901736E+0001   -0.36935441E+0001    0.40595681E+0000     17175
 11000   -0.36900167E+0001   -0.36941100E+0001    0.32425476E+0000     17411
 11050   -0.36898291E+0001   -0.36927782E+0001    0.31370503E+0000     17878
 11100   -0.36896109E+0001   -0.36923490E+0001    0.37031932E+0000     18161
 11150   -0.36893777E+0001   -0.36922660E+0001    0.37299241E+0000     18732
 11200   -0.36892029E+0001   -0.36924259E+0001    0.34290114E+0000     18711
 11201   -0.36892062E+0001   -0.36892062E+0001    0.23141235E+0000     12000
 11250   -0.36893013E+0001   -0.36897817E+0001    0.24802882E+0000     12022
 11300   -0.36892481E+0001   -0.36902036E+0001    0.29796725E+0000     12195
 11350   -0.36891891E+0001   -0.36901272E+0001    0.30792963E+0000     12204
 11400   -0.36891106E+0001   -0.36901313E+0001    0.35996996E+0000     12222
 11450   -0.36890365E+0001   -0.36903234E+0001    0.28942360E+0000     12410
 11500   -0.36889534E+0001   -0.36901581E+0001    0.32153601E+0000     12596
 11550   -0.36888207E+0001   -0.36902464E+0001    0.34056656E+0000     12734
 11600   -0.36886792E+0001   -0.36903745E+0001    0.35593394E+0000     12855
 11650   -0.36886328E+0001   -0.36898634E+0001    0.28966503E+0000     12959
 11700   -0.36886286E+0001   -0.36898822E+0001    0.34763601E+0000     12998
 11750   -0.36885954E+0001   -0.36895061E+0001    0.34681936E+0000     13025
 11800   -0.36885180E+0001   -0.36895004E+0001    0.35122956E+0000     13196
 11850   -0.36884314E+0001   -0.36899124E+0001    0.33643491E+0000     13332
 11900   -0.36883666E+0001   -0.36894334E+0001    0.34351237E+0000     13501
 11950   -0.36882943E+0001   -0.36895990E+0001    0.33061144E+0000     13806
 12000   -0.36882345E+0001   -0.36901867E+0001    0.31361423E+0000     13953
 12050   -0.36882185E+0001   -0.36901987E+0001    0.33842921E+0000     13968
 12100   -0.36881959E+0001   -0.36899900E+0001    0.34982693E+0000     14315
 12150   -0.36881588E+0001   -0.36900132E+0001    0.35629328E+0000     14723
 12200   -0.36881145E+0001   -0.36899671E+0001    0.31231440E+0000     14828
 12250   -0.36880657E+0001   -0.36895635E+0001    0.35789027E+0000     14845
 12300   -0.36880118E+0001   -0.36895009E+0001    0.33210368E+0000     15087
 12350   -0.36879391E+0001   -0.36894097E+0001    0.32845121E+0000     15438
 12400   -0.36878481E+0001   -0.36891550E+0001    0.36763880E+0000     15643
 12450   -0.36877865E+0001   -0.36891606E+0001    0.32691200E+0000     15781
 12500   -0.36877524E+0001   -0.36890997E+0001    0.29366713E+0000     16059
 12550   -0.36877254E+0001   -0.36890122E+0001    0.27178739E+0000     16569
 12600   -0.36876937E+0001   -0.36890245E+0001    0.27866127E+0000     16866
 12650   -0.36876564E+0001   -0.36890329E+0001    0.36461689E+0000     17287
 12700   -0.36876244E+0001   -0.36888531E+0001    0.31421227E+0000     17524
 12750   -0.36875942E+0001   -0.36888921E+0001    0.28361389E+0000     17981
 12800   -0.36875618E+0001   -0.36888827E+0001    0.29051912E+0000     18367
 12801   -0.36875627E+0001   -0.36875627E+0001    0.13552036E+0000     12000
 12850   -0.36875934E+0001   -0.36877586E+0001    0.19155786E+0000     12046
 12900   -0.36875779E+0001   -0.36878885E+0001    0.27391071E+0000     12081
 12950   -0.36875636E+0001   -0.36879659E+0001    0.24541220E+0000     12244
 13000   -0.36875426E+0001   -0.36879270E+0001    0.25438448E+0000     12700
 13050   -0.36875254E+0001   -0.36879451E+0001    0.30058508E+0000     12976
 13100   -0.36875011E+0001   -0.36880414E+0001    0.28201119E+0000     13173
 13150   -0.36874809E+0001   -0.36879755E+0001    0.28134851E+0000     13211
 13200   -0.36874607E+0001   -0.36880672E+0001    0.26143794E+0000     13303
 13250   -0.36874280E+0001   -0.36881457E+0001    0.25961104E+0000     13632
 13300   -0.36873893E+0001   -0.36880723E+0001    0.26667941E+0000     13781
 13350   -0.36873499E+0001   -0.36881818E+0001    0.26544370E+0000     13777
 13400   -0.36873089E+0001   -0.36882572E+0001    0.32546407E+0000     13963
 13450   -0.36872678E+0001   -0.36880392E+0001    0.30440520E+0000     14188
 13500   -0.36872485E+0001   -0.36879763E+0001    0.28169869E+0000     14484
 13550   -0.36872375E+0001   -0.36878130E+0001    0.32703016E+0000     14757
 13600   -0.36872156E+0001   -0.36882122E+0001    0.29819994E+0000     14942
 13650   -0.36871902E+0001   -0.36878734E+0001    0.27572051E+0000     14992
 13700   -0.36871709E+0001   -0.36879564E+0001    0.26708952E+0000     15235
 13750   -0.36871497E+0001   -0.36881140E+0001    0.28513898E+0000     15348
 13800   -0.36871091E+0001   -0.36879154E+0001    0.32538480E+0000     15823
 13850   -0.36870692E+0001   -0.36879629E+0001    0.26240790E+0000     16170
 13900   -0.36870449E+0001   -0.36875518E+0001    0.26182443E+0000     16433
 13950   -0.36870280E+0001   -0.36877808E+0001    0.31309859E+0000     16729
 14000   -0.36870133E+0001   -0.36877081E+0001    0.24242105E+0000     16774
 14050   -0.36869958E+0001   -0.36877634E+0001    0.33031889E+0000     16998
 14100   -0.36869709E+0001   -0.36875700E+0001    0.29917484E+0000     17062
 14150   -0.36869497E+0001   -0.36881230E+0001    0.25341792E+0000     17188
 14200   -0.36869448E+0001   -0.36882560E+0001    0.28310498E+0000     17265
 14250   -0.36869387E+0001   -0.36881490E+0001    0.21862732E+0000     17471
 14300   -0.36869312E+0001   -0.36878799E+0001    0.32683746E+0000     17716
 14350   -0.36869273E+0001   -0.36879817E+0001    0.18491175E+0000     18192
 14400   -0.36869217E+0001   -0.36881848E+0001    0.29457408E+0000     18444
 14450   -0.36869158E+0001   -0.36881668E+0001    0.29373835E+0000     18505
 14500   -0.36869088E+0001   -0.36882513E+0001    0.31523819E+0000     18938
 14550   -0.36869010E+0001   -0.36882310E+0001    0.25541981E+0000     19241
 14600   -0.36868999E+0001   -0.36879480E+0001    0.27612752E+0000     19523
 14650   -0.36868927E+0001   -0.36880768E+0001    0.28297467E+0000     19689
 14700   -0.36868910E+0001   -0.36881106E+0001    0.30170628E+0000     20029
 14750   -0.36868873E+0001   -0.36876587E+0001    0.26614841E+0000     20313
 14800   -0.36868838E+0001   -0.36876615E+0001    0.23663439E+0000     20900
 14850   -0.36868771E+0001   -0.36878153E+0001    0.28757932E+0000     21377
 14900   -0.36868722E+0001   -0.36876879E+0001    0.21179017E+0000     21698
 14950   -0.36868661E+0001   -0.36873467E+0001    0.28795193E+0000     22050
 15000   -0.36868640E+0001   -0.36872914E+0001    0.24017737E+0000     22686
 15050   -0.36868632E+0001   -0.36868265E+0001    0.25987732E+0000     23085
 15100   -0.36868636E+0001   -0.36868161E+0001    0.21243756E+0000     23334
 15150   -0.36868654E+0001   -0.36868539E+0001    0.28641233E+0000     23849
 15200   -0.36868716E+0001   -0.36868375E+0001    0.30564065E+0000     24142
 15250   -0.36868708E+0001   -0.36869010E+0001    0.24100351E+0000     24828
 15300   -0.36868696E+0001   -0.36868516E+0001    0.29917322E+0000     25154
 15350   -0.36868707E+0001   -0.36868508E+0001    0.23391463E+0000     25028
 15400   -0.36868727E+0001   -0.36869255E+0001    0.24940597E+0000     25247
 15450   -0.36868726E+0001   -0.36868610E+0001    0.29417173E+0000     25280
 15500   -0.36868742E+0001   -0.36868853E+0001    0.27148211E+0000     26005
 15550   -0.36868744E+0001   -0.36869544E+0001    0.28380422E+0000     26541
 15600   -0.36868737E+0001   -0.36869402E+0001    0.22385209E+0000     27161
 15650   -0.36868746E+0001   -0.36872320E+0001    0.25708135E+0000     28119
 15700   -0.36868749E+0001   -0.36869588E+0001    0.27174730E+0000     28281
 15750   -0.36868725E+0001   -0.36869141E+0001    0.23653888E+0000     28896
 15800   -0.36868727E+0001   -0.36869941E+0001    0.27168299E+0000     29113
 15850   -0.36868744E+0001   -0.36870579E+0001    0.29484418E+0000     29733
 15900   -0.36868754E+0001   -0.36871497E+0001    0.29533797E+0000     30416
 15950   -0.36868781E+0001   -0.36871965E+0001    0.26090161E+0000     30945
 16000   -0.36868796E+0001   -0.36872938E+0001    0.28449769E+0000     31152
 16001   -0.36868723E+0001   -0.36868723E+0001    0.41751743E-0001         1
 16050   -0.36858855E+0001   -0.36858855E+0001    0.52365798E+0000         1
 16100   -0.36855240E+0001   -0.36855240E+0001    0.65630446E+0000         1
 16150   -0.36854861E+0001   -0.36854861E+0001    0.67365477E+0000         1
 16200   -0.36855539E+0001   -0.36855539E+0001    0.62498843E+0000         1
 16250   -0.36857573E+0001   -0.36857573E+0001    0.55445918E+0000         1
 16300   -0.36861100E+0001   -0.36861100E+0001    0.49520562E+0000         1
 16350   -0.36860200E+0001   -0.36860200E+0001    0.55664786E+0000         1
 16400   -0.36860097E+0001   -0.36860097E+0001    0.46282475E+0000         1
 16450   -0.36867253E+0001   -0.36867253E+0001    0.37952309E+0000         1
 16500   -0.36862977E+0001   -0.36862977E+0001    0.48261167E+0000         1
 16550   -0.36859690E+0001   -0.36859690E+0001    0.68698877E+0000         1
 16600   -0.36860435E+0001   -0.36860435E+0001    0.66100063E+0000         1
 16650   -0.36866140E+0001   -0.36866140E+0001    0.45909950E+0000         1
 16700   -0.36860928E+0001   -0.36860928E+0001    0.67217500E+0000         1
 16750   -0.36862649E+0001   -0.36862649E+0001    0.51344370E+0000         1
 16800   -0.36857996E+0001   -0.36857996E+0001    0.65051547E+0000         1
 16850   -0.36864184E+0001   -0.36864184E+0001    0.47460525E+0000         1
 16900   -0.36867727E+0001   -0.36867727E+0001    0.35807365E+0000         1
 16950   -0.36865181E+0001   -0.36865181E+0001    0.52689368E+0000         1
 17000   -0.36867532E+0001   -0.36867532E+0001    0.53532332E+0000         1
 17050   -0.36867622E+0001   -0.36867622E+0001    0.52143266E+0000         1
 17100   -0.36872217E+0001   -0.36872217E+0001    0.45026834E+0000         1
 17150   -0.36871807E+0001   -0.36871807E+0001    0.46632504E+0000         1
 17200   -0.36867691E+0001   -0.36867691E+0001    0.50887739E+0000         1
 17250   -0.36859526E+0001   -0.36859526E+0001    0.68617941E+0000         1
 17300   -0.36868460E+0001   -0.36868460E+0001    0.55487891E+0000         1
 17350   -0.36872428E+0001   -0.36872428E+0001    0.34317708E+0000         1
 17400   -0.36872691E+0001   -0.36872691E+0001    0.42492120E+0000         1
 17450   -0.36872656E+0001   -0.36872656E+0001    0.52984011E+0000         1
 17500   -0.36870656E+0001   -0.36870656E+0001    0.67083488E+0000         1
 17550   -0.36874143E+0001   -0.36874143E+0001    0.55581980E+0000         1
 17600   -0.36877637E+0001   -0.36877637E+0001    0.41812476E+0000         1
 17650   -0.36880648E+0001   -0.36880648E+0001    0.49857583E+0000         1
 17700   -0.36883429E+0001   -0.36883429E+0001    0.52165662E+0000         1
 17750   -0.36881318E+0001   -0.36881318E+0001    0.55208576E+0000         1
 17800   -0.36881801E+0001   -0.36881801E+0001    0.53595342E+0000         1
 17850   -0.36889705E+0001   -0.36889705E+0001    0.42253496E+0000         1
 17900   -0.36891483E+0001   -0.36891483E+0001    0.58547508E+0000         1
 17950   -0.36898295E+0001   -0.36898295E+0001    0.46827017E+0000         1
 18000   -0.36894205E+0001   -0.36894205E+0001    0.62438600E+0000         1
 18050   -0.36910193E+0001   -0.36910193E+0001    0.46598883E+0000         1
 18100   -0.36911725E+0001   -0.36911725E+0001    0.56684655E+0000         1
 18150   -0.36916650E+0001   -0.36916650E+0001    0.66755816E+0000         1
 18200   -0.36915008E+0001   -0.36915008E+0001    0.60284230E+0000         1
 18250   -0.36915489E+0001   -0.36915489E+0001    0.66143850E+0000         1
 18300   -0.36927024E+0001   -0.36927024E+0001    0.66257677E+0000         1
 18350   -0.36939785E+0001   -0.36939785E+0001    0.56866277E+0000         1
 18400   -0.36942124E+0001   -0.36942124E+0001    0.64927215E+0000         1
 18450   -0.36956733E+0001   -0.36956733E+0001    0.49642634E+0000         1
 18500   -0.36966834E+0001   -0.36966834E+0001    0.53446412E+0000         1
 18550   -0.36978366E+0001   -0.36978366E+0001    0.59465780E+0000         1
 18600   -0.36978760E+0001   -0.36978760E+0001    0.66450120E+0000         1
 18650   -0.36983657E+0001   -0.36983657E+0001    0.66482407E+0000         1
 18700   -0.36991344E+0001   -0.36991344E+0001    0.63318004E+0000         1
 18750   -0.36995714E+0001   -0.36995714E+0001    0.68101745E+0000         1
 18800   -0.37000345E+0001   -0.37000345E+0001    0.67439856E+0000         1
 18850   -0.37016855E+0001   -0.37016855E+0001    0.70411569E+0000         1
 18900   -0.37034912E+0001   -0.37034912E+0001    0.79654470E+0000         1
 18950   -0.37029371E+0001   -0.37029371E+0001    0.84716279E+0000         1
 19000   -0.37036155E+0001   -0.37036155E+0001    0.78636221E+0000         1
 19050   -0.37057187E+0001   -0.37057187E+0001    0.74813553E+0000         1
 19100   -0.37065342E+0001   -0.37065342E+0001    0.71930376E+0000         1
 19150   -0.37075680E+0001   -0.37075680E+0001    0.84860100E+0000         1
 19200   -0.37094680E+0001   -0.37094680E+0001    0.86167096E+0000         1
 19250   -0.37095957E+0001   -0.37095957E+0001    0.86298200E+0000         1
 19300   -0.37128107E+0001   -0.37128107E+0001    0.85124455E+0000         1
 19350   -0.37135793E+0001   -0.37135793E+0001    0.93636986E+0000         1
 19400   -0.37157741E+0001   -0.37157741E+0001    0.10268435E+0001         1
 19450   -0.37192032E+0001   -0.37192032E+0001    0.95905738E+0000         1
 19500   -0.37203454E+0001   -0.37203454E+0001    0.10187680E+0001         1
 19550   -0.37235563E+0001   -0.37235563E+0001    0.97405620E+0000         1
 19600   -0.37264624E+0001   -0.37264624E+0001    0.95249802E+0000         1
 19650   -0.37305954E+0001   -0.37305954E+0001    0.99345583E+0000         1
 19700   -0.37359941E+0001   -0.37359941E+0001    0.10477533E+0001         1
 19750   -0.37407188E+0001   -0.37407188E+0001    0.11329490E+0001         1
 19800   -0.37463197E+0001   -0.37463197E+0001    0.11576361E+0001         1
 19850   -0.37501455E+0001   -0.37501455E+0001    0.11588661E+0001         1
 19900   -0.37530167E+0001   -0.37530167E+0001    0.12854055E+0001         1
 19950   -0.37573635E+0001   -0.37573635E+0001    0.13495459E+0001         1
 20000   -0.37616391E+0001   -0.37616391E+0001    0.12883282E+0001         1
 20050   -0.37684151E+0001   -0.37684151E+0001    0.13626886E+0001         1
 20100   -0.37723522E+0001   -0.37723522E+0001    0.14276286E+0001         1
 20150   -0.37817758E+0001   -0.37817758E+0001    0.14391163E+0001         1
 20200   -0.37876970E+0001   -0.37876970E+0001    0.14799865E+0001         1
 20250   -0.37966634E+0001   -0.37966634E+0001    0.15726688E+0001         1
 20300   -0.38029651E+0001   -0.38029651E+0001    0.15016718E+0001         1
 20350   -0.38115884E+0001   -0.38115884E+0001    0.15704398E+0001         1
 20400   -0.38186218E+0001   -0.38186218E+0001    0.16014403E+0001         1
 20450   -0.38268638E+0001   -0.38268638E+0001    0.16129552E+0001         1
 20500   -0.38338079E+0001   -0.38338079E+0001    0.16426970E+0001         1
 20550   -0.38450818E+0001   -0.38450818E+0001    0.16586927E+0001         1
 20600   -0.38546858E+0001   -0.38546858E+0001    0.16566315E+0001         1
 20650   -0.38613155E+0001   -0.38613155E+0001    0.16876351E+0001         1
 20700   -0.38710042E+0001   -0.38710042E+0001    0.17185644E+0001         1
 20750   -0.38794607E+0001   -0.38794607E+0001    0.17124015E+0001         1
 20800   -0.38907338E+0001   -0.38907338E+0001    0.15912518E+0001         1
 20850   -0.38982196E+0001   -0.38982196E+0001    0.16296822E+0001         1
 20900   -0.39050678E+0001   -0.39050678E+0001    0.14479248E+0001         1
 20950   -0.39108833E+0001   -0.39108833E+0001    0.14359000E+0001         1
 21000   -0.39175714E+0001   -0.39175714E+0001    0.12960108E+0001         1
 21050   -0.39230539E+0001   -0.39230539E+0001    0.12073876E+0001         1
 21100   -0.39264821E+0001   -0.39264821E+0001    0.11490930E+0001         1
 21150   -0.39287885E+0001   -0.39287885E+0001    0.99763150E+0000         1
 21200   -0.39305176E+0001   -0.39305176E+0001    0.10387779E+0001         1
 21250   -0.39323792E+0001   -0.39323792E+0001    0.87271404E+0000         1
 21300   -0.39356445E+0001   -0.39356445E+0001    0.74123845E+0000         1
 21350   -0.39370808E+0001   -0.39370808E+0001    0.65094827E+0000         1
 21400   -0.39382793E+0001   -0.39382793E+0001    0.52491803E+0000         1
 21450   -0.39380250E+0001   -0.39380250E+0001    0.57754776E+0000         1
 21500   -0.39377495E+0001   -0.39377495E+0001    0.66532836E+0000         1
 21550   -0.39381953E+0001   -0.39381953E+0001    0.58358491E+0000         1
 21600   -0.39382885E+0001   -0.39382885E+0001    0.70739995E+0000         1
 21650   -0.39391645E+0001   -0.39391645E+0001    0.40150980E+0000         1
 21700   -0.39388540E+0001   -0.39388540E+0001    0.53944079E+0000         1
 21750   -0.39388911E+0001   -0.39388911E+0001    0.50654585E+0000         1
 21800   -0.39389466E+0001   -0.39389466E+0001    0.59674719E+0000         1
 21850   -0.39395086E+0001   -0.39395086E+0001    0.30710989E+0000         1
 21900   -0.39392204E+0001   -0.39392204E+0001    0.32465852E+0000         1
 21950   -0.39385813E+0001   -0.39385813E+0001    0.49009308E+0000         1
 22000   -0.39379629E+0001   -0.39379629E+0001    0.71045992E+0000         1
 22050   -0.39389838E+0001   -0.39389838E+0001    0.42909387E+0000         1
 22100   -0.39387824E+0001   -0.39387824E+0001    0.45605207E+0000         1
 22150   -0.39392623E+0001   -0.39392623E+0001    0.43633562E+0000         1
 22200   -0.39396232E+0001   -0.39396232E+0001    0.30077397E+0000         1
 22250   -0.39394970E+0001   -0.39394970E+0001    0.36078255E+0000         1
 22300   -0.39394612E+0001   -0.39394612E+0001    0.39373764E+0000         1
 22350   -0.39388538E+0001   -0.39388538E+0001    0.62789254E+0000         1
 22400   -0.39389175E+0001   -0.39389175E+0001    0.58785209E+0000         1
 22450   -0.39383890E+0001   -0.39383890E+0001    0.58527285E+0000         1
 22500   -0.39388932E+0001   -0.39388932E+0001    0.53353725E+0000         1
 22550   -0.39385873E+0001   -0.39385873E+0001    0.57138679E+0000         1
 22600   -0.39386052E+0001   -0.39386052E+0001    0.55537364E+0000         1
 22650   -0.39386678E+0001   -0.39386678E+0001    0.50412777E+0000         1
 22700   -0.39384579E+0001   -0.39384579E+0001    0.61389534E+0000         1
 22750   -0.39385549E+0001   -0.39385549E+0001    0.58171596E+0000         1
 22800   -0.39384149E+0001   -0.39384149E+0001    0.73540455E+0000         1
 22850   -0.39396186E+0001   -0.39396186E+0001    0.39961128E+0000         1
 22900   -0.39390305E+0001   -0.39390305E+0001    0.59728815E+0000         1
 22950   -0.39391895E+0001   -0.39391895E+0001    0.47806811E+0000         1
 23000   -0.39395654E+0001   -0.39395654E+0001    0.38270550E+0000         1
 23050   -0.39393192E+0001   -0.39393192E+0001    0.47575563E+0000         1
 23100   -0.39395292E+0001   -0.39395292E+0001    0.39734099E+0000         1
 23150   -0.39387635E+0001   -0.39387635E+0001    0.55030431E+0000         1
 23200   -0.39390978E+0001   -0.39390978E+0001    0.46641018E+0000         1
 23250   -0.39389840E+0001   -0.39389840E+0001    0.55324734E+0000         1
 23300   -0.39388538E+0001   -0.39388538E+0001    0.53992650E+0000         1
 23350   -0.39385599E+0001   -0.39385599E+0001    0.64141956E+0000         1
 23400   -0.39391058E+0001   -0.39391058E+0001    0.46168174E+0000         1
 23450   -0.39384863E+0001   -0.39384863E+0001    0.59089005E+0000         1
 23500   -0.39390036E+0001   -0.39390036E+0001    0.46389561E+0000         1
 23550   -0.39385416E+0001   -0.39385416E+0001    0.61331287E+0000         1
 23600   -0.39384022E+0001   -0.39384022E+0001    0.51530334E+0000         1
 23650   -0.39390583E+0001   -0.39390583E+0001    0.40271178E+0000         1
 23700   -0.39391175E+0001   -0.39391175E+0001    0.46780398E+0000         1
 23750   -0.39395126E+0001   -0.39395126E+0001    0.38637294E+0000         1
 23800   -0.39392693E+0001   -0.39392693E+0001    0.40569863E+0000         1
 23850   -0.39393120E+0001   -0.39393120E+0001    0.42732094E+0000         1
 23900   -0.39395140E+0001   -0.39395140E+0001    0.37881818E+0000         1
 23950   -0.39384804E+0001   -0.39384804E+0001    0.75409348E+0000         1
 24000   -0.39392213E+0001   -0.39392213E+0001    0.52990154E+0000         1
 24050   -0.39393326E+0001   -0.39393326E+0001    0.42333395E+0000         1
 24100   -0.39389402E+0001   -0.39389402E+0001    0.55691868E+0000         1
 24150   -0.39393480E+0001   -0.39393480E+0001    0.45441214E+0000         1
 24200   -0.39388014E+0001   -0.39388014E+0001    0.62077115E+0000         1
 24250   -0.39393479E+0001   -0.39393479E+0001    0.47184150E+0000         1
 24300   -0.39392364E+0001   -0.39392364E+0001    0.46969277E+0000         1
 24350   -0.39392617E+0001   -0.39392617E+0001    0.61271745E+0000         1
 24400   -0.39390500E+0001   -0.39390500E+0001    0.62273911E+0000         1
 24450   -0.39395307E+0001   -0.39395307E+0001    0.44668321E+0000         1
 24500   -0.39390741E+0001   -0.39390741E+0001    0.46611528E+0000         1
 24550   -0.39389120E+0001   -0.39389120E+0001    0.60795371E+0000         1
 24600   -0.39393136E+0001   -0.39393136E+0001    0.50659812E+0000         1
 24650   -0.39388911E+0001   -0.39388911E+0001    0.60965334E+0000         1
 24700   -0.39389727E+0001   -0.39389727E+0001    0.47071016E+0000         1
 24750   -0.39391285E+0001   -0.39391285E+0001    0.51218459E+0000         1
 24800   -0.39394219E+0001   -0.39394219E+0001    0.42884726E+0000         1
 24850   -0.39387471E+0001   -0.39387471E+0001    0.65652124E+0000         1
 24900   -0.39382578E+0001   -0.39382578E+0001    0.65396329E+0000         1
 24950   -0.39381657E+0001   -0.39381657E+0001    0.62618530E+0000         1
 25000   -0.39380670E+0001   -0.39380670E+0001    0.61461906E+0000         1
 25050   -0.39391538E+0001   -0.39391538E+0001    0.40792507E+0000         1
 25100   -0.39394763E+0001   -0.39394763E+0001    0.32539780E+0000         1
 25150   -0.39394564E+0001   -0.39394564E+0001    0.37762839E+0000         1
 25200   -0.39394010E+0001   -0.39394010E+0001    0.38942493E+0000         1
 25250   -0.39393131E+0001   -0.39393131E+0001    0.41730048E+0000         1
 25300   -0.39396995E+0001   -0.39396995E+0001    0.28499581E+0000         1
 25350   -0.39392702E+0001   -0.39392702E+0001    0.46069359E+0000         1
 25400   -0.39391816E+0001   -0.39391816E+0001    0.48019341E+0000         1
 25450   -0.39392260E+0001   -0.39392260E+0001    0.43946627E+0000         1
 25500   -0.39390989E+0001   -0.39390989E+0001    0.42425430E+0000         1
 25550   -0.39389876E+0001   -0.39389876E+0001    0.45350263E+0000         1
 25600   -0.39386954E+0001   -0.39386954E+0001    0.62496412E+0000         1
 25650   -0.39392042E+0001   -0.39392042E+0001    0.40779065E+0000         1
 25700   -0.39381575E+0001   -0.39381575E+0001    0.60289809E+0000         1
 25750   -0.39381179E+0001   -0.39381179E+0001    0.60672511E+0000         1
 25800   -0.39382503E+0001   -0.39382503E+0001    0.58856352E+0000         1
 25850   -0.39381492E+0001   -0.39381492E+0001    0.62085908E+0000         1
 25900   -0.39376708E+0001   -0.39376708E+0001    0.71667997E+0000         1
 25950   -0.39374247E+0001   -0.39374247E+0001    0.73235289E+0000         1
 26000   -0.39378791E+0001   -0.39378791E+0001    0.65852630E+0000         1
 26050   -0.39377287E+0001   -0.39377287E+0001    0.64912599E+0000         1
 26100   -0.39374192E+0001   -0.39374192E+0001    0.73933253E+0000         1
 26150   -0.39377091E+0001   -0.39377091E+0001    0.72366966E+0000         1
 26200   -0.39377239E+0001   -0.39377239E+0001    0.70724408E+0000         1
 26250   -0.39384706E+0001   -0.39384706E+0001    0.59238561E+0000         1
 26300   -0.39389833E+0001   -0.39389833E+0001    0.41787528E+0000         1
 26350   -0.39385869E+0001   -0.39385869E+0001    0.53598878E+0000         1
 26400   -0.39389113E+0001   -0.39389113E+0001    0.38482715E+0000         1
 26450   -0.39389469E+0001   -0.39389469E+0001    0.48368354E+0000         1
 26500   -0.39391983E+0001   -0.39391983E+0001    0.42378771E+0000         1
 26550   -0.39386918E+0001   -0.39386918E+0001    0.63620709E+0000         1
 26600   -0.39386710E+0001   -0.39386710E+0001    0.59765463E+0000         1
 26650   -0.39394573E+0001   -0.39394573E+0001    0.34095475E+0000         1
 26700   -0.39393944E+0001   -0.39393944E+0001    0.40097467E+0000         1
 26750   -0.39387872E+0001   -0.39387872E+0001    0.51810434E+0000         1
 26800   -0.39383109E+0001   -0.39383109E+0001    0.68488179E+0000         1
 26850   -0.39388251E+0001   -0.39388251E+0001    0.58282930E+0000         1
 26900   -0.39389880E+0001   -0.39389880E+0001    0.51952129E+0000         1
 26950   -0.39390856E+0001   -0.39390856E+0001    0.47968877E+0000         1
 27000   -0.39393956E+0001   -0.39393956E+0001    0.48272639E+0000         1
 27050   -0.39395061E+0001   -0.39395061E+0001    0.42177347E+0000         1
 27100   -0.39394115E+0001   -0.39394115E+0001    0.36695375E+0000         1
 27150   -0.39392730E+0001   -0.39392730E+0001    0.49913225E+0000         1
 27200   -0.39392995E+0001   -0.39392995E+0001    0.50264007E+0000         1
 27250   -0.39392154E+0001   -0.39392154E+0001    0.51970609E+0000         1
 27300   -0.39393591E+0001   -0.39393591E+0001    0.52549856E+0000         1
 27350   -0.39391809E+0001   -0.39391809E+0001    0.42759879E+0000         1
 27400   -0.39380381E+0001   -0.39380381E+0001    0.64922549E+0000         1
 27450   -0.39380870E+0001   -0.39380870E+0001    0.55708905E+0000         1
 27500   -0.39385109E+0001   -0.39385109E+0001    0.48989821E+0000         1
 27550   -0.39391220E+0001   -0.39391220E+0001    0.37680297E+0000         1
 27600   -0.39390886E+0001   -0.39390886E+0001    0.42866315E+0000         1
 27650   -0.39385429E+0001   -0.39385429E+0001    0.60596151E+0000         1
 27700   -0.39388905E+0001   -0.39388905E+0001    0.53623160E+0000         1
 27750   -0.39390433E+0001   -0.39390433E+0001    0.56435071E+0000         1
 27800   -0.39389523E+0001   -0.39389523E+0001    0.55438242E+0000         1
 27850   -0.39386423E+0001   -0.39386423E+0001    0.59731754E+0000         1
 27900   -0.39386415E+0001   -0.39386415E+0001    0.49948722E+0000         1
 27950   -0.39388057E+0001   -0.39388057E+0001    0.59864473E+0000         1
 28000   -0.39388735E+0001   -0.39388735E+0001    0.51290343E+0000         1
 28050   -0.39379676E+0001   -0.39379676E+0001    0.77473496E+0000         1
 28100   -0.39380472E+0001   -0.39380472E+0001    0.78665829E+0000         1
 28150   -0.39389732E+0001   -0.39389732E+0001    0.54980113E+0000         1
 28200   -0.39387246E+0001   -0.39387246E+0001    0.52801421E+0000         1
 28250   -0.39391207E+0001   -0.39391207E+0001    0.56364677E+0000         1
 28300   -0.39395089E+0001   -0.39395089E+0001    0.37735051E+0000         1
 28350   -0.39394064E+0001   -0.39394064E+0001    0.34131662E+0000         1
 28400   -0.39387083E+0001   -0.39387083E+0001    0.55982265E+0000         1
 28450   -0.39384797E+0001   -0.39384797E+0001    0.65640174E+0000         1
 28500   -0.39394123E+0001   -0.39394123E+0001    0.41086522E+0000         1
 28550   -0.39392272E+0001   -0.39392272E+0001    0.37803104E+0000         1
 28600   -0.39392974E+0001   -0.39392974E+0001    0.36279116E+0000         1
 28650   -0.39387833E+0001   -0.39387833E+0001    0.56823662E+0000         1
 28700   -0.39390368E+0001   -0.39390368E+0001    0.52557928E+0000         1
 28750   -0.39390758E+0001   -0.39390758E+0001    0.50383855E+0000         1
 28800   -0.39393049E+0001   -0.39393049E+0001    0.52099267E+0000         1
 28850   -0.39394161E+0001   -0.39394161E+0001    0.44319591E+0000         1
 28900   -0.39393048E+0001   -0.39393048E+0001    0.40545806E+0000         1
 28950   -0.39384768E+0001   -0.39384768E+0001    0.70384736E+0000         1
 29000   -0.39388954E+0001   -0.39388954E+0001    0.53524816E+0000         1
 29050   -0.39394508E+0001   -0.39394508E+0001    0.36169252E+0000         1
 29100   -0.39389453E+0001   -0.39389453E+0001    0.58717958E+0000         1
 29150   -0.39388228E+0001   -0.39388228E+0001    0.54966800E+0000         1
 29200   -0.39389843E+0001   -0.39389843E+0001    0.54903307E+0000         1
 29250   -0.39393860E+0001   -0.39393860E+0001    0.38600122E+0000         1
 29300   -0.39390871E+0001   -0.39390871E+0001    0.50157358E+0000         1
 29350   -0.39384332E+0001   -0.39384332E+0001    0.65311572E+0000         1
 29400   -0.39393700E+0001   -0.39393700E+0001    0.35667702E+0000         1
 29450   -0.39387801E+0001   -0.39387801E+0001    0.44808597E+0000         1
 29500   -0.39392563E+0001   -0.39392563E+0001    0.37766037E+0000         1
 29550   -0.39394540E+0001   -0.39394540E+0001    0.35805754E+0000         1
 29600   -0.39393142E+0001   -0.39393142E+0001    0.43407296E+0000         1
 29650   -0.39387441E+0001   -0.39387441E+0001    0.74732149E+0000         1
 29700   -0.39390603E+0001   -0.39390603E+0001    0.55830053E+0000         1
 29750   -0.39389304E+0001   -0.39389304E+0001    0.59206015E+0000         1
 29800   -0.39393914E+0001   -0.39393914E+0001    0.42833260E+0000         1
 29850   -0.39396628E+0001   -0.39396628E+0001    0.30258149E+0000         1
 29900   -0.39391668E+0001   -0.39391668E+0001    0.51696594E+0000         1
 29950   -0.39390420E+0001   -0.39390420E+0001    0.44662075E+0000         1
 30000   -0.39383724E+0001   -0.39383724E+0001    0.64169594E+0000         1
 30050   -0.39392352E+0001   -0.39392352E+0001    0.50098181E+0000         1
 30100   -0.39394112E+0001   -0.39394112E+0001    0.40806727E+0000         1
 30150   -0.39388406E+0001   -0.39388406E+0001    0.51270692E+0000         1
 30200   -0.39387276E+0001   -0.39387276E+0001    0.61964608E+0000         1
 30250   -0.39385437E+0001   -0.39385437E+0001    0.59571433E+0000         1
 30300   -0.39385910E+0001   -0.39385910E+0001    0.61496812E+0000         1
 30350   -0.39393808E+0001   -0.39393808E+0001    0.38207444E+0000         1
 30400   -0.39392656E+0001   -0.39392656E+0001    0.47131862E+0000         1
 30450   -0.39387879E+0001   -0.39387879E+0001    0.56064546E+0000         1
 30500   -0.39388056E+0001   -0.39388056E+0001    0.54972222E+0000         1
 30550   -0.39385331E+0001   -0.39385331E+0001    0.53590123E+0000         1
 30600   -0.39390267E+0001   -0.39390267E+0001    0.50246251E+0000         1
 30650   -0.39388835E+0001   -0.39388835E+0001    0.58323445E+0000         1
 30700   -0.39389963E+0001   -0.39389963E+0001    0.45544111E+0000         1
 30750   -0.39393062E+0001   -0.39393062E+0001    0.40257508E+0000         1
 30800   -0.39387255E+0001   -0.39387255E+0001    0.60710547E+0000         1
 30850   -0.39391002E+0001   -0.39391002E+0001    0.49434385E+0000         1
 30900   -0.39386617E+0001   -0.39386617E+0001    0.59573272E+0000         1
 30950   -0.39390373E+0001   -0.39390373E+0001    0.51656437E+0000         1
 31000   -0.39389267E+0001   -0.39389267E+0001    0.59876070E+0000         1
 31050   -0.39388886E+0001   -0.39388886E+0001    0.52399470E+0000         1
 31100   -0.39389967E+0001   -0.39389967E+0001    0.53146297E+0000         1
 31150   -0.39390061E+0001   -0.39390061E+0001    0.48712324E+0000         1
 31200   -0.39388447E+0001   -0.39388447E+0001    0.52603400E+0000         1
 31250   -0.39389764E+0001   -0.39389764E+0001    0.49731780E+0000         1
 31300   -0.39388835E+0001   -0.39388835E+0001    0.51239417E+0000         1
 31350   -0.39389641E+0001   -0.39389641E+0001    0.45259731E+0000         1
 31400   -0.39387702E+0001   -0.39387702E+0001    0.53948606E+0000         1
 31450   -0.39386581E+0001   -0.39386581E+0001    0.64788686E+0000         1
 31500   -0.39385852E+0001   -0.39385852E+0001    0.59613833E+0000         1
 31550   -0.39386082E+0001   -0.39386082E+0001    0.70430674E+0000         1
 31600   -0.39381726E+0001   -0.39381726E+0001    0.91950844E+0000         1
 31650   -0.39384489E+0001   -0.39384489E+0001    0.76816640E+0000         1
 31700   -0.39395289E+0001   -0.39395289E+0001    0.33128595E+0000         1
 31750   -0.39395666E+0001   -0.39395666E+0001    0.28073654E+0000         1
 31800   -0.39391251E+0001   -0.39391251E+0001    0.44123045E+0000         1
 31850   -0.39387826E+0001   -0.39387826E+0001    0.50010504E+0000         1
 31900   -0.39387212E+0001   -0.39387212E+0001    0.55944257E+0000         1
 31950   -0.39390960E+0001   -0.39390960E+0001    0.40863374E+0000         1
 32000   -0.39392418E+0001   -0.39392418E+0001    0.40566291E+0000         1
 32050   -0.39392933E+0001   -0.39392933E+0001    0.43920725E+0000         1
 32100   -0.39394752E+0001   -0.39394752E+0001    0.44760825E+0000         1
 32150   -0.39389498E+0001   -0.39389498E+0001    0.55854032E+0000         1
 32200   -0.39395881E+0001   -0.39395881E+0001    0.46752511E+0000         1
 32250   -0.39394017E+0001   -0.39394017E+0001    0.44694837E+0000         1
 32300   -0.39392539E+0001   -0.39392539E+0001    0.44645100E+0000         1
 32350   -0.39392730E+0001   -0.39392730E+0001    0.46230102E+0000         1
 32400   -0.39391280E+0001   -0.39391280E+0001    0.56384002E+0000         1
 32450   -0.39390536E+0001   -0.39390536E+0001    0.42760008E+0000         1
 32500   -0.39384999E+0001   -0.39384999E+0001    0.59495186E+0000         1
 32550   -0.39381272E+0001   -0.39381272E+0001    0.63465774E+0000         1
 32600   -0.39387656E+0001   -0.39387656E+0001    0.54925973E+0000         1
 32650   -0.39386621E+0001   -0.39386621E+0001    0.55848321E+0000         1
 32700   -0.39388448E+0001   -0.39388448E+0001    0.48023046E+0000         1
 32750   -0.39389980E+0001   -0.39389980E+0001    0.48868765E+0000         1
 32800   -0.39392533E+0001   -0.39392533E+0001    0.40431255E+0000         1
 32850   -0.39395815E+0001   -0.39395815E+0001    0.31054206E+0000         1
 32900   -0.39391415E+0001   -0.39391415E+0001    0.42209785E+0000         1
 32950   -0.39390599E+0001   -0.39390599E+0001    0.50135827E+0000         1
 33000   -0.39388564E+0001   -0.39388564E+0001    0.52939405E+0000         1
 33050   -0.39392878E+0001   -0.39392878E+0001    0.47360563E+0000         1
 33100   -0.39387341E+0001   -0.39387341E+0001    0.62916309E+0000         1
 33150   -0.39382805E+0001   -0.39382805E+0001    0.63281075E+0000         1
 33200   -0.39386051E+0001   -0.39386051E+0001    0.55072450E+0000         1
 33250   -0.39387473E+0001   -0.39387473E+0001    0.56784714E+0000         1
 33300   -0.39390173E+0001   -0.39390173E+0001    0.44944553E+0000         1
 33350   -0.39390759E+0001   -0.39390759E+0001    0.48794887E+0000         1
 33400   -0.39392093E+0001   -0.39392093E+0001    0.50808638E+0000         1
 33450   -0.39391902E+0001   -0.39391902E+0001    0.45582854E+0000         1
 33500   -0.39390354E+0001   -0.39390354E+0001    0.50391555E+0000         1
 33550   -0.39387656E+0001   -0.39387656E+0001    0.55110969E+0000         1
 33600   -0.39394998E+0001   -0.39394998E+0001    0.36927858E+0000         1
 33650   -0.39393911E+0001   -0.39393911E+0001    0.42994413E+0000         1
 33700   -0.39392535E+0001   -0.39392535E+0001    0.38416573E+0000         1
 33750   -0.39389835E+0001   -0.39389835E+0001    0.50732340E+0000         1
 33800   -0.39391225E+0001   -0.39391225E+0001    0.45031676E+0000         1
 33850   -0.39394658E+0001   -0.39394658E+0001    0.40247404E+0000         1
 33900   -0.39394150E+0001   -0.39394150E+0001    0.43277164E+0000         1
 33950   -0.39394841E+0001   -0.39394841E+0001    0.45390932E+0000         1
 34000   -0.39386729E+0001   -0.39386729E+0001    0.67905101E+0000         1
 34050   -0.39388382E+0001   -0.39388382E+0001    0.52265327E+0000         1
 34100   -0.39394008E+0001   -0.39394008E+0001    0.37186146E+0000         1
 34150   -0.39386094E+0001   -0.39386094E+0001    0.64372903E+0000         1
 34200   -0.39396435E+0001   -0.39396435E+0001    0.33792439E+0000         1
 34250   -0.39395072E+0001   -0.39395072E+0001    0.40541001E+0000         1
 34300   -0.39388083E+0001   -0.39388083E+0001    0.54279510E+0000         1
 34350   -0.39383359E+0001   -0.39383359E+0001    0.67329356E+0000         1
 34400   -0.39388788E+0001   -0.39388788E+0001    0.53924880E+0000         1
 34450   -0.39386996E+0001   -0.39386996E+0001    0.56832941E+0000         1
 34500   -0.39391087E+0001   -0.39391087E+0001    0.43417969E+0000         1
 34550   -0.39395485E+0001   -0.39395485E+0001    0.34189969E+0000         1
 34600   -0.39388798E+0001   -0.39388798E+0001    0.57916930E+0000         1
 34650   -0.39394467E+0001   -0.39394467E+0001    0.46805559E+0000         1
 34700   -0.39391985E+0001   -0.39391985E+0001    0.49951082E+0000         1
 34750   -0.39393660E+0001   -0.39393660E+0001    0.35057170E+0000         1
 34800   -0.39396695E+0001   -0.39396695E+0001    0.29615262E+0000         1
 34850   -0.39384838E+0001   -0.39384838E+0001    0.69756331E+0000         1
 34900   -0.39388468E+0001   -0.39388468E+0001    0.52975403E+0000         1
 34950   -0.39391451E+0001   -0.39391451E+0001    0.35735233E+0000         1
 35000   -0.39393649E+0001   -0.39393649E+0001    0.32323006E+0000         1
 35050   -0.39393662E+0001   -0.39393662E+0001    0.38135124E+0000         1
 35100   -0.39394412E+0001   -0.39394412E+0001    0.40794174E+0000         1
 35150   -0.39393200E+0001   -0.39393200E+0001    0.53156129E+0000         1
 35200   -0.39394986E+0001   -0.39394986E+0001    0.42062865E+0000         1
 35250   -0.39392632E+0001   -0.39392632E+0001    0.47617043E+0000         1
 35300   -0.39389344E+0001   -0.39389344E+0001    0.55597946E+0000         1
 35350   -0.39389399E+0001   -0.39389399E+0001    0.57048265E+0000         1
 35400   -0.39389082E+0001   -0.39389082E+0001    0.51788520E+0000         1
 35450   -0.39387966E+0001   -0.39387966E+0001    0.51810200E+0000         1
 35500   -0.39386155E+0001   -0.39386155E+0001    0.58134189E+0000         1
 35550   -0.39387340E+0001   -0.39387340E+0001    0.57401822E+0000         1
 35600   -0.39387286E+0001   -0.39387286E+0001    0.54717993E+0000         1
 35650   -0.39391717E+0001   -0.39391717E+0001    0.44691556E+0000         1
 35700   -0.39393242E+0001   -0.39393242E+0001    0.49893555E+0000         1
 35750   -0.39395006E+0001   -0.39395006E+0001    0.37705908E+0000         1
 35800   -0.39393347E+0001   -0.39393347E+0001    0.41088221E+0000         1
 35850   -0.39393937E+0001   -0.39393937E+0001    0.43376483E+0000         1
 35900   -0.39386185E+0001   -0.39386185E+0001    0.67470631E+0000         1
 35950   -0.39387035E+0001   -0.39387035E+0001    0.61785411E+0000         1
 36000   -0.39392144E+0001   -0.39392144E+0001    0.48201352E+0000         1
 36050   -0.39390959E+0001   -0.39390959E+0001    0.45493053E+0000         1
 36100   -0.39392577E+0001   -0.39392577E+0001    0.50451738E+0000         1
 36150   -0.39391159E+0001   -0.39391159E+0001    0.51892569E+0000         1
 36200   -0.39386679E+0001   -0.39386679E+0001    0.74050955E+0000         1
 36250   -0.39389203E+0001   -0.39389203E+0001    0.65419030E+0000         1
 36300   -0.39391494E+0001   -0.39391494E+0001    0.56457611E+0000         1
 36350   -0.39390045E+0001   -0.39390045E+0001    0.54683674E+0000         1
 36400   -0.39392968E+0001   -0.39392968E+0001    0.44979856E+0000         1
 36450   -0.39392185E+0001   -0.39392185E+0001    0.44607857E+0000         1
 36500   -0.39390713E+0001   -0.39390713E+0001    0.37883118E+0000         1
 36550   -0.39387953E+0001   -0.39387953E+0001    0.61310751E+0000         1
 36600   -0.39385620E+0001   -0.39385620E+0001    0.62716258E+0000         1
 36650   -0.39387154E+0001   -0.39387154E+0001    0.57718843E+0000         1
 36700   -0.39387990E+0001   -0.39387990E+0001    0.52041487E+0000         1
 36750   -0.39393046E+0001   -0.39393046E+0001    0.40794573E+0000         1
 36800   -0.39390473E+0001   -0.39390473E+0001    0.47726565E+0000         1
 36850   -0.39390808E+0001   -0.39390808E+0001    0.44222025E+0000         1
 36900   -0.39387260E+0001   -0.39387260E+0001    0.50967926E+0000         1
 36950   -0.39389382E+0001   -0.39389382E+0001    0.49856753E+0000         1
 37000   -0.39384601E+0001   -0.39384601E+0001    0.60968227E+0000         1
 37050   -0.39384441E+0001   -0.39384441E+0001    0.58561082E+0000         1
 37100   -0.39392023E+0001   -0.39392023E+0001    0.43479928E+0000         1
 37150   -0.39386391E+0001   -0.39386391E+0001    0.50280137E+0000         1
 37200   -0.39383960E+0001   -0.39383960E+0001    0.63646109E+0000         1
 37250   -0.39387361E+0001   -0.39387361E+0001    0.59918150E+0000         1
 37300   -0.39391071E+0001   -0.39391071E+0001    0.42491811E+0000         1
 37350   -0.39394893E+0001   -0.39394893E+0001    0.42706321E+0000         1
 37400   -0.39395203E+0001   -0.39395203E+0001    0.36072320E+0000         1
 37450   -0.39392141E+0001   -0.39392141E+0001    0.49968595E+0000         1
 37500   -0.39392895E+0001   -0.39392895E+0001    0.47602079E+0000         1
 37550   -0.39389009E+0001   -0.39389009E+0001    0.63823197E+0000         1
 37600   -0.39393916E+0001   -0.39393916E+0001    0.51161689E+0000         1
 37650   -0.39393269E+0001   -0.39393269E+0001    0.49445061E+0000         1
 37700   -0.39393357E+0001   -0.39393357E+0001    0.53329269E+0000         1
 37750   -0.39396840E+0001   -0.39396840E+0001    0.38950369E+0000         1
 37800   -0.39391852E+0001   -0.39391852E+0001    0.59000169E+0000         1
 37850   -0.39390075E+0001   -0.39390075E+0001    0.54666158E+0000         1
 37900   -0.39390504E+0001   -0.39390504E+0001    0.57208241E+0000         1
 37950   -0.39392191E+0001   -0.39392191E+0001    0.47973257E+0000         1
 38000   -0.39387658E+0001   -0.39387658E+0001    0.62383857E+0000         1
 38050   -0.39390265E+0001   -0.39390265E+0001    0.50946214E+0000         1
 38100   -0.39392032E+0001   -0.39392032E+0001    0.50361883E+0000         1
 38150   -0.39392841E+0001   -0.39392841E+0001    0.45950379E+0000         1
 38200   -0.39392049E+0001   -0.39392049E+0001    0.44176899E+0000         1
 38250   -0.39391762E+0001   -0.39391762E+0001    0.46506025E+0000         1
 38300   -0.39394165E+0001   -0.39394165E+0001    0.30437871E+0000         1
 38350   -0.39389343E+0001   -0.39389343E+0001    0.45800622E+0000         1
 38400   -0.39392193E+0001   -0.39392193E+0001    0.41583307E+0000         1
 38450   -0.39390304E+0001   -0.39390304E+0001    0.59259215E+0000         1
 38500   -0.39384739E+0001   -0.39384739E+0001    0.67707897E+0000         1
 38550   -0.39393900E+0001   -0.39393900E+0001    0.41122249E+0000         1
 38600   -0.39389449E+0001   -0.39389449E+0001    0.50336396E+0000         1
 38650   -0.39390045E+0001   -0.39390045E+0001    0.64426860E+0000         1
 38700   -0.39386825E+0001   -0.39386825E+0001    0.74580993E+0000         1
 38750   -0.39391408E+0001   -0.39391408E+0001    0.53922174E+0000         1
 38800   -0.39390526E+0001   -0.39390526E+0001    0.51723336E+0000         1
 38850   -0.39393902E+0001   -0.39393902E+0001    0.39521488E+0000         1
 38900   -0.39394202E+0001   -0.39394202E+0001    0.38465028E+0000         1
 38950   -0.39392292E+0001   -0.39392292E+0001    0.44628420E+0000         1
 39000   -0.39383026E+0001   -0.39383026E+0001    0.73390052E+0000         1
 39050   -0.39391019E+0001   -0.39391019E+0001    0.50766349E+0000         1
 39100   -0.39390222E+0001   -0.39390222E+0001    0.63010014E+0000         1
 39150   -0.39388592E+0001   -0.39388592E+0001    0.59786619E+0000         1
 39200   -0.39385799E+0001   -0.39385799E+0001    0.62542613E+0000         1
 39250   -0.39379257E+0001   -0.39379257E+0001    0.77156454E+0000         1
 39300   -0.39372761E+0001   -0.39372761E+0001    0.88780802E+0000         1
 39350   -0.39385106E+0001   -0.39385106E+0001    0.62016367E+0000         1
 39400   -0.39386062E+0001   -0.39386062E+0001    0.46577715E+0000         1
 39450   -0.39391029E+0001   -0.39391029E+0001    0.41589461E+0000         1
 39500   -0.39387833E+0001   -0.39387833E+0001    0.55550841E+0000         1
 39550   -0.39385960E+0001   -0.39385960E+0001    0.54342402E+0000         1
 39600   -0.39384667E+0001   -0.39384667E+0001    0.63569997E+0000         1
 39650   -0.39386764E+0001   -0.39386764E+0001    0.57686718E+0000         1
 39700   -0.39386450E+0001   -0.39386450E+0001    0.57753427E+0000         1
 39750   -0.39387773E+0001   -0.39387773E+0001    0.49098435E+0000         1
 39800   -0.39387307E+0001   -0.39387307E+0001    0.44258147E+0000         1
 39850   -0.39385070E+0001   -0.39385070E+0001    0.55376639E+0000         1
 39900   -0.39385778E+0001   -0.39385778E+0001    0.60327519E+0000         1
 39950   -0.39385245E+0001   -0.39385245E+0001    0.60126482E+0000         1
 40000   -0.39392625E+0001   -0.39392625E+0001    0.43620600E+0000         1
 40050   -0.39389881E+0001   -0.39389881E+0001    0.39433262E+0000         1
 40100   -0.39389926E+0001   -0.39389926E+0001    0.55465412E+0000         1
 40150   -0.39386638E+0001   -0.39386638E+0001    0.68369117E+0000         1
 40200   -0.39395322E+0001   -0.39395322E+0001    0.35937549E+0000         1
 40250   -0.39386167E+0001   -0.39386167E+0001    0.58927954E+0000         1
 40300   -0.39390119E+0001   -0.39390119E+0001    0.48935891E+0000         1
 40350   -0.39390115E+0001   -0.39390115E+0001    0.59523673E+0000         1
 40400   -0.39390032E+0001   -0.39390032E+0001    0.57401134E+0000         1
 40450   -0.39389287E+0001   -0.39389287E+0001    0.42143439E+0000         1
 40500   -0.39391375E+0001   -0.39391375E+0001    0.35506227E+0000         1
 40550   -0.39390209E+0001   -0.39390209E+0001    0.49384440E+0000         1
 40600   -0.39389108E+0001   -0.39389108E+0001    0.57684502E+0000         1
 40650   -0.39387504E+0001   -0.39387504E+0001    0.54656493E+0000         1
 40700   -0.39384094E+0001   -0.39384094E+0001    0.66303636E+0000         1
 40750   -0.39381787E+0001   -0.39381787E+0001    0.72752919E+0000         1
 40800   -0.39386861E+0001   -0.39386861E+0001    0.66207650E+0000         1
 40850   -0.39394429E+0001   -0.39394429E+0001    0.37796610E+0000         1
 40900   -0.39384835E+0001   -0.39384835E+0001    0.73366412E+0000         1
 40950   -0.39391385E+0001   -0.39391385E+0001    0.42354700E+0000         1
 41000   -0.39387556E+0001   -0.39387556E+0001    0.56138782E+0000         1
 41050   -0.39389263E+0001   -0.39389263E+0001    0.62415840E+0000         1
 41100   -0.39391673E+0001   -0.39391673E+0001    0.51116993E+0000         1
 41150   -0.39388719E+0001   -0.39388719E+0001    0.61935662E+0000         1
 41200   -0.39393203E+0001   -0.39393203E+0001    0.49003640E+0000         1
 41250   -0.39396717E+0001   -0.39396717E+0001    0.32395948E+0000         1
 41300   -0.39392222E+0001   -0.39392222E+0001    0.52814358E+0000         1
 41350   -0.39389668E+0001   -0.39389668E+0001    0.70550365E+0000         1
 41400   -0.39390101E+0001   -0.39390101E+0001    0.56646107E+0000         1
 41450   -0.39387913E+0001   -0.39387913E+0001    0.61690956E+0000         1
 41500   -0.39392777E+0001   -0.39392777E+0001    0.38291563E+0000         1
 41550   -0.39391106E+0001   -0.39391106E+0001    0.42899139E+0000         1
 41600   -0.39384540E+0001   -0.39384540E+0001    0.57251252E+0000         1
 41650   -0.39384566E+0001   -0.39384566E+0001    0.53229960E+0000         1
 41700   -0.39386120E+0001   -0.39386120E+0001    0.60331618E+0000         1
 41750   -0.39385131E+0001   -0.39385131E+0001    0.57001625E+0000         1
 41800   -0.39385095E+0001   -0.39385095E+0001    0.46655806E+0000         1
 41850   -0.39387942E+0001   -0.39387942E+0001    0.46248761E+0000         1
 41900   -0.39386977E+0001   -0.39386977E+0001    0.53136367E+0000         1
 41950   -0.39386529E+0001   -0.39386529E+0001    0.54367305E+0000         1
 42000   -0.39385189E+0001   -0.39385189E+0001    0.63901833E+0000         1
 42050   -0.39379975E+0001   -0.39379975E+0001    0.69873168E+0000         1
 42100   -0.39386411E+0001   -0.39386411E+0001    0.64099156E+0000         1
 42150   -0.39382380E+0001   -0.39382380E+0001    0.74996767E+0000         1
 42200   -0.39381424E+0001   -0.39381424E+0001    0.73892478E+0000         1
 42250   -0.39386628E+0001   -0.39386628E+0001    0.53094683E+0000         1
 42300   -0.39389163E+0001   -0.39389163E+0001    0.42698780E+0000         1
 42350   -0.39387795E+0001   -0.39387795E+0001    0.60914413E+0000         1
 42400   -0.39388988E+0001   -0.39388988E+0001    0.66144324E+0000         1
 42450   -0.39382190E+0001   -0.39382190E+0001    0.72161017E+0000         1
 42500   -0.39386057E+0001   -0.39386057E+0001    0.60962509E+0000         1
 42550   -0.39385048E+0001   -0.39385048E+0001    0.65611850E+0000         1
 42600   -0.39396115E+0001   -0.39396115E+0001    0.34259463E+0000         1
 42650   -0.39390823E+0001   -0.39390823E+0001    0.57828556E+0000         1
 42700   -0.39390932E+0001   -0.39390932E+0001    0.55304326E+0000         1
 42750   -0.39389602E+0001   -0.39389602E+0001    0.54457033E+0000         1
 42800   -0.39391301E+0001   -0.39391301E+0001    0.58447255E+0000         1
 42850   -0.39395922E+0001   -0.39395922E+0001    0.34332851E+0000         1
 42900   -0.39390523E+0001   -0.39390523E+0001    0.48573122E+0000         1
 42950   -0.39387528E+0001   -0.39387528E+0001    0.59307364E+0000         1
 43000   -0.39388106E+0001   -0.39388106E+0001    0.55370196E+0000         1
 43050   -0.39391453E+0001   -0.39391453E+0001    0.56365084E+0000         1
 43100   -0.39392252E+0001   -0.39392252E+0001    0.46772886E+0000         1
 43150   -0.39389914E+0001   -0.39389914E+0001    0.54714170E+0000         1
 43200   -0.39392575E+0001   -0.39392575E+0001    0.40409043E+0000         1
 43250   -0.39391828E+0001   -0.39391828E+0001    0.46899579E+0000         1
 43300   -0.39396714E+0001   -0.39396714E+0001    0.26908487E+0000         1
 43350   -0.39386670E+0001   -0.39386670E+0001    0.60122248E+0000         1
 43400   -0.39390190E+0001   -0.39390190E+0001    0.46440124E+0000         1
 43450   -0.39387346E+0001   -0.39387346E+0001    0.58403871E+0000         1
 43500   -0.39384645E+0001   -0.39384645E+0001    0.57635719E+0000         1
 43550   -0.39392145E+0001   -0.39392145E+0001    0.46896555E+0000         1
 43600   -0.39390848E+0001   -0.39390848E+0001    0.50389601E+0000         1
 43650   -0.39390462E+0001   -0.39390462E+0001    0.44626346E+0000         1
 43700   -0.39383174E+0001   -0.39383174E+0001    0.69341567E+0000         1
 43750   -0.39392735E+0001   -0.39392735E+0001    0.42967895E+0000         1
 43800   -0.39390008E+0001   -0.39390008E+0001    0.49266277E+0000         1
 43850   -0.39389291E+0001   -0.39389291E+0001    0.48175846E+0000         1
 43900   -0.39390622E+0001   -0.39390622E+0001    0.43729660E+0000         1
 43950   -0.39388504E+0001   -0.39388504E+0001    0.56080564E+0000         1
 44000   -0.39388880E+0001   -0.39388880E+0001    0.68711654E+0000         1
 44050   -0.39395701E+0001   -0.39395701E+0001    0.37096080E+0000         1
 44100   -0.39395763E+0001   -0.39395763E+0001    0.34050717E+0000         1
 44150   -0.39390306E+0001   -0.39390306E+0001    0.58382925E+0000         1
 44200   -0.39389128E+0001   -0.39389128E+0001    0.53322038E+0000         1
 44250   -0.39389394E+0001   -0.39389394E+0001    0.47088338E+0000         1
 44300   -0.39387430E+0001   -0.39387430E+0001    0.41895042E+0000         1
 44350   -0.39384406E+0001   -0.39384406E+0001    0.53502685E+0000         1
 44400   -0.39378748E+0001   -0.39378748E+0001    0.61160667E+0000         1
 44450   -0.39376847E+0001   -0.39376847E+0001    0.72887439E+0000         1
 44500   -0.39380054E+0001   -0.39380054E+0001    0.53133529E+0000         1
 44550   -0.39373987E+0001   -0.39373987E+0001    0.64881828E+0000         1
 44600   -0.39381873E+0001   -0.39381873E+0001    0.48068681E+0000         1
 44650   -0.39383251E+0001   -0.39383251E+0001    0.54654608E+0000         1
 44700   -0.39378853E+0001   -0.39378853E+0001    0.60834831E+0000         1
 44750   -0.39384467E+0001   -0.39384467E+0001    0.58006734E+0000         1
 44800   -0.39382116E+0001   -0.39382116E+0001    0.59319568E+0000         1
 44850   -0.39385023E+0001   -0.39385023E+0001    0.58890580E+0000         1
 44900   -0.39387534E+0001   -0.39387534E+0001    0.49952362E+0000         1
 44950   -0.39392779E+0001   -0.39392779E+0001    0.34827518E+0000         1
 45000   -0.39389711E+0001   -0.39389711E+0001    0.51049511E+0000         1
 45050   -0.39387604E+0001   -0.39387604E+0001    0.56658762E+0000         1
 45100   -0.39388390E+0001   -0.39388390E+0001    0.49254021E+0000         1
 45150   -0.39393061E+0001   -0.39393061E+0001    0.38951901E+0000         1
 45200   -0.39388838E+0001   -0.39388838E+0001    0.51277298E+0000         1
 45250   -0.39387172E+0001   -0.39387172E+0001    0.55388011E+0000         1
 45300   -0.39386375E+0001   -0.39386375E+0001    0.60811376E+0000         1
 45350   -0.39394115E+0001   -0.39394115E+0001    0.44976585E+0000         1
 45400   -0.39392099E+0001   -0.39392099E+0001    0.45831147E+0000         1
 45450   -0.39389077E+0001   -0.39389077E+0001    0.52049395E+0000         1
 45500   -0.39390703E+0001   -0.39390703E+0001    0.49671273E+0000         1
 45550   -0.39394146E+0001   -0.39394146E+0001    0.41056867E+0000         1
 45600   -0.39397663E+0001   -0.39397663E+0001    0.29378202E+0000         1
 45650   -0.39393618E+0001   -0.39393618E+0001    0.52856552E+0000         1
 45700   -0.39391723E+0001   -0.39391723E+0001    0.49890768E+0000         1
 45750   -0.39388171E+0001   -0.39388171E+0001    0.59383776E+0000         1
 45800   -0.39397507E+0001   -0.39397507E+0001    0.30637327E+0000         1
 45850   -0.39389205E+0001   -0.39389205E+0001    0.60623555E+0000         1
 45900   -0.39390431E+0001   -0.39390431E+0001    0.48241379E+0000         1
 45950   -0.39386036E+0001   -0.39386036E+0001    0.70134204E+0000         1
 46000   -0.39388873E+0001   -0.39388873E+0001    0.62167541E+0000         1
 46050   -0.39392104E+0001   -0.39392104E+0001    0.43093803E+0000         1
 46100   -0.39391639E+0001   -0.39391639E+0001    0.48192033E+0000         1
 46150   -0.39393131E+0001   -0.39393131E+0001    0.60456077E+0000         1
 46200   -0.39392612E+0001   -0.39392612E+0001    0.55941763E+0000         1
 46250   -0.39391159E+0001   -0.39391159E+0001    0.53207100E+0000         1
 46300   -0.39393793E+0001   -0.39393793E+0001    0.51447267E+0000         1
 46350   -0.39396471E+0001   -0.39396471E+0001    0.36101390E+0000         1
 46400   -0.39394222E+0001   -0.39394222E+0001    0.41174083E+0000         1
 46450   -0.39394326E+0001   -0.39394326E+0001    0.37090569E+0000         1
 46500   -0.39393655E+0001   -0.39393655E+0001    0.50409769E+0000         1
 46550   -0.39395456E+0001   -0.39395456E+0001    0.43376819E+0000         1
 46600   -0.39389037E+0001   -0.39389037E+0001    0.51411930E+0000         1
 46650   -0.39387658E+0001   -0.39387658E+0001    0.61870959E+0000         1
 46700   -0.39387189E+0001   -0.39387189E+0001    0.59809434E+0000         1
 46750   -0.39386936E+0001   -0.39386936E+0001    0.61933110E+0000         1
 46800   -0.39385311E+0001   -0.39385311E+0001    0.74483072E+0000         1
 46850   -0.39391825E+0001   -0.39391825E+0001    0.44176666E+0000         1
 46900   -0.39392433E+0001   -0.39392433E+0001    0.36803586E+0000         1
 46950   -0.39390839E+0001   -0.39390839E+0001    0.46386415E+0000         1
 47000   -0.39391530E+0001   -0.39391530E+0001    0.42393997E+0000         1
 47050   -0.39396010E+0001   -0.39396010E+0001    0.30356252E+0000         1
 47100   -0.39391173E+0001   -0.39391173E+0001    0.53310499E+0000         1
 47150   -0.39387641E+0001   -0.39387641E+0001    0.61048320E+0000         1
 47200   -0.39388083E+0001   -0.39388083E+0001    0.50981098E+0000         1
 47250   -0.39386173E+0001   -0.39386173E+0001    0.54151327E+0000         1
 47300   -0.39387343E+0001   -0.39387343E+0001    0.57928684E+0000         1
 47350   -0.39390199E+0001   -0.39390199E+0001    0.46951626E+0000         1
 47400   -0.39387444E+0001   -0.39387444E+0001    0.61011052E+0000         1
 47450   -0.39380619E+0001   -0.39380619E+0001    0.84010765E+0000         1
 47500   -0.39387037E+0001   -0.39387037E+0001    0.58909104E+0000         1
 47550   -0.39387790E+0001   -0.39387790E+0001    0.50772073E+0000         1
 47600   -0.39391464E+0001   -0.39391464E+0001    0.40709453E+0000         1
 47650   -0.39388669E+0001   -0.39388669E+0001    0.44212747E+0000         1
 47700   -0.39382846E+0001   -0.39382846E+0001    0.62956145E+0000         1
 47750   -0.39391634E+0001   -0.39391634E+0001    0.46042193E+0000         1
 47800   -0.39393195E+0001   -0.39393195E+0001    0.38679076E+0000         1
 47850   -0.39385662E+0001   -0.39385662E+0001    0.63460723E+0000         1
 47900   -0.39391317E+0001   -0.39391317E+0001    0.44859503E+0000         1
 47950   -0.39389367E+0001   -0.39389367E+0001    0.54393437E+0000         1
 48000   -0.39385060E+0001   -0.39385060E+0001    0.58635488E+0000         1
