     1   -0.39239781E+0001   -0.39242667E+0001    0.12798615E+0001     12001
    50   -0.39233326E+0001   -0.39273778E+0001    0.11743220E+0001     12115
   100   -0.39236660E+0001   -0.39285588E+0001    0.11121990E+0001     12222
   150   -0.39248549E+0001   -0.39301193E+0001    0.11117551E+0001     12476
   200   -0.39262500E+0001   -0.39309615E+0001    0.10708810E+0001     12525
   250   -0.39274973E+0001   -0.39323556E+0001    0.94268667E+0000     12858
   300   -0.39287184E+0001   -0.39329702E+0001    0.96577701E+0000     13356
   350   -0.39300728E+0001   -0.39340878E+0001    0.86693500E+0000     13672
   400   -0.39312433E+0001   -0.39349057E+0001    0.82505450E+0000     13822
     1   -0.39239736E+0001   -0.39242561E+0001    0.12798615E+0001     11999
    50   -0.39231443E+0001   -0.39272542E+0001    0.11985732E+0001     11903
   100   -0.39233658E+0001   -0.39282294E+0001    0.11628443E+0001     12283
   150   -0.39241081E+0001   -0.39287980E+0001    0.10955244E+0001     12471
   200   -0.39252858E+0001   -0.39307146E+0001    0.98975322E+0000     12941
   250   -0.39265090E+0001   -0.39310758E+0001    0.98096809E+0000     13037
   300   -0.39279345E+0001   -0.39321506E+0001    0.92054001E+0000     13475
   350   -0.39293208E+0001   -0.39328421E+0001    0.87834552E+0000     13478
   400   -0.39301142E+0001   -0.39337993E+0001    0.83653597E+0000     14031
     1   -0.39239705E+0001   -0.39242627E+0001    0.12798615E+0001     11999
    50   -0.39229149E+0001   -0.39272120E+0001    0.11809539E+0001     12120
   100   -0.39229672E+0001   -0.39281801E+0001    0.11482129E+0001     12352
   150   -0.39240116E+0001   -0.39294932E+0001    0.10372519E+0001     12662
   200   -0.39253769E+0001   -0.39307331E+0001    0.10367669E+0001     12894
   250   -0.39266507E+0001   -0.39310410E+0001    0.96456523E+0000     13031
   300   -0.39275718E+0001   -0.39319496E+0001    0.92700147E+0000     13079
   350   -0.39287134E+0001   -0.39327747E+0001    0.88222007E+0000     13378
   400   -0.39299940E+0001   -0.39333376E+0001    0.81615981E+0000     13824
     1   -0.39239653E+0001   -0.39242591E+0001    0.12798615E+0001     11997
    50   -0.39227400E+0001   -0.39270483E+0001    0.11647995E+0001     12085
   100   -0.39225200E+0001   -0.39277523E+0001    0.11835597E+0001     12411
   150   -0.39233665E+0001   -0.39284764E+0001    0.11414692E+0001     12766
   200   -0.39244284E+0001   -0.39291197E+0001    0.10957143E+0001     13106
   250   -0.39255718E+0001   -0.39300091E+0001    0.10352730E+0001     13263
   300   -0.39265499E+0001   -0.39312829E+0001    0.10001147E+0001     13186
   350   -0.39272952E+0001   -0.39316720E+0001    0.99160832E+0000     13396
   400   -0.39281725E+0001   -0.39323833E+0001    0.93671415E+0000     13564
     1   -0.39239660E+0001   -0.39242779E+0001    0.12798615E+0001     11997
    50   -0.39225167E+0001   -0.39266291E+0001    0.12009365E+0001     11938
   100   -0.39220442E+0001   -0.39279963E+0001    0.11593027E+0001     12217
   150   -0.39226902E+0001   -0.39288701E+0001    0.11221257E+0001     12600
   200   -0.39238975E+0001   -0.39301132E+0001    0.10545100E+0001     12977
   250   -0.39254409E+0001   -0.39309600E+0001    0.10527210E+0001     13503
   300   -0.39267039E+0001   -0.39322820E+0001    0.98853410E+0000     13904
   350   -0.39278451E+0001   -0.39333053E+0001    0.92183920E+0000     14159
   400   -0.39292124E+0001   -0.39336819E+0001    0.88665028E+0000     14337
     1   -0.39239622E+0001   -0.39242671E+0001    0.12798615E+0001     12000
    50   -0.39224021E+0001   -0.39265503E+0001    0.12126442E+0001     12166
   100   -0.39218887E+0001   -0.39270703E+0001    0.11922295E+0001     12294
   150   -0.39223235E+0001   -0.39273155E+0001    0.11713775E+0001     12545
   200   -0.39225472E+0001   -0.39276762E+0001    0.11759902E+0001     12574
   250   -0.39227301E+0001   -0.39278194E+0001    0.11503962E+0001     12751
   300   -0.39232303E+0001   -0.39286646E+0001    0.11557606E+0001     13026
   350   -0.39239145E+0001   -0.39282938E+0001    0.11131204E+0001     12991
   400   -0.39243567E+0001   -0.39284414E+0001    0.10542211E+0001     13336
     1   -0.39239568E+0001   -0.39242888E+0001    0.12798615E+0001     12006
    50   -0.39222682E+0001   -0.39260708E+0001    0.12212848E+0001     11956
   100   -0.39215366E+0001   -0.39265030E+0001    0.12287999E+0001     12135
   150   -0.39215649E+0001   -0.39280909E+0001    0.11857052E+0001     12208
   200   -0.39218761E+0001   -0.39280776E+0001    0.11402475E+0001     12468
   250   -0.39229531E+0001   -0.39283290E+0001    0.11219664E+0001     12800
   300   -0.39244215E+0001   -0.39292883E+0001    0.10615034E+0001     13107
   350   -0.39252516E+0001   -0.39295575E+0001    0.10472799E+0001     13545
   400   -0.39258359E+0001   -0.39313660E+0001    0.10415724E+0001     13994
     1   -0.39239536E+0001   -0.39242885E+0001    0.12798615E+0001     12005
    50   -0.39221536E+0001   -0.39263584E+0001    0.12008832E+0001     12037
   100   -0.39212796E+0001   -0.39278522E+0001    0.12272183E+0001     12313
   150   -0.39213317E+0001   -0.39277947E+0001    0.11833503E+0001     12425
   200   -0.39223994E+0001   -0.39289724E+0001    0.11151634E+0001     12754
   250   -0.39243951E+0001   -0.39296699E+0001    0.10433595E+0001     13204
   300   -0.39259295E+0001   -0.39303059E+0001    0.99968418E+0000     13664
   350   -0.39263739E+0001   -0.39304780E+0001    0.96957244E+0000     13921
   400   -0.39266631E+0001   -0.39310602E+0001    0.98665251E+0000     14372
     1   -0.39239540E+0001   -0.39242811E+0001    0.12798615E+0001     11999
    50   -0.39219835E+0001   -0.39263550E+0001    0.12267999E+0001     11972
   100   -0.39209886E+0001   -0.39264730E+0001    0.12295979E+0001     12339
   150   -0.39210036E+0001   -0.39257384E+0001    0.12012012E+0001     12587
   200   -0.39208341E+0001   -0.39259857E+0001    0.12084090E+0001     12804
   250   -0.39206410E+0001   -0.39266476E+0001    0.11785074E+0001     13265
   300   -0.39210997E+0001   -0.39277977E+0001    0.11072728E+0001     13643
   350   -0.39233645E+0001   -0.39284569E+0001    0.10702011E+0001     14036
   400   -0.39243439E+0001   -0.39288916E+0001    0.10888959E+0001     14298
     1   -0.39239549E+0001   -0.39242863E+0001    0.12798615E+0001     12005
    50   -0.39218741E+0001   -0.39260973E+0001    0.12398714E+0001     12051
   100   -0.39206726E+0001   -0.39256551E+0001    0.12538751E+0001     11982
   150   -0.39201061E+0001   -0.39252914E+0001    0.12731702E+0001     12401
   200   -0.39201436E+0001   -0.39260197E+0001    0.12534782E+0001     12689
   250   -0.39209585E+0001   -0.39270196E+0001    0.11970564E+0001     13003
   300   -0.39219689E+0001   -0.39283235E+0001    0.11778952E+0001     13531
   350   -0.39228806E+0001   -0.39284228E+0001    0.10620058E+0001     14122
   400   -0.39242987E+0001   -0.39293478E+0001    0.10679585E+0001     14529
     1   -0.39239514E+0001   -0.39242724E+0001    0.12798615E+0001     12001
    50   -0.39217796E+0001   -0.39258636E+0001    0.12248706E+0001     12032
   100   -0.39203842E+0001   -0.39255128E+0001    0.12820126E+0001     12137
   150   -0.39196123E+0001   -0.39247196E+0001    0.12785774E+0001     12112
   200   -0.39193924E+0001   -0.39255811E+0001    0.12705901E+0001     12411
   250   -0.39190560E+0001   -0.39246771E+0001    0.12307931E+0001     12656
   300   -0.39191463E+0001   -0.39245729E+0001    0.12587110E+0001     13184
   350   -0.39188906E+0001   -0.39253512E+0001    0.12179035E+0001     13358
   400   -0.39184409E+0001   -0.39255896E+0001    0.12431594E+0001     13502
   450   -0.39180173E+0001   -0.39265528E+0001    0.12029326E+0001     14067
   500   -0.39181447E+0001   -0.39280081E+0001    0.11362662E+0001     14444
   550   -0.39221148E+0001   -0.39286058E+0001    0.10981371E+0001     14879
     1   -0.39239458E+0001   -0.39242788E+0001    0.12798615E+0001     12003
    50   -0.39217569E+0001   -0.39262726E+0001    0.12003423E+0001     12073
   100   -0.39203983E+0001   -0.39264030E+0001    0.11932166E+0001     12246
   150   -0.39198769E+0001   -0.39267441E+0001    0.12193958E+0001     12898
   200   -0.39197473E+0001   -0.39262467E+0001    0.11853626E+0001     12904
   250   -0.39204848E+0001   -0.39262609E+0001    0.11976662E+0001     13481
   300   -0.39204324E+0001   -0.39260875E+0001    0.11884701E+0001     14095
   350   -0.39200045E+0001   -0.39271175E+0001    0.12069278E+0001     14073
   400   -0.39195287E+0001   -0.39262498E+0001    0.11867936E+0001     14466
   450   -0.39197672E+0001   -0.39269939E+0001    0.11890737E+0001     14783
   500   -0.39198868E+0001   -0.39267781E+0001    0.11972527E+0001     15102
   550   -0.39197892E+0001   -0.39255698E+0001    0.11847168E+0001     15306
   600   -0.39199091E+0001   -0.39249374E+0001    0.12170567E+0001     15832
   650   -0.39196604E+0001   -0.39242623E+0001    0.12446354E+0001     16237
   700   -0.39189234E+0001   -0.39247511E+0001    0.11657624E+0001     16753
   750   -0.39189185E+0001   -0.39243992E+0001    0.11664373E+0001     17227
   800   -0.39194795E+0001   -0.39251227E+0001    0.11626578E+0001     17680
   850   -0.39195756E+0001   -0.39254663E+0001    0.11856384E+0001     18272
   900   -0.39194861E+0001   -0.39252140E+0001    0.11228310E+0001     18516
   950   -0.39196970E+0001   -0.39259736E+0001    0.11146072E+0001     19032
  1000   -0.39210097E+0001   -0.39260928E+0001    0.10766545E+0001     19911
  1050   -0.39214558E+0001   -0.39270378E+0001    0.10422063E+0001     20561
  1100   -0.39211905E+0001   -0.39273278E+0001    0.10424647E+0001     21126
  1150   -0.39216148E+0001   -0.39280428E+0001    0.10638719E+0001     22313
  1200   -0.39222704E+0001   -0.39278749E+0001    0.10761615E+0001     22634
  1250   -0.39225542E+0001   -0.39280160E+0001    0.10493142E+0001     23062
  1300   -0.39225533E+0001   -0.39276236E+0001    0.10733550E+0001     23696
  1350   -0.39223551E+0001   -0.39274101E+0001    0.10830918E+0001     24154
  1400   -0.39219229E+0001   -0.39274662E+0001    0.10608520E+0001     24792
  1450   -0.39217321E+0001   -0.39274664E+0001    0.10217025E+0001     25574
  1500   -0.39222347E+0001   -0.39276276E+0001    0.10621010E+0001     26322
  1550   -0.39225308E+0001   -0.39273413E+0001    0.10459501E+0001     26912
  1600   -0.39225380E+0001   -0.39278706E+0001    0.10274512E+0001     27740
  1601   -0.39226228E+0001   -0.39226228E+0001    0.11101498E+0001     12000
  1650   -0.39244669E+0001   -0.39276292E+0001    0.97673462E+0000     12046
  1700   -0.39234340E+0001   -0.39275744E+0001    0.99536781E+0000     12245
  1750   -0.39227772E+0001   -0.39275431E+0001    0.10437712E+0001     12443
  1800   -0.39224684E+0001   -0.39268154E+0001    0.10270694E+0001     12705
  1850   -0.39225472E+0001   -0.39273456E+0001    0.10242206E+0001     13140
  1900   -0.39227559E+0001   -0.39281844E+0001    0.97788199E+0000     13734
  1950   -0.39236307E+0001   -0.39287144E+0001    0.98077412E+0000     14029
  2000   -0.39245080E+0001   -0.39289196E+0001    0.97506220E+0000     14318
     1   -0.39239481E+0001   -0.39242678E+0001    0.12798615E+0001     11998
    50   -0.39217783E+0001   -0.39265060E+0001    0.12197190E+0001     12067
   100   -0.39204212E+0001   -0.39253788E+0001    0.12309119E+0001     12117
   150   -0.39198729E+0001   -0.39256661E+0001    0.12490690E+0001     12342
   200   -0.39196973E+0001   -0.39260661E+0001    0.12496803E+0001     12907
   250   -0.39199832E+0001   -0.39263147E+0001    0.12383007E+0001     13111
   300   -0.39199669E+0001   -0.39260196E+0001    0.11796594E+0001     13574
   350   -0.39203192E+0001   -0.39263813E+0001    0.12020557E+0001     14135
   400   -0.39205041E+0001   -0.39258703E+0001    0.12016634E+0001     14730
   450   -0.39205730E+0001   -0.39263010E+0001    0.12034972E+0001     15306
   500   -0.39206363E+0001   -0.39265791E+0001    0.10989316E+0001     15964
   550   -0.39218413E+0001   -0.39269350E+0001    0.11501064E+0001     16579
   600   -0.39221273E+0001   -0.39268712E+0001    0.11003965E+0001     17178
   650   -0.39220569E+0001   -0.39270367E+0001    0.11359834E+0001     17247
   700   -0.39221911E+0001   -0.39279277E+0001    0.10964473E+0001     17834
   750   -0.39228494E+0001   -0.39283043E+0001    0.10929501E+0001     18342
   800   -0.39239478E+0001   -0.39284497E+0001    0.10613271E+0001     19025
     1   -0.39239488E+0001   -0.39243036E+0001    0.12798615E+0001     11999
    50   -0.39217373E+0001   -0.39259264E+0001    0.12371362E+0001     12005
   100   -0.39203205E+0001   -0.39252667E+0001    0.12568045E+0001     12240
   150   -0.39196000E+0001   -0.39255837E+0001    0.12869765E+0001     12252
   200   -0.39191510E+0001   -0.39256952E+0001    0.12425117E+0001     12339
   250   -0.39191724E+0001   -0.39269525E+0001    0.12180639E+0001     12702
   300   -0.39212479E+0001   -0.39280682E+0001    0.11568511E+0001     13156
   350   -0.39224086E+0001   -0.39288621E+0001    0.11213068E+0001     13506
   400   -0.39231536E+0001   -0.39281959E+0001    0.11355060E+0001     13880
   450   -0.39232513E+0001   -0.39281180E+0001    0.11054451E+0001     14033
   500   -0.39236962E+0001   -0.39292786E+0001    0.10660853E+0001     14367
     1   -0.39239494E+0001   -0.39242927E+0001    0.12798615E+0001     12002
    50   -0.39216070E+0001   -0.39259137E+0001    0.12100628E+0001     12022
   100   -0.39200428E+0001   -0.39254278E+0001    0.12833342E+0001     12095
   150   -0.39190687E+0001   -0.39245115E+0001    0.12968118E+0001     12369
   200   -0.39185599E+0001   -0.39245376E+0001    0.12729938E+0001     12989
   250   -0.39184144E+0001   -0.39250015E+0001    0.12330365E+0001     13292
   300   -0.39190757E+0001   -0.39239010E+0001    0.12757686E+0001     13882
   350   -0.39192391E+0001   -0.39242861E+0001    0.13137252E+0001     14192
   400   -0.39185722E+0001   -0.39242621E+0001    0.12307415E+0001     14715
   450   -0.39184824E+0001   -0.39243572E+0001    0.12572363E+0001     15118
   500   -0.39186152E+0001   -0.39235471E+0001    0.12679784E+0001     15175
   550   -0.39180867E+0001   -0.39238211E+0001    0.12568072E+0001     15707
   600   -0.39173484E+0001   -0.39244880E+0001    0.12534196E+0001     16188
   650   -0.39170715E+0001   -0.39231537E+0001    0.12602242E+0001     16613
   700   -0.39163620E+0001   -0.39234069E+0001    0.12252571E+0001     17006
   750   -0.39154738E+0001   -0.39229834E+0001    0.12262888E+0001     17365
   800   -0.39152661E+0001   -0.39217101E+0001    0.12862003E+0001     17597
   850   -0.39150864E+0001   -0.39208565E+0001    0.12767487E+0001     18001
   900   -0.39142051E+0001   -0.39211356E+0001    0.12709494E+0001     18414
   950   -0.39139068E+0001   -0.39203093E+0001    0.13013060E+0001     18944
  1000   -0.39136544E+0001   -0.39205294E+0001    0.12922021E+0001     19539
  1050   -0.39130307E+0001   -0.39194052E+0001    0.12909653E+0001     20123
  1100   -0.39125159E+0001   -0.39185796E+0001    0.12880291E+0001     21085
  1150   -0.39121904E+0001   -0.39190677E+0001    0.13129689E+0001     21849
  1200   -0.39117838E+0001   -0.39174658E+0001    0.13211566E+0001     22583
  1250   -0.39111704E+0001   -0.39172007E+0001    0.12989654E+0001     22898
  1300   -0.39104332E+0001   -0.39182200E+0001    0.13121258E+0001     23859
  1350   -0.39095835E+0001   -0.39169561E+0001    0.13272788E+0001     24546
  1400   -0.39094531E+0001   -0.39177690E+0001    0.13260767E+0001     25333
  1450   -0.39091943E+0001   -0.39165075E+0001    0.13552971E+0001     25847
  1500   -0.39083721E+0001   -0.39148396E+0001    0.13873233E+0001     26559
  1550   -0.39068944E+0001   -0.39148333E+0001    0.14065941E+0001     27659
  1600   -0.39052354E+0001   -0.39126839E+0001    0.14353796E+0001     28293
  1601   -0.39053832E+0001   -0.39053832E+0001    0.14495544E+0001     12000
  1650   -0.39084850E+0001   -0.39134561E+0001    0.13478030E+0001     12029
  1700   -0.39062624E+0001   -0.39137541E+0001    0.13663209E+0001     12082
  1750   -0.39046499E+0001   -0.39115062E+0001    0.13749552E+0001     12413
  1800   -0.39035242E+0001   -0.39111075E+0001    0.14102638E+0001     12697
  1850   -0.39029777E+0001   -0.39111138E+0001    0.14256066E+0001     12968
  1900   -0.39020038E+0001   -0.39097519E+0001    0.14386424E+0001     13150
  1950   -0.39009058E+0001   -0.39089922E+0001    0.14523597E+0001     13657
  2000   -0.38998463E+0001   -0.39080811E+0001    0.14965045E+0001     14043
  2050   -0.38981705E+0001   -0.39067543E+0001    0.14916668E+0001     14670
  2100   -0.38965053E+0001   -0.39057554E+0001    0.14632424E+0001     14835
  2150   -0.38959306E+0001   -0.39055978E+0001    0.14839755E+0001     14810
  2200   -0.38964106E+0001   -0.39056923E+0001    0.15139015E+0001     15221
  2250   -0.38952703E+0001   -0.39040552E+0001    0.15382591E+0001     15459
  2300   -0.38933031E+0001   -0.39028154E+0001    0.15241713E+0001     16109
  2350   -0.38910151E+0001   -0.39038695E+0001    0.15493371E+0001     16455
  2400   -0.38892292E+0001   -0.39025421E+0001    0.15509395E+0001     16961
  2450   -0.38879189E+0001   -0.39011327E+0001    0.15329800E+0001     17529
  2500   -0.38865300E+0001   -0.39001872E+0001    0.15682250E+0001     17849
  2550   -0.38856719E+0001   -0.39000137E+0001    0.15324796E+0001     18282
  2600   -0.38848561E+0001   -0.38985995E+0001    0.15583595E+0001     18801
  2650   -0.38839236E+0001   -0.38965388E+0001    0.15708887E+0001     19237
  2700   -0.38826592E+0001   -0.38946340E+0001    0.16084067E+0001     19661
  2750   -0.38814215E+0001   -0.38936734E+0001    0.16262503E+0001     20306
  2800   -0.38792221E+0001   -0.38924440E+0001    0.16337719E+0001     20781
  2850   -0.38764255E+0001   -0.38897632E+0001    0.16472407E+0001     21312
  2900   -0.38727817E+0001   -0.38875653E+0001    0.16517318E+0001     21556
  2950   -0.38690047E+0001   -0.38854757E+0001    0.16416739E+0001     22484
  3000   -0.38654629E+0001   -0.38820444E+0001    0.16451079E+0001     22908
  3050   -0.38618381E+0001   -0.38784321E+0001    0.16526802E+0001     23649
  3100   -0.38581654E+0001   -0.38760761E+0001    0.16368321E+0001     24359
  3150   -0.38537824E+0001   -0.38729636E+0001    0.16332388E+0001     24913
  3200   -0.38492788E+0001   -0.38694922E+0001    0.16163484E+0001     25884
  3201   -0.38494685E+0001   -0.38494685E+0001    0.16192221E+0001     12000
  3250   -0.38534170E+0001   -0.38590593E+0001    0.16236898E+0001     12028
  3300   -0.38496179E+0001   -0.38570734E+0001    0.16284895E+0001     12124
  3350   -0.38457974E+0001   -0.38550136E+0001    0.16279804E+0001     12273
  3400   -0.38418754E+0001   -0.38527710E+0001    0.16113049E+0001     12644
  3450   -0.38378793E+0001   -0.38484360E+0001    0.16194985E+0001     12799
  3500   -0.38336576E+0001   -0.38449717E+0001    0.16012406E+0001     13293
  3550   -0.38294401E+0001   -0.38420554E+0001    0.15790285E+0001     13508
  3600   -0.38250238E+0001   -0.38402934E+0001    0.15727833E+0001     13754
  3650   -0.38206039E+0001   -0.38344929E+0001    0.15630613E+0001     13947
  3700   -0.38161039E+0001   -0.38326453E+0001    0.15528110E+0001     14058
  3750   -0.38118119E+0001   -0.38287268E+0001    0.15302092E+0001     14313
  3800   -0.38078313E+0001   -0.38251187E+0001    0.14890920E+0001     14740
  3850   -0.38041732E+0001   -0.38226296E+0001    0.14610038E+0001     14943
  3900   -0.38001761E+0001   -0.38181623E+0001    0.14514589E+0001     15146
  3950   -0.37953058E+0001   -0.38124686E+0001    0.14245896E+0001     15379
  4000   -0.37901817E+0001   -0.38068094E+0001    0.14136186E+0001     15891
  4050   -0.37855857E+0001   -0.38056824E+0001    0.13870959E+0001     16293
  4100   -0.37816977E+0001   -0.38000899E+0001    0.13703127E+0001     16437
  4150   -0.37785500E+0001   -0.37961311E+0001    0.13536675E+0001     16508
  4200   -0.37752427E+0001   -0.37874587E+0001    0.13271551E+0001     16828
  4250   -0.37721831E+0001   -0.37849619E+0001    0.13428409E+0001     17107
  4300   -0.37693388E+0001   -0.37817612E+0001    0.13055582E+0001     17672
  4350   -0.37665155E+0001   -0.37772533E+0001    0.12825430E+0001     18269
  4400   -0.37634985E+0001   -0.37757771E+0001    0.12596905E+0001     18711
  4450   -0.37602878E+0001   -0.37726167E+0001    0.12616170E+0001     19106
  4500   -0.37572682E+0001   -0.37698828E+0001    0.12355732E+0001     19200
  4550   -0.37546055E+0001   -0.37667533E+0001    0.12078746E+0001     19337
  4600   -0.37520989E+0001   -0.37648431E+0001    0.11824667E+0001     19554
  4650   -0.37497756E+0001   -0.37616572E+0001    0.11845226E+0001     20043
  4700   -0.37475147E+0001   -0.37596610E+0001    0.11662442E+0001     20796
  4750   -0.37453336E+0001   -0.37558603E+0001    0.11508931E+0001     21130
  4800   -0.37431797E+0001   -0.37517289E+0001    0.11364583E+0001     21805
  4801   -0.37432674E+0001   -0.37432674E+0001    0.11111454E+0001     12000
  4850   -0.37451513E+0001   -0.37491815E+0001    0.11131982E+0001     11950
  4900   -0.37434150E+0001   -0.37485035E+0001    0.11196015E+0001     12084
  4950   -0.37416910E+0001   -0.37470442E+0001    0.11176733E+0001     12364
  5000   -0.37399637E+0001   -0.37462614E+0001    0.11096614E+0001     12487
  5050   -0.37383321E+0001   -0.37467223E+0001    0.10822576E+0001     12855
  5100   -0.37367245E+0001   -0.37445477E+0001    0.10849402E+0001     13094
  5150   -0.37350432E+0001   -0.37427668E+0001    0.10677817E+0001     13483
  5200   -0.37332563E+0001   -0.37412242E+0001    0.10240681E+0001     13880
  5250   -0.37316306E+0001   -0.37395489E+0001    0.10032417E+0001     14359
  5300   -0.37300562E+0001   -0.37375957E+0001    0.99584449E+0000     14389
  5350   -0.37287633E+0001   -0.37367219E+0001    0.10161794E+0001     14606
  5400   -0.37274847E+0001   -0.37378573E+0001    0.97765843E+0000     14642
  5450   -0.37261082E+0001   -0.37347960E+0001    0.94124989E+0000     14921
  5500   -0.37246732E+0001   -0.37324644E+0001    0.95678058E+0000     15573
  5550   -0.37232749E+0001   -0.37326262E+0001    0.93473161E+0000     16092
  5600   -0.37219842E+0001   -0.37311589E+0001    0.92352467E+0000     16452
  5650   -0.37207655E+0001   -0.37298287E+0001    0.90016255E+0000     16854
  5700   -0.37194937E+0001   -0.37271212E+0001    0.85514001E+0000     17082
  5750   -0.37182300E+0001   -0.37265283E+0001    0.84880469E+0000     17090
  5800   -0.37172112E+0001   -0.37256729E+0001    0.84351260E+0000     17687
  5850   -0.37160220E+0001   -0.37249667E+0001    0.81694719E+0000     17877
  5900   -0.37147979E+0001   -0.37224515E+0001    0.82393617E+0000     18363
  5950   -0.37133879E+0001   -0.37210552E+0001    0.78586554E+0000     18848
  6000   -0.37120991E+0001   -0.37203183E+0001    0.76848282E+0000     19158
  6050   -0.37110412E+0001   -0.37194411E+0001    0.78607752E+0000     19455
  6100   -0.37100432E+0001   -0.37196836E+0001    0.76035181E+0000     19754
  6150   -0.37093268E+0001   -0.37191444E+0001    0.76136948E+0000     20169
  6200   -0.37087561E+0001   -0.37171066E+0001    0.70720971E+0000     20513
  6250   -0.37079559E+0001   -0.37169919E+0001    0.73083995E+0000     20720
  6300   -0.37070716E+0001   -0.37153180E+0001    0.70777125E+0000     21202
  6350   -0.37062507E+0001   -0.37149951E+0001    0.68276930E+0000     21569
  6400   -0.37053865E+0001   -0.37127324E+0001    0.68238635E+0000     22074
  6401   -0.37054144E+0001   -0.37054144E+0001    0.63208506E+0000     12000
  6450   -0.37060319E+0001   -0.37079924E+0001    0.63943162E+0000     12056
  6500   -0.37055002E+0001   -0.37082284E+0001    0.63303700E+0000     12094
  6550   -0.37049551E+0001   -0.37079851E+0001    0.63927866E+0000     12219
  6600   -0.37043936E+0001   -0.37083554E+0001    0.65742198E+0000     12568
  6650   -0.37037370E+0001   -0.37074321E+0001    0.61839023E+0000     12847
  6700   -0.37030456E+0001   -0.37075019E+0001    0.57391295E+0000     13265
  6750   -0.37022249E+0001   -0.37072274E+0001    0.60523198E+0000     13571
  6800   -0.37014801E+0001   -0.37067483E+0001    0.61007002E+0000     13689
  6850   -0.37007026E+0001   -0.37061875E+0001    0.59365522E+0000     13923
  6900   -0.36997995E+0001   -0.37052023E+0001    0.58290326E+0000     14095
  6950   -0.36990679E+0001   -0.37050766E+0001    0.55369826E+0000     14393
  7000   -0.36984533E+0001   -0.37038632E+0001    0.55432245E+0000     14504
  7050   -0.36978429E+0001   -0.37041425E+0001    0.50924204E+0000     15009
  7100   -0.36973128E+0001   -0.37019665E+0001    0.47504937E+0000     15265
  7150   -0.36968214E+0001   -0.37015417E+0001    0.51882105E+0000     15303
  7200   -0.36963484E+0001   -0.37022825E+0001    0.53614829E+0000     15574
  7250   -0.36958906E+0001   -0.36994778E+0001    0.51161232E+0000     15760
  7300   -0.36954639E+0001   -0.36994982E+0001    0.49601016E+0000     16203
  7350   -0.36950959E+0001   -0.36991366E+0001    0.50098674E+0000     16580
  7400   -0.36947609E+0001   -0.36989759E+0001    0.47675508E+0000     16861
  7450   -0.36944764E+0001   -0.36976628E+0001    0.49916799E+0000     16952
  7500   -0.36941673E+0001   -0.36969531E+0001    0.49329009E+0000     17291
  7550   -0.36938689E+0001   -0.36968587E+0001    0.45537276E+0000     17665
  7600   -0.36936299E+0001   -0.36966221E+0001    0.42448019E+0000     17889
  7650   -0.36933883E+0001   -0.36965683E+0001    0.42883804E+0000     18112
  7700   -0.36931193E+0001   -0.36969057E+0001    0.49131037E+0000     18323
  7750   -0.36928519E+0001   -0.36963626E+0001    0.45086587E+0000     18677
  7800   -0.36926309E+0001   -0.36962033E+0001    0.40626087E+0000     18757
  7850   -0.36924037E+0001   -0.36963484E+0001    0.40782553E+0000     18929
  7900   -0.36921708E+0001   -0.36963348E+0001    0.42520490E+0000     19310
  7950   -0.36918966E+0001   -0.36960227E+0001    0.45788120E+0000     19644
  8000   -0.36916723E+0001   -0.36960901E+0001    0.45992132E+0000     20222
  8001   -0.36916801E+0001   -0.36916801E+0001    0.32036121E+0000     12000
  8050   -0.36918468E+0001   -0.36928975E+0001    0.35533934E+0000     11993
  8100   -0.36917288E+0001   -0.36928829E+0001    0.37209950E+0000     12155
  8150   -0.36915950E+0001   -0.36930015E+0001    0.42488432E+0000     12478
  8200   -0.36914484E+0001   -0.36929415E+0001    0.40742323E+0000     12737
  8250   -0.36912883E+0001   -0.36932666E+0001    0.39547523E+0000     12956
  8300   -0.36911419E+0001   -0.36931363E+0001    0.38223660E+0000     13209
  8350   -0.36909906E+0001   -0.36932066E+0001    0.39752916E+0000     13473
  8400   -0.36908308E+0001   -0.36928585E+0001    0.37485110E+0000     13497
  8450   -0.36906856E+0001   -0.36927478E+0001    0.42600650E+0000     13711
  8500   -0.36905264E+0001   -0.36927605E+0001    0.39695712E+0000     14045
  8550   -0.36903807E+0001   -0.36932018E+0001    0.38819920E+0000     14310
  8600   -0.36902293E+0001   -0.36928047E+0001    0.35958914E+0000     14507
  8650   -0.36901557E+0001   -0.36922751E+0001    0.37618254E+0000     14756
  8700   -0.36900569E+0001   -0.36924379E+0001    0.39848230E+0000     15089
  8750   -0.36899100E+0001   -0.36920867E+0001    0.37740711E+0000     15389
  8800   -0.36897626E+0001   -0.36920079E+0001    0.38750370E+0000     15629
  8850   -0.36896386E+0001   -0.36913935E+0001    0.39750746E+0000     15951
  8900   -0.36895167E+0001   -0.36918353E+0001    0.36775273E+0000     16104
  8950   -0.36893773E+0001   -0.36912196E+0001    0.36605047E+0000     16370
  9000   -0.36892378E+0001   -0.36909477E+0001    0.31825787E+0000     17089
  9050   -0.36891312E+0001   -0.36911333E+0001    0.34171963E+0000     17258
  9100   -0.36890659E+0001   -0.36906593E+0001    0.38857361E+0000     17584
  9150   -0.36889847E+0001   -0.36905791E+0001    0.35699994E+0000     17732
  9200   -0.36888959E+0001   -0.36903243E+0001    0.39986325E+0000     18184
  9250   -0.36887894E+0001   -0.36905461E+0001    0.33018851E+0000     18180
  9300   -0.36887108E+0001   -0.36906508E+0001    0.36111683E+0000     18513
  9350   -0.36886244E+0001   -0.36901701E+0001    0.35106321E+0000     18446
  9400   -0.36885418E+0001   -0.36898049E+0001    0.35092738E+0000     18760
  9450   -0.36884883E+0001   -0.36896980E+0001    0.32000875E+0000     19377
  9500   -0.36884483E+0001   -0.36896134E+0001    0.34790515E+0000     19931
  9550   -0.36884133E+0001   -0.36896648E+0001    0.35780769E+0000     20150
  9600   -0.36883836E+0001   -0.36899952E+0001    0.36918837E+0000     20609
  9601   -0.36883858E+0001   -0.36883858E+0001    0.18302446E+0000     12000
  9650   -0.36884388E+0001   -0.36887458E+0001    0.22063310E+0000     11940
  9700   -0.36883996E+0001   -0.36889334E+0001    0.29339816E+0000     12127
  9750   -0.36883630E+0001   -0.36890789E+0001    0.31048753E+0000     12272
  9800   -0.36883226E+0001   -0.36891087E+0001    0.32500899E+0000     12401
  9850   -0.36882793E+0001   -0.36890910E+0001    0.34752816E+0000     12514
  9900   -0.36882361E+0001   -0.36891395E+0001    0.26386446E+0000     12789
  9950   -0.36882065E+0001   -0.36892945E+0001    0.30112472E+0000     13105
 10000   -0.36881463E+0001   -0.36890778E+0001    0.31283530E+0000     13343
 10050   -0.36881029E+0001   -0.36890557E+0001    0.30112885E+0000     13264
 10100   -0.36880766E+0001   -0.36889256E+0001    0.32262399E+0000     13296
 10150   -0.36880345E+0001   -0.36889810E+0001    0.31854705E+0000     13510
 10200   -0.36880064E+0001   -0.36893075E+0001    0.35768667E+0000     13635
 10250   -0.36879811E+0001   -0.36888830E+0001    0.34276778E+0000     14004
 10300   -0.36879680E+0001   -0.36887115E+0001    0.29739899E+0000     14286
 10350   -0.36879560E+0001   -0.36888485E+0001    0.33311653E+0000     14403
 10400   -0.36879140E+0001   -0.36887438E+0001    0.34103839E+0000     14879
 10450   -0.36878573E+0001   -0.36887417E+0001    0.31722598E+0000     15222
 10500   -0.36878226E+0001   -0.36889699E+0001    0.30270753E+0000     15648
 10550   -0.36877657E+0001   -0.36889726E+0001    0.32544739E+0000     15836
 10600   -0.36876950E+0001   -0.36887832E+0001    0.26436931E+0000     15893
 10650   -0.36876320E+0001   -0.36888295E+0001    0.31717709E+0000     16061
 10700   -0.36876007E+0001   -0.36889730E+0001    0.30312855E+0000     16414
 10750   -0.36875695E+0001   -0.36887112E+0001    0.29128726E+0000     16533
 10800   -0.36875238E+0001   -0.36887140E+0001    0.31009544E+0000     16721
 10850   -0.36874836E+0001   -0.36888632E+0001    0.30274845E+0000     16951
 10900   -0.36874470E+0001   -0.36886991E+0001    0.34066146E+0000     17139
 10950   -0.36874166E+0001   -0.36884297E+0001    0.29931181E+0000     17213
 11000   -0.36873953E+0001   -0.36885370E+0001    0.29859542E+0000     17429
 11050   -0.36873797E+0001   -0.36885005E+0001    0.33906088E+0000     17900
 11100   -0.36873701E+0001   -0.36886534E+0001    0.30257174E+0000     18099
 11150   -0.36873747E+0001   -0.36889678E+0001    0.34513737E+0000     18292
 11200   -0.36873822E+0001   -0.36892241E+0001    0.27027092E+0000     18794
 11201   -0.36873831E+0001   -0.36873831E+0001    0.11855734E+0000     12000
 11250   -0.36874068E+0001   -0.36875181E+0001    0.19451729E+0000     12021
 11300   -0.36873956E+0001   -0.36875845E+0001    0.24568917E+0000     12067
 11350   -0.36873866E+0001   -0.36877020E+0001    0.25343391E+0000     12200
 11400   -0.36873734E+0001   -0.36876370E+0001    0.32332738E+0000     12266
 11450   -0.36873584E+0001   -0.36877034E+0001    0.30790786E+0000     12510
 11500   -0.36873349E+0001   -0.36876900E+0001    0.26925825E+0000     12642
 11550   -0.36873152E+0001   -0.36876646E+0001    0.31687187E+0000     12930
 11600   -0.36872863E+0001   -0.36875885E+0001    0.33664899E+0000     13342
 11650   -0.36872679E+0001   -0.36876572E+0001    0.26298970E+0000     13639
 11700   -0.36872761E+0001   -0.36876610E+0001    0.28224620E+0000     13724
 11750   -0.36872823E+0001   -0.36877335E+0001    0.25106549E+0000     13981
 11800   -0.36872853E+0001   -0.36878426E+0001    0.30396873E+0000     13987
 11850   -0.36872830E+0001   -0.36877269E+0001    0.28627164E+0000     14009
 11900   -0.36872706E+0001   -0.36876672E+0001    0.32196031E+0000     14330
 11950   -0.36872481E+0001   -0.36878204E+0001    0.33856199E+0000     14536
 12000   -0.36872307E+0001   -0.36876115E+0001    0.27676309E+0000     14759
 12050   -0.36872203E+0001   -0.36876755E+0001    0.21432777E+0000     15082
 12100   -0.36871968E+0001   -0.36879155E+0001    0.32634427E+0000     15249
 12150   -0.36871761E+0001   -0.36877731E+0001    0.25836963E+0000     15614
 12200   -0.36871666E+0001   -0.36880082E+0001    0.29566511E+0000     15749
 12250   -0.36871664E+0001   -0.36879595E+0001    0.25851384E+0000     16219
 12300   -0.36871722E+0001   -0.36878890E+0001    0.28531044E+0000     16576
 12350   -0.36871638E+0001   -0.36878899E+0001    0.33497921E+0000     16917
 12400   -0.36871419E+0001   -0.36881335E+0001    0.31276818E+0000     17170
 12450   -0.36871236E+0001   -0.36880401E+0001    0.30392818E+0000     17406
 12500   -0.36871193E+0001   -0.36880774E+0001    0.28062773E+0000     17624
 12550   -0.36871077E+0001   -0.36879023E+0001    0.30089229E+0000     17912
 12600   -0.36871131E+0001   -0.36879614E+0001    0.31058293E+0000     18130
 12650   -0.36871275E+0001   -0.36880127E+0001    0.32149800E+0000     18483
 12700   -0.36871319E+0001   -0.36880180E+0001    0.33776049E+0000     18877
 12750   -0.36871237E+0001   -0.36880621E+0001    0.31545204E+0000     19170
 12800   -0.36871163E+0001   -0.36880478E+0001    0.35161884E+0000     19556
 12801   -0.36871171E+0001   -0.36871171E+0001    0.95817556E-0001     12000
 12850   -0.36871334E+0001   -0.36871979E+0001    0.18387556E+0000     12013
 12900   -0.36871283E+0001   -0.36872493E+0001    0.22847184E+0000     12132
 12950   -0.36871249E+0001   -0.36872923E+0001    0.26897306E+0000     12357
 13000   -0.36871216E+0001   -0.36873379E+0001    0.28314374E+0000     12492
 13050   -0.36871190E+0001   -0.36872992E+0001    0.27629140E+0000     12541
 13100   -0.36871112E+0001   -0.36873677E+0001    0.27310267E+0000     12750
 13150   -0.36870985E+0001   -0.36873441E+0001    0.28168787E+0000     13040
 13200   -0.36870837E+0001   -0.36873362E+0001    0.31096109E+0000     13097
 13250   -0.36870626E+0001   -0.36874031E+0001    0.32326156E+0000     13355
 13300   -0.36870570E+0001   -0.36874096E+0001    0.27399871E+0000     13765
 13350   -0.36870537E+0001   -0.36875158E+0001    0.26429511E+0000     13974
 13400   -0.36870369E+0001   -0.36875491E+0001    0.24498207E+0000     14347
 13450   -0.36870215E+0001   -0.36875351E+0001    0.27011803E+0000     14481
 13500   -0.36870115E+0001   -0.36876204E+0001    0.29864464E+0000     14622
 13550   -0.36869969E+0001   -0.36875083E+0001    0.27979553E+0000     14718
 13600   -0.36869846E+0001   -0.36874313E+0001    0.32161654E+0000     14912
 13650   -0.36869795E+0001   -0.36874280E+0001    0.31430022E+0000     14892
 13700   -0.36869741E+0001   -0.36874431E+0001    0.31385543E+0000     15231
 13750   -0.36869665E+0001   -0.36873153E+0001    0.25154023E+0000     15534
 13800   -0.36869608E+0001   -0.36874764E+0001    0.27220933E+0000     16011
 13850   -0.36869438E+0001   -0.36875185E+0001    0.30911854E+0000     16413
 13900   -0.36869388E+0001   -0.36876913E+0001    0.28128036E+0000     16573
 13950   -0.36869462E+0001   -0.36876166E+0001    0.28048085E+0000     16577
 14000   -0.36869453E+0001   -0.36873952E+0001    0.28424963E+0000     16460
 14050   -0.36869524E+0001   -0.36875271E+0001    0.24948333E+0000     16886
 14100   -0.36869558E+0001   -0.36875481E+0001    0.30177833E+0000     16975
 14150   -0.36869535E+0001   -0.36873757E+0001    0.30995708E+0000     17222
 14200   -0.36869477E+0001   -0.36873562E+0001    0.26362304E+0000     17339
 14250   -0.36869425E+0001   -0.36874066E+0001    0.26976698E+0000     17511
 14300   -0.36869421E+0001   -0.36874664E+0001    0.29497221E+0000     17560
 14350   -0.36869506E+0001   -0.36873839E+0001    0.28541490E+0000     17850
 14400   -0.36869507E+0001   -0.36875486E+0001    0.21961668E+0000     18309
 14450   -0.36869438E+0001   -0.36876043E+0001    0.28386106E+0000     18782
 14500   -0.36869389E+0001   -0.36876450E+0001    0.25080884E+0000     18811
 14550   -0.36869315E+0001   -0.36876421E+0001    0.23801818E+0000     19086
 14600   -0.36869254E+0001   -0.36876097E+0001    0.27394948E+0000     19270
 14650   -0.36869304E+0001   -0.36875356E+0001    0.27935626E+0000     19808
 14700   -0.36869295E+0001   -0.36876269E+0001    0.30667468E+0000     20162
 14750   -0.36869377E+0001   -0.36874975E+0001    0.32732025E+0000     20637
 14800   -0.36869436E+0001   -0.36875922E+0001    0.19235582E+0000     20810
 14850   -0.36869463E+0001   -0.36877064E+0001    0.23205290E+0000     21163
 14900   -0.36869498E+0001   -0.36880395E+0001    0.27473836E+0000     21491
 14950   -0.36869603E+0001   -0.36880782E+0001    0.30042031E+0000     22091
 15000   -0.36869664E+0001   -0.36880782E+0001    0.27402428E+0000     22418
 15050   -0.36869741E+0001   -0.36883187E+0001    0.29755421E+0000     22512
 15100   -0.36869864E+0001   -0.36879392E+0001    0.29549708E+0000     22967
 15150   -0.36869846E+0001   -0.36881120E+0001    0.24098638E+0000     23191
 15200   -0.36869827E+0001   -0.36878723E+0001    0.26689875E+0000     23677
 15250   -0.36869778E+0001   -0.36878847E+0001    0.24666575E+0000     23836
 15300   -0.36869699E+0001   -0.36880631E+0001    0.22610940E+0000     24218
 15350   -0.36869533E+0001   -0.36879578E+0001    0.31274086E+0000     24384
 15400   -0.36869393E+0001   -0.36876941E+0001    0.28788098E+0000     24989
 15450   -0.36869357E+0001   -0.36877550E+0001    0.31193430E+0000     25558
 15500   -0.36869340E+0001   -0.36876825E+0001    0.28643349E+0000     26103
 15550   -0.36869205E+0001   -0.36878073E+0001    0.22646081E+0000     26418
 15600   -0.36869100E+0001   -0.36877395E+0001    0.24663558E+0000     26806
 15650   -0.36869073E+0001   -0.36880985E+0001    0.26358258E+0000     26967
 15700   -0.36869095E+0001   -0.36878827E+0001    0.27908709E+0000     27234
 15750   -0.36869106E+0001   -0.36876652E+0001    0.17369755E+0000     27517
 15800   -0.36869089E+0001   -0.36877832E+0001    0.29859417E+0000     27950
 15850   -0.36869052E+0001   -0.36877290E+0001    0.26480959E+0000     28510
 15900   -0.36869012E+0001   -0.36876933E+0001    0.27107087E+0000     29073
 15950   -0.36868984E+0001   -0.36875844E+0001    0.23523337E+0000     29442
 16000   -0.36868972E+0001   -0.36876849E+0001    0.24823616E+0000     29768
 16001   -0.36868866E+0001   -0.36868866E+0001    0.48415177E-0001         1
 16050   -0.36865922E+0001   -0.36865922E+0001    0.31675587E+0000         1
 16100   -0.36861527E+0001   -0.36861527E+0001    0.40841305E+0000         1
 16150   -0.36860849E+0001   -0.36860849E+0001    0.47283939E+0000         1
 16200   -0.36858579E+0001   -0.36858579E+0001    0.53742900E+0000         1
 16250   -0.36856289E+0001   -0.36856289E+0001    0.50525566E+0000         1
 16300   -0.36862938E+0001   -0.36862938E+0001    0.35756822E+0000         1
 16350   -0.36860093E+0001   -0.36860093E+0001    0.47245580E+0000         1
 16400   -0.36857727E+0001   -0.36857727E+0001    0.58818925E+0000         1
 16450   -0.36861399E+0001   -0.36861399E+0001    0.37135959E+0000         1
 16500   -0.36855582E+0001   -0.36855582E+0001    0.48437122E+0000         1
 16550   -0.36860728E+0001   -0.36860728E+0001    0.40325856E+0000         1
 16600   -0.36859464E+0001   -0.36859464E+0001    0.44852782E+0000         1
 16650   -0.36864001E+0001   -0.36864001E+0001    0.38627579E+0000         1
 16700   -0.36864288E+0001   -0.36864288E+0001    0.38698592E+0000         1
 16750   -0.36860840E+0001   -0.36860840E+0001    0.59550728E+0000         1
 16800   -0.36865364E+0001   -0.36865364E+0001    0.38534336E+0000         1
 16850   -0.36865008E+0001   -0.36865008E+0001    0.37074123E+0000         1
 16900   -0.36862849E+0001   -0.36862849E+0001    0.50156847E+0000         1
 16950   -0.36862959E+0001   -0.36862959E+0001    0.50402589E+0000         1
 17000   -0.36862478E+0001   -0.36862478E+0001    0.59901425E+0000         1
 17050   -0.36856449E+0001   -0.36856449E+0001    0.73611068E+0000         1
 17100   -0.36853602E+0001   -0.36853602E+0001    0.79742177E+0000         1
 17150   -0.36851814E+0001   -0.36851814E+0001    0.75022849E+0000         1
 17200   -0.36855217E+0001   -0.36855217E+0001    0.66717996E+0000         1
 17250   -0.36864916E+0001   -0.36864916E+0001    0.56750106E+0000         1
 17300   -0.36867969E+0001   -0.36867969E+0001    0.57403893E+0000         1
 17350   -0.36871754E+0001   -0.36871754E+0001    0.35284761E+0000         1
 17400   -0.36861578E+0001   -0.36861578E+0001    0.69480797E+0000         1
 17450   -0.36864541E+0001   -0.36864541E+0001    0.72458684E+0000         1
 17500   -0.36872754E+0001   -0.36872754E+0001    0.46500105E+0000         1
 17550   -0.36878066E+0001   -0.36878066E+0001    0.35984570E+0000         1
 17600   -0.36876202E+0001   -0.36876202E+0001    0.40418694E+0000         1
 17650   -0.36875695E+0001   -0.36875695E+0001    0.44781143E+0000         1
 17700   -0.36878973E+0001   -0.36878973E+0001    0.45156758E+0000         1
 17750   -0.36875694E+0001   -0.36875694E+0001    0.47636945E+0000         1
 17800   -0.36874746E+0001   -0.36874746E+0001    0.53066234E+0000         1
 17850   -0.36872370E+0001   -0.36872370E+0001    0.47995634E+0000         1
 17900   -0.36869619E+0001   -0.36869619E+0001    0.63151443E+0000         1
 17950   -0.36877068E+0001   -0.36877068E+0001    0.47016135E+0000         1
 18000   -0.36880003E+0001   -0.36880003E+0001    0.50894550E+0000         1
 18050   -0.36882016E+0001   -0.36882016E+0001    0.51402750E+0000         1
 18100   -0.36879126E+0001   -0.36879126E+0001    0.70234613E+0000         1
 18150   -0.36880976E+0001   -0.36880976E+0001    0.60481728E+0000         1
 18200   -0.36886127E+0001   -0.36886127E+0001    0.62795262E+0000         1
 18250   -0.36892982E+0001   -0.36892982E+0001    0.67461999E+0000         1
 18300   -0.36896205E+0001   -0.36896205E+0001    0.72871623E+0000         1
 18350   -0.36899445E+0001   -0.36899445E+0001    0.71581067E+0000         1
 18400   -0.36904907E+0001   -0.36904907E+0001    0.62272993E+0000         1
 18450   -0.36899409E+0001   -0.36899409E+0001    0.63713455E+0000         1
 18500   -0.36909424E+0001   -0.36909424E+0001    0.63204139E+0000         1
 18550   -0.36911059E+0001   -0.36911059E+0001    0.65424198E+0000         1
 18600   -0.36918138E+0001   -0.36918138E+0001    0.54430351E+0000         1
 18650   -0.36928424E+0001   -0.36928424E+0001    0.56190755E+0000         1
 18700   -0.36928432E+0001   -0.36928432E+0001    0.59201772E+0000         1
 18750   -0.36918307E+0001   -0.36918307E+0001    0.86229313E+0000         1
 18800   -0.36935264E+0001   -0.36935264E+0001    0.62329897E+0000         1
 18850   -0.36937352E+0001   -0.36937352E+0001    0.64184449E+0000         1
 18900   -0.36947654E+0001   -0.36947654E+0001    0.60604452E+0000         1
 18950   -0.36952936E+0001   -0.36952936E+0001    0.61344246E+0000         1
 19000   -0.36955385E+0001   -0.36955385E+0001    0.63857024E+0000         1
 19050   -0.36957937E+0001   -0.36957937E+0001    0.83469199E+0000         1
 19100   -0.36968955E+0001   -0.36968955E+0001    0.75124276E+0000         1
 19150   -0.36987507E+0001   -0.36987507E+0001    0.69303336E+0000         1
 19200   -0.36989885E+0001   -0.36989885E+0001    0.71527243E+0000         1
 19250   -0.37007251E+0001   -0.37007251E+0001    0.72843303E+0000         1
 19300   -0.37023042E+0001   -0.37023042E+0001    0.77649231E+0000         1
 19350   -0.37032343E+0001   -0.37032343E+0001    0.81757027E+0000         1
 19400   -0.37051641E+0001   -0.37051641E+0001    0.79639448E+0000         1
 19450   -0.37063439E+0001   -0.37063439E+0001    0.85075034E+0000         1
 19500   -0.37073765E+0001   -0.37073765E+0001    0.81010654E+0000         1
 19550   -0.37094859E+0001   -0.37094859E+0001    0.88976647E+0000         1
 19600   -0.37105640E+0001   -0.37105640E+0001    0.99138459E+0000         1
 19650   -0.37129595E+0001   -0.37129595E+0001    0.99242542E+0000         1
 19700   -0.37143417E+0001   -0.37143417E+0001    0.80528792E+0000         1
 19750   -0.37150171E+0001   -0.37150171E+0001    0.85368741E+0000         1
 19800   -0.37187510E+0001   -0.37187510E+0001    0.82272491E+0000         1
 19850   -0.37203326E+0001   -0.37203326E+0001    0.90174049E+0000         1
 19900   -0.37217525E+0001   -0.37217525E+0001    0.93355911E+0000         1
 19950   -0.37239754E+0001   -0.37239754E+0001    0.98597371E+0000         1
 20000   -0.37266396E+0001   -0.37266396E+0001    0.10047754E+0001         1
 20050   -0.37296909E+0001   -0.37296909E+0001    0.10327191E+0001         1
 20100   -0.37335846E+0001   -0.37335846E+0001    0.10480840E+0001         1
 20150   -0.37375470E+0001   -0.37375470E+0001    0.11008407E+0001         1
 20200   -0.37417590E+0001   -0.37417590E+0001    0.11372982E+0001         1
 20250   -0.37455780E+0001   -0.37455780E+0001    0.12287740E+0001         1
 20300   -0.37506679E+0001   -0.37506679E+0001    0.11823879E+0001         1
 20350   -0.37539101E+0001   -0.37539101E+0001    0.11892983E+0001         1
 20400   -0.37580609E+0001   -0.37580609E+0001    0.12130023E+0001         1
 20450   -0.37656289E+0001   -0.37656289E+0001    0.12791892E+0001         1
 20500   -0.37725355E+0001   -0.37725355E+0001    0.13238636E+0001         1
 20550   -0.37800150E+0001   -0.37800150E+0001    0.13921531E+0001         1
 20600   -0.37834190E+0001   -0.37834190E+0001    0.14134504E+0001         1
 20650   -0.37886632E+0001   -0.37886632E+0001    0.14461289E+0001         1
 20700   -0.37976098E+0001   -0.37976098E+0001    0.14913705E+0001         1
 20750   -0.38035932E+0001   -0.38035932E+0001    0.15289751E+0001         1
 20800   -0.38114111E+0001   -0.38114111E+0001    0.15572392E+0001         1
 20850   -0.38185947E+0001   -0.38185947E+0001    0.15817689E+0001         1
 20900   -0.38287102E+0001   -0.38287102E+0001    0.16561821E+0001         1
 20950   -0.38391632E+0001   -0.38391632E+0001    0.16467940E+0001         1
 21000   -0.38479468E+0001   -0.38479468E+0001    0.16788066E+0001         1
 21050   -0.38559260E+0001   -0.38559260E+0001    0.16736122E+0001         1
 21100   -0.38633506E+0001   -0.38633506E+0001    0.17375654E+0001         1
 21150   -0.38720004E+0001   -0.38720004E+0001    0.16716989E+0001         1
 21200   -0.38830658E+0001   -0.38830658E+0001    0.16473203E+0001         1
 21250   -0.38921093E+0001   -0.38921093E+0001    0.16615372E+0001         1
 21300   -0.38996131E+0001   -0.38996131E+0001    0.15688094E+0001         1
 21350   -0.39088788E+0001   -0.39088788E+0001    0.14414077E+0001         1
 21400   -0.39169136E+0001   -0.39169136E+0001    0.13144169E+0001         1
 21450   -0.39198216E+0001   -0.39198216E+0001    0.12819525E+0001         1
 21500   -0.39236430E+0001   -0.39236430E+0001    0.12669653E+0001         1
 21550   -0.39282434E+0001   -0.39282434E+0001    0.11232602E+0001         1
 21600   -0.39307437E+0001   -0.39307437E+0001    0.89695071E+0000         1
 21650   -0.39334178E+0001   -0.39334178E+0001    0.77472792E+0000         1
 21700   -0.39337471E+0001   -0.39337471E+0001    0.82354520E+0000         1
 21750   -0.39346220E+0001   -0.39346220E+0001    0.75265262E+0000         1
 21800   -0.39353565E+0001   -0.39353565E+0001    0.71290311E+0000         1
 21850   -0.39353815E+0001   -0.39353815E+0001    0.78975325E+0000         1
 21900   -0.39361096E+0001   -0.39361096E+0001    0.78797421E+0000         1
 21950   -0.39377594E+0001   -0.39377594E+0001    0.57696720E+0000         1
 22000   -0.39384238E+0001   -0.39384238E+0001    0.59277676E+0000         1
 22050   -0.39386599E+0001   -0.39386599E+0001    0.48353271E+0000         1
 22100   -0.39380934E+0001   -0.39380934E+0001    0.78957997E+0000         1
 22150   -0.39384771E+0001   -0.39384771E+0001    0.54602100E+0000         1
 22200   -0.39389762E+0001   -0.39389762E+0001    0.35481127E+0000         1
 22250   -0.39385303E+0001   -0.39385303E+0001    0.58590227E+0000         1
 22300   -0.39386725E+0001   -0.39386725E+0001    0.55459607E+0000         1
 22350   -0.39388493E+0001   -0.39388493E+0001    0.55714628E+0000         1
 22400   -0.39388749E+0001   -0.39388749E+0001    0.51526138E+0000         1
 22450   -0.39391623E+0001   -0.39391623E+0001    0.45319663E+0000         1
 22500   -0.39381556E+0001   -0.39381556E+0001    0.74033172E+0000         1
 22550   -0.39385927E+0001   -0.39385927E+0001    0.66617617E+0000         1
 22600   -0.39384850E+0001   -0.39384850E+0001    0.59510887E+0000         1
 22650   -0.39391130E+0001   -0.39391130E+0001    0.43864048E+0000         1
 22700   -0.39388188E+0001   -0.39388188E+0001    0.46772605E+0000         1
 22750   -0.39380618E+0001   -0.39380618E+0001    0.72969591E+0000         1
 22800   -0.39376527E+0001   -0.39376527E+0001    0.81352756E+0000         1
 22850   -0.39385570E+0001   -0.39385570E+0001    0.69080060E+0000         1
 22900   -0.39390021E+0001   -0.39390021E+0001    0.46483608E+0000         1
 22950   -0.39389498E+0001   -0.39389498E+0001    0.49237024E+0000         1
 23000   -0.39386324E+0001   -0.39386324E+0001    0.55975211E+0000         1
 23050   -0.39389903E+0001   -0.39389903E+0001    0.48032253E+0000         1
 23100   -0.39389499E+0001   -0.39389499E+0001    0.42299059E+0000         1
 23150   -0.39385389E+0001   -0.39385389E+0001    0.63978309E+0000         1
 23200   -0.39392823E+0001   -0.39392823E+0001    0.45864629E+0000         1
 23250   -0.39388496E+0001   -0.39388496E+0001    0.51088400E+0000         1
 23300   -0.39391649E+0001   -0.39391649E+0001    0.47034395E+0000         1
 23350   -0.39389164E+0001   -0.39389164E+0001    0.61211060E+0000         1
 23400   -0.39390911E+0001   -0.39390911E+0001    0.51403657E+0000         1
 23450   -0.39391292E+0001   -0.39391292E+0001    0.50318575E+0000         1
 23500   -0.39389206E+0001   -0.39389206E+0001    0.58692866E+0000         1
 23550   -0.39394199E+0001   -0.39394199E+0001    0.39813059E+0000         1
 23600   -0.39393266E+0001   -0.39393266E+0001    0.40010037E+0000         1
 23650   -0.39393807E+0001   -0.39393807E+0001    0.51305765E+0000         1
 23700   -0.39394576E+0001   -0.39394576E+0001    0.42936793E+0000         1
 23750   -0.39387217E+0001   -0.39387217E+0001    0.56070824E+0000         1
 23800   -0.39387987E+0001   -0.39387987E+0001    0.58788685E+0000         1
 23850   -0.39388513E+0001   -0.39388513E+0001    0.58026467E+0000         1
 23900   -0.39388700E+0001   -0.39388700E+0001    0.61941446E+0000         1
 23950   -0.39384083E+0001   -0.39384083E+0001    0.61666801E+0000         1
 24000   -0.39384835E+0001   -0.39384835E+0001    0.64777019E+0000         1
 24050   -0.39389178E+0001   -0.39389178E+0001    0.50658348E+0000         1
 24100   -0.39391911E+0001   -0.39391911E+0001    0.53782697E+0000         1
 24150   -0.39393669E+0001   -0.39393669E+0001    0.43614963E+0000         1
 24200   -0.39394211E+0001   -0.39394211E+0001    0.42683453E+0000         1
 24250   -0.39392101E+0001   -0.39392101E+0001    0.54549595E+0000         1
 24300   -0.39391550E+0001   -0.39391550E+0001    0.45246069E+0000         1
 24350   -0.39391015E+0001   -0.39391015E+0001    0.47281525E+0000         1
 24400   -0.39393913E+0001   -0.39393913E+0001    0.36574494E+0000         1
 24450   -0.39390693E+0001   -0.39390693E+0001    0.50922878E+0000         1
 24500   -0.39389357E+0001   -0.39389357E+0001    0.58332580E+0000         1
 24550   -0.39390162E+0001   -0.39390162E+0001    0.56019284E+0000         1
 24600   -0.39392737E+0001   -0.39392737E+0001    0.55577768E+0000         1
 24650   -0.39390627E+0001   -0.39390627E+0001    0.53975737E+0000         1
 24700   -0.39393780E+0001   -0.39393780E+0001    0.46444092E+0000         1
 24750   -0.39389004E+0001   -0.39389004E+0001    0.58769774E+0000         1
 24800   -0.39392981E+0001   -0.39392981E+0001    0.37850887E+0000         1
 24850   -0.39392071E+0001   -0.39392071E+0001    0.47628589E+0000         1
 24900   -0.39390478E+0001   -0.39390478E+0001    0.51458089E+0000         1
 24950   -0.39390947E+0001   -0.39390947E+0001    0.50623108E+0000         1
 25000   -0.39393948E+0001   -0.39393948E+0001    0.38393885E+0000         1
 25050   -0.39389793E+0001   -0.39389793E+0001    0.62425898E+0000         1
 25100   -0.39391256E+0001   -0.39391256E+0001    0.46002462E+0000         1
 25150   -0.39390828E+0001   -0.39390828E+0001    0.43882917E+0000         1
 25200   -0.39388615E+0001   -0.39388615E+0001    0.45439410E+0000         1
 25250   -0.39393433E+0001   -0.39393433E+0001    0.49606466E+0000         1
 25300   -0.39390927E+0001   -0.39390927E+0001    0.47614481E+0000         1
 25350   -0.39392689E+0001   -0.39392689E+0001    0.40703550E+0000         1
 25400   -0.39393209E+0001   -0.39393209E+0001    0.49643024E+0000         1
 25450   -0.39393240E+0001   -0.39393240E+0001    0.45304674E+0000         1
 25500   -0.39388796E+0001   -0.39388796E+0001    0.54448098E+0000         1
 25550   -0.39391375E+0001   -0.39391375E+0001    0.43885881E+0000         1
 25600   -0.39391565E+0001   -0.39391565E+0001    0.42496614E+0000         1
 25650   -0.39389323E+0001   -0.39389323E+0001    0.44308066E+0000         1
 25700   -0.39387910E+0001   -0.39387910E+0001    0.50141786E+0000         1
 25750   -0.39388564E+0001   -0.39388564E+0001    0.54949893E+0000         1
 25800   -0.39385176E+0001   -0.39385176E+0001    0.60920289E+0000         1
 25850   -0.39380726E+0001   -0.39380726E+0001    0.70640147E+0000         1
 25900   -0.39386228E+0001   -0.39386228E+0001    0.76282535E+0000         1
 25950   -0.39389474E+0001   -0.39389474E+0001    0.51506448E+0000         1
 26000   -0.39395594E+0001   -0.39395594E+0001    0.34769665E+0000         1
 26050   -0.39391009E+0001   -0.39391009E+0001    0.52574006E+0000         1
 26100   -0.39389818E+0001   -0.39389818E+0001    0.54655186E+0000         1
 26150   -0.39390308E+0001   -0.39390308E+0001    0.45611883E+0000         1
 26200   -0.39391680E+0001   -0.39391680E+0001    0.43031655E+0000         1
 26250   -0.39387815E+0001   -0.39387815E+0001    0.65574535E+0000         1
 26300   -0.39393886E+0001   -0.39393886E+0001    0.37739420E+0000         1
 26350   -0.39397644E+0001   -0.39397644E+0001    0.31586824E+0000         1
 26400   -0.39394428E+0001   -0.39394428E+0001    0.43785624E+0000         1
 26450   -0.39391797E+0001   -0.39391797E+0001    0.50069299E+0000         1
 26500   -0.39392091E+0001   -0.39392091E+0001    0.45513484E+0000         1
 26550   -0.39388414E+0001   -0.39388414E+0001    0.56897925E+0000         1
 26600   -0.39393617E+0001   -0.39393617E+0001    0.39977163E+0000         1
 26650   -0.39392915E+0001   -0.39392915E+0001    0.41845795E+0000         1
 26700   -0.39393010E+0001   -0.39393010E+0001    0.41974686E+0000         1
 26750   -0.39382895E+0001   -0.39382895E+0001    0.78736427E+0000         1
 26800   -0.39389518E+0001   -0.39389518E+0001    0.59904560E+0000         1
 26850   -0.39394996E+0001   -0.39394996E+0001    0.42397797E+0000         1
 26900   -0.39390618E+0001   -0.39390618E+0001    0.48613797E+0000         1
 26950   -0.39386934E+0001   -0.39386934E+0001    0.64945200E+0000         1
 27000   -0.39390081E+0001   -0.39390081E+0001    0.49433067E+0000         1
 27050   -0.39395191E+0001   -0.39395191E+0001    0.29119933E+0000         1
 27100   -0.39396774E+0001   -0.39396774E+0001    0.29368906E+0000         1
 27150   -0.39397108E+0001   -0.39397108E+0001    0.38762858E+0000         1
 27200   -0.39397174E+0001   -0.39397174E+0001    0.32752303E+0000         1
 27250   -0.39392212E+0001   -0.39392212E+0001    0.45657974E+0000         1
 27300   -0.39393144E+0001   -0.39393144E+0001    0.42689011E+0000         1
 27350   -0.39390668E+0001   -0.39390668E+0001    0.46655564E+0000         1
 27400   -0.39387507E+0001   -0.39387507E+0001    0.56297620E+0000         1
 27450   -0.39389201E+0001   -0.39389201E+0001    0.46955663E+0000         1
 27500   -0.39388910E+0001   -0.39388910E+0001    0.61063103E+0000         1
 27550   -0.39390179E+0001   -0.39390179E+0001    0.48259568E+0000         1
 27600   -0.39390007E+0001   -0.39390007E+0001    0.42470213E+0000         1
 27650   -0.39392144E+0001   -0.39392144E+0001    0.38062961E+0000         1
 27700   -0.39391773E+0001   -0.39391773E+0001    0.39905569E+0000         1
 27750   -0.39393164E+0001   -0.39393164E+0001    0.45618588E+0000         1
 27800   -0.39389489E+0001   -0.39389489E+0001    0.53336521E+0000         1
 27850   -0.39386356E+0001   -0.39386356E+0001    0.65755379E+0000         1
 27900   -0.39393381E+0001   -0.39393381E+0001    0.51641153E+0000         1
 27950   -0.39394623E+0001   -0.39394623E+0001    0.40255417E+0000         1
 28000   -0.39386212E+0001   -0.39386212E+0001    0.63712666E+0000         1
 28050   -0.39388955E+0001   -0.39388955E+0001    0.49699637E+0000         1
 28100   -0.39388138E+0001   -0.39388138E+0001    0.57633211E+0000         1
 28150   -0.39394237E+0001   -0.39394237E+0001    0.36625401E+0000         1
 28200   -0.39385512E+0001   -0.39385512E+0001    0.60967242E+0000         1
 28250   -0.39383818E+0001   -0.39383818E+0001    0.58734220E+0000         1
 28300   -0.39390219E+0001   -0.39390219E+0001    0.54749352E+0000         1
 28350   -0.39392409E+0001   -0.39392409E+0001    0.42704891E+0000         1
 28400   -0.39393756E+0001   -0.39393756E+0001    0.40445820E+0000         1
 28450   -0.39385888E+0001   -0.39385888E+0001    0.66904567E+0000         1
 28500   -0.39389352E+0001   -0.39389352E+0001    0.54777052E+0000         1
 28550   -0.39391130E+0001   -0.39391130E+0001    0.57034118E+0000         1
 28600   -0.39387877E+0001   -0.39387877E+0001    0.60977033E+0000         1
 28650   -0.39392611E+0001   -0.39392611E+0001    0.46169950E+0000         1
 28700   -0.39395551E+0001   -0.39395551E+0001    0.31896821E+0000         1
 28750   -0.39386868E+0001   -0.39386868E+0001    0.66103473E+0000         1
 28800   -0.39379256E+0001   -0.39379256E+0001    0.71215033E+0000         1
 28850   -0.39373699E+0001   -0.39373699E+0001    0.91518673E+0000         1
 28900   -0.39385123E+0001   -0.39385123E+0001    0.57913383E+0000         1
 28950   -0.39383569E+0001   -0.39383569E+0001    0.75320726E+0000         1
 29000   -0.39384515E+0001   -0.39384515E+0001    0.72237841E+0000         1
 29050   -0.39384463E+0001   -0.39384463E+0001    0.67914636E+0000         1
 29100   -0.39385724E+0001   -0.39385724E+0001    0.55227459E+0000         1
 29150   -0.39378493E+0001   -0.39378493E+0001    0.60542635E+0000         1
 29200   -0.39383048E+0001   -0.39383048E+0001    0.57626502E+0000         1
 29250   -0.39385425E+0001   -0.39385425E+0001    0.52420311E+0000         1
 29300   -0.39384421E+0001   -0.39384421E+0001    0.65206439E+0000         1
 29350   -0.39383414E+0001   -0.39383414E+0001    0.67680447E+0000         1
 29400   -0.39391528E+0001   -0.39391528E+0001    0.43555817E+0000         1
 29450   -0.39395784E+0001   -0.39395784E+0001    0.30726408E+0000         1
 29500   -0.39395143E+0001   -0.39395143E+0001    0.42073855E+0000         1
 29550   -0.39395428E+0001   -0.39395428E+0001    0.39018350E+0000         1
 29600   -0.39385473E+0001   -0.39385473E+0001    0.66976389E+0000         1
 29650   -0.39389326E+0001   -0.39389326E+0001    0.53236557E+0000         1
 29700   -0.39395495E+0001   -0.39395495E+0001    0.36734920E+0000         1
 29750   -0.39392623E+0001   -0.39392623E+0001    0.43350633E+0000         1
 29800   -0.39391944E+0001   -0.39391944E+0001    0.49316494E+0000         1
 29850   -0.39391849E+0001   -0.39391849E+0001    0.52584678E+0000         1
 29900   -0.39393599E+0001   -0.39393599E+0001    0.35718753E+0000         1
 29950   -0.39386726E+0001   -0.39386726E+0001    0.62650633E+0000         1
 30000   -0.39394140E+0001   -0.39394140E+0001    0.35811939E+0000         1
 30050   -0.39390581E+0001   -0.39390581E+0001    0.44837525E+0000         1
 30100   -0.39393854E+0001   -0.39393854E+0001    0.43887778E+0000         1
 30150   -0.39393878E+0001   -0.39393878E+0001    0.37440878E+0000         1
 30200   -0.39388249E+0001   -0.39388249E+0001    0.51399418E+0000         1
 30250   -0.39392369E+0001   -0.39392369E+0001    0.46354680E+0000         1
 30300   -0.39387561E+0001   -0.39387561E+0001    0.62703125E+0000         1
 30350   -0.39388905E+0001   -0.39388905E+0001    0.48862971E+0000         1
 30400   -0.39386534E+0001   -0.39386534E+0001    0.61999469E+0000         1
 30450   -0.39389406E+0001   -0.39389406E+0001    0.55839101E+0000         1
 30500   -0.39395797E+0001   -0.39395797E+0001    0.34263707E+0000         1
 30550   -0.39395646E+0001   -0.39395646E+0001    0.37982933E+0000         1
 30600   -0.39389310E+0001   -0.39389310E+0001    0.63553416E+0000         1
 30650   -0.39391415E+0001   -0.39391415E+0001    0.61015174E+0000         1
 30700   -0.39394856E+0001   -0.39394856E+0001    0.42643480E+0000         1
 30750   -0.39394179E+0001   -0.39394179E+0001    0.40262164E+0000         1
 30800   -0.39394540E+0001   -0.39394540E+0001    0.43073614E+0000         1
 30850   -0.39386525E+0001   -0.39386525E+0001    0.71779824E+0000         1
 30900   -0.39387126E+0001   -0.39387126E+0001    0.59451227E+0000         1
 30950   -0.39386090E+0001   -0.39386090E+0001    0.53948651E+0000         1
 31000   -0.39393048E+0001   -0.39393048E+0001    0.38032353E+0000         1
 31050   -0.39381474E+0001   -0.39381474E+0001    0.74113255E+0000         1
 31100   -0.39394009E+0001   -0.39394009E+0001    0.44340715E+0000         1
 31150   -0.39391844E+0001   -0.39391844E+0001    0.41627436E+0000         1
 31200   -0.39388357E+0001   -0.39388357E+0001    0.48049776E+0000         1
 31250   -0.39387439E+0001   -0.39387439E+0001    0.55545205E+0000         1
 31300   -0.39395573E+0001   -0.39395573E+0001    0.43588182E+0000         1
 31350   -0.39391578E+0001   -0.39391578E+0001    0.50151219E+0000         1
 31400   -0.39394412E+0001   -0.39394412E+0001    0.35365754E+0000         1
 31450   -0.39391578E+0001   -0.39391578E+0001    0.46078531E+0000         1
 31500   -0.39386449E+0001   -0.39386449E+0001    0.62727579E+0000         1
 31550   -0.39387622E+0001   -0.39387622E+0001    0.60042423E+0000         1
 31600   -0.39393030E+0001   -0.39393030E+0001    0.46519682E+0000         1
 31650   -0.39389616E+0001   -0.39389616E+0001    0.55300964E+0000         1
 31700   -0.39388380E+0001   -0.39388380E+0001    0.51047414E+0000         1
 31750   -0.39382642E+0001   -0.39382642E+0001    0.76269599E+0000         1
 31800   -0.39382303E+0001   -0.39382303E+0001    0.71414937E+0000         1
 31850   -0.39381726E+0001   -0.39381726E+0001    0.67632127E+0000         1
 31900   -0.39383526E+0001   -0.39383526E+0001    0.71472641E+0000         1
 31950   -0.39381307E+0001   -0.39381307E+0001    0.65624293E+0000         1
 32000   -0.39386783E+0001   -0.39386783E+0001    0.41929129E+0000         1
 32050   -0.39386533E+0001   -0.39386533E+0001    0.52567610E+0000         1
 32100   -0.39391214E+0001   -0.39391214E+0001    0.48632241E+0000         1
 32150   -0.39392493E+0001   -0.39392493E+0001    0.41996085E+0000         1
 32200   -0.39388717E+0001   -0.39388717E+0001    0.70966163E+0000         1
 32250   -0.39389898E+0001   -0.39389898E+0001    0.60027272E+0000         1
 32300   -0.39391446E+0001   -0.39391446E+0001    0.55834694E+0000         1
 32350   -0.39387074E+0001   -0.39387074E+0001    0.58099493E+0000         1
 32400   -0.39390942E+0001   -0.39390942E+0001    0.51194252E+0000         1
 32450   -0.39385985E+0001   -0.39385985E+0001    0.67763622E+0000         1
 32500   -0.39395029E+0001   -0.39395029E+0001    0.43045925E+0000         1
 32550   -0.39396885E+0001   -0.39396885E+0001    0.29770583E+0000         1
 32600   -0.39395370E+0001   -0.39395370E+0001    0.41501111E+0000         1
 32650   -0.39393605E+0001   -0.39393605E+0001    0.45901941E+0000         1
 32700   -0.39396224E+0001   -0.39396224E+0001    0.33857409E+0000         1
 32750   -0.39395233E+0001   -0.39395233E+0001    0.34831621E+0000         1
 32800   -0.39394682E+0001   -0.39394682E+0001    0.45912753E+0000         1
 32850   -0.39394537E+0001   -0.39394537E+0001    0.38580748E+0000         1
 32900   -0.39392807E+0001   -0.39392807E+0001    0.40611755E+0000         1
 32950   -0.39395011E+0001   -0.39395011E+0001    0.37877160E+0000         1
 33000   -0.39393003E+0001   -0.39393003E+0001    0.33570460E+0000         1
 33050   -0.39389353E+0001   -0.39389353E+0001    0.57009869E+0000         1
 33100   -0.39391232E+0001   -0.39391232E+0001    0.47530106E+0000         1
 33150   -0.39393981E+0001   -0.39393981E+0001    0.35977602E+0000         1
 33200   -0.39390242E+0001   -0.39390242E+0001    0.52499567E+0000         1
 33250   -0.39385556E+0001   -0.39385556E+0001    0.60548180E+0000         1
 33300   -0.39388868E+0001   -0.39388868E+0001    0.51455315E+0000         1
 33350   -0.39392601E+0001   -0.39392601E+0001    0.46905300E+0000         1
 33400   -0.39392102E+0001   -0.39392102E+0001    0.45109924E+0000         1
 33450   -0.39391696E+0001   -0.39391696E+0001    0.46802733E+0000         1
 33500   -0.39391207E+0001   -0.39391207E+0001    0.46987695E+0000         1
 33550   -0.39390583E+0001   -0.39390583E+0001    0.46036317E+0000         1
 33600   -0.39387947E+0001   -0.39387947E+0001    0.61887206E+0000         1
 33650   -0.39385573E+0001   -0.39385573E+0001    0.54795203E+0000         1
 33700   -0.39385669E+0001   -0.39385669E+0001    0.69795694E+0000         1
 33750   -0.39392482E+0001   -0.39392482E+0001    0.42902268E+0000         1
 33800   -0.39391566E+0001   -0.39391566E+0001    0.52971460E+0000         1
 33850   -0.39392675E+0001   -0.39392675E+0001    0.41268572E+0000         1
 33900   -0.39392972E+0001   -0.39392972E+0001    0.39054679E+0000         1
 33950   -0.39394488E+0001   -0.39394488E+0001    0.42349213E+0000         1
 34000   -0.39391635E+0001   -0.39391635E+0001    0.56098542E+0000         1
 34050   -0.39390310E+0001   -0.39390310E+0001    0.45967819E+0000         1
 34100   -0.39384953E+0001   -0.39384953E+0001    0.69769072E+0000         1
 34150   -0.39392346E+0001   -0.39392346E+0001    0.42596347E+0000         1
 34200   -0.39394559E+0001   -0.39394559E+0001    0.45092379E+0000         1
 34250   -0.39379742E+0001   -0.39379742E+0001    0.83744237E+0000         1
 34300   -0.39387784E+0001   -0.39387784E+0001    0.62492878E+0000         1
 34350   -0.39381316E+0001   -0.39381316E+0001    0.87076573E+0000         1
 34400   -0.39388075E+0001   -0.39388075E+0001    0.68184101E+0000         1
 34450   -0.39391713E+0001   -0.39391713E+0001    0.56345337E+0000         1
 34500   -0.39386678E+0001   -0.39386678E+0001    0.57009486E+0000         1
 34550   -0.39391892E+0001   -0.39391892E+0001    0.43690023E+0000         1
 34600   -0.39389727E+0001   -0.39389727E+0001    0.53795993E+0000         1
 34650   -0.39393778E+0001   -0.39393778E+0001    0.38784711E+0000         1
 34700   -0.39391445E+0001   -0.39391445E+0001    0.39725303E+0000         1
 34750   -0.39388526E+0001   -0.39388526E+0001    0.50680746E+0000         1
 34800   -0.39385077E+0001   -0.39385077E+0001    0.58224324E+0000         1
 34850   -0.39385113E+0001   -0.39385113E+0001    0.66355571E+0000         1
 34900   -0.39390582E+0001   -0.39390582E+0001    0.45656520E+0000         1
 34950   -0.39387491E+0001   -0.39387491E+0001    0.50718604E+0000         1
 35000   -0.39391136E+0001   -0.39391136E+0001    0.48421465E+0000         1
 35050   -0.39393580E+0001   -0.39393580E+0001    0.36072907E+0000         1
 35100   -0.39389054E+0001   -0.39389054E+0001    0.44643642E+0000         1
 35150   -0.39388299E+0001   -0.39388299E+0001    0.43687834E+0000         1
 35200   -0.39386965E+0001   -0.39386965E+0001    0.51301718E+0000         1
 35250   -0.39386615E+0001   -0.39386615E+0001    0.51895704E+0000         1
 35300   -0.39385564E+0001   -0.39385564E+0001    0.50845232E+0000         1
 35350   -0.39382691E+0001   -0.39382691E+0001    0.51146139E+0000         1
 35400   -0.39387381E+0001   -0.39387381E+0001    0.49700843E+0000         1
 35450   -0.39384255E+0001   -0.39384255E+0001    0.67084896E+0000         1
 35500   -0.39384116E+0001   -0.39384116E+0001    0.74131625E+0000         1
 35550   -0.39393827E+0001   -0.39393827E+0001    0.36581426E+0000         1
 35600   -0.39390497E+0001   -0.39390497E+0001    0.46020307E+0000         1
 35650   -0.39392702E+0001   -0.39392702E+0001    0.50368827E+0000         1
 35700   -0.39391219E+0001   -0.39391219E+0001    0.43881350E+0000         1
 35750   -0.39385866E+0001   -0.39385866E+0001    0.57343586E+0000         1
 35800   -0.39383467E+0001   -0.39383467E+0001    0.61898802E+0000         1
 35850   -0.39387392E+0001   -0.39387392E+0001    0.61580136E+0000         1
 35900   -0.39389560E+0001   -0.39389560E+0001    0.51887110E+0000         1
 35950   -0.39392731E+0001   -0.39392731E+0001    0.40494392E+0000         1
 36000   -0.39383307E+0001   -0.39383307E+0001    0.66408762E+0000         1
 36050   -0.39390696E+0001   -0.39390696E+0001    0.57094174E+0000         1
 36100   -0.39390528E+0001   -0.39390528E+0001    0.47838455E+0000         1
 36150   -0.39391836E+0001   -0.39391836E+0001    0.47409459E+0000         1
 36200   -0.39390759E+0001   -0.39390759E+0001    0.52866002E+0000         1
 36250   -0.39389120E+0001   -0.39389120E+0001    0.52150326E+0000         1
 36300   -0.39376764E+0001   -0.39376764E+0001    0.73302769E+0000         1
 36350   -0.39379620E+0001   -0.39379620E+0001    0.68480507E+0000         1
 36400   -0.39381969E+0001   -0.39381969E+0001    0.65383942E+0000         1
 36450   -0.39383051E+0001   -0.39383051E+0001    0.67400859E+0000         1
 36500   -0.39393770E+0001   -0.39393770E+0001    0.38690896E+0000         1
 36550   -0.39388948E+0001   -0.39388948E+0001    0.58632915E+0000         1
 36600   -0.39386935E+0001   -0.39386935E+0001    0.77293271E+0000         1
 36650   -0.39384085E+0001   -0.39384085E+0001    0.71093586E+0000         1
 36700   -0.39383225E+0001   -0.39383225E+0001    0.66426153E+0000         1
 36750   -0.39382366E+0001   -0.39382366E+0001    0.63500584E+0000         1
 36800   -0.39387790E+0001   -0.39387790E+0001    0.45907578E+0000         1
 36850   -0.39392479E+0001   -0.39392479E+0001    0.33799800E+0000         1
 36900   -0.39391606E+0001   -0.39391606E+0001    0.37342904E+0000         1
 36950   -0.39391458E+0001   -0.39391458E+0001    0.41593819E+0000         1
 37000   -0.39394590E+0001   -0.39394590E+0001    0.27019131E+0000         1
 37050   -0.39393121E+0001   -0.39393121E+0001    0.41956238E+0000         1
 37100   -0.39393955E+0001   -0.39393955E+0001    0.35242173E+0000         1
 37150   -0.39392184E+0001   -0.39392184E+0001    0.49079827E+0000         1
 37200   -0.39393039E+0001   -0.39393039E+0001    0.45184476E+0000         1
 37250   -0.39395476E+0001   -0.39395476E+0001    0.34286830E+0000         1
 37300   -0.39397576E+0001   -0.39397576E+0001    0.28663967E+0000         1
 37350   -0.39394325E+0001   -0.39394325E+0001    0.39980822E+0000         1
 37400   -0.39392887E+0001   -0.39392887E+0001    0.42682126E+0000         1
 37450   -0.39386097E+0001   -0.39386097E+0001    0.64767256E+0000         1
 37500   -0.39390108E+0001   -0.39390108E+0001    0.57500570E+0000         1
 37550   -0.39391471E+0001   -0.39391471E+0001    0.50442593E+0000         1
 37600   -0.39393190E+0001   -0.39393190E+0001    0.42018514E+0000         1
 37650   -0.39390108E+0001   -0.39390108E+0001    0.48794315E+0000         1
 37700   -0.39392027E+0001   -0.39392027E+0001    0.52322639E+0000         1
 37750   -0.39397623E+0001   -0.39397623E+0001    0.33476934E+0000         1
 37800   -0.39395360E+0001   -0.39395360E+0001    0.38845965E+0000         1
 37850   -0.39390992E+0001   -0.39390992E+0001    0.47834021E+0000         1
 37900   -0.39391072E+0001   -0.39391072E+0001    0.59149439E+0000         1
 37950   -0.39392133E+0001   -0.39392133E+0001    0.57458697E+0000         1
 38000   -0.39388082E+0001   -0.39388082E+0001    0.49327790E+0000         1
 38050   -0.39390812E+0001   -0.39390812E+0001    0.44652340E+0000         1
 38100   -0.39389532E+0001   -0.39389532E+0001    0.44616308E+0000         1
 38150   -0.39388553E+0001   -0.39388553E+0001    0.54787181E+0000         1
 38200   -0.39390060E+0001   -0.39390060E+0001    0.45340789E+0000         1
 38250   -0.39387600E+0001   -0.39387600E+0001    0.53146431E+0000         1
 38300   -0.39391743E+0001   -0.39391743E+0001    0.46744034E+0000         1
 38350   -0.39390096E+0001   -0.39390096E+0001    0.51111407E+0000         1
 38400   -0.39392624E+0001   -0.39392624E+0001    0.51083864E+0000         1
 38450   -0.39395344E+0001   -0.39395344E+0001    0.47207412E+0000         1
 38500   -0.39393431E+0001   -0.39393431E+0001    0.44033055E+0000         1
 38550   -0.39390236E+0001   -0.39390236E+0001    0.58322433E+0000         1
 38600   -0.39387189E+0001   -0.39387189E+0001    0.54222127E+0000         1
 38650   -0.39389392E+0001   -0.39389392E+0001    0.58583090E+0000         1
 38700   -0.39391585E+0001   -0.39391585E+0001    0.47217237E+0000         1
 38750   -0.39388285E+0001   -0.39388285E+0001    0.61489465E+0000         1
 38800   -0.39387964E+0001   -0.39387964E+0001    0.68925650E+0000         1
 38850   -0.39389837E+0001   -0.39389837E+0001    0.52943462E+0000         1
 38900   -0.39386923E+0001   -0.39386923E+0001    0.69663622E+0000         1
 38950   -0.39388458E+0001   -0.39388458E+0001    0.54932136E+0000         1
 39000   -0.39388057E+0001   -0.39388057E+0001    0.52901527E+0000         1
 39050   -0.39393059E+0001   -0.39393059E+0001    0.44314207E+0000         1
 39100   -0.39384508E+0001   -0.39384508E+0001    0.53331267E+0000         1
 39150   -0.39389572E+0001   -0.39389572E+0001    0.43162419E+0000         1
 39200   -0.39387101E+0001   -0.39387101E+0001    0.53506519E+0000         1
 39250   -0.39390466E+0001   -0.39390466E+0001    0.49826380E+0000         1
 39300   -0.39392442E+0001   -0.39392442E+0001    0.45487988E+0000         1
 39350   -0.39386325E+0001   -0.39386325E+0001    0.64254054E+0000         1
 39400   -0.39385118E+0001   -0.39385118E+0001    0.66835808E+0000         1
 39450   -0.39388081E+0001   -0.39388081E+0001    0.57488351E+0000         1
 39500   -0.39385441E+0001   -0.39385441E+0001    0.61842241E+0000         1
 39550   -0.39390797E+0001   -0.39390797E+0001    0.44334057E+0000         1
 39600   -0.39390956E+0001   -0.39390956E+0001    0.57024550E+0000         1
 39650   -0.39393382E+0001   -0.39393382E+0001    0.41790136E+0000         1
 39700   -0.39390262E+0001   -0.39390262E+0001    0.56263067E+0000         1
 39750   -0.39387576E+0001   -0.39387576E+0001    0.63784578E+0000         1
 39800   -0.39389990E+0001   -0.39389990E+0001    0.51678173E+0000         1
 39850   -0.39388452E+0001   -0.39388452E+0001    0.52128769E+0000         1
 39900   -0.39384833E+0001   -0.39384833E+0001    0.73392466E+0000         1
 39950   -0.39391916E+0001   -0.39391916E+0001    0.42072193E+0000         1
 40000   -0.39390499E+0001   -0.39390499E+0001    0.50850962E+0000         1
 40050   -0.39384381E+0001   -0.39384381E+0001    0.68415028E+0000         1
 40100   -0.39382496E+0001   -0.39382496E+0001    0.64263385E+0000         1
 40150   -0.39392709E+0001   -0.39392709E+0001    0.45373684E+0000         1
 40200   -0.39384839E+0001   -0.39384839E+0001    0.59283449E+0000         1
 40250   -0.39383145E+0001   -0.39383145E+0001    0.58024868E+0000         1
 40300   -0.39383579E+0001   -0.39383579E+0001    0.61365277E+0000         1
 40350   -0.39382873E+0001   -0.39382873E+0001    0.65597910E+0000         1
 40400   -0.39388991E+0001   -0.39388991E+0001    0.52325055E+0000         1
 40450   -0.39393131E+0001   -0.39393131E+0001    0.43946691E+0000         1
 40500   -0.39390917E+0001   -0.39390917E+0001    0.61644541E+0000         1
 40550   -0.39389868E+0001   -0.39389868E+0001    0.54347764E+0000         1
 40600   -0.39386682E+0001   -0.39386682E+0001    0.64571592E+0000         1
 40650   -0.39388049E+0001   -0.39388049E+0001    0.61680293E+0000         1
 40700   -0.39387586E+0001   -0.39387586E+0001    0.51433436E+0000         1
 40750   -0.39388990E+0001   -0.39388990E+0001    0.63207653E+0000         1
 40800   -0.39393103E+0001   -0.39393103E+0001    0.38923773E+0000         1
 40850   -0.39393986E+0001   -0.39393986E+0001    0.47922074E+0000         1
 40900   -0.39389023E+0001   -0.39389023E+0001    0.56225723E+0000         1
 40950   -0.39383775E+0001   -0.39383775E+0001    0.62556859E+0000         1
 41000   -0.39386538E+0001   -0.39386538E+0001    0.61202542E+0000         1
 41050   -0.39388528E+0001   -0.39388528E+0001    0.54666964E+0000         1
 41100   -0.39389413E+0001   -0.39389413E+0001    0.47408296E+0000         1
 41150   -0.39388432E+0001   -0.39388432E+0001    0.53317841E+0000         1
 41200   -0.39384075E+0001   -0.39384075E+0001    0.72446517E+0000         1
 41250   -0.39387042E+0001   -0.39387042E+0001    0.59486989E+0000         1
 41300   -0.39387025E+0001   -0.39387025E+0001    0.58405250E+0000         1
 41350   -0.39384148E+0001   -0.39384148E+0001    0.84499719E+0000         1
 41400   -0.39387998E+0001   -0.39387998E+0001    0.59415432E+0000         1
 41450   -0.39387807E+0001   -0.39387807E+0001    0.53357838E+0000         1
 41500   -0.39391601E+0001   -0.39391601E+0001    0.52821796E+0000         1
 41550   -0.39393361E+0001   -0.39393361E+0001    0.51628233E+0000         1
 41600   -0.39394162E+0001   -0.39394162E+0001    0.45823069E+0000         1
 41650   -0.39394379E+0001   -0.39394379E+0001    0.37594702E+0000         1
 41700   -0.39387029E+0001   -0.39387029E+0001    0.59413000E+0000         1
 41750   -0.39381663E+0001   -0.39381663E+0001    0.68047497E+0000         1
 41800   -0.39389037E+0001   -0.39389037E+0001    0.50557890E+0000         1
 41850   -0.39390291E+0001   -0.39390291E+0001    0.40695612E+0000         1
 41900   -0.39386871E+0001   -0.39386871E+0001    0.51193408E+0000         1
 41950   -0.39391462E+0001   -0.39391462E+0001    0.46733873E+0000         1
 42000   -0.39391799E+0001   -0.39391799E+0001    0.55502265E+0000         1
 42050   -0.39395175E+0001   -0.39395175E+0001    0.28126898E+0000         1
 42100   -0.39395081E+0001   -0.39395081E+0001    0.39999428E+0000         1
 42150   -0.39393578E+0001   -0.39393578E+0001    0.47728893E+0000         1
 42200   -0.39393892E+0001   -0.39393892E+0001    0.53912295E+0000         1
 42250   -0.39394109E+0001   -0.39394109E+0001    0.42487194E+0000         1
 42300   -0.39391933E+0001   -0.39391933E+0001    0.56810450E+0000         1
 42350   -0.39394506E+0001   -0.39394506E+0001    0.38039492E+0000         1
 42400   -0.39391387E+0001   -0.39391387E+0001    0.50594322E+0000         1
 42450   -0.39391154E+0001   -0.39391154E+0001    0.56726967E+0000         1
 42500   -0.39392631E+0001   -0.39392631E+0001    0.39088239E+0000         1
 42550   -0.39393534E+0001   -0.39393534E+0001    0.47973963E+0000         1
 42600   -0.39389295E+0001   -0.39389295E+0001    0.60433073E+0000         1
 42650   -0.39394176E+0001   -0.39394176E+0001    0.38642758E+0000         1
 42700   -0.39395668E+0001   -0.39395668E+0001    0.31814824E+0000         1
 42750   -0.39389088E+0001   -0.39389088E+0001    0.50341942E+0000         1
 42800   -0.39389832E+0001   -0.39389832E+0001    0.55441101E+0000         1
 42850   -0.39384133E+0001   -0.39384133E+0001    0.72560752E+0000         1
 42900   -0.39394677E+0001   -0.39394677E+0001    0.43281096E+0000         1
 42950   -0.39388159E+0001   -0.39388159E+0001    0.59108088E+0000         1
 43000   -0.39388871E+0001   -0.39388871E+0001    0.51684644E+0000         1
 43050   -0.39386822E+0001   -0.39386822E+0001    0.55240225E+0000         1
 43100   -0.39388712E+0001   -0.39388712E+0001    0.54316400E+0000         1
 43150   -0.39388781E+0001   -0.39388781E+0001    0.52041959E+0000         1
 43200   -0.39390056E+0001   -0.39390056E+0001    0.61817414E+0000         1
 43250   -0.39391584E+0001   -0.39391584E+0001    0.47942410E+0000         1
 43300   -0.39391880E+0001   -0.39391880E+0001    0.48844688E+0000         1
 43350   -0.39397160E+0001   -0.39397160E+0001    0.27183775E+0000         1
 43400   -0.39391849E+0001   -0.39391849E+0001    0.42915951E+0000         1
 43450   -0.39388162E+0001   -0.39388162E+0001    0.60490094E+0000         1
 43500   -0.39389787E+0001   -0.39389787E+0001    0.56412993E+0000         1
 43550   -0.39390804E+0001   -0.39390804E+0001    0.53193824E+0000         1
 43600   -0.39390308E+0001   -0.39390308E+0001    0.54146647E+0000         1
 43650   -0.39387062E+0001   -0.39387062E+0001    0.65990789E+0000         1
 43700   -0.39387840E+0001   -0.39387840E+0001    0.61033182E+0000         1
 43750   -0.39392534E+0001   -0.39392534E+0001    0.46998338E+0000         1
 43800   -0.39394971E+0001   -0.39394971E+0001    0.36862196E+0000         1
 43850   -0.39392718E+0001   -0.39392718E+0001    0.53899924E+0000         1
 43900   -0.39393825E+0001   -0.39393825E+0001    0.45609667E+0000         1
 43950   -0.39391199E+0001   -0.39391199E+0001    0.44907993E+0000         1
 44000   -0.39383658E+0001   -0.39383658E+0001    0.67263136E+0000         1
 44050   -0.39384863E+0001   -0.39384863E+0001    0.66598719E+0000         1
 44100   -0.39377795E+0001   -0.39377795E+0001    0.76813805E+0000         1
 44150   -0.39382076E+0001   -0.39382076E+0001    0.69415015E+0000         1
 44200   -0.39382936E+0001   -0.39382936E+0001    0.59395861E+0000         1
 44250   -0.39387093E+0001   -0.39387093E+0001    0.52126568E+0000         1
 44300   -0.39391874E+0001   -0.39391874E+0001    0.41059832E+0000         1
 44350   -0.39382974E+0001   -0.39382974E+0001    0.74537510E+0000         1
 44400   -0.39384965E+0001   -0.39384965E+0001    0.70459641E+0000         1
 44450   -0.39395582E+0001   -0.39395582E+0001    0.31912425E+0000         1
 44500   -0.39387712E+0001   -0.39387712E+0001    0.62848212E+0000         1
 44550   -0.39387957E+0001   -0.39387957E+0001    0.46781840E+0000         1
 44600   -0.39386606E+0001   -0.39386606E+0001    0.51119393E+0000         1
 44650   -0.39382964E+0001   -0.39382964E+0001    0.50902722E+0000         1
 44700   -0.39385870E+0001   -0.39385870E+0001    0.47636675E+0000         1
 44750   -0.39381427E+0001   -0.39381427E+0001    0.62113982E+0000         1
 44800   -0.39382424E+0001   -0.39382424E+0001    0.66220131E+0000         1
 44850   -0.39385673E+0001   -0.39385673E+0001    0.59342379E+0000         1
 44900   -0.39389724E+0001   -0.39389724E+0001    0.56849785E+0000         1
 44950   -0.39392333E+0001   -0.39392333E+0001    0.51637830E+0000         1
 45000   -0.39393827E+0001   -0.39393827E+0001    0.41530499E+0000         1
 45050   -0.39383149E+0001   -0.39383149E+0001    0.74025390E+0000         1
 45100   -0.39388135E+0001   -0.39388135E+0001    0.58608184E+0000         1
 45150   -0.39396407E+0001   -0.39396407E+0001    0.30118730E+0000         1
 45200   -0.39395180E+0001   -0.39395180E+0001    0.39601493E+0000         1
 45250   -0.39392602E+0001   -0.39392602E+0001    0.50155736E+0000         1
 45300   -0.39393140E+0001   -0.39393140E+0001    0.39335252E+0000         1
 45350   -0.39395285E+0001   -0.39395285E+0001    0.37964753E+0000         1
 45400   -0.39394584E+0001   -0.39394584E+0001    0.41274563E+0000         1
 45450   -0.39394142E+0001   -0.39394142E+0001    0.43778187E+0000         1
 45500   -0.39391795E+0001   -0.39391795E+0001    0.53356138E+0000         1
 45550   -0.39391304E+0001   -0.39391304E+0001    0.49245299E+0000         1
 45600   -0.39397069E+0001   -0.39397069E+0001    0.33666001E+0000         1
 45650   -0.39396287E+0001   -0.39396287E+0001    0.40177984E+0000         1
 45700   -0.39392128E+0001   -0.39392128E+0001    0.53110852E+0000         1
 45750   -0.39392233E+0001   -0.39392233E+0001    0.53220779E+0000         1
 45800   -0.39391239E+0001   -0.39391239E+0001    0.57375929E+0000         1
 45850   -0.39392606E+0001   -0.39392606E+0001    0.48868529E+0000         1
 45900   -0.39391313E+0001   -0.39391313E+0001    0.51235349E+0000         1
 45950   -0.39386683E+0001   -0.39386683E+0001    0.66905555E+0000         1
 46000   -0.39389432E+0001   -0.39389432E+0001    0.52040451E+0000         1
 46050   -0.39395532E+0001   -0.39395532E+0001    0.36186235E+0000         1
 46100   -0.39390296E+0001   -0.39390296E+0001    0.48481158E+0000         1
 46150   -0.39390636E+0001   -0.39390636E+0001    0.61158923E+0000         1
 46200   -0.39393754E+0001   -0.39393754E+0001    0.45791193E+0000         1
 46250   -0.39384162E+0001   -0.39384162E+0001    0.63489136E+0000         1
 46300   -0.39391889E+0001   -0.39391889E+0001    0.47880553E+0000         1
 46350   -0.39392555E+0001   -0.39392555E+0001    0.47651483E+0000         1
 46400   -0.39393644E+0001   -0.39393644E+0001    0.37880481E+0000         1
 46450   -0.39394122E+0001   -0.39394122E+0001    0.45388143E+0000         1
 46500   -0.39392866E+0001   -0.39392866E+0001    0.56509526E+0000         1
 46550   -0.39392329E+0001   -0.39392329E+0001    0.45839193E+0000         1
 46600   -0.39388758E+0001   -0.39388758E+0001    0.58146844E+0000         1
 46650   -0.39378684E+0001   -0.39378684E+0001    0.78678570E+0000         1
 46700   -0.39393768E+0001   -0.39393768E+0001    0.44372151E+0000         1
 46750   -0.39386264E+0001   -0.39386264E+0001    0.55895464E+0000         1
 46800   -0.39382200E+0001   -0.39382200E+0001    0.69067966E+0000         1
 46850   -0.39390179E+0001   -0.39390179E+0001    0.49340005E+0000         1
 46900   -0.39394068E+0001   -0.39394068E+0001    0.36358900E+0000         1
 46950   -0.39390627E+0001   -0.39390627E+0001    0.58335924E+0000         1
 47000   -0.39390249E+0001   -0.39390249E+0001    0.42208220E+0000         1
 47050   -0.39392099E+0001   -0.39392099E+0001    0.43699333E+0000         1
 47100   -0.39393640E+0001   -0.39393640E+0001    0.38290669E+0000         1
 47150   -0.39390759E+0001   -0.39390759E+0001    0.49748451E+0000         1
 47200   -0.39389875E+0001   -0.39389875E+0001    0.49010839E+0000         1
 47250   -0.39392527E+0001   -0.39392527E+0001    0.42832155E+0000         1
 47300   -0.39391414E+0001   -0.39391414E+0001    0.43273093E+0000         1
 47350   -0.39385753E+0001   -0.39385753E+0001    0.55836351E+0000         1
 47400   -0.39386956E+0001   -0.39386956E+0001    0.62115516E+0000         1
 47450   -0.39381431E+0001   -0.39381431E+0001    0.69836881E+0000         1
 47500   -0.39384620E+0001   -0.39384620E+0001    0.65162146E+0000         1
 47550   -0.39384231E+0001   -0.39384231E+0001    0.65602438E+0000         1
 47600   -0.39383005E+0001   -0.39383005E+0001    0.59552253E+0000         1
 47650   -0.39385729E+0001   -0.39385729E+0001    0.60575561E+0000         1
 47700   -0.39385699E+0001   -0.39385699E+0001    0.52722333E+0000         1
 47750   -0.39383506E+0001   -0.39383506E+0001    0.70324738E+0000         1
 47800   -0.39389474E+0001   -0.39389474E+0001    0.56063761E+0000         1
 47850   -0.39389535E+0001   -0.39389535E+0001    0.58513752E+0000         1
 47900   -0.39390402E+0001   -0.39390402E+0001    0.60492463E+0000         1
 47950   -0.39395947E+0001   -0.39395947E+0001    0.38943022E+0000         1
 48000   -0.39385374E+0001   -0.39385374E+0001    0.70026189E+0000         1
