1     -0.39199855E+0001
50     -0.39191056E+0001
100     -0.39189335E+0001
150     -0.39187117E+0001
200     -0.39186149E+0001
250     -0.39184479E+0001
300     -0.39180221E+0001
350     -0.39176818E+0001
400     -0.39175474E+0001
450     -0.39173866E+0001
500     -0.39177051E+0001
550     -0.39177086E+0001
600     -0.39173770E+0001
650     -0.39170419E+0001
700     -0.39166808E+0001
750     -0.39162070E+0001
800     -0.39159106E+0001
850     -0.39154607E+0001
900     -0.39150484E+0001
950     -0.39147447E+0001
1000     -0.39143419E+0001
1050     -0.39138139E+0001
1100     -0.39133662E+0001
1150     -0.39130659E+0001
1200     -0.39127183E+0001
1250     -0.39122425E+0001
1300     -0.39116900E+0001
1350     -0.39113601E+0001
1400     -0.39110924E+0001
1450     -0.39107118E+0001
1500     -0.39101482E+0001
1550     -0.39096716E+0001
1600     -0.39090367E+0001
1650     -0.39083902E+0001
1700     -0.39082036E+0001
1750     -0.39080599E+0001
1800     -0.39075370E+0001
1850     -0.39068595E+0001
1900     -0.39064565E+0001
1950     -0.39061322E+0001
2000     -0.39055420E+0001
2050     -0.39048886E+0001
2100     -0.39041182E+0001
2150     -0.39034058E+0001
2200     -0.39027820E+0001
2250     -0.39019904E+0001
2300     -0.39012188E+0001
2350     -0.39004461E+0001
2400     -0.38996699E+0001
2450     -0.38988354E+0001
2500     -0.38982862E+0001
2550     -0.38981068E+0001
2600     -0.38975334E+0001
2650     -0.38966723E+0001
2700     -0.38956859E+0001
2750     -0.38949844E+0001
2800     -0.38940848E+0001
2850     -0.38929204E+0001
2900     -0.38916027E+0001
2950     -0.38902611E+0001
3000     -0.38891638E+0001
3050     -0.38881170E+0001
3100     -0.38868831E+0001
3150     -0.38871256E+0001
3200     -0.38858222E+0001
3201     -0.38860326E+0001
3250     -0.38911426E+0001
3300     -0.38899884E+0001
3350     -0.38888737E+0001
3400     -0.38877722E+0001
3450     -0.38867811E+0001
3500     -0.38856413E+0001
3550     -0.38844414E+0001
3600     -0.38831745E+0001
3650     -0.38822283E+0001
3700     -0.38812681E+0001
3750     -0.38800308E+0001
3800     -0.38784178E+0001
3850     -0.38768083E+0001
3900     -0.38753279E+0001
3950     -0.38737981E+0001
4000     -0.38719842E+0001
4050     -0.38706056E+0001
4100     -0.38691715E+0001
4150     -0.38673579E+0001
4200     -0.38655093E+0001
4250     -0.38637636E+0001
4300     -0.38622698E+0001
4350     -0.38612212E+0001
4400     -0.38596771E+0001
4450     -0.38573778E+0001
4500     -0.38546016E+0001
4550     -0.38524847E+0001
4600     -0.38502893E+0001
4650     -0.38477598E+0001
4700     -0.38451918E+0001
4750     -0.38427743E+0001
4800     -0.38404251E+0001
4850     -0.38379696E+0001
4900     -0.38355409E+0001
4950     -0.38332518E+0001
5000     -0.38309626E+0001
5050     -0.38287506E+0001
5100     -0.38262354E+0001
5150     -0.38241540E+0001
5200     -0.38218618E+0001
5250     -0.38196443E+0001
5300     -0.38174928E+0001
5350     -0.38152447E+0001
5400     -0.38132915E+0001
5450     -0.38120143E+0001
5500     -0.38101194E+0001
5550     -0.38079510E+0001
5600     -0.38055712E+0001
5650     -0.38029322E+0001
5700     -0.38005125E+0001
5750     -0.37982732E+0001
5800     -0.37960117E+0001
5850     -0.37937116E+0001
5900     -0.37914642E+0001
5950     -0.37891084E+0001
6000     -0.37868200E+0001
6050     -0.37845440E+0001
6100     -0.37823340E+0001
6150     -0.37802949E+0001
6200     -0.37783148E+0001
6250     -0.37764541E+0001
6300     -0.37749757E+0001
6350     -0.37731998E+0001
6400     -0.37715690E+0001
6401     -0.37717871E+0001
6450     -0.37770577E+0001
6500     -0.37750314E+0001
6550     -0.37731703E+0001
6600     -0.37714498E+0001
6650     -0.37689958E+0001
6700     -0.37666122E+0001
6750     -0.37645613E+0001
6800     -0.37625939E+0001
6850     -0.37611740E+0001
6900     -0.37598465E+0001
6950     -0.37580999E+0001
7000     -0.37563987E+0001
7050     -0.37544420E+0001
7100     -0.37526850E+0001
7150     -0.37511080E+0001
7200     -0.37496993E+0001
7250     -0.37481782E+0001
7300     -0.37465613E+0001
7350     -0.37448088E+0001
7400     -0.37435153E+0001
7450     -0.37420609E+0001
7500     -0.37405121E+0001
7550     -0.37395004E+0001
7600     -0.37383961E+0001
7650     -0.37367876E+0001
7700     -0.37352415E+0001
7750     -0.37338031E+0001
7800     -0.37323920E+0001
7850     -0.37305153E+0001
7900     -0.37287438E+0001
7950     -0.37272376E+0001
8000     -0.37259074E+0001
8050     -0.37252587E+0001
8100     -0.37247027E+0001
8150     -0.37237762E+0001
8200     -0.37225373E+0001
8250     -0.37209888E+0001
8300     -0.37194074E+0001
8350     -0.37180835E+0001
8400     -0.37171282E+0001
8450     -0.37157863E+0001
8500     -0.37144435E+0001
8550     -0.37133702E+0001
8600     -0.37119321E+0001
8650     -0.37106563E+0001
8700     -0.37092458E+0001
8750     -0.37077475E+0001
8800     -0.37063416E+0001
8850     -0.37049378E+0001
8900     -0.37035875E+0001
8950     -0.37024847E+0001
9000     -0.37012052E+0001
9050     -0.36997601E+0001
9100     -0.36984268E+0001
9150     -0.36971386E+0001
9200     -0.36958890E+0001
9250     -0.36944128E+0001
9300     -0.36928793E+0001
9350     -0.36914140E+0001
9400     -0.36899134E+0001
9450     -0.36884036E+0001
9500     -0.36867555E+0001
9550     -0.36852299E+0001
9600     -0.36838242E+0001
9601     -0.36839370E+0001
9650     -0.36867133E+0001
9700     -0.36853936E+0001
9750     -0.36840302E+0001
9800     -0.36826766E+0001
9850     -0.36813085E+0001
9900     -0.36798738E+0001
9950     -0.36786187E+0001
10000     -0.36776088E+0001
10050     -0.36768548E+0001
10100     -0.36758105E+0001
10150     -0.36745995E+0001
10200     -0.36731310E+0001
10250     -0.36713668E+0001
10300     -0.36697871E+0001
10350     -0.36684677E+0001
10400     -0.36672685E+0001
10450     -0.36660454E+0001
10500     -0.36647613E+0001
10550     -0.36635186E+0001
10600     -0.36622357E+0001
10650     -0.36610071E+0001
10700     -0.36598171E+0001
10750     -0.36586804E+0001
10800     -0.36575264E+0001
10850     -0.36563684E+0001
10900     -0.36552335E+0001
10950     -0.36541287E+0001
11000     -0.36531955E+0001
11050     -0.36521743E+0001
11100     -0.36510968E+0001
11150     -0.36499081E+0001
11200     -0.36487021E+0001
11250     -0.36475262E+0001
11300     -0.36463675E+0001
11350     -0.36452702E+0001
11400     -0.36442308E+0001
11450     -0.36428809E+0001
11500     -0.36410842E+0001
11550     -0.36394811E+0001
11600     -0.36383738E+0001
11650     -0.36374443E+0001
11700     -0.36364334E+0001
11750     -0.36355387E+0001
11800     -0.36346175E+0001
11850     -0.36336405E+0001
11900     -0.36327289E+0001
11950     -0.36318160E+0001
12000     -0.36309414E+0001
12050     -0.36301279E+0001
12100     -0.36292641E+0001
12150     -0.36284950E+0001
12200     -0.36277131E+0001
12250     -0.36270437E+0001
12300     -0.36263598E+0001
12350     -0.36257234E+0001
12400     -0.36250508E+0001
12450     -0.36243702E+0001
12500     -0.36236727E+0001
12550     -0.36228795E+0001
12600     -0.36220871E+0001
12650     -0.36213558E+0001
12700     -0.36207603E+0001
12750     -0.36201354E+0001
12800     -0.36193980E+0001
12801     -0.36194350E+0001
12850     -0.36203368E+0001
12900     -0.36198548E+0001
12950     -0.36193404E+0001
13000     -0.36188110E+0001
13050     -0.36182815E+0001
13100     -0.36176709E+0001
13150     -0.36170474E+0001
13200     -0.36164164E+0001
13250     -0.36156998E+0001
13300     -0.36149065E+0001
13350     -0.36142150E+0001
13400     -0.36135786E+0001
13450     -0.36128966E+0001
13500     -0.36123042E+0001
13550     -0.36116881E+0001
13600     -0.36109768E+0001
13650     -0.36101783E+0001
13700     -0.36095362E+0001
13750     -0.36089976E+0001
13800     -0.36084787E+0001
13850     -0.36080417E+0001
13900     -0.36076575E+0001
13950     -0.36073308E+0001
14000     -0.36070071E+0001
14050     -0.36066310E+0001
14100     -0.36061773E+0001
14150     -0.36057257E+0001
14200     -0.36052731E+0001
14250     -0.36048502E+0001
14300     -0.36044964E+0001
14350     -0.36041826E+0001
14400     -0.36038788E+0001
14450     -0.36035971E+0001
14500     -0.36033053E+0001
14550     -0.36029912E+0001
14600     -0.36026168E+0001
14650     -0.36022114E+0001
14700     -0.36018089E+0001
14750     -0.36014537E+0001
14800     -0.36011421E+0001
14850     -0.36008284E+0001
14900     -0.36005108E+0001
14950     -0.36002688E+0001
15000     -0.36000167E+0001
15050     -0.35997686E+0001
15100     -0.35995437E+0001
15150     -0.35992800E+0001
15200     -0.35990022E+0001
15250     -0.35987103E+0001
15300     -0.35984436E+0001
15350     -0.35982042E+0001
15400     -0.35980144E+0001
15450     -0.35978236E+0001
15500     -0.35975865E+0001
15550     -0.35973556E+0001
15600     -0.35971822E+0001
15650     -0.35969866E+0001
15700     -0.35967676E+0001
15750     -0.35965200E+0001
15800     -0.35963025E+0001
15850     -0.35960758E+0001
15900     -0.35959033E+0001
15950     -0.35957334E+0001
16000     -0.35955180E+0001
16001     -0.35955281E+0001
16050     -0.35957747E+0001
16100     -0.35956556E+0001
16150     -0.35954996E+0001
16200     -0.35953358E+0001
16250     -0.35951582E+0001
16300     -0.35949817E+0001
16350     -0.35947665E+0001
16400     -0.35945640E+0001
16450     -0.35943440E+0001
16500     -0.35941396E+0001
16550     -0.35939574E+0001
16600     -0.35938105E+0001
16650     -0.35936391E+0001
16700     -0.35934669E+0001
16750     -0.35933001E+0001
16800     -0.35931849E+0001
16850     -0.35930801E+0001
16900     -0.35929572E+0001
16950     -0.35928121E+0001
17000     -0.35926423E+0001
17050     -0.35924734E+0001
17100     -0.35923183E+0001
17150     -0.35921897E+0001
17200     -0.35920878E+0001
17250     -0.35919820E+0001
17300     -0.35918625E+0001
17350     -0.35917561E+0001
17400     -0.35916766E+0001
17450     -0.35915697E+0001
17500     -0.35914561E+0001
17550     -0.35913343E+0001
17600     -0.35912434E+0001
17650     -0.35911406E+0001
17700     -0.35910456E+0001
17750     -0.35909364E+0001
17800     -0.35908286E+0001
17850     -0.35907315E+0001
17900     -0.35906325E+0001
17950     -0.35905281E+0001
18000     -0.35904289E+0001
18050     -0.35903338E+0001
18100     -0.35902279E+0001
18150     -0.35900882E+0001
18200     -0.35899312E+0001
18250     -0.35898169E+0001
18300     -0.35896974E+0001
18350     -0.35896046E+0001
18400     -0.35895144E+0001
18450     -0.35894297E+0001
18500     -0.35893328E+0001
18550     -0.35892234E+0001
18600     -0.35891532E+0001
18650     -0.35890867E+0001
18700     -0.35890277E+0001
18750     -0.35889815E+0001
18800     -0.35889349E+0001
18850     -0.35888674E+0001
18900     -0.35887867E+0001
18950     -0.35886946E+0001
19000     -0.35886073E+0001
19050     -0.35885391E+0001
19100     -0.35884643E+0001
19150     -0.35884001E+0001
19200     -0.35883364E+0001
19201     -0.35883391E+0001
19250     -0.35884026E+0001
19300     -0.35883703E+0001
19350     -0.35883339E+0001
19400     -0.35882961E+0001
19450     -0.35882588E+0001
19500     -0.35882311E+0001
19550     -0.35881936E+0001
19600     -0.35881496E+0001
19650     -0.35881202E+0001
19700     -0.35880883E+0001
19750     -0.35880369E+0001
19800     -0.35879793E+0001
19850     -0.35879245E+0001
19900     -0.35878764E+0001
19950     -0.35878351E+0001
20000     -0.35877942E+0001
20050     -0.35877482E+0001
20100     -0.35877002E+0001
20150     -0.35876549E+0001
20200     -0.35876203E+0001
20250     -0.35875789E+0001
20300     -0.35875395E+0001
20350     -0.35874988E+0001
20400     -0.35874603E+0001
20450     -0.35874178E+0001
20500     -0.35873622E+0001
20550     -0.35873068E+0001
20600     -0.35872608E+0001
20650     -0.35872287E+0001
20700     -0.35871920E+0001
20750     -0.35871682E+0001
20800     -0.35871588E+0001
20850     -0.35871236E+0001
20900     -0.35870840E+0001
20950     -0.35870404E+0001
21000     -0.35869935E+0001
21050     -0.35869600E+0001
21100     -0.35869338E+0001
21150     -0.35868810E+0001
21200     -0.35868318E+0001
21250     -0.35867880E+0001
21300     -0.35867495E+0001
21350     -0.35867240E+0001
21400     -0.35867050E+0001
21450     -0.35866856E+0001
21500     -0.35866693E+0001
21550     -0.35866569E+0001
21600     -0.35866355E+0001
21650     -0.35866234E+0001
21700     -0.35866205E+0001
21750     -0.35866099E+0001
21800     -0.35866039E+0001
21850     -0.35865931E+0001
21900     -0.35865686E+0001
21950     -0.35865560E+0001
22000     -0.35865439E+0001
22050     -0.35865241E+0001
22100     -0.35865026E+0001
22150     -0.35864834E+0001
22200     -0.35864664E+0001
22250     -0.35864563E+0001
22300     -0.35864316E+0001
22350     -0.35864131E+0001
22400     -0.35863993E+0001
22401     -0.35863999E+0001
22450     -0.35864126E+0001
22500     -0.35864060E+0001
22550     -0.35863975E+0001
22600     -0.35863873E+0001
22650     -0.35863719E+0001
22700     -0.35863602E+0001
22750     -0.35863498E+0001
22800     -0.35863428E+0001
22850     -0.35863409E+0001
22900     -0.35863352E+0001
22950     -0.35863172E+0001
23000     -0.35862997E+0001
23050     -0.35862854E+0001
23100     -0.35862737E+0001
23150     -0.35862689E+0001
23200     -0.35862620E+0001
23250     -0.35862483E+0001
23300     -0.35862343E+0001
23350     -0.35862277E+0001
23400     -0.35862240E+0001
23450     -0.35862239E+0001
23500     -0.35862171E+0001
23550     -0.35862129E+0001
23600     -0.35862076E+0001
23650     -0.35862039E+0001
23700     -0.35861978E+0001
23750     -0.35861880E+0001
23800     -0.35861809E+0001
23850     -0.35861653E+0001
23900     -0.35861557E+0001
23950     -0.35861479E+0001
24000     -0.35861405E+0001
24050     -0.35861421E+0001
24100     -0.35861433E+0001
24150     -0.35861378E+0001
24200     -0.35861343E+0001
24250     -0.35861366E+0001
24300     -0.35861269E+0001
24350     -0.35861265E+0001
24400     -0.35861371E+0001
24450     -0.35861439E+0001
24500     -0.35861471E+0001
24550     -0.35861461E+0001
24600     -0.35861494E+0001
24650     -0.35861506E+0001
24700     -0.35861534E+0001
24750     -0.35861497E+0001
24800     -0.35861462E+0001
24850     -0.35861478E+0001
24900     -0.35861489E+0001
24950     -0.35861579E+0001
25000     -0.35861642E+0001
25050     -0.35861718E+0001
25100     -0.35861636E+0001
25150     -0.35861642E+0001
25200     -0.35861642E+0001
25250     -0.35861604E+0001
25300     -0.35861586E+0001
25350     -0.35861577E+0001
25400     -0.35861507E+0001
25450     -0.35861411E+0001
25500     -0.35861391E+0001
25550     -0.35861361E+0001
25600     -0.35861349E+0001
25601     -0.35861352E+0001
25650     -0.35861424E+0001
25700     -0.35861390E+0001
25750     -0.35861355E+0001
25800     -0.35861336E+0001
25850     -0.35861329E+0001
25900     -0.35861295E+0001
25950     -0.35861285E+0001
26000     -0.35861286E+0001
26050     -0.35861226E+0001
26100     -0.35861172E+0001
26150     -0.35861056E+0001
26200     -0.35861037E+0001
26250     -0.35860964E+0001
26300     -0.35860869E+0001
26350     -0.35860816E+0001
26400     -0.35860786E+0001
26450     -0.35860739E+0001
26500     -0.35860698E+0001
26550     -0.35860702E+0001
26600     -0.35860705E+0001
26650     -0.35860710E+0001
26700     -0.35860669E+0001
26750     -0.35860630E+0001
26800     -0.35860559E+0001
26850     -0.35860496E+0001
26900     -0.35860473E+0001
26950     -0.35860453E+0001
27000     -0.35860398E+0001
27050     -0.35860329E+0001
27100     -0.35860255E+0001
27150     -0.35860199E+0001
27200     -0.35860126E+0001
27250     -0.35860106E+0001
27300     -0.35860091E+0001
27350     -0.35860090E+0001
27400     -0.35860088E+0001
27450     -0.35860075E+0001
27500     -0.35860006E+0001
27550     -0.35859988E+0001
27600     -0.35859930E+0001
27650     -0.35859907E+0001
27700     -0.35859891E+0001
27750     -0.35859851E+0001
27800     -0.35859864E+0001
27850     -0.35859845E+0001
27900     -0.35859820E+0001
27950     -0.35859803E+0001
28000     -0.35859800E+0001
28050     -0.35859787E+0001
28100     -0.35859793E+0001
28150     -0.35859827E+0001
28200     -0.35859843E+0001
28250     -0.35859820E+0001
28300     -0.35859788E+0001
28350     -0.35859770E+0001
28400     -0.35859766E+0001
28450     -0.35859772E+0001
28500     -0.35859764E+0001
28550     -0.35859722E+0001
28600     -0.35859681E+0001
28650     -0.35859676E+0001
28700     -0.35859700E+0001
28750     -0.35859762E+0001
28800     -0.35859864E+0001
28850     -0.35859889E+0001
28900     -0.35859874E+0001
28950     -0.35859835E+0001
29000     -0.35859800E+0001
29050     -0.35859813E+0001
29100     -0.35859822E+0001
29150     -0.35859820E+0001
29200     -0.35859769E+0001
29250     -0.35859734E+0001
29300     -0.35859706E+0001
29350     -0.35859702E+0001
29400     -0.35859682E+0001
29450     -0.35859684E+0001
29500     -0.35859699E+0001
29550     -0.35859694E+0001
29600     -0.35859672E+0001
29650     -0.35859686E+0001
29700     -0.35859682E+0001
29750     -0.35859689E+0001
29800     -0.35859707E+0001
29850     -0.35859712E+0001
29900     -0.35859713E+0001
29950     -0.35859702E+0001
30000     -0.35859680E+0001
30050     -0.35859704E+0001
30100     -0.35859700E+0001
30150     -0.35859697E+0001
30200     -0.35859692E+0001
30250     -0.35859700E+0001
30300     -0.35859696E+0001
30350     -0.35859696E+0001
30400     -0.35859689E+0001
30450     -0.35859695E+0001
30500     -0.35859698E+0001
30550     -0.35859706E+0001
30600     -0.35859711E+0001
30650     -0.35859700E+0001
30700     -0.35859649E+0001
30750     -0.35859610E+0001
30800     -0.35859602E+0001
30850     -0.35859583E+0001
30900     -0.35859578E+0001
30950     -0.35859593E+0001
31000     -0.35859591E+0001
31050     -0.35859562E+0001
31100     -0.35859554E+0001
31150     -0.35859531E+0001
31200     -0.35859532E+0001
31250     -0.35859544E+0001
31300     -0.35859513E+0001
31350     -0.35859434E+0001
31400     -0.35859405E+0001
31450     -0.35859371E+0001
31500     -0.35859378E+0001
31550     -0.35859406E+0001
31600     -0.35859449E+0001
31650     -0.35859472E+0001
31700     -0.35859465E+0001
31750     -0.35859449E+0001
31800     -0.35859456E+0001
31850     -0.35859464E+0001
31900     -0.35859457E+0001
31950     -0.35859449E+0001
32000     -0.35859447E+0001
32001     -0.35859448E+0001
32050     -0.35858926E+0001
32100     -0.35858661E+0001
32150     -0.35858627E+0001
32200     -0.35858716E+0001
32250     -0.35858532E+0001
32300     -0.35858926E+0001
32350     -0.35858865E+0001
32400     -0.35858492E+0001
32450     -0.35858095E+0001
32500     -0.35858448E+0001
32550     -0.35858732E+0001
32600     -0.35858304E+0001
32650     -0.35858613E+0001
32700     -0.35857843E+0001
32750     -0.35857590E+0001
32800     -0.35858326E+0001
32850     -0.35858245E+0001
32900     -0.35857770E+0001
32950     -0.35857321E+0001
33000     -0.35857431E+0001
33050     -0.35857011E+0001
33100     -0.35857371E+0001
33150     -0.35857804E+0001
33200     -0.35858133E+0001
33250     -0.35858398E+0001
33300     -0.35857893E+0001
33350     -0.35857954E+0001
33400     -0.35857901E+0001
33450     -0.35858296E+0001
33500     -0.35858576E+0001
33550     -0.35857959E+0001
33600     -0.35858435E+0001
33650     -0.35858017E+0001
33700     -0.35858876E+0001
33750     -0.35858683E+0001
33800     -0.35858822E+0001
33850     -0.35858093E+0001
33900     -0.35858636E+0001
33950     -0.35858952E+0001
34000     -0.35858800E+0001
34050     -0.35858508E+0001
34100     -0.35858460E+0001
34150     -0.35858377E+0001
34200     -0.35859031E+0001
34250     -0.35859144E+0001
34300     -0.35858978E+0001
34350     -0.35858983E+0001
34400     -0.35858342E+0001
34450     -0.35858600E+0001
34500     -0.35858943E+0001
34550     -0.35858186E+0001
34600     -0.35858667E+0001
34650     -0.35859331E+0001
34700     -0.35859537E+0001
34750     -0.35859118E+0001
34800     -0.35859823E+0001
34850     -0.35860671E+0001
34900     -0.35860705E+0001
34950     -0.35861036E+0001
35000     -0.35861187E+0001
35050     -0.35860339E+0001
35100     -0.35860628E+0001
35150     -0.35860540E+0001
35200     -0.35860350E+0001
35250     -0.35860788E+0001
35300     -0.35861521E+0001
35350     -0.35861617E+0001
35400     -0.35861650E+0001
35450     -0.35861125E+0001
35500     -0.35861662E+0001
35550     -0.35862595E+0001
35600     -0.35861897E+0001
35650     -0.35863093E+0001
35700     -0.35863620E+0001
35750     -0.35862884E+0001
35800     -0.35863011E+0001
35850     -0.35863360E+0001
35900     -0.35864349E+0001
35950     -0.35865373E+0001
36000     -0.35865145E+0001
36050     -0.35865585E+0001
36100     -0.35866394E+0001
36150     -0.35867025E+0001
36200     -0.35867258E+0001
36250     -0.35867691E+0001
36300     -0.35867364E+0001
36350     -0.35867639E+0001
36400     -0.35868902E+0001
36450     -0.35869305E+0001
36500     -0.35869714E+0001
36550     -0.35869971E+0001
36600     -0.35870260E+0001
36650     -0.35872379E+0001
36700     -0.35873672E+0001
36750     -0.35874603E+0001
36800     -0.35875832E+0001
36850     -0.35875125E+0001
36900     -0.35876013E+0001
36950     -0.35877847E+0001
37000     -0.35881438E+0001
37050     -0.35882822E+0001
37100     -0.35883994E+0001
37150     -0.35886011E+0001
37200     -0.35887990E+0001
37250     -0.35890288E+0001
37300     -0.35891748E+0001
37350     -0.35893723E+0001
37400     -0.35895935E+0001
37450     -0.35899133E+0001
37500     -0.35900735E+0001
37550     -0.35905340E+0001
37600     -0.35907005E+0001
37650     -0.35909674E+0001
37700     -0.35911922E+0001
37750     -0.35918702E+0001
37800     -0.35923326E+0001
37850     -0.35930080E+0001
37900     -0.35936941E+0001
37950     -0.35944438E+0001
38000     -0.35952888E+0001
38050     -0.35960325E+0001
38100     -0.35969418E+0001
38150     -0.35983342E+0001
38200     -0.35995183E+0001
38250     -0.36008053E+0001
38300     -0.36024482E+0001
38350     -0.36043989E+0001
38400     -0.36064984E+0001
38450     -0.36089382E+0001
38500     -0.36111825E+0001
38550     -0.36134536E+0001
38600     -0.36164526E+0001
38650     -0.36197594E+0001
38700     -0.36234499E+0001
38750     -0.36273779E+0001
38800     -0.36312306E+0001
38850     -0.36362065E+0001
38900     -0.36416546E+0001
38950     -0.36466939E+0001
39000     -0.36516410E+0001
39050     -0.36580527E+0001
39100     -0.36651777E+0001
39150     -0.36722221E+0001
39200     -0.36796588E+0001
39250     -0.36872674E+0001
39300     -0.36947494E+0001
39350     -0.37032300E+0001
39400     -0.37108510E+0001
39450     -0.37175935E+0001
39500     -0.37254806E+0001
39550     -0.37326413E+0001
39600     -0.37385691E+0001
39650     -0.37445507E+0001
39700     -0.37503738E+0001
39750     -0.37562335E+0001
39800     -0.37615673E+0001
39850     -0.37666453E+0001
39900     -0.37714695E+0001
39950     -0.37754523E+0001
40000     -0.37793122E+0001
40050     -0.37831667E+0001
40100     -0.37866604E+0001
40150     -0.37895786E+0001
40200     -0.37917974E+0001
40250     -0.37939001E+0001
40300     -0.37954347E+0001
40350     -0.37970949E+0001
40400     -0.37985659E+0001
40450     -0.37997219E+0001
40500     -0.38007277E+0001
40550     -0.38013387E+0001
40600     -0.38019406E+0001
40650     -0.38024099E+0001
40700     -0.38027210E+0001
40750     -0.38029318E+0001
40800     -0.38030262E+0001
40850     -0.38031751E+0001
40900     -0.38032611E+0001
40950     -0.38033401E+0001
41000     -0.38035156E+0001
41050     -0.38034784E+0001
41100     -0.38035834E+0001
41150     -0.38036330E+0001
41200     -0.38037023E+0001
41250     -0.38036997E+0001
41300     -0.38037345E+0001
41350     -0.38037966E+0001
41400     -0.38038090E+0001
41450     -0.38037902E+0001
41500     -0.38038115E+0001
41550     -0.38038044E+0001
41600     -0.38038135E+0001
41650     -0.38037893E+0001
41700     -0.38037508E+0001
41750     -0.38038099E+0001
41800     -0.38038514E+0001
41850     -0.38038190E+0001
41900     -0.38038234E+0001
41950     -0.38037938E+0001
42000     -0.38037779E+0001
42050     -0.38038554E+0001
42100     -0.38038672E+0001
42150     -0.38038710E+0001
42200     -0.38038802E+0001
42250     -0.38037940E+0001
42300     -0.38037582E+0001
42350     -0.38038104E+0001
42400     -0.38037991E+0001
42450     -0.38038322E+0001
42500     -0.38038627E+0001
42550     -0.38038097E+0001
42600     -0.38038268E+0001
42650     -0.38038342E+0001
42700     -0.38038128E+0001
42750     -0.38037726E+0001
42800     -0.38037769E+0001
42850     -0.38037604E+0001
42900     -0.38037566E+0001
42950     -0.38038046E+0001
43000     -0.38036937E+0001
43050     -0.38037892E+0001
43100     -0.38038145E+0001
43150     -0.38038099E+0001
43200     -0.38038155E+0001
43250     -0.38038790E+0001
43300     -0.38038556E+0001
43350     -0.38038154E+0001
43400     -0.38038641E+0001
43450     -0.38038516E+0001
43500     -0.38038068E+0001
43550     -0.38038039E+0001
43600     -0.38037881E+0001
43650     -0.38037157E+0001
43700     -0.38038454E+0001
43750     -0.38038145E+0001
43800     -0.38038371E+0001
43850     -0.38038413E+0001
43900     -0.38038383E+0001
43950     -0.38038182E+0001
44000     -0.38038495E+0001
44050     -0.38038874E+0001
44100     -0.38038711E+0001
44150     -0.38038534E+0001
44200     -0.38038453E+0001
44250     -0.38038070E+0001
44300     -0.38037915E+0001
44350     -0.38037333E+0001
44400     -0.38037413E+0001
44450     -0.38037995E+0001
44500     -0.38037978E+0001
44550     -0.38038207E+0001
44600     -0.38037779E+0001
44650     -0.38037368E+0001
44700     -0.38037985E+0001
44750     -0.38038150E+0001
44800     -0.38038196E+0001
44850     -0.38038337E+0001
44900     -0.38037831E+0001
44950     -0.38038380E+0001
45000     -0.38038627E+0001
45050     -0.38038396E+0001
45100     -0.38038512E+0001
45150     -0.38038231E+0001
45200     -0.38038397E+0001
45250     -0.38038803E+0001
45300     -0.38038279E+0001
45350     -0.38038598E+0001
45400     -0.38038491E+0001
45450     -0.38038499E+0001
45500     -0.38038264E+0001
45550     -0.38038181E+0001
45600     -0.38038172E+0001
45650     -0.38038101E+0001
45700     -0.38038326E+0001
45750     -0.38037576E+0001
45800     -0.38037589E+0001
45850     -0.38037322E+0001
45900     -0.38037527E+0001
45950     -0.38037217E+0001
46000     -0.38037611E+0001
46050     -0.38037667E+0001
46100     -0.38037441E+0001
46150     -0.38038138E+0001
46200     -0.38038241E+0001
46250     -0.38038589E+0001
46300     -0.38038032E+0001
46350     -0.38038142E+0001
46400     -0.38038032E+0001
46450     -0.38038130E+0001
46500     -0.38038528E+0001
46550     -0.38038708E+0001
46600     -0.38038679E+0001
46650     -0.38038453E+0001
46700     -0.38038755E+0001
46750     -0.38038468E+0001
46800     -0.38038754E+0001
46850     -0.38038232E+0001
46900     -0.38037933E+0001
46950     -0.38038247E+0001
47000     -0.38038134E+0001
47050     -0.38038429E+0001
47100     -0.38038003E+0001
47150     -0.38037192E+0001
47200     -0.38037463E+0001
47250     -0.38038195E+0001
47300     -0.38038695E+0001
47350     -0.38038445E+0001
47400     -0.38038309E+0001
47450     -0.38037946E+0001
47500     -0.38037942E+0001
47550     -0.38037622E+0001
47600     -0.38038040E+0001
47650     -0.38038045E+0001
47700     -0.38037526E+0001
47750     -0.38037400E+0001
47800     -0.38037770E+0001
47850     -0.38038291E+0001
47900     -0.38038377E+0001
47950     -0.38038141E+0001
48000     -0.38038310E+0001
48050     -0.38038089E+0001
48100     -0.38037854E+0001
48150     -0.38038198E+0001
48200     -0.38038358E+0001
48250     -0.38038087E+0001
48300     -0.38037595E+0001
48350     -0.38037082E+0001
48400     -0.38038288E+0001
48450     -0.38038484E+0001
48500     -0.38037802E+0001
48550     -0.38038103E+0001
48600     -0.38038598E+0001
48650     -0.38038418E+0001
48700     -0.38038483E+0001
48750     -0.38038054E+0001
48800     -0.38038537E+0001
48850     -0.38037990E+0001
48900     -0.38038481E+0001
48950     -0.38038094E+0001
49000     -0.38037551E+0001
49050     -0.38037801E+0001
49100     -0.38038358E+0001
49150     -0.38037992E+0001
49200     -0.38038411E+0001
49250     -0.38038131E+0001
49300     -0.38037500E+0001
49350     -0.38038087E+0001
49400     -0.38037802E+0001
49450     -0.38038116E+0001
49500     -0.38038114E+0001
49550     -0.38037703E+0001
49600     -0.38037870E+0001
49650     -0.38037206E+0001
49700     -0.38037605E+0001
49750     -0.38037874E+0001
49800     -0.38037879E+0001
49850     -0.38038280E+0001
49900     -0.38038682E+0001
49950     -0.38038731E+0001
50000     -0.38038828E+0001
50050     -0.38038953E+0001
50100     -0.38038708E+0001
50150     -0.38038385E+0001
50200     -0.38038321E+0001
50250     -0.38037756E+0001
50300     -0.38038081E+0001
50350     -0.38038195E+0001
50400     -0.38037972E+0001
50450     -0.38038928E+0001
50500     -0.38038474E+0001
50550     -0.38038691E+0001
50600     -0.38038404E+0001
50650     -0.38038682E+0001
50700     -0.38038387E+0001
50750     -0.38038621E+0001
50800     -0.38038801E+0001
50850     -0.38038733E+0001
50900     -0.38037602E+0001
50950     -0.38038144E+0001
51000     -0.38038627E+0001
51050     -0.38037873E+0001
51100     -0.38038054E+0001
51150     -0.38037383E+0001
51200     -0.38038322E+0001
51250     -0.38038032E+0001
51300     -0.38038051E+0001
51350     -0.38038373E+0001
51400     -0.38038699E+0001
51450     -0.38038116E+0001
51500     -0.38038359E+0001
51550     -0.38038546E+0001
51600     -0.38038107E+0001
51650     -0.38038581E+0001
51700     -0.38038443E+0001
51750     -0.38038549E+0001
51800     -0.38038420E+0001
51850     -0.38038069E+0001
51900     -0.38038207E+0001
51950     -0.38038209E+0001
52000     -0.38038598E+0001
52050     -0.38038418E+0001
52100     -0.38038644E+0001
52150     -0.38038431E+0001
52200     -0.38038332E+0001
52250     -0.38038858E+0001
52300     -0.38038554E+0001
52350     -0.38038617E+0001
52400     -0.38038331E+0001
52450     -0.38038258E+0001
52500     -0.38038671E+0001
52550     -0.38038706E+0001
52600     -0.38038373E+0001
52650     -0.38038637E+0001
52700     -0.38038290E+0001
52750     -0.38037805E+0001
52800     -0.38038541E+0001
52850     -0.38038379E+0001
52900     -0.38038309E+0001
52950     -0.38038632E+0001
53000     -0.38037891E+0001
53050     -0.38037122E+0001
53100     -0.38037193E+0001
53150     -0.38037861E+0001
53200     -0.38037746E+0001
53250     -0.38037734E+0001
53300     -0.38038324E+0001
53350     -0.38037671E+0001
53400     -0.38037528E+0001
53450     -0.38038037E+0001
53500     -0.38038093E+0001
53550     -0.38038001E+0001
53600     -0.38038579E+0001
53650     -0.38038084E+0001
53700     -0.38038101E+0001
53750     -0.38038295E+0001
53800     -0.38038175E+0001
53850     -0.38038197E+0001
53900     -0.38037981E+0001
53950     -0.38038861E+0001
54000     -0.38038636E+0001
54050     -0.38038442E+0001
54100     -0.38038361E+0001
54150     -0.38038259E+0001
54200     -0.38038510E+0001
54250     -0.38038633E+0001
54300     -0.38038714E+0001
54350     -0.38037945E+0001
54400     -0.38038197E+0001
54450     -0.38038639E+0001
54500     -0.38038593E+0001
54550     -0.38037765E+0001
54600     -0.38038491E+0001
54650     -0.38037938E+0001
54700     -0.38037185E+0001
54750     -0.38038549E+0001
54800     -0.38038325E+0001
54850     -0.38037342E+0001
54900     -0.38038200E+0001
54950     -0.38038356E+0001
55000     -0.38038316E+0001
55050     -0.38038326E+0001
55100     -0.38038072E+0001
55150     -0.38037446E+0001
55200     -0.38038143E+0001
55250     -0.38038115E+0001
55300     -0.38038412E+0001
55350     -0.38038195E+0001
55400     -0.38038268E+0001
55450     -0.38038107E+0001
55500     -0.38037796E+0001
55550     -0.38038162E+0001
55600     -0.38038335E+0001
55650     -0.38038289E+0001
55700     -0.38038480E+0001
55750     -0.38038302E+0001
55800     -0.38038094E+0001
55850     -0.38037958E+0001
55900     -0.38038084E+0001
55950     -0.38038075E+0001
56000     -0.38037788E+0001
56050     -0.38038403E+0001
56100     -0.38037554E+0001
56150     -0.38037293E+0001
56200     -0.38037790E+0001
56250     -0.38037594E+0001
56300     -0.38037820E+0001
56350     -0.38038180E+0001
56400     -0.38037900E+0001
56450     -0.38038204E+0001
56500     -0.38038164E+0001
56550     -0.38038243E+0001
56600     -0.38037363E+0001
56650     -0.38037934E+0001
56700     -0.38037987E+0001
56750     -0.38037970E+0001
56800     -0.38037975E+0001
56850     -0.38037541E+0001
56900     -0.38038046E+0001
56950     -0.38037646E+0001
57000     -0.38037714E+0001
57050     -0.38037584E+0001
57100     -0.38037891E+0001
57150     -0.38037777E+0001
57200     -0.38036978E+0001
57250     -0.38037904E+0001
57300     -0.38037281E+0001
57350     -0.38037393E+0001
57400     -0.38038087E+0001
57450     -0.38038284E+0001
57500     -0.38037718E+0001
57550     -0.38037937E+0001
57600     -0.38038205E+0001
57650     -0.38037595E+0001
57700     -0.38038748E+0001
57750     -0.38038746E+0001
57800     -0.38038550E+0001
57850     -0.38038437E+0001
57900     -0.38038438E+0001
57950     -0.38038212E+0001
58000     -0.38038120E+0001
58050     -0.38037801E+0001
58100     -0.38037917E+0001
58150     -0.38037799E+0001
58200     -0.38038333E+0001
58250     -0.38038661E+0001
58300     -0.38038627E+0001
58350     -0.38038162E+0001
58400     -0.38037873E+0001
58450     -0.38037437E+0001
58500     -0.38037918E+0001
58550     -0.38037940E+0001
58600     -0.38037902E+0001
58650     -0.38037674E+0001
58700     -0.38037566E+0001
58750     -0.38037442E+0001
58800     -0.38037235E+0001
58850     -0.38038119E+0001
58900     -0.38038332E+0001
58950     -0.38038130E+0001
59000     -0.38038337E+0001
59050     -0.38038595E+0001
59100     -0.38038452E+0001
59150     -0.38038394E+0001
59200     -0.38038254E+0001
59250     -0.38037902E+0001
59300     -0.38037250E+0001
59350     -0.38038220E+0001
59400     -0.38038109E+0001
59450     -0.38037866E+0001
59500     -0.38037524E+0001
59550     -0.38037561E+0001
59600     -0.38037757E+0001
59650     -0.38037773E+0001
59700     -0.38037872E+0001
59750     -0.38038380E+0001
59800     -0.38038356E+0001
59850     -0.38037901E+0001
59900     -0.38037519E+0001
59950     -0.38037789E+0001
60000     -0.38038335E+0001
60050     -0.38038615E+0001
60100     -0.38038593E+0001
60150     -0.38038861E+0001
60200     -0.38038753E+0001
60250     -0.38038417E+0001
60300     -0.38038277E+0001
60350     -0.38038620E+0001
60400     -0.38038626E+0001
60450     -0.38038685E+0001
60500     -0.38038356E+0001
60550     -0.38038419E+0001
60600     -0.38038394E+0001
60650     -0.38038290E+0001
60700     -0.38037557E+0001
60750     -0.38038065E+0001
60800     -0.38037829E+0001
60850     -0.38037672E+0001
60900     -0.38038214E+0001
60950     -0.38038467E+0001
61000     -0.38037628E+0001
61050     -0.38038061E+0001
61100     -0.38038282E+0001
61150     -0.38038444E+0001
61200     -0.38038195E+0001
61250     -0.38038217E+0001
61300     -0.38038674E+0001
61350     -0.38038361E+0001
61400     -0.38037693E+0001
61450     -0.38038592E+0001
61500     -0.38038532E+0001
61550     -0.38038175E+0001
61600     -0.38038875E+0001
61650     -0.38038362E+0001
61700     -0.38037853E+0001
61750     -0.38038558E+0001
61800     -0.38038254E+0001
61850     -0.38038218E+0001
61900     -0.38037901E+0001
61950     -0.38037970E+0001
62000     -0.38038271E+0001
62050     -0.38037317E+0001
62100     -0.38037243E+0001
62150     -0.38037131E+0001
62200     -0.38038030E+0001
62250     -0.38038219E+0001
62300     -0.38037806E+0001
62350     -0.38038188E+0001
62400     -0.38037845E+0001
62450     -0.38038612E+0001
62500     -0.38038247E+0001
62550     -0.38038230E+0001
62600     -0.38038206E+0001
62650     -0.38038121E+0001
62700     -0.38038165E+0001
62750     -0.38037652E+0001
62800     -0.38037577E+0001
62850     -0.38038214E+0001
62900     -0.38037960E+0001
62950     -0.38038153E+0001
63000     -0.38037713E+0001
63050     -0.38038117E+0001
63100     -0.38038260E+0001
63150     -0.38038040E+0001
63200     -0.38038258E+0001
63250     -0.38038569E+0001
63300     -0.38038574E+0001
63350     -0.38037911E+0001
63400     -0.38038435E+0001
63450     -0.38038623E+0001
63500     -0.38038385E+0001
63550     -0.38037927E+0001
63600     -0.38037643E+0001
63650     -0.38037967E+0001
63700     -0.38038244E+0001
63750     -0.38038002E+0001
63800     -0.38037778E+0001
63850     -0.38038219E+0001
63900     -0.38038151E+0001
63950     -0.38037820E+0001
64000     -0.38038518E+0001
64050     -0.38038309E+0001
64100     -0.38038172E+0001
64150     -0.38038006E+0001
64200     -0.38037933E+0001
64250     -0.38037824E+0001
64300     -0.38037938E+0001
64350     -0.38038195E+0001
64400     -0.38037840E+0001
64450     -0.38037415E+0001
64500     -0.38038130E+0001
64550     -0.38037706E+0001
64600     -0.38038196E+0001
64650     -0.38037944E+0001
64700     -0.38038295E+0001
64750     -0.38038151E+0001
64800     -0.38037985E+0001
64850     -0.38038612E+0001
64900     -0.38038682E+0001
64950     -0.38038273E+0001
65000     -0.38038238E+0001
65050     -0.38038273E+0001
65100     -0.38037725E+0001
65150     -0.38038167E+0001
65200     -0.38038205E+0001
65250     -0.38038329E+0001
65300     -0.38037531E+0001
65350     -0.38038176E+0001
65400     -0.38037760E+0001
65450     -0.38037834E+0001
65500     -0.38037653E+0001
65550     -0.38037125E+0001
65600     -0.38037034E+0001
65650     -0.38037211E+0001
65700     -0.38037157E+0001
65750     -0.38037920E+0001
65800     -0.38038014E+0001
65850     -0.38037979E+0001
65900     -0.38037879E+0001
65950     -0.38038153E+0001
66000     -0.38037949E+0001
66050     -0.38038448E+0001
66100     -0.38037986E+0001
66150     -0.38038104E+0001
66200     -0.38037682E+0001
66250     -0.38038401E+0001
66300     -0.38037766E+0001
66350     -0.38037970E+0001
66400     -0.38038537E+0001
66450     -0.38038046E+0001
66500     -0.38038317E+0001
66550     -0.38038546E+0001
66600     -0.38037957E+0001
66650     -0.38037540E+0001
66700     -0.38038054E+0001
66750     -0.38038278E+0001
66800     -0.38038508E+0001
66850     -0.38038143E+0001
66900     -0.38038055E+0001
66950     -0.38038482E+0001
67000     -0.38038136E+0001
67050     -0.38038286E+0001
67100     -0.38037788E+0001
67150     -0.38037554E+0001
67200     -0.38038027E+0001
67250     -0.38037553E+0001
67300     -0.38038253E+0001
67350     -0.38038201E+0001
67400     -0.38038115E+0001
67450     -0.38038213E+0001
67500     -0.38038108E+0001
67550     -0.38037131E+0001
67600     -0.38038176E+0001
67650     -0.38038287E+0001
67700     -0.38038672E+0001
67750     -0.38038307E+0001
67800     -0.38038021E+0001
67850     -0.38038037E+0001
67900     -0.38038264E+0001
67950     -0.38038367E+0001
68000     -0.38038220E+0001
68050     -0.38038469E+0001
68100     -0.38037985E+0001
68150     -0.38038478E+0001
68200     -0.38037789E+0001
68250     -0.38038039E+0001
68300     -0.38038717E+0001
68350     -0.38038678E+0001
68400     -0.38038256E+0001
68450     -0.38037785E+0001
68500     -0.38038693E+0001
68550     -0.38038375E+0001
68600     -0.38038299E+0001
68650     -0.38038130E+0001
68700     -0.38037652E+0001
68750     -0.38037408E+0001
68800     -0.38037389E+0001
68850     -0.38037066E+0001
68900     -0.38038097E+0001
68950     -0.38038409E+0001
69000     -0.38038417E+0001
69050     -0.38038463E+0001
69100     -0.38038083E+0001
69150     -0.38037823E+0001
69200     -0.38038281E+0001
69250     -0.38037856E+0001
69300     -0.38038140E+0001
69350     -0.38038387E+0001
69400     -0.38038509E+0001
69450     -0.38038221E+0001
69500     -0.38038240E+0001
69550     -0.38038237E+0001
69600     -0.38038283E+0001
69650     -0.38038222E+0001
69700     -0.38038090E+0001
69750     -0.38038059E+0001
69800     -0.38038423E+0001
69850     -0.38038433E+0001
69900     -0.38038270E+0001
69950     -0.38038406E+0001
70000     -0.38038347E+0001
70050     -0.38037634E+0001
70100     -0.38037152E+0001
70150     -0.38037389E+0001
70200     -0.38037645E+0001
70250     -0.38037491E+0001
70300     -0.38037385E+0001
70350     -0.38037113E+0001
70400     -0.38037241E+0001
70450     -0.38037955E+0001
70500     -0.38038452E+0001
70550     -0.38038509E+0001
70600     -0.38037977E+0001
70650     -0.38037976E+0001
70700     -0.38037546E+0001
70750     -0.38038098E+0001
70800     -0.38038274E+0001
70850     -0.38037968E+0001
70900     -0.38038604E+0001
70950     -0.38037602E+0001
71000     -0.38038456E+0001
71050     -0.38038735E+0001
71100     -0.38038529E+0001
71150     -0.38038146E+0001
71200     -0.38038019E+0001
71250     -0.38038218E+0001
71300     -0.38037708E+0001
71350     -0.38037946E+0001
71400     -0.38038317E+0001
71450     -0.38038109E+0001
71500     -0.38037682E+0001
71550     -0.38038337E+0001
71600     -0.38038792E+0001
71650     -0.38037488E+0001
71700     -0.38038025E+0001
71750     -0.38038404E+0001
71800     -0.38037774E+0001
71850     -0.38038368E+0001
71900     -0.38038337E+0001
71950     -0.38038132E+0001
72000     -0.38038213E+0001
72050     -0.38038670E+0001
72100     -0.38038034E+0001
72150     -0.38038100E+0001
72200     -0.38037992E+0001
72250     -0.38038509E+0001
72300     -0.38038595E+0001
72350     -0.38038231E+0001
72400     -0.38038668E+0001
72450     -0.38038723E+0001
72500     -0.38038323E+0001
72550     -0.38038617E+0001
72600     -0.38038601E+0001
72650     -0.38038504E+0001
72700     -0.38038371E+0001
72750     -0.38038709E+0001
72800     -0.38038303E+0001
72850     -0.38038525E+0001
72900     -0.38038220E+0001
72950     -0.38038060E+0001
73000     -0.38038334E+0001
73050     -0.38038422E+0001
73100     -0.38037627E+0001
73150     -0.38037919E+0001
73200     -0.38037604E+0001
73250     -0.38037776E+0001
73300     -0.38037872E+0001
73350     -0.38037355E+0001
73400     -0.38038219E+0001
73450     -0.38037650E+0001
73500     -0.38037306E+0001
73550     -0.38037933E+0001
73600     -0.38037745E+0001
73650     -0.38037974E+0001
73700     -0.38037504E+0001
73750     -0.38038246E+0001
73800     -0.38038105E+0001
73850     -0.38037729E+0001
73900     -0.38037772E+0001
73950     -0.38038453E+0001
74000     -0.38038753E+0001
74050     -0.38038491E+0001
74100     -0.38038520E+0001
74150     -0.38037496E+0001
74200     -0.38038047E+0001
74250     -0.38038104E+0001
74300     -0.38038485E+0001
74350     -0.38037114E+0001
74400     -0.38038234E+0001
74450     -0.38037804E+0001
74500     -0.38037603E+0001
74550     -0.38038377E+0001
74600     -0.38038150E+0001
74650     -0.38037723E+0001
74700     -0.38038063E+0001
74750     -0.38037871E+0001
74800     -0.38038159E+0001
74850     -0.38037442E+0001
74900     -0.38038375E+0001
74950     -0.38038151E+0001
75000     -0.38037860E+0001
75050     -0.38038215E+0001
75100     -0.38038725E+0001
75150     -0.38038529E+0001
75200     -0.38038428E+0001
75250     -0.38038333E+0001
75300     -0.38038323E+0001
75350     -0.38038014E+0001
75400     -0.38038432E+0001
75450     -0.38038581E+0001
75500     -0.38038410E+0001
75550     -0.38038478E+0001
75600     -0.38038631E+0001
75650     -0.38038226E+0001
75700     -0.38038047E+0001
75750     -0.38037994E+0001
75800     -0.38037892E+0001
75850     -0.38037858E+0001
75900     -0.38037615E+0001
75950     -0.38037868E+0001
76000     -0.38037354E+0001
76050     -0.38037628E+0001
76100     -0.38037711E+0001
76150     -0.38037552E+0001
76200     -0.38038234E+0001
76250     -0.38038137E+0001
76300     -0.38038542E+0001
76350     -0.38038529E+0001
76400     -0.38038363E+0001
76450     -0.38038169E+0001
76500     -0.38037778E+0001
76550     -0.38038673E+0001
76600     -0.38038650E+0001
76650     -0.38038827E+0001
76700     -0.38038986E+0001
76750     -0.38038687E+0001
76800     -0.38038245E+0001
76850     -0.38038540E+0001
76900     -0.38038847E+0001
76950     -0.38038537E+0001
77000     -0.38038724E+0001
77050     -0.38038575E+0001
77100     -0.38038786E+0001
77150     -0.38038610E+0001
77200     -0.38038394E+0001
77250     -0.38038535E+0001
77300     -0.38038053E+0001
77350     -0.38038151E+0001
77400     -0.38038462E+0001
77450     -0.38037802E+0001
77500     -0.38038171E+0001
77550     -0.38038630E+0001
77600     -0.38038796E+0001
77650     -0.38038449E+0001
77700     -0.38037764E+0001
77750     -0.38038135E+0001
77800     -0.38038683E+0001
77850     -0.38038799E+0001
77900     -0.38038205E+0001
77950     -0.38038702E+0001
78000     -0.38038602E+0001
78050     -0.38038697E+0001
78100     -0.38038064E+0001
78150     -0.38038906E+0001
78200     -0.38038007E+0001
78250     -0.38038468E+0001
78300     -0.38038302E+0001
78350     -0.38037654E+0001
78400     -0.38037553E+0001
78450     -0.38037871E+0001
78500     -0.38038091E+0001
78550     -0.38038178E+0001
78600     -0.38038297E+0001
78650     -0.38038326E+0001
78700     -0.38038186E+0001
78750     -0.38038617E+0001
78800     -0.38038590E+0001
78850     -0.38038178E+0001
78900     -0.38038024E+0001
78950     -0.38038723E+0001
79000     -0.38038324E+0001
79050     -0.38038864E+0001
79100     -0.38038798E+0001
79150     -0.38037792E+0001
79200     -0.38038062E+0001
79250     -0.38038540E+0001
79300     -0.38038294E+0001
79350     -0.38038352E+0001
79400     -0.38038102E+0001
79450     -0.38038381E+0001
79500     -0.38038368E+0001
79550     -0.38038330E+0001
79600     -0.38038708E+0001
79650     -0.38038425E+0001
79700     -0.38038202E+0001
79750     -0.38038363E+0001
79800     -0.38038698E+0001
79850     -0.38038423E+0001
79900     -0.38037956E+0001
79950     -0.38037752E+0001
80000     -0.38038146E+0001
80050     -0.38038795E+0001
80100     -0.38038296E+0001
80150     -0.38037969E+0001
80200     -0.38038139E+0001
80250     -0.38038180E+0001
80300     -0.38038545E+0001
80350     -0.38038430E+0001
80400     -0.38038591E+0001
80450     -0.38037994E+0001
80500     -0.38038329E+0001
80550     -0.38038778E+0001
80600     -0.38038286E+0001
80650     -0.38037952E+0001
80700     -0.38037569E+0001
80750     -0.38037667E+0001
80800     -0.38038173E+0001
80850     -0.38037690E+0001
80900     -0.38037152E+0001
80950     -0.38038249E+0001
81000     -0.38038898E+0001
81050     -0.38038579E+0001
81100     -0.38038466E+0001
81150     -0.38037790E+0001
81200     -0.38038338E+0001
81250     -0.38038353E+0001
81300     -0.38038525E+0001
81350     -0.38038418E+0001
81400     -0.38038053E+0001
81450     -0.38038304E+0001
81500     -0.38038263E+0001
81550     -0.38038669E+0001
81600     -0.38038545E+0001
81650     -0.38038135E+0001
81700     -0.38038516E+0001
81750     -0.38038009E+0001
81800     -0.38038344E+0001
81850     -0.38038571E+0001
81900     -0.38038605E+0001
81950     -0.38038426E+0001
82000     -0.38038480E+0001
82050     -0.38038517E+0001
82100     -0.38038712E+0001
82150     -0.38038819E+0001
82200     -0.38038505E+0001
82250     -0.38037984E+0001
82300     -0.38037306E+0001
82350     -0.38038290E+0001
82400     -0.38038597E+0001
82450     -0.38038783E+0001
82500     -0.38038637E+0001
82550     -0.38037703E+0001
82600     -0.38037314E+0001
82650     -0.38037969E+0001
82700     -0.38038567E+0001
82750     -0.38038376E+0001
82800     -0.38038271E+0001
82850     -0.38037974E+0001
82900     -0.38038093E+0001
82950     -0.38037651E+0001
83000     -0.38038240E+0001
83050     -0.38038442E+0001
83100     -0.38038384E+0001
83150     -0.38038551E+0001
83200     -0.38038230E+0001
83250     -0.38038435E+0001
83300     -0.38038535E+0001
83350     -0.38038579E+0001
83400     -0.38037857E+0001
83450     -0.38038667E+0001
83500     -0.38038103E+0001
83550     -0.38038012E+0001
83600     -0.38038712E+0001
83650     -0.38038865E+0001
83700     -0.38038325E+0001
83750     -0.38038666E+0001
83800     -0.38038367E+0001
83850     -0.38038488E+0001
83900     -0.38038185E+0001
83950     -0.38038443E+0001
84000     -0.38038218E+0001
84050     -0.38038061E+0001
84100     -0.38037995E+0001
84150     -0.38037737E+0001
84200     -0.38037940E+0001
84250     -0.38037841E+0001
84300     -0.38038108E+0001
84350     -0.38037701E+0001
84400     -0.38038059E+0001
84450     -0.38038575E+0001
84500     -0.38038415E+0001
84550     -0.38038201E+0001
84600     -0.38037692E+0001
84650     -0.38038494E+0001
84700     -0.38038272E+0001
84750     -0.38038560E+0001
84800     -0.38038212E+0001
84850     -0.38038268E+0001
84900     -0.38038515E+0001
84950     -0.38038203E+0001
85000     -0.38038443E+0001
85050     -0.38038175E+0001
85100     -0.38038360E+0001
85150     -0.38037911E+0001
85200     -0.38038660E+0001
85250     -0.38038307E+0001
85300     -0.38038293E+0001
85350     -0.38037987E+0001
85400     -0.38037946E+0001
85450     -0.38037968E+0001
85500     -0.38037967E+0001
85550     -0.38037605E+0001
85600     -0.38038527E+0001
85650     -0.38038706E+0001
85700     -0.38038445E+0001
85750     -0.38038528E+0001
85800     -0.38037951E+0001
85850     -0.38037801E+0001
85900     -0.38038328E+0001
85950     -0.38038301E+0001
86000     -0.38037313E+0001
86050     -0.38038447E+0001
86100     -0.38037925E+0001
86150     -0.38037839E+0001
86200     -0.38037923E+0001
86250     -0.38037828E+0001
86300     -0.38037959E+0001
86350     -0.38037527E+0001
86400     -0.38037396E+0001
86450     -0.38037550E+0001
86500     -0.38037821E+0001
86550     -0.38037887E+0001
86600     -0.38037928E+0001
86650     -0.38038169E+0001
86700     -0.38038449E+0001
86750     -0.38038110E+0001
86800     -0.38038408E+0001
86850     -0.38038180E+0001
86900     -0.38038124E+0001
86950     -0.38038143E+0001
87000     -0.38038329E+0001
87050     -0.38038156E+0001
87100     -0.38037768E+0001
87150     -0.38038032E+0001
87200     -0.38038077E+0001
87250     -0.38037071E+0001
87300     -0.38037796E+0001
87350     -0.38038126E+0001
87400     -0.38038396E+0001
87450     -0.38038038E+0001
87500     -0.38037374E+0001
87550     -0.38037830E+0001
87600     -0.38038206E+0001
87650     -0.38038626E+0001
87700     -0.38037828E+0001
87750     -0.38038187E+0001
87800     -0.38038286E+0001
87850     -0.38037338E+0001
87900     -0.38038248E+0001
87950     -0.38038044E+0001
88000     -0.38038377E+0001
88050     -0.38038551E+0001
88100     -0.38038357E+0001
88150     -0.38038037E+0001
88200     -0.38038197E+0001
88250     -0.38038123E+0001
88300     -0.38038212E+0001
88350     -0.38038160E+0001
88400     -0.38038528E+0001
88450     -0.38038463E+0001
88500     -0.38038175E+0001
88550     -0.38037278E+0001
88600     -0.38037119E+0001
88650     -0.38037885E+0001
88700     -0.38037659E+0001
88750     -0.38038578E+0001
88800     -0.38038099E+0001
88850     -0.38038618E+0001
88900     -0.38038116E+0001
88950     -0.38038524E+0001
89000     -0.38038324E+0001
89050     -0.38038054E+0001
89100     -0.38038205E+0001
89150     -0.38037695E+0001
89200     -0.38038113E+0001
89250     -0.38037970E+0001
89300     -0.38037647E+0001
89350     -0.38037690E+0001
89400     -0.38037648E+0001
89450     -0.38038363E+0001
89500     -0.38038333E+0001
89550     -0.38038238E+0001
89600     -0.38038489E+0001
89650     -0.38038149E+0001
89700     -0.38038541E+0001
89750     -0.38038564E+0001
89800     -0.38038630E+0001
89850     -0.38037940E+0001
89900     -0.38038905E+0001
89950     -0.38038719E+0001
90000     -0.38038972E+0001
90050     -0.38038827E+0001
90100     -0.38038259E+0001
90150     -0.38038356E+0001
90200     -0.38038646E+0001
90250     -0.38038218E+0001
90300     -0.38037938E+0001
90350     -0.38038212E+0001
90400     -0.38038295E+0001
90450     -0.38037976E+0001
90500     -0.38038302E+0001
90550     -0.38038129E+0001
90600     -0.38037537E+0001
90650     -0.38038344E+0001
90700     -0.38037860E+0001
90750     -0.38038532E+0001
90800     -0.38037950E+0001
90850     -0.38038354E+0001
90900     -0.38038434E+0001
90950     -0.38038671E+0001
91000     -0.38038733E+0001
91050     -0.38038427E+0001
91100     -0.38038714E+0001
91150     -0.38038644E+0001
91200     -0.38037880E+0001
91250     -0.38037567E+0001
91300     -0.38038000E+0001
91350     -0.38037125E+0001
91400     -0.38037821E+0001
91450     -0.38038162E+0001
91500     -0.38038191E+0001
91550     -0.38038254E+0001
91600     -0.38038150E+0001
91650     -0.38038141E+0001
91700     -0.38038349E+0001
91750     -0.38038715E+0001
91800     -0.38038276E+0001
91850     -0.38038286E+0001
91900     -0.38038242E+0001
91950     -0.38038390E+0001
92000     -0.38038563E+0001
92050     -0.38038568E+0001
92100     -0.38038098E+0001
92150     -0.38037611E+0001
92200     -0.38037988E+0001
92250     -0.38037942E+0001
92300     -0.38037445E+0001
92350     -0.38037118E+0001
92400     -0.38037353E+0001
92450     -0.38037812E+0001
92500     -0.38037415E+0001
92550     -0.38037859E+0001
92600     -0.38037905E+0001
92650     -0.38038031E+0001
92700     -0.38038056E+0001
92750     -0.38038303E+0001
92800     -0.38037891E+0001
92850     -0.38038664E+0001
92900     -0.38038275E+0001
92950     -0.38038302E+0001
93000     -0.38038524E+0001
93050     -0.38038682E+0001
93100     -0.38038811E+0001
93150     -0.38038101E+0001
93200     -0.38038363E+0001
93250     -0.38038478E+0001
93300     -0.38038770E+0001
93350     -0.38038051E+0001
93400     -0.38038660E+0001
93450     -0.38038115E+0001
93500     -0.38038476E+0001
93550     -0.38038693E+0001
93600     -0.38038693E+0001
93650     -0.38038702E+0001
93700     -0.38038405E+0001
93750     -0.38037800E+0001
93800     -0.38037424E+0001
93850     -0.38038226E+0001
93900     -0.38038615E+0001
93950     -0.38038605E+0001
94000     -0.38038399E+0001
94050     -0.38038373E+0001
94100     -0.38038820E+0001
94150     -0.38038706E+0001
94200     -0.38038020E+0001
94250     -0.38038301E+0001
94300     -0.38038154E+0001
94350     -0.38038620E+0001
94400     -0.38038436E+0001
94450     -0.38038586E+0001
94500     -0.38038087E+0001
94550     -0.38038105E+0001
94600     -0.38038145E+0001
94650     -0.38038106E+0001
94700     -0.38038344E+0001
94750     -0.38038405E+0001
94800     -0.38037701E+0001
94850     -0.38038150E+0001
94900     -0.38038333E+0001
94950     -0.38038390E+0001
95000     -0.38038269E+0001
95050     -0.38038188E+0001
95100     -0.38038278E+0001
95150     -0.38037728E+0001
95200     -0.38038030E+0001
95250     -0.38037460E+0001
95300     -0.38038104E+0001
95350     -0.38037910E+0001
95400     -0.38038162E+0001
95450     -0.38038410E+0001
95500     -0.38037907E+0001
95550     -0.38037757E+0001
95600     -0.38038381E+0001
95650     -0.38037787E+0001
95700     -0.38038198E+0001
95750     -0.38038425E+0001
95800     -0.38038197E+0001
95850     -0.38038571E+0001
95900     -0.38037913E+0001
95950     -0.38037521E+0001
96000     -0.38036744E+0001
