     1   -0.39239820E+0001   -0.39244707E+0001    0.16981307E+0001     12003
    50   -0.39238233E+0001   -0.39287004E+0001    0.13990257E+0001     12298
   100   -0.39258186E+0001   -0.39308655E+0001    0.12429142E+0001     12700
   150   -0.39282829E+0001   -0.39328762E+0001    0.10903698E+0001     13115
   200   -0.39301971E+0001   -0.39340024E+0001    0.97924323E+0000     13537
   250   -0.39316029E+0001   -0.39354904E+0001    0.86321360E+0000     13836
   300   -0.39330842E+0001   -0.39363280E+0001    0.70215683E+0000     14231
   350   -0.39347558E+0001   -0.39372313E+0001    0.58979883E+0000     14746
   400   -0.39356702E+0001   -0.39377230E+0001    0.56265844E+0000     15028
     1   -0.39239780E+0001   -0.39244357E+0001    0.16981307E+0001     11997
    50   -0.39234881E+0001   -0.39290038E+0001    0.13580735E+0001     12280
   100   -0.39257562E+0001   -0.39314650E+0001    0.12094881E+0001     13029
   150   -0.39286993E+0001   -0.39338332E+0001    0.99032107E+0000     13579
   200   -0.39314009E+0001   -0.39350730E+0001    0.88787953E+0000     13889
   250   -0.39332526E+0001   -0.39362275E+0001    0.74686085E+0000     14303
   300   -0.39342843E+0001   -0.39369667E+0001    0.68273508E+0000     14845
   350   -0.39351154E+0001   -0.39374960E+0001    0.57222340E+0000     15302
   400   -0.39359818E+0001   -0.39381085E+0001    0.51591065E+0000     15389
     1   -0.39239692E+0001   -0.39244991E+0001    0.16981307E+0001     12000
    50   -0.39231909E+0001   -0.39286528E+0001    0.14090542E+0001     11953
   100   -0.39254663E+0001   -0.39320960E+0001    0.11755088E+0001     12240
   150   -0.39296727E+0001   -0.39340092E+0001    0.97132742E+0000     12658
   200   -0.39319170E+0001   -0.39352821E+0001    0.79292784E+0000     13194
   250   -0.39332327E+0001   -0.39366111E+0001    0.74141668E+0000     13388
   300   -0.39341185E+0001   -0.39373622E+0001    0.61865433E+0000     13764
   350   -0.39350484E+0001   -0.39380113E+0001    0.57946803E+0000     14179
   400   -0.39360961E+0001   -0.39384570E+0001    0.51761621E+0000     14292
     1   -0.39239616E+0001   -0.39244910E+0001    0.16981307E+0001     12008
    50   -0.39227331E+0001   -0.39277472E+0001    0.14419289E+0001     12136
   100   -0.39244128E+0001   -0.39297027E+0001    0.12861679E+0001     12587
   150   -0.39262179E+0001   -0.39310435E+0001    0.11344829E+0001     13246
   200   -0.39282325E+0001   -0.39332545E+0001    0.91331504E+0000     13588
   250   -0.39312678E+0001   -0.39349340E+0001    0.77450099E+0000     14175
   300   -0.39326007E+0001   -0.39357084E+0001    0.68890669E+0000     14426
   350   -0.39336090E+0001   -0.39368241E+0001    0.64856633E+0000     14770
   400   -0.39345077E+0001   -0.39372394E+0001    0.61146543E+0000     15128
     1   -0.39239584E+0001   -0.39244534E+0001    0.16981307E+0001     12003
    50   -0.39224131E+0001   -0.39279142E+0001    0.14464565E+0001     12227
   100   -0.39242873E+0001   -0.39301063E+0001    0.12539952E+0001     12630
   150   -0.39266577E+0001   -0.39322717E+0001    0.10541416E+0001     13189
   200   -0.39298633E+0001   -0.39335652E+0001    0.97910482E+0000     13763
   250   -0.39306252E+0001   -0.39349234E+0001    0.89125675E+0000     14064
   300   -0.39316666E+0001   -0.39355386E+0001    0.81922052E+0000     14179
   350   -0.39327459E+0001   -0.39361390E+0001    0.69574562E+0000     14730
   400   -0.39339489E+0001   -0.39369817E+0001    0.69070058E+0000     15051
     1   -0.39239556E+0001   -0.39244710E+0001    0.16981307E+0001     12002
    50   -0.39221344E+0001   -0.39274118E+0001    0.14562758E+0001     12130
   100   -0.39235792E+0001   -0.39290648E+0001    0.13345838E+0001     12706
   150   -0.39252278E+0001   -0.39301813E+0001    0.12544589E+0001     13247
   200   -0.39258383E+0001   -0.39306729E+0001    0.11729976E+0001     13420
   250   -0.39263943E+0001   -0.39324514E+0001    0.10756743E+0001     13878
   300   -0.39277636E+0001   -0.39329985E+0001    0.10807561E+0001     14235
   350   -0.39295288E+0001   -0.39337999E+0001    0.98268790E+0000     14868
   400   -0.39309833E+0001   -0.39342973E+0001    0.89139676E+0000     15303
     1   -0.39239501E+0001   -0.39244852E+0001    0.16981307E+0001     12002
    50   -0.39218575E+0001   -0.39273422E+0001    0.14372823E+0001     11986
   100   -0.39238771E+0001   -0.39300585E+0001    0.12899964E+0001     12664
   150   -0.39256649E+0001   -0.39304636E+0001    0.12079253E+0001     13255
   200   -0.39267634E+0001   -0.39307419E+0001    0.11111982E+0001     13767
   250   -0.39279289E+0001   -0.39317479E+0001    0.10572239E+0001     14403
   300   -0.39287530E+0001   -0.39323324E+0001    0.10136274E+0001     14543
   350   -0.39293503E+0001   -0.39334579E+0001    0.94062630E+0000     15160
   400   -0.39299744E+0001   -0.39335204E+0001    0.92060643E+0000     15597
     1   -0.39239436E+0001   -0.39244460E+0001    0.16981307E+0001     11999
    50   -0.39216156E+0001   -0.39274079E+0001    0.14104290E+0001     12093
   100   -0.39239112E+0001   -0.39297760E+0001    0.12729265E+0001     13028
   150   -0.39254277E+0001   -0.39299975E+0001    0.12230938E+0001     13897
   200   -0.39261882E+0001   -0.39309649E+0001    0.10714128E+0001     14632
   250   -0.39276846E+0001   -0.39321508E+0001    0.96973854E+0000     15666
   300   -0.39292110E+0001   -0.39336968E+0001    0.90719262E+0000     16230
   350   -0.39303692E+0001   -0.39345719E+0001    0.79222301E+0000     16997
   400   -0.39316818E+0001   -0.39354691E+0001    0.71200159E+0000     17500
     1   -0.39239428E+0001   -0.39245245E+0001    0.16981307E+0001     12000
    50   -0.39213929E+0001   -0.39268896E+0001    0.14555475E+0001     12197
   100   -0.39216506E+0001   -0.39280362E+0001    0.13154271E+0001     12966
   150   -0.39238324E+0001   -0.39292986E+0001    0.12092177E+0001     13754
   200   -0.39248996E+0001   -0.39299553E+0001    0.12022971E+0001     14570
   250   -0.39255696E+0001   -0.39310665E+0001    0.11372752E+0001     14845
   300   -0.39265127E+0001   -0.39318220E+0001    0.11084396E+0001     15415
   350   -0.39274005E+0001   -0.39321289E+0001    0.10489800E+0001     16097
   400   -0.39279372E+0001   -0.39329897E+0001    0.10022970E+0001     16660
     1   -0.39239408E+0001   -0.39244796E+0001    0.16981307E+0001     12002
    50   -0.39211758E+0001   -0.39265910E+0001    0.15015653E+0001     12225
   100   -0.39213917E+0001   -0.39274738E+0001    0.14074009E+0001     12916
   150   -0.39222411E+0001   -0.39276837E+0001    0.13395191E+0001     13661
   200   -0.39235545E+0001   -0.39287015E+0001    0.13197289E+0001     14101
   250   -0.39237889E+0001   -0.39289218E+0001    0.12667868E+0001     14356
   300   -0.39238809E+0001   -0.39292877E+0001    0.12859586E+0001     14880
   350   -0.39239532E+0001   -0.39297627E+0001    0.11953000E+0001     15501
   400   -0.39237539E+0001   -0.39303874E+0001    0.12026317E+0001     15864
   450   -0.39238826E+0001   -0.39306680E+0001    0.10810596E+0001     16437
     1   -0.39239357E+0001   -0.39244785E+0001    0.16981307E+0001     11998
    50   -0.39209557E+0001   -0.39278774E+0001    0.15064990E+0001     12142
   100   -0.39215475E+0001   -0.39284343E+0001    0.14167582E+0001     12600
   150   -0.39220543E+0001   -0.39297551E+0001    0.13944084E+0001     13121
   200   -0.39224614E+0001   -0.39288027E+0001    0.13041865E+0001     13699
   250   -0.39236819E+0001   -0.39286326E+0001    0.12329287E+0001     14403
   300   -0.39244088E+0001   -0.39301489E+0001    0.11060750E+0001     15023
   350   -0.39259739E+0001   -0.39311391E+0001    0.11041121E+0001     15671
   400   -0.39268738E+0001   -0.39321778E+0001    0.10689858E+0001     16106
     1   -0.39239307E+0001   -0.39245194E+0001    0.16981307E+0001     12001
    50   -0.39207926E+0001   -0.39264324E+0001    0.14904135E+0001     12102
   100   -0.39207656E+0001   -0.39266795E+0001    0.14829290E+0001     12422
   150   -0.39206290E+0001   -0.39265663E+0001    0.14086496E+0001     12961
   200   -0.39215068E+0001   -0.39273978E+0001    0.13359304E+0001     13548
   250   -0.39220419E+0001   -0.39273621E+0001    0.13186600E+0001     14185
   300   -0.39220258E+0001   -0.39270726E+0001    0.12881824E+0001     14436
   350   -0.39227577E+0001   -0.39279249E+0001    0.12824254E+0001     15124
   400   -0.39226963E+0001   -0.39285912E+0001    0.12064924E+0001     15413
   450   -0.39220571E+0001   -0.39278688E+0001    0.12218178E+0001     15769
   500   -0.39216765E+0001   -0.39282611E+0001    0.12384860E+0001     15846
   550   -0.39218203E+0001   -0.39280099E+0001    0.12201063E+0001     16321
   600   -0.39223790E+0001   -0.39279230E+0001    0.12618545E+0001     16990
   650   -0.39220451E+0001   -0.39264498E+0001    0.12554168E+0001     17399
   700   -0.39211538E+0001   -0.39264666E+0001    0.12976473E+0001     17960
   750   -0.39202133E+0001   -0.39264118E+0001    0.13280759E+0001     18524
   800   -0.39192682E+0001   -0.39248855E+0001    0.13307624E+0001     19203
   850   -0.39184687E+0001   -0.39244140E+0001    0.13289148E+0001     19716
   900   -0.39176030E+0001   -0.39247252E+0001    0.13481376E+0001     20141
   950   -0.39172529E+0001   -0.39237329E+0001    0.13696476E+0001     21010
  1000   -0.39170339E+0001   -0.39228622E+0001    0.13713401E+0001     21701
  1050   -0.39164622E+0001   -0.39222870E+0001    0.13680244E+0001     22520
  1100   -0.39157118E+0001   -0.39220693E+0001    0.13657771E+0001     22945
  1150   -0.39147217E+0001   -0.39215641E+0001    0.14000164E+0001     23448
  1200   -0.39137001E+0001   -0.39207350E+0001    0.14166496E+0001     24162
  1250   -0.39127516E+0001   -0.39203086E+0001    0.14382657E+0001     24526
  1300   -0.39118868E+0001   -0.39189940E+0001    0.14523291E+0001     25528
  1350   -0.39107280E+0001   -0.39185930E+0001    0.14796388E+0001     25801
  1400   -0.39097537E+0001   -0.39188590E+0001    0.14836694E+0001     26106
  1450   -0.39088655E+0001   -0.39175795E+0001    0.15047115E+0001     26656
  1500   -0.39083821E+0001   -0.39165398E+0001    0.15258585E+0001     27327
  1550   -0.39074461E+0001   -0.39153255E+0001    0.15218224E+0001     27917
  1600   -0.39064090E+0001   -0.39143703E+0001    0.15581037E+0001     28585
  1601   -0.39065856E+0001   -0.39065856E+0001    0.15803159E+0001     12000
  1650   -0.39103293E+0001   -0.39152670E+0001    0.14685803E+0001     12011
  1700   -0.39076362E+0001   -0.39133542E+0001    0.15154210E+0001     12011
  1750   -0.39051664E+0001   -0.39130177E+0001    0.15457907E+0001     12349
  1800   -0.39029746E+0001   -0.39111672E+0001    0.15799081E+0001     12619
  1850   -0.39010317E+0001   -0.39099326E+0001    0.16109570E+0001     13004
  1900   -0.38990450E+0001   -0.39076258E+0001    0.16134946E+0001     13466
  1950   -0.38967196E+0001   -0.39061418E+0001    0.16550420E+0001     14041
  2000   -0.38943512E+0001   -0.39035273E+0001    0.16640838E+0001     14336
  2050   -0.38922199E+0001   -0.39015796E+0001    0.16892856E+0001     14816
  2100   -0.38904265E+0001   -0.39000333E+0001    0.17111669E+0001     15005
  2150   -0.38881778E+0001   -0.38996134E+0001    0.17220607E+0001     15387
  2200   -0.38857046E+0001   -0.38959228E+0001    0.17371211E+0001     15761
  2250   -0.38829954E+0001   -0.38948574E+0001    0.17431064E+0001     16000
  2300   -0.38798355E+0001   -0.38922133E+0001    0.17890325E+0001     16206
  2350   -0.38763353E+0001   -0.38901199E+0001    0.17959059E+0001     16430
  2400   -0.38726943E+0001   -0.38870210E+0001    0.17875249E+0001     16871
  2450   -0.38692049E+0001   -0.38847166E+0001    0.18248216E+0001     17139
  2500   -0.38660086E+0001   -0.38801185E+0001    0.18349595E+0001     17675
  2550   -0.38625742E+0001   -0.38779570E+0001    0.18308820E+0001     17820
  2600   -0.38587998E+0001   -0.38746708E+0001    0.18385666E+0001     17916
  2650   -0.38547948E+0001   -0.38711311E+0001    0.18671706E+0001     18149
  2700   -0.38505805E+0001   -0.38661748E+0001    0.18676548E+0001     18735
  2750   -0.38464917E+0001   -0.38616872E+0001    0.18794958E+0001     19132
  2800   -0.38422788E+0001   -0.38591455E+0001    0.18713011E+0001     19450
  2850   -0.38381543E+0001   -0.38537965E+0001    0.18831985E+0001     19759
  2900   -0.38339901E+0001   -0.38502654E+0001    0.18898361E+0001     20362
  2950   -0.38297076E+0001   -0.38472343E+0001    0.18884458E+0001     20720
  3000   -0.38252992E+0001   -0.38424795E+0001    0.18919308E+0001     21253
  3050   -0.38207314E+0001   -0.38389419E+0001    0.18820350E+0001     21844
  3100   -0.38159147E+0001   -0.38381197E+0001    0.18903225E+0001     22450
  3150   -0.38113060E+0001   -0.38350785E+0001    0.18989888E+0001     22678
  3200   -0.38070949E+0001   -0.38298943E+0001    0.18979798E+0001     23080
  3201   -0.38073486E+0001   -0.38073486E+0001    0.18826190E+0001     12000
  3250   -0.38126923E+0001   -0.38197958E+0001    0.18818398E+0001     12041
  3300   -0.38078583E+0001   -0.38158578E+0001    0.18915037E+0001     12302
  3350   -0.38031045E+0001   -0.38132148E+0001    0.19050194E+0001     12406
  3400   -0.37983073E+0001   -0.38098223E+0001    0.19063061E+0001     12788
  3450   -0.37935358E+0001   -0.38057835E+0001    0.19148147E+0001     13188
  3500   -0.37889162E+0001   -0.38015719E+0001    0.19137962E+0001     13464
  3550   -0.37843125E+0001   -0.38009405E+0001    0.19039197E+0001     13758
  3600   -0.37797991E+0001   -0.37931187E+0001    0.19166791E+0001     13772
  3650   -0.37753741E+0001   -0.37889592E+0001    0.19278817E+0001     14159
  3700   -0.37706815E+0001   -0.37861000E+0001    0.19367010E+0001     14298
  3750   -0.37657531E+0001   -0.37823212E+0001    0.19314363E+0001     14475
  3800   -0.37608182E+0001   -0.37789205E+0001    0.19364861E+0001     14863
  3850   -0.37565542E+0001   -0.37780548E+0001    0.19406946E+0001     14884
  3900   -0.37527633E+0001   -0.37773128E+0001    0.19397342E+0001     15364
  3950   -0.37494569E+0001   -0.37736743E+0001    0.19484922E+0001     15726
  4000   -0.37459971E+0001   -0.37680424E+0001    0.19514757E+0001     16030
  4050   -0.37421874E+0001   -0.37612722E+0001    0.19565043E+0001     16365
  4100   -0.37380381E+0001   -0.37574442E+0001    0.19686013E+0001     16832
  4150   -0.37337338E+0001   -0.37525959E+0001    0.19558932E+0001     17080
  4200   -0.37293640E+0001   -0.37481960E+0001    0.19806740E+0001     17888
  4250   -0.37253153E+0001   -0.37420412E+0001    0.19647303E+0001     18116
  4300   -0.37213417E+0001   -0.37404897E+0001    0.19829622E+0001     18348
  4350   -0.37175930E+0001   -0.37380953E+0001    0.19878266E+0001     18879
  4400   -0.37134772E+0001   -0.37342709E+0001    0.19950450E+0001     19110
  4450   -0.37087928E+0001   -0.37270809E+0001    0.19992299E+0001     19546
  4500   -0.37041864E+0001   -0.37234544E+0001    0.19943302E+0001     20203
  4550   -0.36995963E+0001   -0.37151428E+0001    0.19994323E+0001     20352
  4600   -0.36950342E+0001   -0.37118849E+0001    0.20004395E+0001     20723
  4650   -0.36907964E+0001   -0.37080862E+0001    0.20177347E+0001     21326
  4700   -0.36865502E+0001   -0.37031168E+0001    0.20156926E+0001     21724
  4750   -0.36821926E+0001   -0.37016444E+0001    0.20163564E+0001     22024
  4800   -0.36780764E+0001   -0.36954847E+0001    0.20259113E+0001     22604
  4801   -0.36783730E+0001   -0.36783730E+0001    0.20351266E+0001     12000
  4850   -0.36848402E+0001   -0.36925625E+0001    0.20084350E+0001     12042
  4900   -0.36798632E+0001   -0.36914257E+0001    0.20215807E+0001     12181
  4950   -0.36750558E+0001   -0.36884507E+0001    0.20375041E+0001     12207
  5000   -0.36705949E+0001   -0.36833871E+0001    0.20382268E+0001     12533
  5050   -0.36664204E+0001   -0.36803422E+0001    0.20505885E+0001     12817
  5100   -0.36622664E+0001   -0.36763970E+0001    0.20408814E+0001     13123
  5150   -0.36582591E+0001   -0.36750208E+0001    0.20528307E+0001     13262
  5200   -0.36538991E+0001   -0.36695958E+0001    0.20500989E+0001     13502
  5250   -0.36494628E+0001   -0.36645088E+0001    0.20421114E+0001     13696
  5300   -0.36448644E+0001   -0.36603607E+0001    0.20206699E+0001     14178
  5350   -0.36406322E+0001   -0.36566638E+0001    0.20367775E+0001     14550
  5400   -0.36372403E+0001   -0.36511339E+0001    0.20226742E+0001     15077
  5450   -0.36338119E+0001   -0.36490848E+0001    0.20188520E+0001     15454
  5500   -0.36297406E+0001   -0.36434643E+0001    0.20238790E+0001     15833
  5550   -0.36255751E+0001   -0.36402488E+0001    0.20185808E+0001     16059
  5600   -0.36216805E+0001   -0.36359543E+0001    0.20379126E+0001     16337
  5650   -0.36177986E+0001   -0.36321366E+0001    0.20371566E+0001     16588
  5700   -0.36138314E+0001   -0.36288639E+0001    0.20532407E+0001     16877
  5750   -0.36096115E+0001   -0.36269767E+0001    0.20200124E+0001     17208
  5800   -0.36051782E+0001   -0.36209470E+0001    0.20357292E+0001     17769
  5850   -0.36007986E+0001   -0.36171055E+0001    0.20365970E+0001     18004
  5900   -0.35964573E+0001   -0.36125078E+0001    0.20388438E+0001     18450
  5950   -0.35921148E+0001   -0.36071673E+0001    0.20465562E+0001     18647
  6000   -0.35881363E+0001   -0.36045282E+0001    0.20360463E+0001     19027
  6050   -0.35842738E+0001   -0.36037144E+0001    0.20215412E+0001     19646
  6100   -0.35813496E+0001   -0.36004049E+0001    0.20309810E+0001     20150
  6150   -0.35798219E+0001   -0.35982059E+0001    0.20327593E+0001     20664
  6200   -0.35786880E+0001   -0.35956600E+0001    0.20192060E+0001     21286
  6250   -0.35774668E+0001   -0.35946899E+0001    0.20278844E+0001     21549
  6300   -0.35753640E+0001   -0.35934299E+0001    0.20338059E+0001     21905
  6350   -0.35724414E+0001   -0.35907242E+0001    0.20418905E+0001     22526
  6400   -0.35693984E+0001   -0.35895363E+0001    0.20427442E+0001     23304
  6401   -0.35697023E+0001   -0.35697023E+0001    0.20681153E+0001     12000
  6450   -0.35765466E+0001   -0.35851190E+0001    0.20032251E+0001     12057
  6500   -0.35722190E+0001   -0.35816315E+0001    0.20024710E+0001     12225
  6550   -0.35682380E+0001   -0.35791624E+0001    0.20259843E+0001     12557
  6600   -0.35643802E+0001   -0.35767588E+0001    0.20276750E+0001     12909
  6650   -0.35611832E+0001   -0.35766662E+0001    0.20371063E+0001     13223
  6700   -0.35591037E+0001   -0.35742053E+0001    0.20524988E+0001     13528
  6750   -0.35566512E+0001   -0.35728488E+0001    0.20569770E+0001     13784
  6800   -0.35539655E+0001   -0.35732709E+0001    0.20411010E+0001     14323
  6850   -0.35512920E+0001   -0.35709633E+0001    0.20495408E+0001     14804
  6900   -0.35486966E+0001   -0.35692838E+0001    0.20630990E+0001     15129
  6950   -0.35463520E+0001   -0.35687794E+0001    0.20520670E+0001     15394
  7000   -0.35446910E+0001   -0.35660402E+0001    0.20535496E+0001     15924
  7050   -0.35444778E+0001   -0.35667247E+0001    0.20449514E+0001     16084
  7100   -0.35448963E+0001   -0.35633871E+0001    0.20493057E+0001     16784
  7150   -0.35435892E+0001   -0.35619093E+0001    0.20519453E+0001     17118
  7200   -0.35412601E+0001   -0.35594899E+0001    0.20711899E+0001     17541
  7250   -0.35382365E+0001   -0.35569521E+0001    0.20568890E+0001     18132
  7300   -0.35352694E+0001   -0.35548125E+0001    0.20666474E+0001     18477
  7350   -0.35321314E+0001   -0.35533656E+0001    0.20649871E+0001     18939
  7400   -0.35285811E+0001   -0.35517751E+0001    0.20742167E+0001     19393
  7450   -0.35249870E+0001   -0.35484830E+0001    0.20759416E+0001     19885
  7500   -0.35214022E+0001   -0.35477399E+0001    0.20785389E+0001     20474
  7550   -0.35176491E+0001   -0.35446806E+0001    0.20747344E+0001     20787
  7600   -0.35140906E+0001   -0.35408211E+0001    0.20689597E+0001     20987
  7650   -0.35099217E+0001   -0.35379825E+0001    0.20823013E+0001     21740
  7700   -0.35073637E+0001   -0.35334886E+0001    0.20763286E+0001     22214
  7750   -0.35062122E+0001   -0.35311005E+0001    0.20744288E+0001     22659
  7800   -0.35065483E+0001   -0.35283951E+0001    0.20833757E+0001     23080
  7850   -0.35073514E+0001   -0.35249874E+0001    0.20733304E+0001     23403
  7900   -0.35066304E+0001   -0.35240142E+0001    0.20731343E+0001     24000
  7950   -0.35054744E+0001   -0.35219572E+0001    0.20864042E+0001     24249
  8000   -0.35037120E+0001   -0.35183753E+0001    0.20710662E+0001     24394
  8001   -0.35040370E+0001   -0.35040370E+0001    0.21270754E+0001     12000
  8050   -0.35114440E+0001   -0.35187988E+0001    0.20684159E+0001     12023
  8100   -0.35074109E+0001   -0.35172703E+0001    0.20711568E+0001     12025
  8150   -0.35037626E+0001   -0.35154189E+0001    0.20885734E+0001     12196
  8200   -0.35004874E+0001   -0.35138001E+0001    0.20853680E+0001     12326
  8250   -0.34973332E+0001   -0.35131913E+0001    0.20810413E+0001     12521
  8300   -0.34945857E+0001   -0.35116356E+0001    0.20986674E+0001     12786
  8350   -0.34918316E+0001   -0.35073163E+0001    0.20962204E+0001     13112
  8400   -0.34890435E+0001   -0.35067200E+0001    0.20751808E+0001     13186
  8450   -0.34861606E+0001   -0.35050156E+0001    0.20729119E+0001     13313
  8500   -0.34845398E+0001   -0.35014313E+0001    0.20578393E+0001     13904
  8550   -0.34833498E+0001   -0.35011317E+0001    0.20395773E+0001     14247
  8600   -0.34820269E+0001   -0.34991049E+0001    0.20368809E+0001     14630
  8650   -0.34796397E+0001   -0.34951694E+0001    0.20247418E+0001     15038
  8700   -0.34763104E+0001   -0.34909220E+0001    0.20186749E+0001     15338
  8750   -0.34733268E+0001   -0.34868455E+0001    0.19917662E+0001     15692
  8800   -0.34707835E+0001   -0.34849616E+0001    0.19842066E+0001     15535
  8850   -0.34680809E+0001   -0.34835733E+0001    0.19644179E+0001     15662
  8900   -0.34653083E+0001   -0.34801934E+0001    0.19405067E+0001     15831
  8950   -0.34632012E+0001   -0.34758389E+0001    0.19163493E+0001     16226
  9000   -0.34609661E+0001   -0.34731098E+0001    0.18905667E+0001     16679
  9050   -0.34588982E+0001   -0.34731986E+0001    0.18893535E+0001     16858
  9100   -0.34569436E+0001   -0.34716934E+0001    0.18438299E+0001     17438
  9150   -0.34542858E+0001   -0.34708492E+0001    0.18443784E+0001     18026
  9200   -0.34516052E+0001   -0.34695161E+0001    0.18139315E+0001     18507
  9250   -0.34488359E+0001   -0.34667278E+0001    0.17897386E+0001     18958
  9300   -0.34461293E+0001   -0.34614117E+0001    0.17608890E+0001     19653
  9350   -0.34431283E+0001   -0.34576166E+0001    0.17443467E+0001     20002
  9400   -0.34395846E+0001   -0.34567670E+0001    0.17070843E+0001     20641
  9450   -0.34359997E+0001   -0.34543436E+0001    0.16912288E+0001     20861
  9500   -0.34326728E+0001   -0.34522105E+0001    0.16594978E+0001     21331
  9550   -0.34297449E+0001   -0.34503967E+0001    0.16391604E+0001     21824
  9600   -0.34273681E+0001   -0.34472885E+0001    0.16208743E+0001     22090
  9601   -0.34275699E+0001   -0.34275699E+0001    0.16764969E+0001     12000
  9650   -0.34322621E+0001   -0.34382148E+0001    0.16437431E+0001     11965
  9700   -0.34294695E+0001   -0.34376167E+0001    0.16338249E+0001     11967
  9750   -0.34267269E+0001   -0.34362540E+0001    0.16149838E+0001     12076
  9800   -0.34241232E+0001   -0.34338055E+0001    0.16074054E+0001     12125
  9850   -0.34216440E+0001   -0.34338232E+0001    0.15836489E+0001     12245
  9900   -0.34194682E+0001   -0.34331355E+0001    0.15694443E+0001     12185
  9950   -0.34177485E+0001   -0.34324377E+0001    0.15520903E+0001     12490
 10000   -0.34157444E+0001   -0.34301534E+0001    0.15382763E+0001     12589
 10050   -0.34135597E+0001   -0.34288506E+0001    0.14993760E+0001     13186
 10100   -0.34109299E+0001   -0.34265784E+0001    0.14904122E+0001     13561
 10150   -0.34083449E+0001   -0.34245089E+0001    0.14722821E+0001     13793
 10200   -0.34058793E+0001   -0.34206242E+0001    0.14454798E+0001     14236
 10250   -0.34036197E+0001   -0.34184031E+0001    0.14400235E+0001     14334
 10300   -0.34011999E+0001   -0.34170492E+0001    0.14177077E+0001     14719
 10350   -0.33984851E+0001   -0.34172901E+0001    0.13988887E+0001     15094
 10400   -0.33956606E+0001   -0.34168606E+0001    0.13699430E+0001     15393
 10450   -0.33925865E+0001   -0.34172862E+0001    0.13459198E+0001     15916
 10500   -0.33894596E+0001   -0.34155330E+0001    0.13421641E+0001     15977
 10550   -0.33864891E+0001   -0.34100381E+0001    0.13118950E+0001     16339
 10600   -0.33839084E+0001   -0.34056145E+0001    0.12871175E+0001     16645
 10650   -0.33813943E+0001   -0.33988279E+0001    0.12875944E+0001     17099
 10700   -0.33789311E+0001   -0.34002202E+0001    0.12409629E+0001     17651
 10750   -0.33765325E+0001   -0.33952082E+0001    0.12333339E+0001     17988
 10800   -0.33743638E+0001   -0.33936862E+0001    0.12128042E+0001     18510
 10850   -0.33723954E+0001   -0.33912159E+0001    0.11888734E+0001     19019
 10900   -0.33703233E+0001   -0.33875527E+0001    0.11920570E+0001     19589
 10950   -0.33681908E+0001   -0.33860194E+0001    0.11834919E+0001     19713
 11000   -0.33662069E+0001   -0.33834843E+0001    0.11594384E+0001     19914
 11050   -0.33642800E+0001   -0.33789583E+0001    0.11442299E+0001     19972
 11100   -0.33621661E+0001   -0.33761482E+0001    0.11375265E+0001     20307
 11150   -0.33599471E+0001   -0.33737699E+0001    0.11293267E+0001     20605
 11200   -0.33578882E+0001   -0.33714107E+0001    0.10959719E+0001     20952
 11201   -0.33579783E+0001   -0.33579783E+0001    0.11122716E+0001     12000
 11250   -0.33600888E+0001   -0.33636961E+0001    0.11152356E+0001     11960
 11300   -0.33588090E+0001   -0.33638914E+0001    0.11168358E+0001     11898
 11350   -0.33575216E+0001   -0.33636329E+0001    0.11170279E+0001     11907
 11400   -0.33561127E+0001   -0.33631062E+0001    0.11152232E+0001     12223
 11450   -0.33546628E+0001   -0.33619568E+0001    0.10753813E+0001     12479
 11500   -0.33532351E+0001   -0.33619587E+0001    0.10934364E+0001     12571
 11550   -0.33518430E+0001   -0.33613174E+0001    0.10760834E+0001     13115
 11600   -0.33504695E+0001   -0.33592468E+0001    0.10705469E+0001     13312
 11650   -0.33491179E+0001   -0.33580815E+0001    0.10516772E+0001     13291
 11700   -0.33477976E+0001   -0.33566092E+0001    0.10473336E+0001     13305
 11750   -0.33463179E+0001   -0.33558259E+0001    0.10266793E+0001     13410
 11800   -0.33448239E+0001   -0.33557110E+0001    0.10321080E+0001     13745
 11850   -0.33432206E+0001   -0.33545288E+0001    0.10250211E+0001     13825
 11900   -0.33415967E+0001   -0.33524028E+0001    0.10210423E+0001     13915
 11950   -0.33400930E+0001   -0.33520406E+0001    0.10040121E+0001     13998
 12000   -0.33386237E+0001   -0.33518076E+0001    0.99459071E+0000     14383
 12050   -0.33372112E+0001   -0.33478273E+0001    0.96260437E+0000     14710
 12100   -0.33358581E+0001   -0.33467818E+0001    0.98074927E+0000     14900
 12150   -0.33345929E+0001   -0.33449784E+0001    0.96163198E+0000     15118
 12200   -0.33331878E+0001   -0.33435682E+0001    0.94620315E+0000     15387
 12250   -0.33317732E+0001   -0.33418791E+0001    0.97259820E+0000     15685
 12300   -0.33304842E+0001   -0.33408429E+0001    0.95312171E+0000     16173
 12350   -0.33292297E+0001   -0.33395948E+0001    0.94888164E+0000     16387
 12400   -0.33279642E+0001   -0.33391734E+0001    0.92581314E+0000     16782
 12450   -0.33267112E+0001   -0.33369724E+0001    0.90792177E+0000     17034
 12500   -0.33254797E+0001   -0.33353751E+0001    0.90524188E+0000     17185
 12550   -0.33240618E+0001   -0.33350582E+0001    0.89910538E+0000     17453
 12600   -0.33225788E+0001   -0.33354562E+0001    0.89010024E+0000     17800
 12650   -0.33209546E+0001   -0.33331118E+0001    0.87993246E+0000     17992
 12700   -0.33191435E+0001   -0.33312185E+0001    0.87479860E+0000     18366
 12750   -0.33173949E+0001   -0.33304848E+0001    0.85698745E+0000     18679
 12800   -0.33158979E+0001   -0.33299617E+0001    0.84276918E+0000     19080
 12801   -0.33159496E+0001   -0.33159496E+0001    0.84936290E+0000     12000
 12850   -0.33171991E+0001   -0.33199777E+0001    0.86213378E+0000     11958
 12900   -0.33165254E+0001   -0.33208647E+0001    0.86453642E+0000     12102
 12950   -0.33158420E+0001   -0.33204776E+0001    0.86806849E+0000     12303
 13000   -0.33151289E+0001   -0.33201633E+0001    0.87418695E+0000     12425
 13050   -0.33144247E+0001   -0.33199184E+0001    0.86694446E+0000     12674
 13100   -0.33137002E+0001   -0.33194953E+0001    0.84221487E+0000     13096
 13150   -0.33129011E+0001   -0.33195419E+0001    0.85620460E+0000     13222
 13200   -0.33120607E+0001   -0.33205184E+0001    0.83590389E+0000     13377
 13250   -0.33113072E+0001   -0.33197601E+0001    0.84047038E+0000     13389
 13300   -0.33105335E+0001   -0.33191308E+0001    0.83631386E+0000     13614
 13350   -0.33096223E+0001   -0.33183276E+0001    0.82491209E+0000     13794
 13400   -0.33086796E+0001   -0.33180442E+0001    0.82248647E+0000     13971
 13450   -0.33076462E+0001   -0.33196983E+0001    0.81327848E+0000     14306
 13500   -0.33066421E+0001   -0.33200811E+0001    0.82420287E+0000     14719
 13550   -0.33056419E+0001   -0.33189280E+0001    0.81002506E+0000     14772
 13600   -0.33045951E+0001   -0.33156657E+0001    0.81236785E+0000     14991
 13650   -0.33037183E+0001   -0.33137885E+0001    0.81114887E+0000     15111
 13700   -0.33028539E+0001   -0.33143337E+0001    0.80459851E+0000     15358
 13750   -0.33019256E+0001   -0.33134285E+0001    0.79065027E+0000     15343
 13800   -0.33009640E+0001   -0.33115128E+0001    0.79880815E+0000     15729
 13850   -0.33000183E+0001   -0.33091981E+0001    0.78696557E+0000     16097
 13900   -0.32990898E+0001   -0.33107297E+0001    0.77653781E+0000     16538
 13950   -0.32982978E+0001   -0.33092708E+0001    0.76115805E+0000     16852
 14000   -0.32974313E+0001   -0.33060933E+0001    0.76593996E+0000     17191
 14050   -0.32965811E+0001   -0.33057421E+0001    0.74883377E+0000     17437
 14100   -0.32957097E+0001   -0.33061496E+0001    0.74465776E+0000     17710
 14150   -0.32948227E+0001   -0.33057627E+0001    0.74021946E+0000     17952
 14200   -0.32939504E+0001   -0.33060694E+0001    0.72613218E+0000     18124
 14250   -0.32931608E+0001   -0.33058485E+0001    0.71205247E+0000     18499
 14300   -0.32922521E+0001   -0.33060282E+0001    0.71535732E+0000     18684
 14350   -0.32914102E+0001   -0.33052087E+0001    0.73153919E+0000     18731
 14400   -0.32906386E+0001   -0.33027585E+0001    0.71794645E+0000     19015
 14450   -0.32898218E+0001   -0.33016881E+0001    0.71580800E+0000     19589
 14500   -0.32890021E+0001   -0.32997732E+0001    0.68341214E+0000     20130
 14550   -0.32882116E+0001   -0.32991365E+0001    0.71870563E+0000     20300
 14600   -0.32873842E+0001   -0.32983193E+0001    0.68350291E+0000     20327
 14650   -0.32865547E+0001   -0.32963536E+0001    0.70062189E+0000     20911
 14700   -0.32857361E+0001   -0.32955134E+0001    0.67848724E+0000     21256
 14750   -0.32848205E+0001   -0.32957328E+0001    0.64421396E+0000     21727
 14800   -0.32837748E+0001   -0.32931995E+0001    0.67175973E+0000     22015
 14850   -0.32827397E+0001   -0.32937795E+0001    0.65478144E+0000     22351
 14900   -0.32817547E+0001   -0.32930341E+0001    0.66611715E+0000     22510
 14950   -0.32808529E+0001   -0.32926808E+0001    0.65952343E+0000     22897
 15000   -0.32800673E+0001   -0.32921060E+0001    0.64397394E+0000     23242
 15050   -0.32793290E+0001   -0.32920987E+0001    0.63940710E+0000     23769
 15100   -0.32786307E+0001   -0.32910134E+0001    0.63563969E+0000     24254
 15150   -0.32779500E+0001   -0.32911608E+0001    0.63709911E+0000     24647
 15200   -0.32773195E+0001   -0.32912081E+0001    0.60015310E+0000     24712
 15250   -0.32766120E+0001   -0.32900065E+0001    0.62098655E+0000     24792
 15300   -0.32759159E+0001   -0.32885372E+0001    0.60749667E+0000     25393
 15350   -0.32753190E+0001   -0.32869347E+0001    0.62065413E+0000     25909
 15400   -0.32746712E+0001   -0.32863034E+0001    0.60535060E+0000     26750
 15450   -0.32741307E+0001   -0.32864176E+0001    0.60015289E+0000     27098
 15500   -0.32736318E+0001   -0.32851019E+0001    0.60236377E+0000     27686
 15550   -0.32730924E+0001   -0.32840354E+0001    0.60844918E+0000     28339
 15600   -0.32725852E+0001   -0.32832922E+0001    0.61183062E+0000     28435
 15650   -0.32721424E+0001   -0.32821895E+0001    0.59574606E+0000     28436
 15700   -0.32716892E+0001   -0.32829393E+0001    0.58587293E+0000     28369
 15750   -0.32712137E+0001   -0.32820192E+0001    0.60132839E+0000     28994
 15800   -0.32707208E+0001   -0.32815551E+0001    0.59170385E+0000     29622
 15850   -0.32702957E+0001   -0.32788845E+0001    0.58426280E+0000     30089
 15900   -0.32698543E+0001   -0.32773632E+0001    0.57943088E+0000     30661
 15950   -0.32694377E+0001   -0.32769945E+0001    0.58995454E+0000     30888
 16000   -0.32690438E+0001   -0.32765697E+0001    0.56201702E+0000     31225
 16001   -0.32690135E+0001   -0.32690135E+0001    0.53640693E+0000         1
 16050   -0.32682797E+0001   -0.32682797E+0001    0.82282921E+0000         1
 16100   -0.32695232E+0001   -0.32695232E+0001    0.76261201E+0000         1
 16150   -0.32697295E+0001   -0.32697295E+0001    0.79513868E+0000         1
 16200   -0.32709236E+0001   -0.32709236E+0001    0.77282356E+0000         1
 16250   -0.32718188E+0001   -0.32718188E+0001    0.83062592E+0000         1
 16300   -0.32739052E+0001   -0.32739052E+0001    0.62885467E+0000         1
 16350   -0.32747629E+0001   -0.32747629E+0001    0.73126202E+0000         1
 16400   -0.32758048E+0001   -0.32758048E+0001    0.75619707E+0000         1
 16450   -0.32769028E+0001   -0.32769028E+0001    0.76037088E+0000         1
 16500   -0.32787725E+0001   -0.32787725E+0001    0.65590358E+0000         1
 16550   -0.32807447E+0001   -0.32807447E+0001    0.75050835E+0000         1
 16600   -0.32819731E+0001   -0.32819731E+0001    0.78945315E+0000         1
 16650   -0.32846223E+0001   -0.32846223E+0001    0.79764355E+0000         1
 16700   -0.32875960E+0001   -0.32875960E+0001    0.76500545E+0000         1
 16750   -0.32879396E+0001   -0.32879396E+0001    0.77891101E+0000         1
 16800   -0.32889353E+0001   -0.32889353E+0001    0.78949227E+0000         1
 16850   -0.32911142E+0001   -0.32911142E+0001    0.81515117E+0000         1
 16900   -0.32938768E+0001   -0.32938768E+0001    0.86734298E+0000         1
 16950   -0.32944414E+0001   -0.32944414E+0001    0.10011560E+0001         1
 17000   -0.32962119E+0001   -0.32962119E+0001    0.83749828E+0000         1
 17050   -0.32968545E+0001   -0.32968545E+0001    0.94626476E+0000         1
 17100   -0.32998591E+0001   -0.32998591E+0001    0.90962733E+0000         1
 17150   -0.33013796E+0001   -0.33013796E+0001    0.89549764E+0000         1
 17200   -0.33027667E+0001   -0.33027667E+0001    0.95987655E+0000         1
 17250   -0.33055574E+0001   -0.33055574E+0001    0.91443116E+0000         1
 17300   -0.33068591E+0001   -0.33068591E+0001    0.86538943E+0000         1
 17350   -0.33093981E+0001   -0.33093981E+0001    0.86349476E+0000         1
 17400   -0.33114781E+0001   -0.33114781E+0001    0.95433913E+0000         1
 17450   -0.33154691E+0001   -0.33154691E+0001    0.95240692E+0000         1
 17500   -0.33196210E+0001   -0.33196210E+0001    0.96041268E+0000         1
 17550   -0.33218749E+0001   -0.33218749E+0001    0.10604442E+0001         1
 17600   -0.33246435E+0001   -0.33246435E+0001    0.12079697E+0001         1
 17650   -0.33276141E+0001   -0.33276141E+0001    0.10899295E+0001         1
 17700   -0.33316938E+0001   -0.33316938E+0001    0.10568818E+0001         1
 17750   -0.33354580E+0001   -0.33354580E+0001    0.10534552E+0001         1
 17800   -0.33400608E+0001   -0.33400608E+0001    0.11010991E+0001         1
 17850   -0.33434083E+0001   -0.33434083E+0001    0.11803666E+0001         1
 17900   -0.33478311E+0001   -0.33478311E+0001    0.11057308E+0001         1
 17950   -0.33495069E+0001   -0.33495069E+0001    0.12638710E+0001         1
 18000   -0.33536742E+0001   -0.33536742E+0001    0.11760385E+0001         1
 18050   -0.33591570E+0001   -0.33591570E+0001    0.12472827E+0001         1
 18100   -0.33638840E+0001   -0.33638840E+0001    0.11948102E+0001         1
 18150   -0.33665094E+0001   -0.33665094E+0001    0.14189235E+0001         1
 18200   -0.33735502E+0001   -0.33735502E+0001    0.12405036E+0001         1
 18250   -0.33788645E+0001   -0.33788645E+0001    0.12947737E+0001         1
 18300   -0.33851364E+0001   -0.33851364E+0001    0.13599706E+0001         1
 18350   -0.33912222E+0001   -0.33912222E+0001    0.13781056E+0001         1
 18400   -0.33966405E+0001   -0.33966405E+0001    0.14327438E+0001         1
 18450   -0.34024520E+0001   -0.34024520E+0001    0.13977956E+0001         1
 18500   -0.34087337E+0001   -0.34087337E+0001    0.14337336E+0001         1
 18550   -0.34184394E+0001   -0.34184394E+0001    0.14767308E+0001         1
 18600   -0.34239593E+0001   -0.34239593E+0001    0.15635915E+0001         1
 18650   -0.34309031E+0001   -0.34309031E+0001    0.17284295E+0001         1
 18700   -0.34404934E+0001   -0.34404934E+0001    0.16380775E+0001         1
 18750   -0.34479486E+0001   -0.34479486E+0001    0.16537046E+0001         1
 18800   -0.34550472E+0001   -0.34550472E+0001    0.16828639E+0001         1
 18850   -0.34630186E+0001   -0.34630186E+0001    0.16645613E+0001         1
 18900   -0.34733753E+0001   -0.34733753E+0001    0.17162447E+0001         1
 18950   -0.34807035E+0001   -0.34807035E+0001    0.17791181E+0001         1
 19000   -0.34900617E+0001   -0.34900617E+0001    0.17646053E+0001         1
 19050   -0.34999299E+0001   -0.34999299E+0001    0.18053044E+0001         1
 19100   -0.35094601E+0001   -0.35094601E+0001    0.18288150E+0001         1
 19150   -0.35203674E+0001   -0.35203674E+0001    0.18190950E+0001         1
 19200   -0.35320075E+0001   -0.35320075E+0001    0.18244068E+0001         1
 19250   -0.35470070E+0001   -0.35470070E+0001    0.18399342E+0001         1
 19300   -0.35575054E+0001   -0.35575054E+0001    0.18391912E+0001         1
 19350   -0.35709197E+0001   -0.35709197E+0001    0.18464537E+0001         1
 19400   -0.35841595E+0001   -0.35841595E+0001    0.18204763E+0001         1
 19450   -0.35956809E+0001   -0.35956809E+0001    0.17681319E+0001         1
 19500   -0.36029235E+0001   -0.36029235E+0001    0.17775045E+0001         1
 19550   -0.36095241E+0001   -0.36095241E+0001    0.17262224E+0001         1
 19600   -0.36176863E+0001   -0.36176863E+0001    0.17343106E+0001         1
 19650   -0.36313609E+0001   -0.36313609E+0001    0.17527787E+0001         1
 19700   -0.36407348E+0001   -0.36407348E+0001    0.16947295E+0001         1
 19750   -0.36518839E+0001   -0.36518839E+0001    0.17062931E+0001         1
 19800   -0.36612064E+0001   -0.36612064E+0001    0.17095061E+0001         1
 19850   -0.36735361E+0001   -0.36735361E+0001    0.17798540E+0001         1
 19900   -0.36850315E+0001   -0.36850315E+0001    0.17866391E+0001         1
 19950   -0.36971509E+0001   -0.36971509E+0001    0.18074055E+0001         1
 20000   -0.37094591E+0001   -0.37094591E+0001    0.18567430E+0001         1
 20050   -0.37206619E+0001   -0.37206619E+0001    0.18364158E+0001         1
 20100   -0.37326242E+0001   -0.37326242E+0001    0.19249797E+0001         1
 20150   -0.37447805E+0001   -0.37447805E+0001    0.19319711E+0001         1
 20200   -0.37576915E+0001   -0.37576915E+0001    0.19587293E+0001         1
 20250   -0.37706195E+0001   -0.37706195E+0001    0.19737586E+0001         1
 20300   -0.37849574E+0001   -0.37849574E+0001    0.19909659E+0001         1
 20350   -0.37985319E+0001   -0.37985319E+0001    0.20175427E+0001         1
 20400   -0.38098252E+0001   -0.38098252E+0001    0.19914682E+0001         1
 20450   -0.38239055E+0001   -0.38239055E+0001    0.19841360E+0001         1
 20500   -0.38351328E+0001   -0.38351328E+0001    0.20841415E+0001         1
 20550   -0.38527924E+0001   -0.38527924E+0001    0.20448893E+0001         1
 20600   -0.38656094E+0001   -0.38656094E+0001    0.19907357E+0001         1
 20650   -0.38760787E+0001   -0.38760787E+0001    0.18956278E+0001         1
 20700   -0.38894951E+0001   -0.38894951E+0001    0.18015161E+0001         1
 20750   -0.38993601E+0001   -0.38993601E+0001    0.16949784E+0001         1
 20800   -0.39090850E+0001   -0.39090850E+0001    0.15954154E+0001         1
 20850   -0.39166135E+0001   -0.39166135E+0001    0.14435433E+0001         1
 20900   -0.39223111E+0001   -0.39223111E+0001    0.13577961E+0001         1
 20950   -0.39277533E+0001   -0.39277533E+0001    0.11966673E+0001         1
 21000   -0.39312211E+0001   -0.39312211E+0001    0.10429835E+0001         1
 21050   -0.39340209E+0001   -0.39340209E+0001    0.87247261E+0000         1
 21100   -0.39347109E+0001   -0.39347109E+0001    0.98393656E+0000         1
 21150   -0.39354574E+0001   -0.39354574E+0001    0.97887098E+0000         1
 21200   -0.39369674E+0001   -0.39369674E+0001    0.81144277E+0000         1
 21250   -0.39381967E+0001   -0.39381967E+0001    0.53211600E+0000         1
 21300   -0.39384945E+0001   -0.39384945E+0001    0.43430536E+0000         1
 21350   -0.39386347E+0001   -0.39386347E+0001    0.50201562E+0000         1
 21400   -0.39389144E+0001   -0.39389144E+0001    0.48400039E+0000         1
 21450   -0.39394027E+0001   -0.39394027E+0001    0.37906696E+0000         1
 21500   -0.39393192E+0001   -0.39393192E+0001    0.39267632E+0000         1
 21550   -0.39390914E+0001   -0.39390914E+0001    0.42147289E+0000         1
 21600   -0.39393599E+0001   -0.39393599E+0001    0.41438830E+0000         1
 21650   -0.39393677E+0001   -0.39393677E+0001    0.49593608E+0000         1
 21700   -0.39391329E+0001   -0.39391329E+0001    0.48324445E+0000         1
 21750   -0.39393114E+0001   -0.39393114E+0001    0.36145841E+0000         1
 21800   -0.39386151E+0001   -0.39386151E+0001    0.56521641E+0000         1
 21850   -0.39391603E+0001   -0.39391603E+0001    0.47105725E+0000         1
 21900   -0.39387112E+0001   -0.39387112E+0001    0.61180618E+0000         1
 21950   -0.39386380E+0001   -0.39386380E+0001    0.63885137E+0000         1
 22000   -0.39386017E+0001   -0.39386017E+0001    0.61352183E+0000         1
 22050   -0.39376880E+0001   -0.39376880E+0001    0.79186796E+0000         1
 22100   -0.39393256E+0001   -0.39393256E+0001    0.34307924E+0000         1
 22150   -0.39391914E+0001   -0.39391914E+0001    0.49011757E+0000         1
 22200   -0.39393167E+0001   -0.39393167E+0001    0.46140344E+0000         1
 22250   -0.39390482E+0001   -0.39390482E+0001    0.48883862E+0000         1
 22300   -0.39388360E+0001   -0.39388360E+0001    0.48005403E+0000         1
 22350   -0.39383873E+0001   -0.39383873E+0001    0.66653759E+0000         1
 22400   -0.39375765E+0001   -0.39375765E+0001    0.88408090E+0000         1
 22450   -0.39388556E+0001   -0.39388556E+0001    0.54518001E+0000         1
 22500   -0.39394140E+0001   -0.39394140E+0001    0.44580952E+0000         1
 22550   -0.39390600E+0001   -0.39390600E+0001    0.46825280E+0000         1
 22600   -0.39384355E+0001   -0.39384355E+0001    0.61593731E+0000         1
 22650   -0.39385517E+0001   -0.39385517E+0001    0.66649221E+0000         1
 22700   -0.39393743E+0001   -0.39393743E+0001    0.50890323E+0000         1
 22750   -0.39392751E+0001   -0.39392751E+0001    0.54495126E+0000         1
 22800   -0.39394207E+0001   -0.39394207E+0001    0.41302652E+0000         1
 22850   -0.39391104E+0001   -0.39391104E+0001    0.51510418E+0000         1
 22900   -0.39389676E+0001   -0.39389676E+0001    0.45811087E+0000         1
 22950   -0.39391193E+0001   -0.39391193E+0001    0.44950210E+0000         1
 23000   -0.39385417E+0001   -0.39385417E+0001    0.64776539E+0000         1
 23050   -0.39390033E+0001   -0.39390033E+0001    0.44667382E+0000         1
 23100   -0.39381990E+0001   -0.39381990E+0001    0.63095407E+0000         1
 23150   -0.39392468E+0001   -0.39392468E+0001    0.42072655E+0000         1
 23200   -0.39393482E+0001   -0.39393482E+0001    0.42331237E+0000         1
 23250   -0.39396091E+0001   -0.39396091E+0001    0.36723417E+0000         1
 23300   -0.39390132E+0001   -0.39390132E+0001    0.52672845E+0000         1
 23350   -0.39383189E+0001   -0.39383189E+0001    0.62923415E+0000         1
 23400   -0.39385935E+0001   -0.39385935E+0001    0.63384421E+0000         1
 23450   -0.39386238E+0001   -0.39386238E+0001    0.66788825E+0000         1
 23500   -0.39390502E+0001   -0.39390502E+0001    0.48024267E+0000         1
 23550   -0.39386996E+0001   -0.39386996E+0001    0.59659369E+0000         1
 23600   -0.39394237E+0001   -0.39394237E+0001    0.42431963E+0000         1
 23650   -0.39387152E+0001   -0.39387152E+0001    0.57801238E+0000         1
 23700   -0.39389601E+0001   -0.39389601E+0001    0.49915868E+0000         1
 23750   -0.39394612E+0001   -0.39394612E+0001    0.32778900E+0000         1
 23800   -0.39391308E+0001   -0.39391308E+0001    0.51374717E+0000         1
 23850   -0.39386909E+0001   -0.39386909E+0001    0.71457061E+0000         1
 23900   -0.39383622E+0001   -0.39383622E+0001    0.67956311E+0000         1
 23950   -0.39393836E+0001   -0.39393836E+0001    0.42555040E+0000         1
 24000   -0.39392410E+0001   -0.39392410E+0001    0.43772359E+0000         1
 24050   -0.39396431E+0001   -0.39396431E+0001    0.27067709E+0000         1
 24100   -0.39393538E+0001   -0.39393538E+0001    0.35015563E+0000         1
 24150   -0.39392562E+0001   -0.39392562E+0001    0.42470750E+0000         1
 24200   -0.39391214E+0001   -0.39391214E+0001    0.40708616E+0000         1
 24250   -0.39388618E+0001   -0.39388618E+0001    0.56867897E+0000         1
 24300   -0.39394584E+0001   -0.39394584E+0001    0.37599628E+0000         1
 24350   -0.39394001E+0001   -0.39394001E+0001    0.37881735E+0000         1
 24400   -0.39385390E+0001   -0.39385390E+0001    0.62579018E+0000         1
 24450   -0.39388064E+0001   -0.39388064E+0001    0.52295091E+0000         1
 24500   -0.39389946E+0001   -0.39389946E+0001    0.51259009E+0000         1
 24550   -0.39380699E+0001   -0.39380699E+0001    0.67477804E+0000         1
 24600   -0.39390290E+0001   -0.39390290E+0001    0.53893081E+0000         1
 24650   -0.39390359E+0001   -0.39390359E+0001    0.43475933E+0000         1
 24700   -0.39392545E+0001   -0.39392545E+0001    0.34606408E+0000         1
 24750   -0.39384106E+0001   -0.39384106E+0001    0.56996846E+0000         1
 24800   -0.39387491E+0001   -0.39387491E+0001    0.49897146E+0000         1
 24850   -0.39387000E+0001   -0.39387000E+0001    0.59467886E+0000         1
 24900   -0.39383993E+0001   -0.39383993E+0001    0.63161934E+0000         1
 24950   -0.39375973E+0001   -0.39375973E+0001    0.77543475E+0000         1
 25000   -0.39380433E+0001   -0.39380433E+0001    0.66885291E+0000         1
 25050   -0.39381389E+0001   -0.39381389E+0001    0.66975519E+0000         1
 25100   -0.39385606E+0001   -0.39385606E+0001    0.61123435E+0000         1
 25150   -0.39389721E+0001   -0.39389721E+0001    0.48048772E+0000         1
 25200   -0.39388617E+0001   -0.39388617E+0001    0.54413414E+0000         1
 25250   -0.39389645E+0001   -0.39389645E+0001    0.60190792E+0000         1
 25300   -0.39390880E+0001   -0.39390880E+0001    0.39744498E+0000         1
 25350   -0.39394388E+0001   -0.39394388E+0001    0.42209611E+0000         1
 25400   -0.39392235E+0001   -0.39392235E+0001    0.47488590E+0000         1
 25450   -0.39378979E+0001   -0.39378979E+0001    0.93859641E+0000         1
 25500   -0.39390483E+0001   -0.39390483E+0001    0.59081057E+0000         1
 25550   -0.39389271E+0001   -0.39389271E+0001    0.69384415E+0000         1
 25600   -0.39384532E+0001   -0.39384532E+0001    0.67091399E+0000         1
 25650   -0.39386955E+0001   -0.39386955E+0001    0.51777990E+0000         1
 25700   -0.39390946E+0001   -0.39390946E+0001    0.42199556E+0000         1
 25750   -0.39392159E+0001   -0.39392159E+0001    0.44850965E+0000         1
 25800   -0.39395344E+0001   -0.39395344E+0001    0.37667785E+0000         1
 25850   -0.39394956E+0001   -0.39394956E+0001    0.45887126E+0000         1
 25900   -0.39393502E+0001   -0.39393502E+0001    0.44153452E+0000         1
 25950   -0.39394242E+0001   -0.39394242E+0001    0.46342564E+0000         1
 26000   -0.39389924E+0001   -0.39389924E+0001    0.58327995E+0000         1
 26050   -0.39395738E+0001   -0.39395738E+0001    0.41101441E+0000         1
 26100   -0.39394013E+0001   -0.39394013E+0001    0.41983261E+0000         1
 26150   -0.39381603E+0001   -0.39381603E+0001    0.73636508E+0000         1
 26200   -0.39380344E+0001   -0.39380344E+0001    0.80239468E+0000         1
 26250   -0.39382772E+0001   -0.39382772E+0001    0.72223106E+0000         1
 26300   -0.39385678E+0001   -0.39385678E+0001    0.61811185E+0000         1
 26350   -0.39390826E+0001   -0.39390826E+0001    0.46228396E+0000         1
 26400   -0.39390502E+0001   -0.39390502E+0001    0.50219772E+0000         1
 26450   -0.39389957E+0001   -0.39389957E+0001    0.50218754E+0000         1
 26500   -0.39385457E+0001   -0.39385457E+0001    0.57931179E+0000         1
 26550   -0.39389964E+0001   -0.39389964E+0001    0.50038589E+0000         1
 26600   -0.39385053E+0001   -0.39385053E+0001    0.65170212E+0000         1
 26650   -0.39391945E+0001   -0.39391945E+0001    0.44313070E+0000         1
 26700   -0.39388389E+0001   -0.39388389E+0001    0.55374036E+0000         1
 26750   -0.39387308E+0001   -0.39387308E+0001    0.53981092E+0000         1
 26800   -0.39383461E+0001   -0.39383461E+0001    0.74719159E+0000         1
 26850   -0.39388260E+0001   -0.39388260E+0001    0.53353586E+0000         1
 26900   -0.39383825E+0001   -0.39383825E+0001    0.60314036E+0000         1
 26950   -0.39391572E+0001   -0.39391572E+0001    0.38922670E+0000         1
 27000   -0.39390446E+0001   -0.39390446E+0001    0.45109885E+0000         1
 27050   -0.39388355E+0001   -0.39388355E+0001    0.50722460E+0000         1
 27100   -0.39387703E+0001   -0.39387703E+0001    0.53198140E+0000         1
 27150   -0.39388099E+0001   -0.39388099E+0001    0.56221324E+0000         1
 27200   -0.39389120E+0001   -0.39389120E+0001    0.48036511E+0000         1
 27250   -0.39390658E+0001   -0.39390658E+0001    0.41725131E+0000         1
 27300   -0.39392189E+0001   -0.39392189E+0001    0.37109723E+0000         1
 27350   -0.39392247E+0001   -0.39392247E+0001    0.52639585E+0000         1
 27400   -0.39395959E+0001   -0.39395959E+0001    0.28819102E+0000         1
 27450   -0.39390807E+0001   -0.39390807E+0001    0.41404838E+0000         1
 27500   -0.39388145E+0001   -0.39388145E+0001    0.53790930E+0000         1
 27550   -0.39391658E+0001   -0.39391658E+0001    0.51951275E+0000         1
 27600   -0.39391194E+0001   -0.39391194E+0001    0.59134260E+0000         1
 27650   -0.39393040E+0001   -0.39393040E+0001    0.46955221E+0000         1
 27700   -0.39390539E+0001   -0.39390539E+0001    0.56790933E+0000         1
 27750   -0.39386832E+0001   -0.39386832E+0001    0.59471128E+0000         1
 27800   -0.39389243E+0001   -0.39389243E+0001    0.55489308E+0000         1
 27850   -0.39386072E+0001   -0.39386072E+0001    0.53962168E+0000         1
 27900   -0.39382065E+0001   -0.39382065E+0001    0.57902327E+0000         1
 27950   -0.39387642E+0001   -0.39387642E+0001    0.58590053E+0000         1
 28000   -0.39389012E+0001   -0.39389012E+0001    0.56663923E+0000         1
 28050   -0.39386828E+0001   -0.39386828E+0001    0.52150492E+0000         1
 28100   -0.39384353E+0001   -0.39384353E+0001    0.56285345E+0000         1
 28150   -0.39385218E+0001   -0.39385218E+0001    0.58905664E+0000         1
 28200   -0.39388709E+0001   -0.39388709E+0001    0.55555139E+0000         1
 28250   -0.39389823E+0001   -0.39389823E+0001    0.53741172E+0000         1
 28300   -0.39391768E+0001   -0.39391768E+0001    0.42832364E+0000         1
 28350   -0.39393743E+0001   -0.39393743E+0001    0.36248363E+0000         1
 28400   -0.39390377E+0001   -0.39390377E+0001    0.58387817E+0000         1
 28450   -0.39391382E+0001   -0.39391382E+0001    0.52160491E+0000         1
 28500   -0.39387952E+0001   -0.39387952E+0001    0.68698291E+0000         1
 28550   -0.39393385E+0001   -0.39393385E+0001    0.58520444E+0000         1
 28600   -0.39395717E+0001   -0.39395717E+0001    0.34665966E+0000         1
 28650   -0.39392595E+0001   -0.39392595E+0001    0.46039750E+0000         1
 28700   -0.39395595E+0001   -0.39395595E+0001    0.30331094E+0000         1
 28750   -0.39397153E+0001   -0.39397153E+0001    0.31255284E+0000         1
 28800   -0.39395578E+0001   -0.39395578E+0001    0.37955668E+0000         1
 28850   -0.39396013E+0001   -0.39396013E+0001    0.33788371E+0000         1
 28900   -0.39397485E+0001   -0.39397485E+0001    0.30171013E+0000         1
 28950   -0.39384385E+0001   -0.39384385E+0001    0.69458890E+0000         1
 29000   -0.39383130E+0001   -0.39383130E+0001    0.69423669E+0000         1
 29050   -0.39390743E+0001   -0.39390743E+0001    0.54589297E+0000         1
 29100   -0.39388682E+0001   -0.39388682E+0001    0.58485637E+0000         1
 29150   -0.39390321E+0001   -0.39390321E+0001    0.50113409E+0000         1
 29200   -0.39388373E+0001   -0.39388373E+0001    0.49682650E+0000         1
 29250   -0.39381629E+0001   -0.39381629E+0001    0.74298708E+0000         1
 29300   -0.39392254E+0001   -0.39392254E+0001    0.44198710E+0000         1
 29350   -0.39385129E+0001   -0.39385129E+0001    0.51267700E+0000         1
 29400   -0.39385651E+0001   -0.39385651E+0001    0.59843369E+0000         1
 29450   -0.39392037E+0001   -0.39392037E+0001    0.38424261E+0000         1
 29500   -0.39388390E+0001   -0.39388390E+0001    0.46086223E+0000         1
 29550   -0.39393207E+0001   -0.39393207E+0001    0.37694121E+0000         1
 29600   -0.39384127E+0001   -0.39384127E+0001    0.62893110E+0000         1
 29650   -0.39385379E+0001   -0.39385379E+0001    0.60102374E+0000         1
 29700   -0.39388872E+0001   -0.39388872E+0001    0.60120731E+0000         1
 29750   -0.39391525E+0001   -0.39391525E+0001    0.58101045E+0000         1
 29800   -0.39394170E+0001   -0.39394170E+0001    0.46856702E+0000         1
 29850   -0.39393136E+0001   -0.39393136E+0001    0.33892274E+0000         1
 29900   -0.39387088E+0001   -0.39387088E+0001    0.53126764E+0000         1
 29950   -0.39390238E+0001   -0.39390238E+0001    0.47482393E+0000         1
 30000   -0.39389975E+0001   -0.39389975E+0001    0.47429569E+0000         1
 30050   -0.39390849E+0001   -0.39390849E+0001    0.45107527E+0000         1
 30100   -0.39384257E+0001   -0.39384257E+0001    0.71524180E+0000         1
 30150   -0.39388437E+0001   -0.39388437E+0001    0.46360488E+0000         1
 30200   -0.39393399E+0001   -0.39393399E+0001    0.30854759E+0000         1
 30250   -0.39390208E+0001   -0.39390208E+0001    0.48297128E+0000         1
 30300   -0.39391084E+0001   -0.39391084E+0001    0.48910619E+0000         1
 30350   -0.39388204E+0001   -0.39388204E+0001    0.62503712E+0000         1
 30400   -0.39384628E+0001   -0.39384628E+0001    0.66672754E+0000         1
 30450   -0.39385861E+0001   -0.39385861E+0001    0.62739122E+0000         1
 30500   -0.39390348E+0001   -0.39390348E+0001    0.52046105E+0000         1
 30550   -0.39392618E+0001   -0.39392618E+0001    0.49909236E+0000         1
 30600   -0.39392364E+0001   -0.39392364E+0001    0.43026043E+0000         1
 30650   -0.39391882E+0001   -0.39391882E+0001    0.51352317E+0000         1
 30700   -0.39390931E+0001   -0.39390931E+0001    0.50886803E+0000         1
 30750   -0.39390801E+0001   -0.39390801E+0001    0.48414457E+0000         1
 30800   -0.39387278E+0001   -0.39387278E+0001    0.58089581E+0000         1
 30850   -0.39388370E+0001   -0.39388370E+0001    0.58941114E+0000         1
 30900   -0.39395787E+0001   -0.39395787E+0001    0.32963561E+0000         1
 30950   -0.39387370E+0001   -0.39387370E+0001    0.61349587E+0000         1
 31000   -0.39384654E+0001   -0.39384654E+0001    0.74485395E+0000         1
 31050   -0.39383583E+0001   -0.39383583E+0001    0.68934961E+0000         1
 31100   -0.39375912E+0001   -0.39375912E+0001    0.81681659E+0000         1
 31150   -0.39387622E+0001   -0.39387622E+0001    0.58029198E+0000         1
 31200   -0.39392152E+0001   -0.39392152E+0001    0.55402443E+0000         1
 31250   -0.39394805E+0001   -0.39394805E+0001    0.44166526E+0000         1
 31300   -0.39390803E+0001   -0.39390803E+0001    0.50154952E+0000         1
 31350   -0.39387048E+0001   -0.39387048E+0001    0.60663926E+0000         1
 31400   -0.39391376E+0001   -0.39391376E+0001    0.58560840E+0000         1
 31450   -0.39383597E+0001   -0.39383597E+0001    0.78463533E+0000         1
 31500   -0.39386357E+0001   -0.39386357E+0001    0.61536509E+0000         1
 31550   -0.39389208E+0001   -0.39389208E+0001    0.54151319E+0000         1
 31600   -0.39390002E+0001   -0.39390002E+0001    0.44454381E+0000         1
 31650   -0.39391974E+0001   -0.39391974E+0001    0.39722161E+0000         1
 31700   -0.39389483E+0001   -0.39389483E+0001    0.48054698E+0000         1
 31750   -0.39382067E+0001   -0.39382067E+0001    0.65773508E+0000         1
 31800   -0.39387945E+0001   -0.39387945E+0001    0.48324733E+0000         1
 31850   -0.39383221E+0001   -0.39383221E+0001    0.61736937E+0000         1
 31900   -0.39386022E+0001   -0.39386022E+0001    0.53053603E+0000         1
 31950   -0.39381355E+0001   -0.39381355E+0001    0.66737105E+0000         1
 32000   -0.39382707E+0001   -0.39382707E+0001    0.77708559E+0000         1
 32050   -0.39389560E+0001   -0.39389560E+0001    0.62073214E+0000         1
 32100   -0.39387788E+0001   -0.39387788E+0001    0.51862132E+0000         1
 32150   -0.39388019E+0001   -0.39388019E+0001    0.51036274E+0000         1
 32200   -0.39387695E+0001   -0.39387695E+0001    0.53905472E+0000         1
 32250   -0.39388989E+0001   -0.39388989E+0001    0.46167962E+0000         1
 32300   -0.39386281E+0001   -0.39386281E+0001    0.55105376E+0000         1
 32350   -0.39383765E+0001   -0.39383765E+0001    0.66012828E+0000         1
 32400   -0.39386520E+0001   -0.39386520E+0001    0.56819813E+0000         1
 32450   -0.39389462E+0001   -0.39389462E+0001    0.54942375E+0000         1
 32500   -0.39395014E+0001   -0.39395014E+0001    0.36248144E+0000         1
 32550   -0.39387511E+0001   -0.39387511E+0001    0.60805673E+0000         1
 32600   -0.39393518E+0001   -0.39393518E+0001    0.51667278E+0000         1
 32650   -0.39389847E+0001   -0.39389847E+0001    0.61459388E+0000         1
 32700   -0.39392691E+0001   -0.39392691E+0001    0.43169064E+0000         1
 32750   -0.39387095E+0001   -0.39387095E+0001    0.55338507E+0000         1
 32800   -0.39388347E+0001   -0.39388347E+0001    0.55833872E+0000         1
 32850   -0.39390951E+0001   -0.39390951E+0001    0.50950639E+0000         1
 32900   -0.39391129E+0001   -0.39391129E+0001    0.58364984E+0000         1
 32950   -0.39392337E+0001   -0.39392337E+0001    0.48327643E+0000         1
 33000   -0.39398312E+0001   -0.39398312E+0001    0.24893835E+0000         1
 33050   -0.39395850E+0001   -0.39395850E+0001    0.34046800E+0000         1
 33100   -0.39395434E+0001   -0.39395434E+0001    0.32387521E+0000         1
 33150   -0.39393492E+0001   -0.39393492E+0001    0.40526627E+0000         1
 33200   -0.39394502E+0001   -0.39394502E+0001    0.41901772E+0000         1
 33250   -0.39394783E+0001   -0.39394783E+0001    0.33860952E+0000         1
 33300   -0.39391421E+0001   -0.39391421E+0001    0.43337845E+0000         1
 33350   -0.39388195E+0001   -0.39388195E+0001    0.52398961E+0000         1
 33400   -0.39385279E+0001   -0.39385279E+0001    0.59847063E+0000         1
 33450   -0.39389542E+0001   -0.39389542E+0001    0.52816102E+0000         1
 33500   -0.39391368E+0001   -0.39391368E+0001    0.46763397E+0000         1
 33550   -0.39391979E+0001   -0.39391979E+0001    0.41485409E+0000         1
 33600   -0.39391428E+0001   -0.39391428E+0001    0.46352302E+0000         1
 33650   -0.39392906E+0001   -0.39392906E+0001    0.38506000E+0000         1
 33700   -0.39390499E+0001   -0.39390499E+0001    0.52798440E+0000         1
 33750   -0.39390453E+0001   -0.39390453E+0001    0.51804507E+0000         1
 33800   -0.39392815E+0001   -0.39392815E+0001    0.39638122E+0000         1
 33850   -0.39392290E+0001   -0.39392290E+0001    0.41535592E+0000         1
 33900   -0.39391857E+0001   -0.39391857E+0001    0.48253496E+0000         1
 33950   -0.39390367E+0001   -0.39390367E+0001    0.51767581E+0000         1
 34000   -0.39389219E+0001   -0.39389219E+0001    0.55576396E+0000         1
 34050   -0.39385091E+0001   -0.39385091E+0001    0.57214258E+0000         1
 34100   -0.39388818E+0001   -0.39388818E+0001    0.49079224E+0000         1
 34150   -0.39390114E+0001   -0.39390114E+0001    0.46709754E+0000         1
 34200   -0.39392406E+0001   -0.39392406E+0001    0.49083585E+0000         1
 34250   -0.39391002E+0001   -0.39391002E+0001    0.45148384E+0000         1
 34300   -0.39395965E+0001   -0.39395965E+0001    0.40382083E+0000         1
 34350   -0.39387104E+0001   -0.39387104E+0001    0.62624336E+0000         1
 34400   -0.39385571E+0001   -0.39385571E+0001    0.55239596E+0000         1
 34450   -0.39387770E+0001   -0.39387770E+0001    0.50580043E+0000         1
 34500   -0.39388886E+0001   -0.39388886E+0001    0.47765616E+0000         1
 34550   -0.39389702E+0001   -0.39389702E+0001    0.48819990E+0000         1
 34600   -0.39393192E+0001   -0.39393192E+0001    0.42850910E+0000         1
 34650   -0.39391589E+0001   -0.39391589E+0001    0.44976432E+0000         1
 34700   -0.39389929E+0001   -0.39389929E+0001    0.49785098E+0000         1
 34750   -0.39391171E+0001   -0.39391171E+0001    0.44885115E+0000         1
 34800   -0.39387166E+0001   -0.39387166E+0001    0.63988789E+0000         1
 34850   -0.39378441E+0001   -0.39378441E+0001    0.87374460E+0000         1
 34900   -0.39389955E+0001   -0.39389955E+0001    0.55841571E+0000         1
 34950   -0.39389711E+0001   -0.39389711E+0001    0.54149530E+0000         1
 35000   -0.39390797E+0001   -0.39390797E+0001    0.51132100E+0000         1
 35050   -0.39395571E+0001   -0.39395571E+0001    0.33522569E+0000         1
 35100   -0.39392567E+0001   -0.39392567E+0001    0.41018011E+0000         1
 35150   -0.39390235E+0001   -0.39390235E+0001    0.43756252E+0000         1
 35200   -0.39386866E+0001   -0.39386866E+0001    0.53810466E+0000         1
 35250   -0.39388664E+0001   -0.39388664E+0001    0.58518305E+0000         1
 35300   -0.39389848E+0001   -0.39389848E+0001    0.48720259E+0000         1
 35350   -0.39387701E+0001   -0.39387701E+0001    0.59744198E+0000         1
 35400   -0.39391083E+0001   -0.39391083E+0001    0.43509035E+0000         1
 35450   -0.39392614E+0001   -0.39392614E+0001    0.38920790E+0000         1
 35500   -0.39388594E+0001   -0.39388594E+0001    0.58114721E+0000         1
 35550   -0.39389967E+0001   -0.39389967E+0001    0.51659993E+0000         1
 35600   -0.39389437E+0001   -0.39389437E+0001    0.48052957E+0000         1
 35650   -0.39387526E+0001   -0.39387526E+0001    0.59834863E+0000         1
 35700   -0.39389158E+0001   -0.39389158E+0001    0.52552702E+0000         1
 35750   -0.39392981E+0001   -0.39392981E+0001    0.54106314E+0000         1
 35800   -0.39390804E+0001   -0.39390804E+0001    0.58994196E+0000         1
 35850   -0.39394527E+0001   -0.39394527E+0001    0.43405014E+0000         1
 35900   -0.39395550E+0001   -0.39395550E+0001    0.37253464E+0000         1
 35950   -0.39392424E+0001   -0.39392424E+0001    0.51099194E+0000         1
 36000   -0.39390133E+0001   -0.39390133E+0001    0.54982832E+0000         1
 36050   -0.39389951E+0001   -0.39389951E+0001    0.48081385E+0000         1
 36100   -0.39389976E+0001   -0.39389976E+0001    0.58046409E+0000         1
 36150   -0.39390714E+0001   -0.39390714E+0001    0.43191494E+0000         1
 36200   -0.39391478E+0001   -0.39391478E+0001    0.43473606E+0000         1
 36250   -0.39388962E+0001   -0.39388962E+0001    0.58343830E+0000         1
 36300   -0.39391871E+0001   -0.39391871E+0001    0.51893079E+0000         1
 36350   -0.39392600E+0001   -0.39392600E+0001    0.43681869E+0000         1
 36400   -0.39393334E+0001   -0.39393334E+0001    0.42918048E+0000         1
 36450   -0.39397652E+0001   -0.39397652E+0001    0.28202152E+0000         1
 36500   -0.39393797E+0001   -0.39393797E+0001    0.44179094E+0000         1
 36550   -0.39391233E+0001   -0.39391233E+0001    0.52591721E+0000         1
 36600   -0.39394958E+0001   -0.39394958E+0001    0.45317805E+0000         1
 36650   -0.39394145E+0001   -0.39394145E+0001    0.50683473E+0000         1
 36700   -0.39392075E+0001   -0.39392075E+0001    0.53997995E+0000         1
 36750   -0.39391138E+0001   -0.39391138E+0001    0.54660937E+0000         1
 36800   -0.39394106E+0001   -0.39394106E+0001    0.46961465E+0000         1
 36850   -0.39397617E+0001   -0.39397617E+0001    0.35547028E+0000         1
 36900   -0.39395609E+0001   -0.39395609E+0001    0.36395843E+0000         1
 36950   -0.39392757E+0001   -0.39392757E+0001    0.47717941E+0000         1
 37000   -0.39387502E+0001   -0.39387502E+0001    0.54927843E+0000         1
 37050   -0.39391520E+0001   -0.39391520E+0001    0.40186441E+0000         1
 37100   -0.39385863E+0001   -0.39385863E+0001    0.53302414E+0000         1
 37150   -0.39391710E+0001   -0.39391710E+0001    0.43550613E+0000         1
 37200   -0.39381314E+0001   -0.39381314E+0001    0.66009864E+0000         1
 37250   -0.39382062E+0001   -0.39382062E+0001    0.65689555E+0000         1
 37300   -0.39391583E+0001   -0.39391583E+0001    0.47195558E+0000         1
 37350   -0.39396645E+0001   -0.39396645E+0001    0.30008580E+0000         1
 37400   -0.39394279E+0001   -0.39394279E+0001    0.39946896E+0000         1
 37450   -0.39391503E+0001   -0.39391503E+0001    0.44907494E+0000         1
 37500   -0.39393340E+0001   -0.39393340E+0001    0.46720617E+0000         1
 37550   -0.39391433E+0001   -0.39391433E+0001    0.51171315E+0000         1
 37600   -0.39385246E+0001   -0.39385246E+0001    0.67228711E+0000         1
 37650   -0.39386886E+0001   -0.39386886E+0001    0.58937516E+0000         1
 37700   -0.39389193E+0001   -0.39389193E+0001    0.48593671E+0000         1
 37750   -0.39389062E+0001   -0.39389062E+0001    0.47066688E+0000         1
 37800   -0.39385332E+0001   -0.39385332E+0001    0.65227342E+0000         1
 37850   -0.39391197E+0001   -0.39391197E+0001    0.38355711E+0000         1
 37900   -0.39389134E+0001   -0.39389134E+0001    0.43904729E+0000         1
 37950   -0.39387906E+0001   -0.39387906E+0001    0.51454438E+0000         1
 38000   -0.39395593E+0001   -0.39395593E+0001    0.40436508E+0000         1
 38050   -0.39388252E+0001   -0.39388252E+0001    0.52360724E+0000         1
 38100   -0.39389588E+0001   -0.39389588E+0001    0.62957173E+0000         1
 38150   -0.39390007E+0001   -0.39390007E+0001    0.53157631E+0000         1
 38200   -0.39388426E+0001   -0.39388426E+0001    0.52977639E+0000         1
 38250   -0.39388933E+0001   -0.39388933E+0001    0.58523001E+0000         1
 38300   -0.39390751E+0001   -0.39390751E+0001    0.45715149E+0000         1
 38350   -0.39390864E+0001   -0.39390864E+0001    0.48746571E+0000         1
 38400   -0.39389255E+0001   -0.39389255E+0001    0.58183431E+0000         1
 38450   -0.39382583E+0001   -0.39382583E+0001    0.64463608E+0000         1
 38500   -0.39391159E+0001   -0.39391159E+0001    0.47648970E+0000         1
 38550   -0.39389259E+0001   -0.39389259E+0001    0.46105408E+0000         1
 38600   -0.39386195E+0001   -0.39386195E+0001    0.49773965E+0000         1
 38650   -0.39387837E+0001   -0.39387837E+0001    0.53057558E+0000         1
 38700   -0.39387607E+0001   -0.39387607E+0001    0.47352178E+0000         1
 38750   -0.39387175E+0001   -0.39387175E+0001    0.61077970E+0000         1
 38800   -0.39388973E+0001   -0.39388973E+0001    0.59541182E+0000         1
 38850   -0.39390501E+0001   -0.39390501E+0001    0.44209448E+0000         1
 38900   -0.39392208E+0001   -0.39392208E+0001    0.42830327E+0000         1
 38950   -0.39394705E+0001   -0.39394705E+0001    0.40360291E+0000         1
 39000   -0.39394914E+0001   -0.39394914E+0001    0.44526620E+0000         1
 39050   -0.39396709E+0001   -0.39396709E+0001    0.35715946E+0000         1
 39100   -0.39392710E+0001   -0.39392710E+0001    0.39203059E+0000         1
 39150   -0.39388317E+0001   -0.39388317E+0001    0.62980166E+0000         1
 39200   -0.39386745E+0001   -0.39386745E+0001    0.59749477E+0000         1
 39250   -0.39391732E+0001   -0.39391732E+0001    0.52275379E+0000         1
 39300   -0.39390773E+0001   -0.39390773E+0001    0.50319548E+0000         1
 39350   -0.39393742E+0001   -0.39393742E+0001    0.32921167E+0000         1
 39400   -0.39393253E+0001   -0.39393253E+0001    0.38333632E+0000         1
 39450   -0.39389296E+0001   -0.39389296E+0001    0.48619372E+0000         1
 39500   -0.39393559E+0001   -0.39393559E+0001    0.37875029E+0000         1
 39550   -0.39391391E+0001   -0.39391391E+0001    0.55656479E+0000         1
 39600   -0.39394980E+0001   -0.39394980E+0001    0.47461685E+0000         1
 39650   -0.39397475E+0001   -0.39397475E+0001    0.23398315E+0000         1
 39700   -0.39395413E+0001   -0.39395413E+0001    0.31945068E+0000         1
 39750   -0.39394119E+0001   -0.39394119E+0001    0.36358989E+0000         1
 39800   -0.39396163E+0001   -0.39396163E+0001    0.34605706E+0000         1
 39850   -0.39393611E+0001   -0.39393611E+0001    0.43492200E+0000         1
 39900   -0.39395694E+0001   -0.39395694E+0001    0.34488217E+0000         1
 39950   -0.39392818E+0001   -0.39392818E+0001    0.60107019E+0000         1
 40000   -0.39392823E+0001   -0.39392823E+0001    0.43252549E+0000         1
 40050   -0.39394395E+0001   -0.39394395E+0001    0.37211060E+0000         1
 40100   -0.39395605E+0001   -0.39395605E+0001    0.34233401E+0000         1
 40150   -0.39393663E+0001   -0.39393663E+0001    0.40710926E+0000         1
 40200   -0.39395883E+0001   -0.39395883E+0001    0.31636752E+0000         1
 40250   -0.39393237E+0001   -0.39393237E+0001    0.52031282E+0000         1
 40300   -0.39384689E+0001   -0.39384689E+0001    0.73189247E+0000         1
 40350   -0.39393709E+0001   -0.39393709E+0001    0.43031747E+0000         1
 40400   -0.39394357E+0001   -0.39394357E+0001    0.44433024E+0000         1
 40450   -0.39393455E+0001   -0.39393455E+0001    0.43911568E+0000         1
 40500   -0.39392822E+0001   -0.39392822E+0001    0.35674540E+0000         1
 40550   -0.39390435E+0001   -0.39390435E+0001    0.50763682E+0000         1
 40600   -0.39390273E+0001   -0.39390273E+0001    0.49850289E+0000         1
 40650   -0.39389949E+0001   -0.39389949E+0001    0.51815957E+0000         1
 40700   -0.39391959E+0001   -0.39391959E+0001    0.44866391E+0000         1
 40750   -0.39394294E+0001   -0.39394294E+0001    0.49340526E+0000         1
 40800   -0.39390787E+0001   -0.39390787E+0001    0.55858717E+0000         1
 40850   -0.39389823E+0001   -0.39389823E+0001    0.56423467E+0000         1
 40900   -0.39394317E+0001   -0.39394317E+0001    0.35483759E+0000         1
 40950   -0.39393628E+0001   -0.39393628E+0001    0.50644867E+0000         1
 41000   -0.39389951E+0001   -0.39389951E+0001    0.57998831E+0000         1
 41050   -0.39391728E+0001   -0.39391728E+0001    0.50487409E+0000         1
 41100   -0.39388112E+0001   -0.39388112E+0001    0.60201937E+0000         1
 41150   -0.39388493E+0001   -0.39388493E+0001    0.61500005E+0000         1
 41200   -0.39391944E+0001   -0.39391944E+0001    0.43348560E+0000         1
 41250   -0.39388705E+0001   -0.39388705E+0001    0.55098204E+0000         1
 41300   -0.39392590E+0001   -0.39392590E+0001    0.48351727E+0000         1
 41350   -0.39387055E+0001   -0.39387055E+0001    0.58565499E+0000         1
 41400   -0.39383511E+0001   -0.39383511E+0001    0.60177554E+0000         1
 41450   -0.39386536E+0001   -0.39386536E+0001    0.63911831E+0000         1
 41500   -0.39389937E+0001   -0.39389937E+0001    0.46220048E+0000         1
 41550   -0.39385949E+0001   -0.39385949E+0001    0.62624738E+0000         1
 41600   -0.39391803E+0001   -0.39391803E+0001    0.46164572E+0000         1
 41650   -0.39387505E+0001   -0.39387505E+0001    0.64040085E+0000         1
 41700   -0.39385443E+0001   -0.39385443E+0001    0.75683195E+0000         1
 41750   -0.39390658E+0001   -0.39390658E+0001    0.58213658E+0000         1
 41800   -0.39390454E+0001   -0.39390454E+0001    0.59059560E+0000         1
 41850   -0.39385081E+0001   -0.39385081E+0001    0.67535609E+0000         1
 41900   -0.39388579E+0001   -0.39388579E+0001    0.62195975E+0000         1
 41950   -0.39378538E+0001   -0.39378538E+0001    0.77583803E+0000         1
 42000   -0.39386329E+0001   -0.39386329E+0001    0.60765818E+0000         1
 42050   -0.39393156E+0001   -0.39393156E+0001    0.42222021E+0000         1
 42100   -0.39394587E+0001   -0.39394587E+0001    0.39508599E+0000         1
 42150   -0.39389835E+0001   -0.39389835E+0001    0.67945276E+0000         1
 42200   -0.39387764E+0001   -0.39387764E+0001    0.68979380E+0000         1
 42250   -0.39394269E+0001   -0.39394269E+0001    0.46749668E+0000         1
 42300   -0.39392662E+0001   -0.39392662E+0001    0.57562652E+0000         1
 42350   -0.39387784E+0001   -0.39387784E+0001    0.74441714E+0000         1
 42400   -0.39390217E+0001   -0.39390217E+0001    0.62827053E+0000         1
 42450   -0.39393998E+0001   -0.39393998E+0001    0.38613841E+0000         1
 42500   -0.39390108E+0001   -0.39390108E+0001    0.50144348E+0000         1
 42550   -0.39388393E+0001   -0.39388393E+0001    0.61569961E+0000         1
 42600   -0.39388745E+0001   -0.39388745E+0001    0.53164309E+0000         1
 42650   -0.39394298E+0001   -0.39394298E+0001    0.45561720E+0000         1
 42700   -0.39392736E+0001   -0.39392736E+0001    0.46643229E+0000         1
 42750   -0.39380229E+0001   -0.39380229E+0001    0.79753772E+0000         1
 42800   -0.39379408E+0001   -0.39379408E+0001    0.78065982E+0000         1
 42850   -0.39387654E+0001   -0.39387654E+0001    0.63483629E+0000         1
 42900   -0.39391196E+0001   -0.39391196E+0001    0.49578283E+0000         1
 42950   -0.39392568E+0001   -0.39392568E+0001    0.41749265E+0000         1
 43000   -0.39394902E+0001   -0.39394902E+0001    0.42323485E+0000         1
 43050   -0.39392629E+0001   -0.39392629E+0001    0.38046748E+0000         1
 43100   -0.39390623E+0001   -0.39390623E+0001    0.47573656E+0000         1
 43150   -0.39392373E+0001   -0.39392373E+0001    0.44280412E+0000         1
 43200   -0.39393763E+0001   -0.39393763E+0001    0.50729723E+0000         1
 43250   -0.39394305E+0001   -0.39394305E+0001    0.47904757E+0000         1
 43300   -0.39388096E+0001   -0.39388096E+0001    0.65854566E+0000         1
 43350   -0.39390602E+0001   -0.39390602E+0001    0.50810617E+0000         1
 43400   -0.39388968E+0001   -0.39388968E+0001    0.55666889E+0000         1
 43450   -0.39396039E+0001   -0.39396039E+0001    0.38910044E+0000         1
 43500   -0.39391252E+0001   -0.39391252E+0001    0.51851580E+0000         1
 43550   -0.39392042E+0001   -0.39392042E+0001    0.47961030E+0000         1
 43600   -0.39396797E+0001   -0.39396797E+0001    0.33677414E+0000         1
 43650   -0.39389944E+0001   -0.39389944E+0001    0.62440932E+0000         1
 43700   -0.39389753E+0001   -0.39389753E+0001    0.57966852E+0000         1
 43750   -0.39381631E+0001   -0.39381631E+0001    0.70812662E+0000         1
 43800   -0.39382941E+0001   -0.39382941E+0001    0.62086457E+0000         1
 43850   -0.39387317E+0001   -0.39387317E+0001    0.45695035E+0000         1
 43900   -0.39391297E+0001   -0.39391297E+0001    0.48906596E+0000         1
 43950   -0.39391263E+0001   -0.39391263E+0001    0.50826257E+0000         1
 44000   -0.39393689E+0001   -0.39393689E+0001    0.42509067E+0000         1
 44050   -0.39393933E+0001   -0.39393933E+0001    0.40097736E+0000         1
 44100   -0.39393261E+0001   -0.39393261E+0001    0.48759428E+0000         1
 44150   -0.39389452E+0001   -0.39389452E+0001    0.60303566E+0000         1
 44200   -0.39388492E+0001   -0.39388492E+0001    0.67911715E+0000         1
 44250   -0.39391476E+0001   -0.39391476E+0001    0.44949143E+0000         1
 44300   -0.39385503E+0001   -0.39385503E+0001    0.62916120E+0000         1
 44350   -0.39389721E+0001   -0.39389721E+0001    0.51869064E+0000         1
 44400   -0.39391750E+0001   -0.39391750E+0001    0.45015223E+0000         1
 44450   -0.39392875E+0001   -0.39392875E+0001    0.41725492E+0000         1
 44500   -0.39388078E+0001   -0.39388078E+0001    0.56057566E+0000         1
 44550   -0.39391174E+0001   -0.39391174E+0001    0.48935518E+0000         1
 44600   -0.39394959E+0001   -0.39394959E+0001    0.35512112E+0000         1
 44650   -0.39393726E+0001   -0.39393726E+0001    0.33457639E+0000         1
 44700   -0.39392926E+0001   -0.39392926E+0001    0.42982577E+0000         1
 44750   -0.39391541E+0001   -0.39391541E+0001    0.46399394E+0000         1
 44800   -0.39392400E+0001   -0.39392400E+0001    0.49510365E+0000         1
 44850   -0.39396301E+0001   -0.39396301E+0001    0.29544277E+0000         1
 44900   -0.39391213E+0001   -0.39391213E+0001    0.54242247E+0000         1
 44950   -0.39393436E+0001   -0.39393436E+0001    0.52511181E+0000         1
 45000   -0.39392326E+0001   -0.39392326E+0001    0.45949933E+0000         1
 45050   -0.39381580E+0001   -0.39381580E+0001    0.69461924E+0000         1
 45100   -0.39392798E+0001   -0.39392798E+0001    0.44914980E+0000         1
 45150   -0.39386597E+0001   -0.39386597E+0001    0.60803362E+0000         1
 45200   -0.39388403E+0001   -0.39388403E+0001    0.50451047E+0000         1
 45250   -0.39394440E+0001   -0.39394440E+0001    0.36358206E+0000         1
 45300   -0.39391539E+0001   -0.39391539E+0001    0.50539086E+0000         1
 45350   -0.39394400E+0001   -0.39394400E+0001    0.39978424E+0000         1
 45400   -0.39397417E+0001   -0.39397417E+0001    0.28298286E+0000         1
 45450   -0.39395018E+0001   -0.39395018E+0001    0.35208961E+0000         1
 45500   -0.39391497E+0001   -0.39391497E+0001    0.54732866E+0000         1
 45550   -0.39391120E+0001   -0.39391120E+0001    0.50006116E+0000         1
 45600   -0.39390519E+0001   -0.39390519E+0001    0.56523654E+0000         1
 45650   -0.39389388E+0001   -0.39389388E+0001    0.66918113E+0000         1
 45700   -0.39394514E+0001   -0.39394514E+0001    0.37935688E+0000         1
 45750   -0.39393641E+0001   -0.39393641E+0001    0.45954093E+0000         1
 45800   -0.39390908E+0001   -0.39390908E+0001    0.46076520E+0000         1
 45850   -0.39386666E+0001   -0.39386666E+0001    0.55646015E+0000         1
 45900   -0.39388547E+0001   -0.39388547E+0001    0.46710830E+0000         1
 45950   -0.39388997E+0001   -0.39388997E+0001    0.54728739E+0000         1
 46000   -0.39377289E+0001   -0.39377289E+0001    0.79596111E+0000         1
 46050   -0.39387894E+0001   -0.39387894E+0001    0.66736755E+0000         1
 46100   -0.39385518E+0001   -0.39385518E+0001    0.74909601E+0000         1
 46150   -0.39391336E+0001   -0.39391336E+0001    0.57566870E+0000         1
 46200   -0.39390426E+0001   -0.39390426E+0001    0.50420741E+0000         1
 46250   -0.39388129E+0001   -0.39388129E+0001    0.53494950E+0000         1
 46300   -0.39388576E+0001   -0.39388576E+0001    0.56454252E+0000         1
 46350   -0.39389393E+0001   -0.39389393E+0001    0.48059016E+0000         1
 46400   -0.39387070E+0001   -0.39387070E+0001    0.51730841E+0000         1
 46450   -0.39390490E+0001   -0.39390490E+0001    0.51688260E+0000         1
 46500   -0.39388425E+0001   -0.39388425E+0001    0.47290111E+0000         1
 46550   -0.39384988E+0001   -0.39384988E+0001    0.56816823E+0000         1
 46600   -0.39379303E+0001   -0.39379303E+0001    0.66605570E+0000         1
 46650   -0.39381741E+0001   -0.39381741E+0001    0.62032234E+0000         1
 46700   -0.39378963E+0001   -0.39378963E+0001    0.63429460E+0000         1
 46750   -0.39378121E+0001   -0.39378121E+0001    0.56018989E+0000         1
 46800   -0.39384831E+0001   -0.39384831E+0001    0.43995548E+0000         1
 46850   -0.39386308E+0001   -0.39386308E+0001    0.40196561E+0000         1
 46900   -0.39386203E+0001   -0.39386203E+0001    0.49134595E+0000         1
 46950   -0.39383853E+0001   -0.39383853E+0001    0.54552746E+0000         1
 47000   -0.39387060E+0001   -0.39387060E+0001    0.53225130E+0000         1
 47050   -0.39380524E+0001   -0.39380524E+0001    0.70274980E+0000         1
 47100   -0.39384762E+0001   -0.39384762E+0001    0.74134711E+0000         1
 47150   -0.39384743E+0001   -0.39384743E+0001    0.58601513E+0000         1
 47200   -0.39389474E+0001   -0.39389474E+0001    0.48614671E+0000         1
 47250   -0.39388256E+0001   -0.39388256E+0001    0.60857055E+0000         1
 47300   -0.39386652E+0001   -0.39386652E+0001    0.54655830E+0000         1
 47350   -0.39388402E+0001   -0.39388402E+0001    0.62268832E+0000         1
 47400   -0.39392048E+0001   -0.39392048E+0001    0.44533997E+0000         1
 47450   -0.39393955E+0001   -0.39393955E+0001    0.40552868E+0000         1
 47500   -0.39397306E+0001   -0.39397306E+0001    0.23188363E+0000         1
 47550   -0.39395664E+0001   -0.39395664E+0001    0.36190837E+0000         1
 47600   -0.39389492E+0001   -0.39389492E+0001    0.57361859E+0000         1
 47650   -0.39391526E+0001   -0.39391526E+0001    0.53682013E+0000         1
 47700   -0.39386692E+0001   -0.39386692E+0001    0.74327469E+0000         1
 47750   -0.39383550E+0001   -0.39383550E+0001    0.60291818E+0000         1
 47800   -0.39388130E+0001   -0.39388130E+0001    0.57528124E+0000         1
 47850   -0.39388296E+0001   -0.39388296E+0001    0.59311430E+0000         1
 47900   -0.39391512E+0001   -0.39391512E+0001    0.55771913E+0000         1
 47950   -0.39393738E+0001   -0.39393738E+0001    0.41927188E+0000         1
 48000   -0.39383589E+0001   -0.39383589E+0001    0.83163762E+0000         1
