     1   -0.39239665E+0001   -0.39244605E+0001    0.17402154E+0001     12011
    50   -0.39239857E+0001   -0.39284909E+0001    0.14038465E+0001     12227
   100   -0.39260854E+0001   -0.39311239E+0001    0.12091221E+0001     12549
   150   -0.39288513E+0001   -0.39332328E+0001    0.10677682E+0001     12903
   200   -0.39308817E+0001   -0.39349096E+0001    0.95311298E+0000     13142
   250   -0.39325424E+0001   -0.39361182E+0001    0.81711574E+0000     13700
   300   -0.39340235E+0001   -0.39374691E+0001    0.68893021E+0000     13991
   350   -0.39355082E+0001   -0.39382800E+0001    0.65653982E+0000     14517
   400   -0.39367033E+0001   -0.39386540E+0001    0.52612480E+0000     15134
     1   -0.39239558E+0001   -0.39244388E+0001    0.17402154E+0001     11991
    50   -0.39235423E+0001   -0.39283741E+0001    0.13991089E+0001     12384
   100   -0.39256586E+0001   -0.39311255E+0001    0.11848715E+0001     12886
   150   -0.39284797E+0001   -0.39336942E+0001    0.10424005E+0001     13443
   200   -0.39305823E+0001   -0.39352926E+0001    0.85285497E+0000     13855
   250   -0.39325141E+0001   -0.39360861E+0001    0.71622920E+0000     14252
   300   -0.39342904E+0001   -0.39371186E+0001    0.67619338E+0000     14572
   350   -0.39353945E+0001   -0.39378166E+0001    0.62192877E+0000     14714
   400   -0.39361367E+0001   -0.39384246E+0001    0.53178480E+0000     15201
     1   -0.39239488E+0001   -0.39244909E+0001    0.17402154E+0001     12010
    50   -0.39232339E+0001   -0.39280916E+0001    0.14003770E+0001     12170
   100   -0.39253331E+0001   -0.39315505E+0001    0.11776594E+0001     12859
   150   -0.39285087E+0001   -0.39338547E+0001    0.99393582E+0000     13253
   200   -0.39320020E+0001   -0.39354927E+0001    0.90319648E+0000     13923
   250   -0.39330405E+0001   -0.39362139E+0001    0.79137616E+0000     14283
   300   -0.39340310E+0001   -0.39373566E+0001    0.70663244E+0000     14457
   350   -0.39351308E+0001   -0.39380721E+0001    0.63489144E+0000     14787
   400   -0.39361790E+0001   -0.39385455E+0001    0.56468143E+0000     15041
     1   -0.39239460E+0001   -0.39244651E+0001    0.17402154E+0001     12012
    50   -0.39228643E+0001   -0.39285654E+0001    0.14227660E+0001     12501
   100   -0.39248627E+0001   -0.39304947E+0001    0.12234183E+0001     12772
   150   -0.39269934E+0001   -0.39319052E+0001    0.11661270E+0001     13267
   200   -0.39289142E+0001   -0.39331654E+0001    0.10505626E+0001     13940
   250   -0.39304208E+0001   -0.39342883E+0001    0.97926764E+0000     14361
   300   -0.39314793E+0001   -0.39347786E+0001    0.87864727E+0000     14867
   350   -0.39324338E+0001   -0.39363641E+0001    0.85622182E+0000     15273
   400   -0.39332119E+0001   -0.39359498E+0001    0.80046407E+0000     15660
     1   -0.39239365E+0001   -0.39244768E+0001    0.17402154E+0001     11997
    50   -0.39225747E+0001   -0.39277491E+0001    0.14591587E+0001     12176
   100   -0.39241868E+0001   -0.39289919E+0001    0.13173162E+0001     13037
   150   -0.39251470E+0001   -0.39303015E+0001    0.12550044E+0001     13576
   200   -0.39265380E+0001   -0.39322680E+0001    0.11484287E+0001     14117
   250   -0.39283002E+0001   -0.39326561E+0001    0.10239313E+0001     14812
   300   -0.39299272E+0001   -0.39339141E+0001    0.10018034E+0001     15443
   350   -0.39312110E+0001   -0.39344070E+0001    0.93344140E+0000     16006
   400   -0.39321894E+0001   -0.39351002E+0001    0.84633198E+0000     16443
     1   -0.39239342E+0001   -0.39245438E+0001    0.17402154E+0001     12004
    50   -0.39223195E+0001   -0.39276395E+0001    0.14404288E+0001     12074
   100   -0.39236950E+0001   -0.39295835E+0001    0.13136691E+0001     12673
   150   -0.39260662E+0001   -0.39309904E+0001    0.11639811E+0001     13121
   200   -0.39274638E+0001   -0.39325444E+0001    0.11250187E+0001     13284
   250   -0.39290157E+0001   -0.39332227E+0001    0.10027157E+0001     13738
   300   -0.39305331E+0001   -0.39341046E+0001    0.91415331E+0000     14127
   350   -0.39312093E+0001   -0.39343881E+0001    0.96145447E+0000     14608
   400   -0.39317254E+0001   -0.39349212E+0001    0.86739373E+0000     14847
     1   -0.39239295E+0001   -0.39244547E+0001    0.17402154E+0001     11987
    50   -0.39220358E+0001   -0.39281037E+0001    0.14097779E+0001     12481
   100   -0.39246187E+0001   -0.39299813E+0001    0.12378661E+0001     12703
   150   -0.39259428E+0001   -0.39315695E+0001    0.11397316E+0001     13061
   200   -0.39279486E+0001   -0.39329993E+0001    0.10458315E+0001     13313
   250   -0.39297888E+0001   -0.39340716E+0001    0.93129302E+0000     13955
   300   -0.39311668E+0001   -0.39345418E+0001    0.90173705E+0000     14462
   350   -0.39320840E+0001   -0.39355265E+0001    0.87328955E+0000     14925
   400   -0.39328658E+0001   -0.39357564E+0001    0.81868325E+0000     15188
     1   -0.39239248E+0001   -0.39245838E+0001    0.17402154E+0001     12004
    50   -0.39216874E+0001   -0.39268874E+0001    0.14926583E+0001     12120
   100   -0.39225262E+0001   -0.39286277E+0001    0.13896169E+0001     12836
   150   -0.39248814E+0001   -0.39293817E+0001    0.12682415E+0001     13534
   200   -0.39253605E+0001   -0.39305093E+0001    0.12470303E+0001     14347
   250   -0.39266281E+0001   -0.39311656E+0001    0.11881422E+0001     15155
   300   -0.39274984E+0001   -0.39322613E+0001    0.10894387E+0001     15656
   350   -0.39282548E+0001   -0.39328428E+0001    0.10240797E+0001     16366
   400   -0.39293053E+0001   -0.39333195E+0001    0.96078042E+0000     17061
     1   -0.39239198E+0001   -0.39245623E+0001    0.17402154E+0001     12000
    50   -0.39215749E+0001   -0.39273176E+0001    0.15219370E+0001     12307
   100   -0.39222636E+0001   -0.39282306E+0001    0.13625135E+0001     12674
   150   -0.39251886E+0001   -0.39298465E+0001    0.12790180E+0001     13037
   200   -0.39260248E+0001   -0.39307712E+0001    0.12103222E+0001     13412
   250   -0.39272921E+0001   -0.39314139E+0001    0.11405007E+0001     13817
   300   -0.39280963E+0001   -0.39327931E+0001    0.10760725E+0001     14295
   350   -0.39291722E+0001   -0.39338880E+0001    0.10019144E+0001     14894
   400   -0.39304488E+0001   -0.39352189E+0001    0.95173135E+0000     15618
     1   -0.39239189E+0001   -0.39244820E+0001    0.17402154E+0001     12001
    50   -0.39213267E+0001   -0.39267433E+0001    0.15429187E+0001     12347
   100   -0.39220215E+0001   -0.39274943E+0001    0.13966848E+0001     13077
   150   -0.39230120E+0001   -0.39287783E+0001    0.13231949E+0001     13878
   200   -0.39250654E+0001   -0.39302551E+0001    0.12427585E+0001     14512
   250   -0.39261057E+0001   -0.39315939E+0001    0.11727150E+0001     14932
   300   -0.39274546E+0001   -0.39324418E+0001    0.11400931E+0001     15485
   350   -0.39276200E+0001   -0.39322378E+0001    0.10665925E+0001     15899
   400   -0.39288854E+0001   -0.39334604E+0001    0.10570368E+0001     16235
     1   -0.39239150E+0001   -0.39245162E+0001    0.17402154E+0001     12005
    50   -0.39211289E+0001   -0.39266378E+0001    0.14975020E+0001     12278
   100   -0.39218838E+0001   -0.39276252E+0001    0.14462057E+0001     12919
   150   -0.39229637E+0001   -0.39282680E+0001    0.13684575E+0001     13433
   200   -0.39244744E+0001   -0.39301008E+0001    0.13629440E+0001     14080
   250   -0.39245182E+0001   -0.39304066E+0001    0.12223084E+0001     14659
   300   -0.39257919E+0001   -0.39310034E+0001    0.12209233E+0001     15336
   350   -0.39272331E+0001   -0.39318887E+0001    0.11057394E+0001     15849
   400   -0.39281438E+0001   -0.39330622E+0001    0.10238298E+0001     16602
     1   -0.39239133E+0001   -0.39245792E+0001    0.17402154E+0001     12009
    50   -0.39209643E+0001   -0.39260008E+0001    0.15617224E+0001     12234
   100   -0.39209832E+0001   -0.39267442E+0001    0.15287182E+0001     13024
   150   -0.39213456E+0001   -0.39269603E+0001    0.14997550E+0001     13463
   200   -0.39221750E+0001   -0.39278964E+0001    0.14282246E+0001     13790
   250   -0.39234434E+0001   -0.39276848E+0001    0.13420422E+0001     14636
   300   -0.39242830E+0001   -0.39283846E+0001    0.13036539E+0001     15384
   350   -0.39239827E+0001   -0.39295400E+0001    0.12587498E+0001     15807
   400   -0.39244368E+0001   -0.39294861E+0001    0.11776570E+0001     16277
     1   -0.39239044E+0001   -0.39244864E+0001    0.17402154E+0001     12007
    50   -0.39208027E+0001   -0.39270594E+0001    0.14922515E+0001     12441
   100   -0.39216443E+0001   -0.39278539E+0001    0.13649877E+0001     12989
   150   -0.39224560E+0001   -0.39282416E+0001    0.14276420E+0001     13742
   200   -0.39225784E+0001   -0.39285231E+0001    0.13895643E+0001     14362
   250   -0.39234741E+0001   -0.39293553E+0001    0.12797462E+0001     15099
   300   -0.39254226E+0001   -0.39294074E+0001    0.12259227E+0001     16086
   350   -0.39255792E+0001   -0.39300024E+0001    0.11790066E+0001     16590
   400   -0.39256688E+0001   -0.39309420E+0001    0.11510773E+0001     16857
     1   -0.39239036E+0001   -0.39245306E+0001    0.17402154E+0001     11992
    50   -0.39206055E+0001   -0.39258690E+0001    0.15507647E+0001     12053
   100   -0.39206273E+0001   -0.39271565E+0001    0.15204784E+0001     12896
   150   -0.39214077E+0001   -0.39278647E+0001    0.14723008E+0001     13474
   200   -0.39224843E+0001   -0.39282039E+0001    0.13584073E+0001     14265
   250   -0.39225743E+0001   -0.39276085E+0001    0.14190092E+0001     15031
   300   -0.39227362E+0001   -0.39288473E+0001    0.13847867E+0001     15586
   350   -0.39224722E+0001   -0.39278015E+0001    0.13863516E+0001     16449
   400   -0.39222494E+0001   -0.39276961E+0001    0.13729403E+0001     16645
   450   -0.39219320E+0001   -0.39271732E+0001    0.14283235E+0001     17371
   500   -0.39214048E+0001   -0.39265651E+0001    0.13499335E+0001     18089
   550   -0.39215811E+0001   -0.39271260E+0001    0.13238693E+0001     18845
   600   -0.39222587E+0001   -0.39271387E+0001    0.12848557E+0001     19474
   650   -0.39225068E+0001   -0.39273444E+0001    0.12299085E+0001     20240
   700   -0.39220772E+0001   -0.39274605E+0001    0.12502307E+0001     21058
   750   -0.39217987E+0001   -0.39280622E+0001    0.12703292E+0001     21570
   800   -0.39215406E+0001   -0.39268873E+0001    0.12697263E+0001     22432
   850   -0.39216350E+0001   -0.39277720E+0001    0.12305881E+0001     22717
   900   -0.39219512E+0001   -0.39273376E+0001    0.12087244E+0001     23708
   950   -0.39226912E+0001   -0.39278181E+0001    0.11894829E+0001     24454
  1000   -0.39223583E+0001   -0.39274256E+0001    0.11934769E+0001     25405
  1050   -0.39218823E+0001   -0.39275833E+0001    0.12318616E+0001     26059
  1100   -0.39215824E+0001   -0.39275607E+0001    0.12439163E+0001     26428
  1150   -0.39218180E+0001   -0.39272582E+0001    0.12475164E+0001     26768
  1200   -0.39219426E+0001   -0.39272956E+0001    0.12561352E+0001     27730
  1250   -0.39216393E+0001   -0.39265399E+0001    0.12147149E+0001     28826
  1300   -0.39213306E+0001   -0.39266989E+0001    0.12017169E+0001     29457
  1350   -0.39210286E+0001   -0.39270615E+0001    0.11852257E+0001     30274
  1400   -0.39216310E+0001   -0.39276620E+0001    0.12024681E+0001     31225
  1450   -0.39222832E+0001   -0.39282273E+0001    0.11457381E+0001     32219
  1500   -0.39230507E+0001   -0.39288925E+0001    0.11056700E+0001     33355
  1550   -0.39239609E+0001   -0.39287460E+0001    0.11040189E+0001     34375
     1   -0.39239024E+0001   -0.39245907E+0001    0.17402154E+0001     11999
    50   -0.39204506E+0001   -0.39266667E+0001    0.15612879E+0001     12200
   100   -0.39201214E+0001   -0.39259894E+0001    0.15381975E+0001     12812
   150   -0.39198060E+0001   -0.39265808E+0001    0.15107220E+0001     13572
   200   -0.39207886E+0001   -0.39273373E+0001    0.13934317E+0001     14218
   250   -0.39218043E+0001   -0.39279896E+0001    0.13625467E+0001     15050
   300   -0.39231614E+0001   -0.39286130E+0001    0.13309671E+0001     15908
   350   -0.39239819E+0001   -0.39288691E+0001    0.13180042E+0001     16614
   400   -0.39240504E+0001   -0.39297643E+0001    0.12931970E+0001     17095
     1   -0.39238964E+0001   -0.39244874E+0001    0.17402154E+0001     11995
    50   -0.39203206E+0001   -0.39255708E+0001    0.15949185E+0001     12254
   100   -0.39196385E+0001   -0.39253543E+0001    0.15336872E+0001     13038
   150   -0.39194949E+0001   -0.39259146E+0001    0.15123250E+0001     13636
   200   -0.39200745E+0001   -0.39264687E+0001    0.14419479E+0001     14637
   250   -0.39213602E+0001   -0.39273273E+0001    0.14163966E+0001     15310
   300   -0.39217280E+0001   -0.39286872E+0001    0.13671454E+0001     16019
   350   -0.39216540E+0001   -0.39281582E+0001    0.13443694E+0001     16503
   400   -0.39219246E+0001   -0.39280991E+0001    0.13787026E+0001     17296
   450   -0.39222839E+0001   -0.39288302E+0001    0.12961425E+0001     18141
   500   -0.39229277E+0001   -0.39292694E+0001    0.12571814E+0001     18961
     1   -0.39238998E+0001   -0.39244633E+0001    0.17402154E+0001     12004
    50   -0.39202182E+0001   -0.39256404E+0001    0.16194639E+0001     11963
   100   -0.39195095E+0001   -0.39257116E+0001    0.15383305E+0001     12579
   150   -0.39187264E+0001   -0.39254549E+0001    0.14539616E+0001     13190
   200   -0.39189822E+0001   -0.39246635E+0001    0.13848496E+0001     14063
   250   -0.39186331E+0001   -0.39242300E+0001    0.14486584E+0001     14677
   300   -0.39177247E+0001   -0.39232280E+0001    0.14334204E+0001     14976
   350   -0.39166829E+0001   -0.39227212E+0001    0.14893815E+0001     15128
   400   -0.39158054E+0001   -0.39219674E+0001    0.15171776E+0001     15426
   450   -0.39143435E+0001   -0.39211645E+0001    0.15731948E+0001     15797
   500   -0.39131086E+0001   -0.39193475E+0001    0.15743734E+0001     16239
   550   -0.39120423E+0001   -0.39181350E+0001    0.15846846E+0001     16647
   600   -0.39099184E+0001   -0.39170453E+0001    0.16168692E+0001     17314
   650   -0.39083824E+0001   -0.39152888E+0001    0.16610977E+0001     17669
   700   -0.39066826E+0001   -0.39144287E+0001    0.16983577E+0001     18384
   750   -0.39050846E+0001   -0.39142040E+0001    0.16529916E+0001     18764
   800   -0.39045387E+0001   -0.39132304E+0001    0.17053549E+0001     19340
   850   -0.39045958E+0001   -0.39123803E+0001    0.17332212E+0001     20167
   900   -0.39035420E+0001   -0.39115468E+0001    0.17733631E+0001     21078
   950   -0.39017162E+0001   -0.39108416E+0001    0.17701935E+0001     21969
  1000   -0.39007447E+0001   -0.39088132E+0001    0.17647608E+0001     22931
  1050   -0.38985330E+0001   -0.39076158E+0001    0.18298854E+0001     23616
  1100   -0.38964731E+0001   -0.39048452E+0001    0.18453503E+0001     24816
  1150   -0.38941091E+0001   -0.39027183E+0001    0.19177180E+0001     25228
  1200   -0.38915310E+0001   -0.39039657E+0001    0.18284797E+0001     25860
  1250   -0.38918181E+0001   -0.39009309E+0001    0.19011968E+0001     26696
  1300   -0.38900996E+0001   -0.38994381E+0001    0.19132867E+0001     27648
  1350   -0.38870914E+0001   -0.38957732E+0001    0.19847679E+0001     28345
  1400   -0.38829911E+0001   -0.38921288E+0001    0.20413489E+0001     29511
  1450   -0.38777425E+0001   -0.38899425E+0001    0.20655831E+0001     30385
  1500   -0.38725248E+0001   -0.38871389E+0001    0.20994638E+0001     31263
  1550   -0.38674036E+0001   -0.38845780E+0001    0.21443609E+0001     32335
  1600   -0.38628122E+0001   -0.38795458E+0001    0.21164217E+0001     33739
  1601   -0.38631682E+0001   -0.38631682E+0001    0.22393759E+0001     12000
  1650   -0.38703544E+0001   -0.38780691E+0001    0.20775430E+0001     12017
  1700   -0.38642892E+0001   -0.38747230E+0001    0.20891371E+0001     12025
  1750   -0.38594912E+0001   -0.38724138E+0001    0.21238923E+0001     12398
  1800   -0.38558984E+0001   -0.38682634E+0001    0.21244005E+0001     12558
  1850   -0.38523176E+0001   -0.38644507E+0001    0.21718114E+0001     12958
  1900   -0.38473770E+0001   -0.38593925E+0001    0.22022322E+0001     13037
  1950   -0.38420316E+0001   -0.38552645E+0001    0.21900664E+0001     13707
  2000   -0.38367264E+0001   -0.38501415E+0001    0.22135957E+0001     14133
  2050   -0.38300295E+0001   -0.38441329E+0001    0.22010868E+0001     14373
  2100   -0.38226821E+0001   -0.38344001E+0001    0.22262288E+0001     14610
  2150   -0.38157952E+0001   -0.38274276E+0001    0.22313035E+0001     14918
  2200   -0.38093742E+0001   -0.38228454E+0001    0.22451742E+0001     15202
  2250   -0.38022695E+0001   -0.38150501E+0001    0.22239661E+0001     15722
  2300   -0.37949285E+0001   -0.38108189E+0001    0.22203475E+0001     16183
  2350   -0.37872150E+0001   -0.38045381E+0001    0.22166402E+0001     16508
  2400   -0.37789827E+0001   -0.37983813E+0001    0.21883644E+0001     16447
  2450   -0.37704600E+0001   -0.37912252E+0001    0.21708932E+0001     17074
  2500   -0.37617298E+0001   -0.37829510E+0001    0.21521887E+0001     17769
  2550   -0.37528796E+0001   -0.37769405E+0001    0.21353580E+0001     18286
  2600   -0.37448127E+0001   -0.37633566E+0001    0.21038214E+0001     19066
  2650   -0.37370957E+0001   -0.37527310E+0001    0.20844451E+0001     19768
  2700   -0.37292969E+0001   -0.37443228E+0001    0.20879269E+0001     20033
  2750   -0.37215941E+0001   -0.37392004E+0001    0.20809459E+0001     20423
  2800   -0.37141055E+0001   -0.37337243E+0001    0.20466986E+0001     20699
  2850   -0.37068664E+0001   -0.37293483E+0001    0.20402310E+0001     21125
  2900   -0.36999351E+0001   -0.37215004E+0001    0.20200532E+0001     21803
  2950   -0.36925077E+0001   -0.37126265E+0001    0.19901511E+0001     22264
  3000   -0.36849219E+0001   -0.37048839E+0001    0.19420482E+0001     22888
  3050   -0.36778045E+0001   -0.37009245E+0001    0.19317637E+0001     23586
  3100   -0.36715841E+0001   -0.36929999E+0001    0.19115649E+0001     24133
  3150   -0.36662939E+0001   -0.36885753E+0001    0.18878620E+0001     24812
  3200   -0.36601191E+0001   -0.36830564E+0001    0.18696666E+0001     25063
  3201   -0.36603787E+0001   -0.36603787E+0001    0.18948015E+0001     12000
  3250   -0.36656009E+0001   -0.36718056E+0001    0.18669341E+0001     12044
  3300   -0.36602505E+0001   -0.36688944E+0001    0.18588787E+0001     12301
  3350   -0.36550705E+0001   -0.36653660E+0001    0.18449876E+0001     12679
  3400   -0.36500075E+0001   -0.36621052E+0001    0.18420214E+0001     13004
  3450   -0.36449951E+0001   -0.36578678E+0001    0.17716913E+0001     13084
  3500   -0.36406643E+0001   -0.36529501E+0001    0.17519842E+0001     13371
  3550   -0.36370765E+0001   -0.36482177E+0001    0.17461234E+0001     13866
  3600   -0.36333205E+0001   -0.36424609E+0001    0.17242242E+0001     14199
  3650   -0.36294751E+0001   -0.36410191E+0001    0.16838446E+0001     14653
  3700   -0.36253568E+0001   -0.36380549E+0001    0.16899662E+0001     14885
  3750   -0.36212988E+0001   -0.36309710E+0001    0.16943873E+0001     15211
  3800   -0.36173990E+0001   -0.36283049E+0001    0.16524092E+0001     15309
  3850   -0.36135120E+0001   -0.36242156E+0001    0.16604936E+0001     15639
  3900   -0.36098517E+0001   -0.36229580E+0001    0.16159374E+0001     16121
  3950   -0.36060295E+0001   -0.36192846E+0001    0.16132490E+0001     16648
  4000   -0.36025997E+0001   -0.36159868E+0001    0.15730772E+0001     16629
  4050   -0.35989366E+0001   -0.36138307E+0001    0.15629746E+0001     17005
  4100   -0.35946140E+0001   -0.36122797E+0001    0.15244392E+0001     17659
  4150   -0.35901731E+0001   -0.36082044E+0001    0.15069322E+0001     18066
  4200   -0.35859736E+0001   -0.36008510E+0001    0.14650791E+0001     18713
  4250   -0.35821145E+0001   -0.35965729E+0001    0.14567379E+0001     19008
  4300   -0.35781785E+0001   -0.35937871E+0001    0.14316328E+0001     19106
  4350   -0.35743917E+0001   -0.35898974E+0001    0.14073846E+0001     19571
  4400   -0.35714912E+0001   -0.35849356E+0001    0.13931117E+0001     20100
  4450   -0.35689057E+0001   -0.35831376E+0001    0.13672315E+0001     20632
  4500   -0.35663602E+0001   -0.35814417E+0001    0.13778626E+0001     21091
  4550   -0.35636889E+0001   -0.35770651E+0001    0.13580436E+0001     21341
  4600   -0.35609897E+0001   -0.35761395E+0001    0.13493127E+0001     22031
  4650   -0.35581868E+0001   -0.35725672E+0001    0.13142849E+0001     22247
  4700   -0.35553493E+0001   -0.35693862E+0001    0.13070759E+0001     22586
  4750   -0.35526554E+0001   -0.35674107E+0001    0.12841375E+0001     23440
  4800   -0.35501835E+0001   -0.35625339E+0001    0.12595046E+0001     23936
  4801   -0.35502979E+0001   -0.35502979E+0001    0.12767493E+0001     12000
  4850   -0.35527660E+0001   -0.35567990E+0001    0.12621789E+0001     11958
  4900   -0.35505137E+0001   -0.35560283E+0001    0.12584769E+0001     12039
  4950   -0.35482971E+0001   -0.35549136E+0001    0.12642620E+0001     12270
  5000   -0.35462362E+0001   -0.35536180E+0001    0.12452721E+0001     12311
  5050   -0.35443142E+0001   -0.35527187E+0001    0.12310537E+0001     12524
  5100   -0.35426942E+0001   -0.35514332E+0001    0.12169426E+0001     12573
  5150   -0.35412106E+0001   -0.35507528E+0001    0.12048199E+0001     12831
  5200   -0.35398809E+0001   -0.35487188E+0001    0.11867445E+0001     12978
  5250   -0.35385332E+0001   -0.35467343E+0001    0.11490754E+0001     13118
  5300   -0.35367971E+0001   -0.35453750E+0001    0.11400150E+0001     13428
  5350   -0.35349877E+0001   -0.35433496E+0001    0.11344152E+0001     13543
  5400   -0.35330102E+0001   -0.35433387E+0001    0.11439653E+0001     13869
  5450   -0.35307736E+0001   -0.35407870E+0001    0.10994911E+0001     14108
  5500   -0.35284332E+0001   -0.35392561E+0001    0.10784581E+0001     14505
  5550   -0.35263423E+0001   -0.35370852E+0001    0.10747332E+0001     14960
  5600   -0.35244533E+0001   -0.35345845E+0001    0.10566616E+0001     15319
  5650   -0.35226318E+0001   -0.35330674E+0001    0.10623507E+0001     15734
  5700   -0.35211995E+0001   -0.35320298E+0001    0.10361694E+0001     15962
  5750   -0.35196670E+0001   -0.35296585E+0001    0.10391181E+0001     16182
  5800   -0.35186089E+0001   -0.35260411E+0001    0.99952620E+0000     16508
  5850   -0.35179475E+0001   -0.35244572E+0001    0.10157088E+0001     16728
  5900   -0.35173687E+0001   -0.35240259E+0001    0.99409167E+0000     17038
  5950   -0.35163196E+0001   -0.35237223E+0001    0.98399422E+0000     17639
  6000   -0.35150762E+0001   -0.35224885E+0001    0.94873562E+0000     17935
  6050   -0.35138099E+0001   -0.35219757E+0001    0.97077631E+0000     18258
  6100   -0.35124280E+0001   -0.35214923E+0001    0.94838568E+0000     18751
  6150   -0.35112156E+0001   -0.35204225E+0001    0.92313359E+0000     19196
  6200   -0.35100358E+0001   -0.35207039E+0001    0.91321262E+0000     19801
  6250   -0.35086462E+0001   -0.35196447E+0001    0.90109964E+0000     20008
  6300   -0.35070806E+0001   -0.35181742E+0001    0.88428729E+0000     20784
  6350   -0.35054649E+0001   -0.35156342E+0001    0.84198900E+0000     21538
  6400   -0.35037910E+0001   -0.35149960E+0001    0.80389991E+0000     22068
  6401   -0.35038423E+0001   -0.35038423E+0001    0.83657409E+0000     12000
  6450   -0.35049250E+0001   -0.35082436E+0001    0.83947161E+0000     11984
  6500   -0.35039989E+0001   -0.35072517E+0001    0.83320896E+0000     12102
  6550   -0.35030853E+0001   -0.35072498E+0001    0.84975763E+0000     12200
  6600   -0.35021325E+0001   -0.35070483E+0001    0.82879805E+0000     12545
  6650   -0.35011405E+0001   -0.35065440E+0001    0.82128043E+0000     13065
  6700   -0.35001211E+0001   -0.35058816E+0001    0.82353146E+0000     13183
  6750   -0.34991680E+0001   -0.35052684E+0001    0.79319783E+0000     13480
  6800   -0.34981895E+0001   -0.35042618E+0001    0.78194300E+0000     13952
  6850   -0.34972753E+0001   -0.35028395E+0001    0.80347893E+0000     14212
  6900   -0.34963512E+0001   -0.35037440E+0001    0.78873267E+0000     14581
  6950   -0.34954159E+0001   -0.35029283E+0001    0.76435165E+0000     14743
  7000   -0.34945009E+0001   -0.35009951E+0001    0.78059478E+0000     15097
  7050   -0.34936034E+0001   -0.35009733E+0001    0.75096623E+0000     15540
  7100   -0.34928627E+0001   -0.34999726E+0001    0.73677548E+0000     15968
  7150   -0.34921386E+0001   -0.34984991E+0001    0.73536881E+0000     16537
  7200   -0.34914020E+0001   -0.34985143E+0001    0.72825598E+0000     16750
  7250   -0.34905713E+0001   -0.34982066E+0001    0.71796753E+0000     17222
  7300   -0.34896336E+0001   -0.34977311E+0001    0.72224310E+0000     17115
  7350   -0.34887580E+0001   -0.34969106E+0001    0.72213611E+0000     17552
  7400   -0.34878693E+0001   -0.34973128E+0001    0.70661784E+0000     17933
  7450   -0.34868233E+0001   -0.34961345E+0001    0.71945566E+0000     18102
  7500   -0.34860052E+0001   -0.34957240E+0001    0.66184861E+0000     18618
  7550   -0.34852824E+0001   -0.34929317E+0001    0.65808166E+0000     18792
  7600   -0.34844770E+0001   -0.34923758E+0001    0.66877727E+0000     19297
  7650   -0.34833484E+0001   -0.34915474E+0001    0.64881125E+0000     19701
  7700   -0.34820842E+0001   -0.34908740E+0001    0.63684574E+0000     20385
  7750   -0.34809093E+0001   -0.34901075E+0001    0.66845066E+0000     20729
  7800   -0.34800097E+0001   -0.34902897E+0001    0.63487365E+0000     21006
  7850   -0.34792048E+0001   -0.34900576E+0001    0.64560595E+0000     21361
  7900   -0.34785275E+0001   -0.34886084E+0001    0.65428808E+0000     21875
  7950   -0.34777968E+0001   -0.34864070E+0001    0.61232003E+0000     22242
  8000   -0.34770377E+0001   -0.34850796E+0001    0.62971288E+0000     22474
  8001   -0.34770617E+0001   -0.34770617E+0001    0.56158351E+0000     12000
  8050   -0.34775625E+0001   -0.34792531E+0001    0.58734732E+0000     11962
  8100   -0.34771768E+0001   -0.34795196E+0001    0.59191236E+0000     12141
  8150   -0.34767802E+0001   -0.34798372E+0001    0.60535505E+0000     11937
  8200   -0.34763705E+0001   -0.34792022E+0001    0.59855792E+0000     12190
  8250   -0.34759475E+0001   -0.34795815E+0001    0.59653532E+0000     12330
  8300   -0.34754932E+0001   -0.34792259E+0001    0.61653064E+0000     12767
  8350   -0.34750584E+0001   -0.34790589E+0001    0.58343985E+0000     13029
  8400   -0.34746081E+0001   -0.34793938E+0001    0.60977325E+0000     13185
  8450   -0.34740493E+0001   -0.34791601E+0001    0.60936775E+0000     13386
  8500   -0.34734575E+0001   -0.34786466E+0001    0.59538214E+0000     13649
  8550   -0.34729747E+0001   -0.34781078E+0001    0.56621070E+0000     13766
  8600   -0.34725571E+0001   -0.34775156E+0001    0.58520267E+0000     14093
  8650   -0.34721482E+0001   -0.34777535E+0001    0.57312629E+0000     14399
  8700   -0.34716801E+0001   -0.34773246E+0001    0.57529920E+0000     14704
  8750   -0.34712061E+0001   -0.34764607E+0001    0.56843928E+0000     15020
  8800   -0.34709130E+0001   -0.34754479E+0001    0.54168772E+0000     15270
  8850   -0.34706776E+0001   -0.34748688E+0001    0.56511077E+0000     15355
  8900   -0.34703226E+0001   -0.34754840E+0001    0.55252850E+0000     15638
  8950   -0.34698798E+0001   -0.34742498E+0001    0.53497604E+0000     16089
  9000   -0.34694445E+0001   -0.34749138E+0001    0.53189936E+0000     16465
  9050   -0.34690260E+0001   -0.34756887E+0001    0.56281891E+0000     16773
  9100   -0.34686502E+0001   -0.34754034E+0001    0.51342501E+0000     16977
  9150   -0.34683187E+0001   -0.34748252E+0001    0.54512068E+0000     17213
  9200   -0.34679943E+0001   -0.34728662E+0001    0.50323850E+0000     17488
  9250   -0.34676531E+0001   -0.34727657E+0001    0.52953727E+0000     17910
  9300   -0.34672297E+0001   -0.34727452E+0001    0.49568588E+0000     18347
  9350   -0.34667351E+0001   -0.34726978E+0001    0.52186199E+0000     18784
  9400   -0.34662001E+0001   -0.34716654E+0001    0.50787040E+0000     19195
  9450   -0.34656312E+0001   -0.34706704E+0001    0.51919714E+0000     19503
  9500   -0.34651448E+0001   -0.34705440E+0001    0.51748339E+0000     19780
  9550   -0.34647352E+0001   -0.34694670E+0001    0.51868892E+0000     20325
  9600   -0.34643595E+0001   -0.34687629E+0001    0.50668730E+0000     20504
  9601   -0.34643719E+0001   -0.34643719E+0001    0.42139607E+0000     12000
  9650   -0.34646612E+0001   -0.34662566E+0001    0.43207195E+0000     11988
  9700   -0.34644582E+0001   -0.34660790E+0001    0.45565922E+0000     12124
  9750   -0.34642495E+0001   -0.34663784E+0001    0.47835119E+0000     12295
  9800   -0.34640438E+0001   -0.34663363E+0001    0.44635294E+0000     12444
  9850   -0.34638377E+0001   -0.34659123E+0001    0.44739380E+0000     12667
  9900   -0.34635784E+0001   -0.34662771E+0001    0.45374838E+0000     12880
  9950   -0.34633094E+0001   -0.34662586E+0001    0.48009622E+0000     13056
 10000   -0.34631443E+0001   -0.34666044E+0001    0.46526266E+0000     13217
 10050   -0.34629312E+0001   -0.34666357E+0001    0.46206397E+0000     13625
 10100   -0.34626096E+0001   -0.34664033E+0001    0.46266476E+0000     14005
 10150   -0.34623089E+0001   -0.34661893E+0001    0.43869520E+0000     14247
 10200   -0.34620810E+0001   -0.34662697E+0001    0.44919138E+0000     14325
 10250   -0.34618460E+0001   -0.34656773E+0001    0.45287984E+0000     14433
 10300   -0.34616102E+0001   -0.34654854E+0001    0.46585231E+0000     14651
 10350   -0.34613862E+0001   -0.34652547E+0001    0.45435612E+0000     14795
 10400   -0.34611727E+0001   -0.34649286E+0001    0.44460935E+0000     15184
 10450   -0.34610037E+0001   -0.34646962E+0001    0.45398228E+0000     15632
 10500   -0.34608839E+0001   -0.34643222E+0001    0.44379244E+0000     15950
 10550   -0.34607048E+0001   -0.34645612E+0001    0.42687282E+0000     16081
 10600   -0.34605043E+0001   -0.34641182E+0001    0.44268873E+0000     16301
 10650   -0.34602918E+0001   -0.34648048E+0001    0.41430756E+0000     16536
 10700   -0.34600584E+0001   -0.34643050E+0001    0.38093484E+0000     16693
 10750   -0.34597978E+0001   -0.34643804E+0001    0.46214278E+0000     17179
 10800   -0.34595460E+0001   -0.34631976E+0001    0.40015799E+0000     17478
 10850   -0.34592970E+0001   -0.34637020E+0001    0.44887742E+0000     17622
 10900   -0.34590520E+0001   -0.34638287E+0001    0.38756504E+0000     17975
 10950   -0.34588653E+0001   -0.34626035E+0001    0.43173552E+0000     17957
 11000   -0.34587061E+0001   -0.34628746E+0001    0.44674877E+0000     18009
 11050   -0.34585218E+0001   -0.34615104E+0001    0.43559724E+0000     18148
 11100   -0.34583554E+0001   -0.34613607E+0001    0.40557636E+0000     18509
 11150   -0.34582094E+0001   -0.34614755E+0001    0.41244628E+0000     18853
 11200   -0.34580810E+0001   -0.34613078E+0001    0.40690031E+0000     19262
 11201   -0.34580880E+0001   -0.34580880E+0001    0.32009673E+0000     12000
 11250   -0.34582599E+0001   -0.34590677E+0001    0.34010218E+0000     12079
 11300   -0.34581560E+0001   -0.34595257E+0001    0.36006672E+0000     12115
 11350   -0.34580365E+0001   -0.34595557E+0001    0.39052157E+0000     12115
 11400   -0.34579310E+0001   -0.34593653E+0001    0.37671493E+0000     12316
 11450   -0.34578037E+0001   -0.34596153E+0001    0.38482943E+0000     12783
 11500   -0.34576688E+0001   -0.34594604E+0001    0.41703388E+0000     12971
 11550   -0.34575326E+0001   -0.34592433E+0001    0.37888067E+0000     13376
 11600   -0.34573974E+0001   -0.34593406E+0001    0.39669955E+0000     13803
 11650   -0.34572879E+0001   -0.34590133E+0001    0.42516770E+0000     14118
 11700   -0.34571852E+0001   -0.34592110E+0001    0.38936552E+0000     14461
 11750   -0.34570671E+0001   -0.34591619E+0001    0.41106927E+0000     14779
 11800   -0.34568935E+0001   -0.34590505E+0001    0.39946696E+0000     15078
 11850   -0.34566985E+0001   -0.34593497E+0001    0.40497106E+0000     15153
 11900   -0.34565304E+0001   -0.34591457E+0001    0.41412986E+0000     15312
 11950   -0.34563868E+0001   -0.34592663E+0001    0.37001301E+0000     15528
 12000   -0.34562293E+0001   -0.34592679E+0001    0.39949441E+0000     15908
 12050   -0.34560241E+0001   -0.34591850E+0001    0.36063263E+0000     16139
 12100   -0.34558122E+0001   -0.34590466E+0001    0.38192687E+0000     16449
 12150   -0.34556582E+0001   -0.34586299E+0001    0.35595442E+0000     16695
 12200   -0.34555250E+0001   -0.34586851E+0001    0.37470257E+0000     16697
 12250   -0.34553489E+0001   -0.34588611E+0001    0.38830319E+0000     17096
 12300   -0.34551416E+0001   -0.34582159E+0001    0.40140661E+0000     17008
 12350   -0.34549935E+0001   -0.34579264E+0001    0.39478990E+0000     17300
 12400   -0.34548782E+0001   -0.34578179E+0001    0.38784120E+0000     17599
 12450   -0.34547740E+0001   -0.34583322E+0001    0.36953209E+0000     17889
 12500   -0.34546863E+0001   -0.34580641E+0001    0.37209962E+0000     17935
 12550   -0.34545718E+0001   -0.34576768E+0001    0.38161228E+0000     18147
 12600   -0.34544759E+0001   -0.34579767E+0001    0.35497436E+0000     18563
 12650   -0.34543852E+0001   -0.34579558E+0001    0.33037255E+0000     18936
 12700   -0.34542701E+0001   -0.34578747E+0001    0.38417887E+0000     19174
 12750   -0.34541333E+0001   -0.34577629E+0001    0.34811934E+0000     19602
 12800   -0.34540073E+0001   -0.34572165E+0001    0.34941274E+0000     19985
 12801   -0.34540114E+0001   -0.34540114E+0001    0.24249944E+0000     12000
 12850   -0.34541108E+0001   -0.34546575E+0001    0.27301697E+0000     12080
 12900   -0.34540541E+0001   -0.34548629E+0001    0.30987319E+0000     12166
 12950   -0.34539959E+0001   -0.34552290E+0001    0.30194309E+0000     12194
 13000   -0.34539383E+0001   -0.34554370E+0001    0.34871718E+0000     12090
 13050   -0.34538772E+0001   -0.34554198E+0001    0.35087097E+0000     12297
 13100   -0.34538143E+0001   -0.34554032E+0001    0.31029652E+0000     12262
 13150   -0.34537325E+0001   -0.34555817E+0001    0.35759729E+0000     12293
 13200   -0.34536046E+0001   -0.34554716E+0001    0.32966920E+0000     12259
 13250   -0.34535104E+0001   -0.34552211E+0001    0.29848756E+0000     12139
 13300   -0.34534226E+0001   -0.34552115E+0001    0.31283470E+0000     12540
 13350   -0.34533751E+0001   -0.34550994E+0001    0.35857322E+0000     12681
 13400   -0.34533476E+0001   -0.34550055E+0001    0.37926459E+0000     12697
 13450   -0.34532780E+0001   -0.34550177E+0001    0.31734392E+0000     12910
 13500   -0.34531881E+0001   -0.34549846E+0001    0.34618971E+0000     13196
 13550   -0.34530835E+0001   -0.34551021E+0001    0.30967129E+0000     13225
 13600   -0.34530049E+0001   -0.34550017E+0001    0.36691462E+0000     13397
 13650   -0.34529263E+0001   -0.34548970E+0001    0.36832008E+0000     13651
 13700   -0.34528458E+0001   -0.34547732E+0001    0.28628562E+0000     13725
 13750   -0.34527713E+0001   -0.34548534E+0001    0.31033688E+0000     14056
 13800   -0.34527050E+0001   -0.34550094E+0001    0.34272202E+0000     14343
 13850   -0.34526277E+0001   -0.34550931E+0001    0.34786875E+0000     14354
 13900   -0.34525063E+0001   -0.34553459E+0001    0.31048394E+0000     14613
 13950   -0.34524121E+0001   -0.34548837E+0001    0.35016974E+0000     14701
 14000   -0.34523530E+0001   -0.34545336E+0001    0.34989550E+0000     14623
 14050   -0.34522946E+0001   -0.34548241E+0001    0.30979586E+0000     15030
 14100   -0.34522278E+0001   -0.34545923E+0001    0.33720175E+0000     15280
 14150   -0.34521681E+0001   -0.34544485E+0001    0.33653137E+0000     15576
 14200   -0.34520915E+0001   -0.34542109E+0001    0.34323749E+0000     15965
 14250   -0.34520363E+0001   -0.34548295E+0001    0.33409689E+0000     15988
 14300   -0.34519657E+0001   -0.34545384E+0001    0.32949874E+0000     16012
 14350   -0.34518892E+0001   -0.34540790E+0001    0.35704623E+0000     16002
 14400   -0.34518205E+0001   -0.34539422E+0001    0.29994115E+0000     16078
 14450   -0.34517564E+0001   -0.34539330E+0001    0.30619236E+0000     16384
 14500   -0.34516688E+0001   -0.34539774E+0001    0.27300704E+0000     16664
 14550   -0.34515970E+0001   -0.34539694E+0001    0.34417635E+0000     16652
 14600   -0.34515327E+0001   -0.34541517E+0001    0.31084718E+0000     17009
 14650   -0.34515000E+0001   -0.34538884E+0001    0.30685379E+0000     17308
 14700   -0.34514690E+0001   -0.34541040E+0001    0.34198792E+0000     17474
 14750   -0.34514045E+0001   -0.34541111E+0001    0.29747474E+0000     17815
 14800   -0.34513469E+0001   -0.34540418E+0001    0.30269125E+0000     17902
 14850   -0.34512965E+0001   -0.34531141E+0001    0.32185225E+0000     18303
 14900   -0.34512702E+0001   -0.34531776E+0001    0.27952167E+0000     18497
 14950   -0.34512357E+0001   -0.34530985E+0001    0.30917555E+0000     18869
 15000   -0.34511787E+0001   -0.34530395E+0001    0.31341724E+0000     19291
 15050   -0.34511237E+0001   -0.34531758E+0001    0.30912688E+0000     19579
 15100   -0.34510968E+0001   -0.34532820E+0001    0.32866021E+0000     19941
 15150   -0.34510606E+0001   -0.34530648E+0001    0.30612146E+0000     20201
 15200   -0.34509954E+0001   -0.34535430E+0001    0.29565055E+0000     20377
 15250   -0.34509631E+0001   -0.34536781E+0001    0.27591742E+0000     20825
 15300   -0.34509056E+0001   -0.34534006E+0001    0.28441054E+0000     21074
 15350   -0.34508191E+0001   -0.34534790E+0001    0.30859830E+0000     21017
 15400   -0.34507629E+0001   -0.34534466E+0001    0.29713010E+0000     21439
 15450   -0.34507216E+0001   -0.34531326E+0001    0.28825928E+0000     21817
 15500   -0.34506678E+0001   -0.34532443E+0001    0.25712550E+0000     21888
 15550   -0.34506230E+0001   -0.34529576E+0001    0.29936689E+0000     22027
 15600   -0.34505738E+0001   -0.34531717E+0001    0.28923792E+0000     22333
 15650   -0.34505330E+0001   -0.34534572E+0001    0.25914322E+0000     22675
 15700   -0.34504652E+0001   -0.34533784E+0001    0.26544158E+0000     22737
 15750   -0.34503831E+0001   -0.34532423E+0001    0.27956307E+0000     23016
 15800   -0.34503077E+0001   -0.34528924E+0001    0.29930820E+0000     23439
 15850   -0.34502197E+0001   -0.34527444E+0001    0.24072475E+0000     24067
 15900   -0.34501728E+0001   -0.34527693E+0001    0.24030934E+0000     24420
 15950   -0.34501613E+0001   -0.34527591E+0001    0.27250806E+0000     24791
 16000   -0.34501369E+0001   -0.34527125E+0001    0.25684324E+0000     25456
 16001   -0.34501117E+0001   -0.34501117E+0001    0.12747495E+0000         1
 16050   -0.34491548E+0001   -0.34491548E+0001    0.53361607E+0000         1
 16100   -0.34492078E+0001   -0.34492078E+0001    0.51873574E+0000         1
 16150   -0.34495176E+0001   -0.34495176E+0001    0.41612752E+0000         1
 16200   -0.34498386E+0001   -0.34498386E+0001    0.34565100E+0000         1
 16250   -0.34497864E+0001   -0.34497864E+0001    0.42645133E+0000         1
 16300   -0.34497056E+0001   -0.34497056E+0001    0.37798249E+0000         1
 16350   -0.34491344E+0001   -0.34491344E+0001    0.49626363E+0000         1
 16400   -0.34482203E+0001   -0.34482203E+0001    0.71375649E+0000         1
 16450   -0.34491422E+0001   -0.34491422E+0001    0.60160363E+0000         1
 16500   -0.34492169E+0001   -0.34492169E+0001    0.62086918E+0000         1
 16550   -0.34497548E+0001   -0.34497548E+0001    0.53711392E+0000         1
 16600   -0.34499296E+0001   -0.34499296E+0001    0.41716598E+0000         1
 16650   -0.34487535E+0001   -0.34487535E+0001    0.73367823E+0000         1
 16700   -0.34491666E+0001   -0.34491666E+0001    0.63814431E+0000         1
 16750   -0.34497511E+0001   -0.34497511E+0001    0.42545559E+0000         1
 16800   -0.34497476E+0001   -0.34497476E+0001    0.40063779E+0000         1
 16850   -0.34496014E+0001   -0.34496014E+0001    0.44057256E+0000         1
 16900   -0.34495349E+0001   -0.34495349E+0001    0.48535116E+0000         1
 16950   -0.34498010E+0001   -0.34498010E+0001    0.43863585E+0000         1
 17000   -0.34494316E+0001   -0.34494316E+0001    0.67464563E+0000         1
 17050   -0.34494589E+0001   -0.34494589E+0001    0.60915909E+0000         1
 17100   -0.34497969E+0001   -0.34497969E+0001    0.55791598E+0000         1
 17150   -0.34503710E+0001   -0.34503710E+0001    0.39881227E+0000         1
 17200   -0.34502271E+0001   -0.34502271E+0001    0.53247839E+0000         1
 17250   -0.34501973E+0001   -0.34501973E+0001    0.55285477E+0000         1
 17300   -0.34500040E+0001   -0.34500040E+0001    0.79103479E+0000         1
 17350   -0.34494728E+0001   -0.34494728E+0001    0.88120047E+0000         1
 17400   -0.34506245E+0001   -0.34506245E+0001    0.65076125E+0000         1
 17450   -0.34505560E+0001   -0.34505560E+0001    0.70178017E+0000         1
 17500   -0.34507648E+0001   -0.34507648E+0001    0.47658266E+0000         1
 17550   -0.34513891E+0001   -0.34513891E+0001    0.47757177E+0000         1
 17600   -0.34517272E+0001   -0.34517272E+0001    0.37751345E+0000         1
 17650   -0.34518968E+0001   -0.34518968E+0001    0.51128079E+0000         1
 17700   -0.34513976E+0001   -0.34513976E+0001    0.48998170E+0000         1
 17750   -0.34519473E+0001   -0.34519473E+0001    0.41159485E+0000         1
 17800   -0.34520576E+0001   -0.34520576E+0001    0.58051518E+0000         1
 17850   -0.34514704E+0001   -0.34514704E+0001    0.65207850E+0000         1
 17900   -0.34519098E+0001   -0.34519098E+0001    0.68349852E+0000         1
 17950   -0.34520455E+0001   -0.34520455E+0001    0.65621039E+0000         1
 18000   -0.34520321E+0001   -0.34520321E+0001    0.74151752E+0000         1
 18050   -0.34527001E+0001   -0.34527001E+0001    0.62128118E+0000         1
 18100   -0.34531920E+0001   -0.34531920E+0001    0.67471967E+0000         1
 18150   -0.34538620E+0001   -0.34538620E+0001    0.60831951E+0000         1
 18200   -0.34540681E+0001   -0.34540681E+0001    0.66769303E+0000         1
 18250   -0.34543962E+0001   -0.34543962E+0001    0.74727773E+0000         1
 18300   -0.34555099E+0001   -0.34555099E+0001    0.61775968E+0000         1
 18350   -0.34561688E+0001   -0.34561688E+0001    0.52987050E+0000         1
 18400   -0.34571936E+0001   -0.34571936E+0001    0.56262627E+0000         1
 18450   -0.34573461E+0001   -0.34573461E+0001    0.49797064E+0000         1
 18500   -0.34579963E+0001   -0.34579963E+0001    0.53007528E+0000         1
 18550   -0.34579518E+0001   -0.34579518E+0001    0.58414493E+0000         1
 18600   -0.34587280E+0001   -0.34587280E+0001    0.66792101E+0000         1
 18650   -0.34592023E+0001   -0.34592023E+0001    0.59735813E+0000         1
 18700   -0.34588196E+0001   -0.34588196E+0001    0.74083592E+0000         1
 18750   -0.34590372E+0001   -0.34590372E+0001    0.71682631E+0000         1
 18800   -0.34592528E+0001   -0.34592528E+0001    0.83434339E+0000         1
 18850   -0.34598386E+0001   -0.34598386E+0001    0.80070657E+0000         1
 18900   -0.34614607E+0001   -0.34614607E+0001    0.60755693E+0000         1
 18950   -0.34610781E+0001   -0.34610781E+0001    0.77172012E+0000         1
 19000   -0.34627981E+0001   -0.34627981E+0001    0.74817496E+0000         1
 19050   -0.34635492E+0001   -0.34635492E+0001    0.71923361E+0000         1
 19100   -0.34638349E+0001   -0.34638349E+0001    0.67875612E+0000         1
 19150   -0.34652506E+0001   -0.34652506E+0001    0.58575568E+0000         1
 19200   -0.34656758E+0001   -0.34656758E+0001    0.61531265E+0000         1
 19250   -0.34669365E+0001   -0.34669365E+0001    0.78955238E+0000         1
 19300   -0.34681676E+0001   -0.34681676E+0001    0.82323435E+0000         1
 19350   -0.34695774E+0001   -0.34695774E+0001    0.64627569E+0000         1
 19400   -0.34718301E+0001   -0.34718301E+0001    0.80184797E+0000         1
 19450   -0.34726442E+0001   -0.34726442E+0001    0.88972902E+0000         1
 19500   -0.34741952E+0001   -0.34741952E+0001    0.93713855E+0000         1
 19550   -0.34760854E+0001   -0.34760854E+0001    0.73282030E+0000         1
 19600   -0.34787161E+0001   -0.34787161E+0001    0.74331106E+0000         1
 19650   -0.34798055E+0001   -0.34798055E+0001    0.84378257E+0000         1
 19700   -0.34813878E+0001   -0.34813878E+0001    0.80175875E+0000         1
 19750   -0.34835293E+0001   -0.34835293E+0001    0.80889645E+0000         1
 19800   -0.34853492E+0001   -0.34853492E+0001    0.94001195E+0000         1
 19850   -0.34872363E+0001   -0.34872363E+0001    0.98948014E+0000         1
 19900   -0.34911432E+0001   -0.34911432E+0001    0.89432961E+0000         1
 19950   -0.34932007E+0001   -0.34932007E+0001    0.91730164E+0000         1
 20000   -0.34973853E+0001   -0.34973853E+0001    0.10183588E+0001         1
 20050   -0.35000205E+0001   -0.35000205E+0001    0.97819830E+0000         1
 20100   -0.35037049E+0001   -0.35037049E+0001    0.10305715E+0001         1
 20150   -0.35057492E+0001   -0.35057492E+0001    0.11395301E+0001         1
 20200   -0.35096202E+0001   -0.35096202E+0001    0.10621919E+0001         1
 20250   -0.35115292E+0001   -0.35115292E+0001    0.11043170E+0001         1
 20300   -0.35149276E+0001   -0.35149276E+0001    0.11050851E+0001         1
 20350   -0.35195111E+0001   -0.35195111E+0001    0.11898249E+0001         1
 20400   -0.35220370E+0001   -0.35220370E+0001    0.11976949E+0001         1
 20450   -0.35262461E+0001   -0.35262461E+0001    0.11681886E+0001         1
 20500   -0.35316247E+0001   -0.35316247E+0001    0.12066384E+0001         1
 20550   -0.35359285E+0001   -0.35359285E+0001    0.12264826E+0001         1
 20600   -0.35394798E+0001   -0.35394798E+0001    0.11927062E+0001         1
 20650   -0.35433552E+0001   -0.35433552E+0001    0.11488141E+0001         1
 20700   -0.35476041E+0001   -0.35476041E+0001    0.11837825E+0001         1
 20750   -0.35529023E+0001   -0.35529023E+0001    0.12155691E+0001         1
 20800   -0.35560577E+0001   -0.35560577E+0001    0.11794115E+0001         1
 20850   -0.35597415E+0001   -0.35597415E+0001    0.11202411E+0001         1
 20900   -0.35641436E+0001   -0.35641436E+0001    0.10843695E+0001         1
 20950   -0.35662889E+0001   -0.35662889E+0001    0.10997478E+0001         1
 21000   -0.35683950E+0001   -0.35683950E+0001    0.10864387E+0001         1
 21050   -0.35704974E+0001   -0.35704974E+0001    0.10534181E+0001         1
 21100   -0.35737759E+0001   -0.35737759E+0001    0.95560189E+0000         1
 21150   -0.35742748E+0001   -0.35742748E+0001    0.10103533E+0001         1
 21200   -0.35759260E+0001   -0.35759260E+0001    0.10172664E+0001         1
 21250   -0.35777405E+0001   -0.35777405E+0001    0.10430642E+0001         1
 21300   -0.35811325E+0001   -0.35811325E+0001    0.92110009E+0000         1
 21350   -0.35823560E+0001   -0.35823560E+0001    0.83370456E+0000         1
 21400   -0.35839973E+0001   -0.35839973E+0001    0.77218176E+0000         1
 21450   -0.35857401E+0001   -0.35857401E+0001    0.80367765E+0000         1
 21500   -0.35862028E+0001   -0.35862028E+0001    0.75348583E+0000         1
 21550   -0.35874335E+0001   -0.35874335E+0001    0.85276097E+0000         1
 21600   -0.35897168E+0001   -0.35897168E+0001    0.60827281E+0000         1
 21650   -0.35916055E+0001   -0.35916055E+0001    0.54117282E+0000         1
 21700   -0.35918144E+0001   -0.35918144E+0001    0.76470125E+0000         1
 21750   -0.35925912E+0001   -0.35925912E+0001    0.70095423E+0000         1
 21800   -0.35931795E+0001   -0.35931795E+0001    0.74057561E+0000         1
 21850   -0.35939515E+0001   -0.35939515E+0001    0.75843225E+0000         1
 21900   -0.35949726E+0001   -0.35949726E+0001    0.55178013E+0000         1
 21950   -0.35955030E+0001   -0.35955030E+0001    0.51891669E+0000         1
 22000   -0.35963092E+0001   -0.35963092E+0001    0.50095364E+0000         1
 22050   -0.35968943E+0001   -0.35968943E+0001    0.55367098E+0000         1
 22100   -0.35969468E+0001   -0.35969468E+0001    0.55062589E+0000         1
 22150   -0.35966901E+0001   -0.35966901E+0001    0.66182813E+0000         1
 22200   -0.35971185E+0001   -0.35971185E+0001    0.68637134E+0000         1
 22250   -0.35971836E+0001   -0.35971836E+0001    0.77881051E+0000         1
 22300   -0.35993809E+0001   -0.35993809E+0001    0.59154732E+0000         1
 22350   -0.36003675E+0001   -0.36003675E+0001    0.52867030E+0000         1
 22400   -0.36004277E+0001   -0.36004277E+0001    0.53022183E+0000         1
 22450   -0.36000710E+0001   -0.36000710E+0001    0.50250837E+0000         1
 22500   -0.36007187E+0001   -0.36007187E+0001    0.58446576E+0000         1
 22550   -0.36020493E+0001   -0.36020493E+0001    0.55326109E+0000         1
 22600   -0.36022360E+0001   -0.36022360E+0001    0.67617542E+0000         1
 22650   -0.36024094E+0001   -0.36024094E+0001    0.68799268E+0000         1
 22700   -0.36032782E+0001   -0.36032782E+0001    0.75190735E+0000         1
 22750   -0.36036341E+0001   -0.36036341E+0001    0.81871139E+0000         1
 22800   -0.36051254E+0001   -0.36051254E+0001    0.80178560E+0000         1
 22850   -0.36075351E+0001   -0.36075351E+0001    0.64846612E+0000         1
 22900   -0.36092625E+0001   -0.36092625E+0001    0.68280263E+0000         1
 22950   -0.36101217E+0001   -0.36101217E+0001    0.65571237E+0000         1
 23000   -0.36094208E+0001   -0.36094208E+0001    0.77732820E+0000         1
 23050   -0.36110113E+0001   -0.36110113E+0001    0.65931850E+0000         1
 23100   -0.36114588E+0001   -0.36114588E+0001    0.79796962E+0000         1
 23150   -0.36126101E+0001   -0.36126101E+0001    0.80960228E+0000         1
 23200   -0.36146052E+0001   -0.36146052E+0001    0.77296293E+0000         1
 23250   -0.36176817E+0001   -0.36176817E+0001    0.77723533E+0000         1
 23300   -0.36201264E+0001   -0.36201264E+0001    0.77372345E+0000         1
 23350   -0.36215010E+0001   -0.36215010E+0001    0.93839340E+0000         1
 23400   -0.36229404E+0001   -0.36229404E+0001    0.92808070E+0000         1
 23450   -0.36251486E+0001   -0.36251486E+0001    0.87585123E+0000         1
 23500   -0.36267771E+0001   -0.36267771E+0001    0.93914041E+0000         1
 23550   -0.36292309E+0001   -0.36292309E+0001    0.98126987E+0000         1
 23600   -0.36307467E+0001   -0.36307467E+0001    0.10819410E+0001         1
 23650   -0.36352112E+0001   -0.36352112E+0001    0.94686807E+0000         1
 23700   -0.36384728E+0001   -0.36384728E+0001    0.98665765E+0000         1
 23750   -0.36389866E+0001   -0.36389866E+0001    0.10190767E+0001         1
 23800   -0.36423872E+0001   -0.36423872E+0001    0.10312035E+0001         1
 23850   -0.36450372E+0001   -0.36450372E+0001    0.99813380E+0000         1
 23900   -0.36484263E+0001   -0.36484263E+0001    0.10170768E+0001         1
 23950   -0.36523517E+0001   -0.36523517E+0001    0.10791422E+0001         1
 24000   -0.36554302E+0001   -0.36554302E+0001    0.10726222E+0001         1
 24050   -0.36587395E+0001   -0.36587395E+0001    0.11574603E+0001         1
 24100   -0.36600215E+0001   -0.36600215E+0001    0.12713941E+0001         1
 24150   -0.36658349E+0001   -0.36658349E+0001    0.12002859E+0001         1
 24200   -0.36729559E+0001   -0.36729559E+0001    0.12564726E+0001         1
 24250   -0.36785854E+0001   -0.36785854E+0001    0.13016769E+0001         1
 24300   -0.36837599E+0001   -0.36837599E+0001    0.13221063E+0001         1
 24350   -0.36883030E+0001   -0.36883030E+0001    0.13534536E+0001         1
 24400   -0.36959954E+0001   -0.36959954E+0001    0.14312590E+0001         1
 24450   -0.37070173E+0001   -0.37070173E+0001    0.14771835E+0001         1
 24500   -0.37130942E+0001   -0.37130942E+0001    0.15929908E+0001         1
 24550   -0.37207303E+0001   -0.37207303E+0001    0.16142395E+0001         1
 24600   -0.37275426E+0001   -0.37275426E+0001    0.15805849E+0001         1
 24650   -0.37359266E+0001   -0.37359266E+0001    0.15846243E+0001         1
 24700   -0.37436012E+0001   -0.37436012E+0001    0.17120598E+0001         1
 24750   -0.37536915E+0001   -0.37536915E+0001    0.16907416E+0001         1
 24800   -0.37601789E+0001   -0.37601789E+0001    0.16818779E+0001         1
 24850   -0.37697616E+0001   -0.37697616E+0001    0.17130352E+0001         1
 24900   -0.37798917E+0001   -0.37798917E+0001    0.17103281E+0001         1
 24950   -0.37874746E+0001   -0.37874746E+0001    0.16783600E+0001         1
 25000   -0.37955212E+0001   -0.37955212E+0001    0.17010019E+0001         1
 25050   -0.38072430E+0001   -0.38072430E+0001    0.17130438E+0001         1
 25100   -0.38159521E+0001   -0.38159521E+0001    0.17433378E+0001         1
 25150   -0.38276366E+0001   -0.38276366E+0001    0.17750006E+0001         1
 25200   -0.38381053E+0001   -0.38381053E+0001    0.17231681E+0001         1
 25250   -0.38485363E+0001   -0.38485363E+0001    0.16863114E+0001         1
 25300   -0.38566863E+0001   -0.38566863E+0001    0.17168183E+0001         1
 25350   -0.38657674E+0001   -0.38657674E+0001    0.16843333E+0001         1
 25400   -0.38715985E+0001   -0.38715985E+0001    0.16810344E+0001         1
 25450   -0.38799710E+0001   -0.38799710E+0001    0.17101139E+0001         1
 25500   -0.38884761E+0001   -0.38884761E+0001    0.16430837E+0001         1
 25550   -0.38979657E+0001   -0.38979657E+0001    0.15412436E+0001         1
 25600   -0.39045272E+0001   -0.39045272E+0001    0.14965348E+0001         1
 25650   -0.39131848E+0001   -0.39131848E+0001    0.13545505E+0001         1
 25700   -0.39174446E+0001   -0.39174446E+0001    0.13051753E+0001         1
 25750   -0.39194716E+0001   -0.39194716E+0001    0.13360361E+0001         1
 25800   -0.39240049E+0001   -0.39240049E+0001    0.12032412E+0001         1
 25850   -0.39270091E+0001   -0.39270091E+0001    0.10801998E+0001         1
 25900   -0.39304146E+0001   -0.39304146E+0001    0.94119153E+0000         1
 25950   -0.39323437E+0001   -0.39323437E+0001    0.91450142E+0000         1
 26000   -0.39338165E+0001   -0.39338165E+0001    0.79770344E+0000         1
 26050   -0.39348269E+0001   -0.39348269E+0001    0.79251283E+0000         1
 26100   -0.39359938E+0001   -0.39359938E+0001    0.72638506E+0000         1
 26150   -0.39364276E+0001   -0.39364276E+0001    0.68227914E+0000         1
 26200   -0.39366240E+0001   -0.39366240E+0001    0.64862756E+0000         1
 26250   -0.39362942E+0001   -0.39362942E+0001    0.79842789E+0000         1
 26300   -0.39371485E+0001   -0.39371485E+0001    0.70367331E+0000         1
 26350   -0.39377942E+0001   -0.39377942E+0001    0.70932863E+0000         1
 26400   -0.39383771E+0001   -0.39383771E+0001    0.47937907E+0000         1
 26450   -0.39379574E+0001   -0.39379574E+0001    0.56982913E+0000         1
 26500   -0.39379955E+0001   -0.39379955E+0001    0.58146111E+0000         1
 26550   -0.39382441E+0001   -0.39382441E+0001    0.59472336E+0000         1
 26600   -0.39383610E+0001   -0.39383610E+0001    0.53086979E+0000         1
 26650   -0.39372903E+0001   -0.39372903E+0001    0.68812430E+0000         1
 26700   -0.39378940E+0001   -0.39378940E+0001    0.61930561E+0000         1
 26750   -0.39379762E+0001   -0.39379762E+0001    0.62288267E+0000         1
 26800   -0.39379614E+0001   -0.39379614E+0001    0.66062234E+0000         1
 26850   -0.39387966E+0001   -0.39387966E+0001    0.49725591E+0000         1
 26900   -0.39388639E+0001   -0.39388639E+0001    0.46913430E+0000         1
 26950   -0.39389797E+0001   -0.39389797E+0001    0.45312821E+0000         1
 27000   -0.39377612E+0001   -0.39377612E+0001    0.73805126E+0000         1
 27050   -0.39380464E+0001   -0.39380464E+0001    0.63262964E+0000         1
 27100   -0.39385282E+0001   -0.39385282E+0001    0.49073767E+0000         1
 27150   -0.39382446E+0001   -0.39382446E+0001    0.54064892E+0000         1
 27200   -0.39388430E+0001   -0.39388430E+0001    0.52018656E+0000         1
 27250   -0.39395590E+0001   -0.39395590E+0001    0.31034165E+0000         1
 27300   -0.39390173E+0001   -0.39390173E+0001    0.46723718E+0000         1
 27350   -0.39383902E+0001   -0.39383902E+0001    0.72737367E+0000         1
 27400   -0.39388149E+0001   -0.39388149E+0001    0.60936179E+0000         1
 27450   -0.39385361E+0001   -0.39385361E+0001    0.65104426E+0000         1
 27500   -0.39392739E+0001   -0.39392739E+0001    0.43940363E+0000         1
 27550   -0.39391793E+0001   -0.39391793E+0001    0.45966794E+0000         1
 27600   -0.39395611E+0001   -0.39395611E+0001    0.37735687E+0000         1
 27650   -0.39395175E+0001   -0.39395175E+0001    0.35307967E+0000         1
 27700   -0.39392517E+0001   -0.39392517E+0001    0.50898035E+0000         1
 27750   -0.39396194E+0001   -0.39396194E+0001    0.36237974E+0000         1
 27800   -0.39395064E+0001   -0.39395064E+0001    0.38404373E+0000         1
 27850   -0.39391182E+0001   -0.39391182E+0001    0.61594720E+0000         1
 27900   -0.39395844E+0001   -0.39395844E+0001    0.32907733E+0000         1
 27950   -0.39388468E+0001   -0.39388468E+0001    0.50860460E+0000         1
 28000   -0.39394731E+0001   -0.39394731E+0001    0.36661398E+0000         1
 28050   -0.39394489E+0001   -0.39394489E+0001    0.38278929E+0000         1
 28100   -0.39390193E+0001   -0.39390193E+0001    0.51984999E+0000         1
 28150   -0.39391882E+0001   -0.39391882E+0001    0.48014202E+0000         1
 28200   -0.39388546E+0001   -0.39388546E+0001    0.56975931E+0000         1
 28250   -0.39387535E+0001   -0.39387535E+0001    0.67123780E+0000         1
 28300   -0.39393352E+0001   -0.39393352E+0001    0.43756101E+0000         1
 28350   -0.39395642E+0001   -0.39395642E+0001    0.34310833E+0000         1
 28400   -0.39383356E+0001   -0.39383356E+0001    0.85435538E+0000         1
 28450   -0.39390550E+0001   -0.39390550E+0001    0.51465575E+0000         1
 28500   -0.39388361E+0001   -0.39388361E+0001    0.62078300E+0000         1
 28550   -0.39390865E+0001   -0.39390865E+0001    0.47505681E+0000         1
 28600   -0.39387934E+0001   -0.39387934E+0001    0.57953196E+0000         1
 28650   -0.39392848E+0001   -0.39392848E+0001    0.40104188E+0000         1
 28700   -0.39396138E+0001   -0.39396138E+0001    0.37248348E+0000         1
 28750   -0.39392226E+0001   -0.39392226E+0001    0.61412418E+0000         1
 28800   -0.39394559E+0001   -0.39394559E+0001    0.43699977E+0000         1
 28850   -0.39390530E+0001   -0.39390530E+0001    0.63094158E+0000         1
 28900   -0.39392799E+0001   -0.39392799E+0001    0.48890983E+0000         1
 28950   -0.39391060E+0001   -0.39391060E+0001    0.57268359E+0000         1
 29000   -0.39393520E+0001   -0.39393520E+0001    0.54652377E+0000         1
 29050   -0.39390467E+0001   -0.39390467E+0001    0.50168630E+0000         1
 29100   -0.39386296E+0001   -0.39386296E+0001    0.61059017E+0000         1
 29150   -0.39387296E+0001   -0.39387296E+0001    0.62277902E+0000         1
 29200   -0.39386863E+0001   -0.39386863E+0001    0.63419586E+0000         1
 29250   -0.39390719E+0001   -0.39390719E+0001    0.57592733E+0000         1
 29300   -0.39394053E+0001   -0.39394053E+0001    0.39967264E+0000         1
 29350   -0.39389567E+0001   -0.39389567E+0001    0.60727405E+0000         1
 29400   -0.39391892E+0001   -0.39391892E+0001    0.52870377E+0000         1
 29450   -0.39389839E+0001   -0.39389839E+0001    0.46917029E+0000         1
 29500   -0.39390413E+0001   -0.39390413E+0001    0.46269606E+0000         1
 29550   -0.39390247E+0001   -0.39390247E+0001    0.45683464E+0000         1
 29600   -0.39385560E+0001   -0.39385560E+0001    0.64299526E+0000         1
 29650   -0.39389561E+0001   -0.39389561E+0001    0.59931398E+0000         1
 29700   -0.39390076E+0001   -0.39390076E+0001    0.48086806E+0000         1
 29750   -0.39390597E+0001   -0.39390597E+0001    0.49570248E+0000         1
 29800   -0.39390457E+0001   -0.39390457E+0001    0.53502201E+0000         1
 29850   -0.39383640E+0001   -0.39383640E+0001    0.78170870E+0000         1
 29900   -0.39388393E+0001   -0.39388393E+0001    0.64398878E+0000         1
 29950   -0.39382472E+0001   -0.39382472E+0001    0.74135070E+0000         1
 30000   -0.39383635E+0001   -0.39383635E+0001    0.58931919E+0000         1
 30050   -0.39386704E+0001   -0.39386704E+0001    0.52471616E+0000         1
 30100   -0.39388104E+0001   -0.39388104E+0001    0.42897423E+0000         1
 30150   -0.39389321E+0001   -0.39389321E+0001    0.56342273E+0000         1
 30200   -0.39389941E+0001   -0.39389941E+0001    0.53446531E+0000         1
 30250   -0.39389685E+0001   -0.39389685E+0001    0.64341784E+0000         1
 30300   -0.39393927E+0001   -0.39393927E+0001    0.41690072E+0000         1
 30350   -0.39391707E+0001   -0.39391707E+0001    0.52845128E+0000         1
 30400   -0.39393020E+0001   -0.39393020E+0001    0.44734423E+0000         1
 30450   -0.39390192E+0001   -0.39390192E+0001    0.54163600E+0000         1
 30500   -0.39390652E+0001   -0.39390652E+0001    0.47799022E+0000         1
 30550   -0.39389785E+0001   -0.39389785E+0001    0.47935873E+0000         1
 30600   -0.39391589E+0001   -0.39391589E+0001    0.44149974E+0000         1
 30650   -0.39392307E+0001   -0.39392307E+0001    0.52358572E+0000         1
 30700   -0.39390623E+0001   -0.39390623E+0001    0.61048142E+0000         1
 30750   -0.39389697E+0001   -0.39389697E+0001    0.55785311E+0000         1
 30800   -0.39393857E+0001   -0.39393857E+0001    0.37981434E+0000         1
 30850   -0.39382331E+0001   -0.39382331E+0001    0.72370306E+0000         1
 30900   -0.39388131E+0001   -0.39388131E+0001    0.55525474E+0000         1
 30950   -0.39393241E+0001   -0.39393241E+0001    0.43615256E+0000         1
 31000   -0.39388623E+0001   -0.39388623E+0001    0.53860422E+0000         1
 31050   -0.39387500E+0001   -0.39387500E+0001    0.59934421E+0000         1
 31100   -0.39390451E+0001   -0.39390451E+0001    0.52122817E+0000         1
 31150   -0.39394398E+0001   -0.39394398E+0001    0.31919195E+0000         1
 31200   -0.39392076E+0001   -0.39392076E+0001    0.42505158E+0000         1
 31250   -0.39387693E+0001   -0.39387693E+0001    0.51825857E+0000         1
 31300   -0.39391738E+0001   -0.39391738E+0001    0.49333456E+0000         1
 31350   -0.39395571E+0001   -0.39395571E+0001    0.32222790E+0000         1
 31400   -0.39393859E+0001   -0.39393859E+0001    0.47694036E+0000         1
 31450   -0.39392996E+0001   -0.39392996E+0001    0.46770428E+0000         1
 31500   -0.39386572E+0001   -0.39386572E+0001    0.57304986E+0000         1
 31550   -0.39384617E+0001   -0.39384617E+0001    0.53212251E+0000         1
 31600   -0.39390160E+0001   -0.39390160E+0001    0.37405808E+0000         1
 31650   -0.39389946E+0001   -0.39389946E+0001    0.49369468E+0000         1
 31700   -0.39390594E+0001   -0.39390594E+0001    0.50842490E+0000         1
 31750   -0.39390567E+0001   -0.39390567E+0001    0.48250093E+0000         1
 31800   -0.39388860E+0001   -0.39388860E+0001    0.50949499E+0000         1
 31850   -0.39388567E+0001   -0.39388567E+0001    0.48367778E+0000         1
 31900   -0.39389551E+0001   -0.39389551E+0001    0.43778375E+0000         1
 31950   -0.39387857E+0001   -0.39387857E+0001    0.46794342E+0000         1
 32000   -0.39389816E+0001   -0.39389816E+0001    0.46211922E+0000         1
 32050   -0.39393593E+0001   -0.39393593E+0001    0.36466808E+0000         1
 32100   -0.39394366E+0001   -0.39394366E+0001    0.42968081E+0000         1
 32150   -0.39393331E+0001   -0.39393331E+0001    0.46186940E+0000         1
 32200   -0.39391333E+0001   -0.39391333E+0001    0.51598188E+0000         1
 32250   -0.39389184E+0001   -0.39389184E+0001    0.59208713E+0000         1
 32300   -0.39386478E+0001   -0.39386478E+0001    0.64262835E+0000         1
 32350   -0.39392740E+0001   -0.39392740E+0001    0.47292807E+0000         1
 32400   -0.39392689E+0001   -0.39392689E+0001    0.51084715E+0000         1
 32450   -0.39393660E+0001   -0.39393660E+0001    0.43433462E+0000         1
 32500   -0.39390773E+0001   -0.39390773E+0001    0.44035604E+0000         1
 32550   -0.39382831E+0001   -0.39382831E+0001    0.70113486E+0000         1
 32600   -0.39389410E+0001   -0.39389410E+0001    0.58037876E+0000         1
 32650   -0.39392793E+0001   -0.39392793E+0001    0.41324962E+0000         1
 32700   -0.39393544E+0001   -0.39393544E+0001    0.47049512E+0000         1
 32750   -0.39379174E+0001   -0.39379174E+0001    0.75713391E+0000         1
 32800   -0.39379787E+0001   -0.39379787E+0001    0.68266384E+0000         1
 32850   -0.39384644E+0001   -0.39384644E+0001    0.53472414E+0000         1
 32900   -0.39386637E+0001   -0.39386637E+0001    0.56537089E+0000         1
 32950   -0.39386568E+0001   -0.39386568E+0001    0.54457280E+0000         1
 33000   -0.39390829E+0001   -0.39390829E+0001    0.54885572E+0000         1
 33050   -0.39393616E+0001   -0.39393616E+0001    0.44947190E+0000         1
 33100   -0.39389775E+0001   -0.39389775E+0001    0.44105584E+0000         1
 33150   -0.39385123E+0001   -0.39385123E+0001    0.53698607E+0000         1
 33200   -0.39394400E+0001   -0.39394400E+0001    0.34221684E+0000         1
 33250   -0.39391149E+0001   -0.39391149E+0001    0.44776777E+0000         1
 33300   -0.39391992E+0001   -0.39391992E+0001    0.52535548E+0000         1
 33350   -0.39385014E+0001   -0.39385014E+0001    0.66995090E+0000         1
 33400   -0.39383355E+0001   -0.39383355E+0001    0.61851111E+0000         1
 33450   -0.39384432E+0001   -0.39384432E+0001    0.67077262E+0000         1
 33500   -0.39386268E+0001   -0.39386268E+0001    0.60213587E+0000         1
 33550   -0.39386032E+0001   -0.39386032E+0001    0.66045922E+0000         1
 33600   -0.39382026E+0001   -0.39382026E+0001    0.66044379E+0000         1
 33650   -0.39384386E+0001   -0.39384386E+0001    0.65144237E+0000         1
 33700   -0.39387758E+0001   -0.39387758E+0001    0.54489199E+0000         1
 33750   -0.39391470E+0001   -0.39391470E+0001    0.43655017E+0000         1
 33800   -0.39390708E+0001   -0.39390708E+0001    0.50138603E+0000         1
 33850   -0.39390540E+0001   -0.39390540E+0001    0.59874610E+0000         1
 33900   -0.39396100E+0001   -0.39396100E+0001    0.33150006E+0000         1
 33950   -0.39392102E+0001   -0.39392102E+0001    0.48995342E+0000         1
 34000   -0.39392731E+0001   -0.39392731E+0001    0.41252643E+0000         1
 34050   -0.39391963E+0001   -0.39391963E+0001    0.50389053E+0000         1
 34100   -0.39390722E+0001   -0.39390722E+0001    0.52907164E+0000         1
 34150   -0.39393417E+0001   -0.39393417E+0001    0.51125036E+0000         1
 34200   -0.39385069E+0001   -0.39385069E+0001    0.66572760E+0000         1
 34250   -0.39390589E+0001   -0.39390589E+0001    0.55031322E+0000         1
 34300   -0.39394248E+0001   -0.39394248E+0001    0.39711792E+0000         1
 34350   -0.39394714E+0001   -0.39394714E+0001    0.39349462E+0000         1
 34400   -0.39394625E+0001   -0.39394625E+0001    0.42244841E+0000         1
 34450   -0.39396512E+0001   -0.39396512E+0001    0.32494544E+0000         1
 34500   -0.39393182E+0001   -0.39393182E+0001    0.48582459E+0000         1
 34550   -0.39387741E+0001   -0.39387741E+0001    0.59986340E+0000         1
 34600   -0.39381572E+0001   -0.39381572E+0001    0.72221583E+0000         1
 34650   -0.39385469E+0001   -0.39385469E+0001    0.64643484E+0000         1
 34700   -0.39388782E+0001   -0.39388782E+0001    0.55487647E+0000         1
 34750   -0.39394999E+0001   -0.39394999E+0001    0.34950495E+0000         1
 34800   -0.39385548E+0001   -0.39385548E+0001    0.72206035E+0000         1
 34850   -0.39393200E+0001   -0.39393200E+0001    0.37926423E+0000         1
 34900   -0.39390761E+0001   -0.39390761E+0001    0.52677880E+0000         1
 34950   -0.39388974E+0001   -0.39388974E+0001    0.51306690E+0000         1
 35000   -0.39389635E+0001   -0.39389635E+0001    0.43197464E+0000         1
 35050   -0.39384103E+0001   -0.39384103E+0001    0.68407595E+0000         1
 35100   -0.39394494E+0001   -0.39394494E+0001    0.39520677E+0000         1
 35150   -0.39392750E+0001   -0.39392750E+0001    0.55589795E+0000         1
 35200   -0.39396544E+0001   -0.39396544E+0001    0.29778646E+0000         1
 35250   -0.39391789E+0001   -0.39391789E+0001    0.48297522E+0000         1
 35300   -0.39390608E+0001   -0.39390608E+0001    0.53923014E+0000         1
 35350   -0.39393736E+0001   -0.39393736E+0001    0.41367656E+0000         1
 35400   -0.39393468E+0001   -0.39393468E+0001    0.37904715E+0000         1
 35450   -0.39394809E+0001   -0.39394809E+0001    0.35851085E+0000         1
 35500   -0.39392871E+0001   -0.39392871E+0001    0.42389597E+0000         1
 35550   -0.39394562E+0001   -0.39394562E+0001    0.43024218E+0000         1
 35600   -0.39393354E+0001   -0.39393354E+0001    0.35834492E+0000         1
 35650   -0.39393554E+0001   -0.39393554E+0001    0.40325315E+0000         1
 35700   -0.39385226E+0001   -0.39385226E+0001    0.59768198E+0000         1
 35750   -0.39390238E+0001   -0.39390238E+0001    0.43345987E+0000         1
 35800   -0.39391324E+0001   -0.39391324E+0001    0.39501568E+0000         1
 35850   -0.39394152E+0001   -0.39394152E+0001    0.35944033E+0000         1
 35900   -0.39395059E+0001   -0.39395059E+0001    0.41297722E+0000         1
 35950   -0.39395347E+0001   -0.39395347E+0001    0.35747394E+0000         1
 36000   -0.39391679E+0001   -0.39391679E+0001    0.51127796E+0000         1
 36050   -0.39392159E+0001   -0.39392159E+0001    0.47472601E+0000         1
 36100   -0.39386470E+0001   -0.39386470E+0001    0.55997387E+0000         1
 36150   -0.39391446E+0001   -0.39391446E+0001    0.41949041E+0000         1
 36200   -0.39391333E+0001   -0.39391333E+0001    0.51708382E+0000         1
 36250   -0.39386862E+0001   -0.39386862E+0001    0.62265739E+0000         1
 36300   -0.39395836E+0001   -0.39395836E+0001    0.43957139E+0000         1
 36350   -0.39394266E+0001   -0.39394266E+0001    0.35329780E+0000         1
 36400   -0.39393461E+0001   -0.39393461E+0001    0.45732313E+0000         1
 36450   -0.39391036E+0001   -0.39391036E+0001    0.58019023E+0000         1
 36500   -0.39396866E+0001   -0.39396866E+0001    0.30652520E+0000         1
 36550   -0.39389976E+0001   -0.39389976E+0001    0.56891103E+0000         1
 36600   -0.39390844E+0001   -0.39390844E+0001    0.56156982E+0000         1
 36650   -0.39383393E+0001   -0.39383393E+0001    0.82755727E+0000         1
 36700   -0.39392675E+0001   -0.39392675E+0001    0.42199541E+0000         1
 36750   -0.39392472E+0001   -0.39392472E+0001    0.42793916E+0000         1
 36800   -0.39391261E+0001   -0.39391261E+0001    0.42881194E+0000         1
 36850   -0.39394141E+0001   -0.39394141E+0001    0.41576206E+0000         1
 36900   -0.39394956E+0001   -0.39394956E+0001    0.36237835E+0000         1
 36950   -0.39393454E+0001   -0.39393454E+0001    0.38481612E+0000         1
 37000   -0.39392953E+0001   -0.39392953E+0001    0.47003017E+0000         1
 37050   -0.39386622E+0001   -0.39386622E+0001    0.70239556E+0000         1
 37100   -0.39385706E+0001   -0.39385706E+0001    0.67001798E+0000         1
 37150   -0.39388555E+0001   -0.39388555E+0001    0.56767036E+0000         1
 37200   -0.39391212E+0001   -0.39391212E+0001    0.46220361E+0000         1
 37250   -0.39393015E+0001   -0.39393015E+0001    0.38346449E+0000         1
 37300   -0.39392301E+0001   -0.39392301E+0001    0.43963367E+0000         1
 37350   -0.39395011E+0001   -0.39395011E+0001    0.36318916E+0000         1
 37400   -0.39390763E+0001   -0.39390763E+0001    0.46207383E+0000         1
 37450   -0.39383089E+0001   -0.39383089E+0001    0.66849316E+0000         1
 37500   -0.39386042E+0001   -0.39386042E+0001    0.69469007E+0000         1
 37550   -0.39382509E+0001   -0.39382509E+0001    0.69696637E+0000         1
 37600   -0.39389204E+0001   -0.39389204E+0001    0.46052067E+0000         1
 37650   -0.39388169E+0001   -0.39388169E+0001    0.57475962E+0000         1
 37700   -0.39394765E+0001   -0.39394765E+0001    0.36878283E+0000         1
 37750   -0.39393370E+0001   -0.39393370E+0001    0.44254689E+0000         1
 37800   -0.39393781E+0001   -0.39393781E+0001    0.38086092E+0000         1
 37850   -0.39393713E+0001   -0.39393713E+0001    0.39129805E+0000         1
 37900   -0.39391062E+0001   -0.39391062E+0001    0.41457512E+0000         1
 37950   -0.39390072E+0001   -0.39390072E+0001    0.40802329E+0000         1
 38000   -0.39384885E+0001   -0.39384885E+0001    0.56475992E+0000         1
 38050   -0.39389454E+0001   -0.39389454E+0001    0.58919964E+0000         1
 38100   -0.39387131E+0001   -0.39387131E+0001    0.60515465E+0000         1
 38150   -0.39387920E+0001   -0.39387920E+0001    0.64147133E+0000         1
 38200   -0.39390322E+0001   -0.39390322E+0001    0.47728391E+0000         1
 38250   -0.39388627E+0001   -0.39388627E+0001    0.47548689E+0000         1
 38300   -0.39386387E+0001   -0.39386387E+0001    0.56235190E+0000         1
 38350   -0.39387147E+0001   -0.39387147E+0001    0.57362959E+0000         1
 38400   -0.39384071E+0001   -0.39384071E+0001    0.65315598E+0000         1
 38450   -0.39386648E+0001   -0.39386648E+0001    0.71102385E+0000         1
 38500   -0.39382272E+0001   -0.39382272E+0001    0.62111202E+0000         1
 38550   -0.39384704E+0001   -0.39384704E+0001    0.60680711E+0000         1
 38600   -0.39384326E+0001   -0.39384326E+0001    0.63661101E+0000         1
 38650   -0.39389389E+0001   -0.39389389E+0001    0.56511314E+0000         1
 38700   -0.39391498E+0001   -0.39391498E+0001    0.57571012E+0000         1
 38750   -0.39391018E+0001   -0.39391018E+0001    0.52723950E+0000         1
 38800   -0.39393901E+0001   -0.39393901E+0001    0.41016290E+0000         1
 38850   -0.39396847E+0001   -0.39396847E+0001    0.32433808E+0000         1
 38900   -0.39389563E+0001   -0.39389563E+0001    0.50393516E+0000         1
 38950   -0.39389588E+0001   -0.39389588E+0001    0.53986858E+0000         1
 39000   -0.39393376E+0001   -0.39393376E+0001    0.45079628E+0000         1
 39050   -0.39397631E+0001   -0.39397631E+0001    0.38862677E+0000         1
 39100   -0.39398332E+0001   -0.39398332E+0001    0.27731311E+0000         1
 39150   -0.39391318E+0001   -0.39391318E+0001    0.57079907E+0000         1
 39200   -0.39393859E+0001   -0.39393859E+0001    0.48011360E+0000         1
 39250   -0.39392095E+0001   -0.39392095E+0001    0.46973560E+0000         1
 39300   -0.39389259E+0001   -0.39389259E+0001    0.48805705E+0000         1
 39350   -0.39392974E+0001   -0.39392974E+0001    0.39463031E+0000         1
 39400   -0.39386862E+0001   -0.39386862E+0001    0.54350892E+0000         1
 39450   -0.39384188E+0001   -0.39384188E+0001    0.63577192E+0000         1
 39500   -0.39389529E+0001   -0.39389529E+0001    0.50295385E+0000         1
 39550   -0.39386732E+0001   -0.39386732E+0001    0.47139877E+0000         1
 39600   -0.39389353E+0001   -0.39389353E+0001    0.51975442E+0000         1
 39650   -0.39391800E+0001   -0.39391800E+0001    0.40332790E+0000         1
 39700   -0.39389250E+0001   -0.39389250E+0001    0.62810925E+0000         1
 39750   -0.39394047E+0001   -0.39394047E+0001    0.43539283E+0000         1
 39800   -0.39392469E+0001   -0.39392469E+0001    0.45470446E+0000         1
 39850   -0.39393557E+0001   -0.39393557E+0001    0.41103854E+0000         1
 39900   -0.39390568E+0001   -0.39390568E+0001    0.43200291E+0000         1
 39950   -0.39387990E+0001   -0.39387990E+0001    0.57654375E+0000         1
 40000   -0.39394894E+0001   -0.39394894E+0001    0.34644147E+0000         1
 40050   -0.39391481E+0001   -0.39391481E+0001    0.49406006E+0000         1
 40100   -0.39395191E+0001   -0.39395191E+0001    0.32771092E+0000         1
 40150   -0.39390119E+0001   -0.39390119E+0001    0.49466396E+0000         1
 40200   -0.39390144E+0001   -0.39390144E+0001    0.49225091E+0000         1
 40250   -0.39391013E+0001   -0.39391013E+0001    0.39528460E+0000         1
 40300   -0.39391381E+0001   -0.39391381E+0001    0.45736484E+0000         1
 40350   -0.39387565E+0001   -0.39387565E+0001    0.51669106E+0000         1
 40400   -0.39381599E+0001   -0.39381599E+0001    0.69337509E+0000         1
 40450   -0.39375337E+0001   -0.39375337E+0001    0.86369150E+0000         1
 40500   -0.39381220E+0001   -0.39381220E+0001    0.83209194E+0000         1
 40550   -0.39386361E+0001   -0.39386361E+0001    0.56421060E+0000         1
 40600   -0.39390425E+0001   -0.39390425E+0001    0.59245141E+0000         1
 40650   -0.39391827E+0001   -0.39391827E+0001    0.46752705E+0000         1
 40700   -0.39393381E+0001   -0.39393381E+0001    0.35806517E+0000         1
 40750   -0.39391540E+0001   -0.39391540E+0001    0.47899682E+0000         1
 40800   -0.39393335E+0001   -0.39393335E+0001    0.42676169E+0000         1
 40850   -0.39394993E+0001   -0.39394993E+0001    0.42880530E+0000         1
 40900   -0.39392026E+0001   -0.39392026E+0001    0.47483710E+0000         1
 40950   -0.39390546E+0001   -0.39390546E+0001    0.54978373E+0000         1
 41000   -0.39390507E+0001   -0.39390507E+0001    0.55652507E+0000         1
 41050   -0.39391642E+0001   -0.39391642E+0001    0.49654644E+0000         1
 41100   -0.39392208E+0001   -0.39392208E+0001    0.38950106E+0000         1
 41150   -0.39391794E+0001   -0.39391794E+0001    0.48542609E+0000         1
 41200   -0.39392043E+0001   -0.39392043E+0001    0.43006802E+0000         1
 41250   -0.39389698E+0001   -0.39389698E+0001    0.54915709E+0000         1
 41300   -0.39387942E+0001   -0.39387942E+0001    0.50091716E+0000         1
 41350   -0.39387296E+0001   -0.39387296E+0001    0.55334158E+0000         1
 41400   -0.39388163E+0001   -0.39388163E+0001    0.52663411E+0000         1
 41450   -0.39390082E+0001   -0.39390082E+0001    0.48276437E+0000         1
 41500   -0.39393180E+0001   -0.39393180E+0001    0.40359285E+0000         1
 41550   -0.39393990E+0001   -0.39393990E+0001    0.34164946E+0000         1
 41600   -0.39387287E+0001   -0.39387287E+0001    0.61315551E+0000         1
 41650   -0.39389084E+0001   -0.39389084E+0001    0.55618569E+0000         1
 41700   -0.39385118E+0001   -0.39385118E+0001    0.67128778E+0000         1
 41750   -0.39390349E+0001   -0.39390349E+0001    0.46975586E+0000         1
 41800   -0.39392061E+0001   -0.39392061E+0001    0.54187976E+0000         1
 41850   -0.39391809E+0001   -0.39391809E+0001    0.50560074E+0000         1
 41900   -0.39396945E+0001   -0.39396945E+0001    0.34657622E+0000         1
 41950   -0.39390479E+0001   -0.39390479E+0001    0.58256309E+0000         1
 42000   -0.39392265E+0001   -0.39392265E+0001    0.47089366E+0000         1
 42050   -0.39395804E+0001   -0.39395804E+0001    0.28596266E+0000         1
 42100   -0.39390452E+0001   -0.39390452E+0001    0.48414538E+0000         1
 42150   -0.39390166E+0001   -0.39390166E+0001    0.51685934E+0000         1
 42200   -0.39394042E+0001   -0.39394042E+0001    0.46979914E+0000         1
 42250   -0.39396009E+0001   -0.39396009E+0001    0.34194780E+0000         1
 42300   -0.39394473E+0001   -0.39394473E+0001    0.45412226E+0000         1
 42350   -0.39390759E+0001   -0.39390759E+0001    0.48645097E+0000         1
 42400   -0.39392513E+0001   -0.39392513E+0001    0.38211890E+0000         1
 42450   -0.39388610E+0001   -0.39388610E+0001    0.52415202E+0000         1
 42500   -0.39385658E+0001   -0.39385658E+0001    0.69767161E+0000         1
 42550   -0.39382492E+0001   -0.39382492E+0001    0.64698314E+0000         1
 42600   -0.39384520E+0001   -0.39384520E+0001    0.59359114E+0000         1
 42650   -0.39381273E+0001   -0.39381273E+0001    0.63625647E+0000         1
 42700   -0.39389246E+0001   -0.39389246E+0001    0.49496347E+0000         1
 42750   -0.39387798E+0001   -0.39387798E+0001    0.58666198E+0000         1
 42800   -0.39392707E+0001   -0.39392707E+0001    0.51663055E+0000         1
 42850   -0.39394251E+0001   -0.39394251E+0001    0.46779872E+0000         1
 42900   -0.39393285E+0001   -0.39393285E+0001    0.50540621E+0000         1
 42950   -0.39386685E+0001   -0.39386685E+0001    0.62123299E+0000         1
 43000   -0.39392189E+0001   -0.39392189E+0001    0.49940452E+0000         1
 43050   -0.39393172E+0001   -0.39393172E+0001    0.45561500E+0000         1
 43100   -0.39386530E+0001   -0.39386530E+0001    0.57735257E+0000         1
 43150   -0.39386679E+0001   -0.39386679E+0001    0.59465617E+0000         1
 43200   -0.39392120E+0001   -0.39392120E+0001    0.43353309E+0000         1
 43250   -0.39391301E+0001   -0.39391301E+0001    0.46901082E+0000         1
 43300   -0.39392988E+0001   -0.39392988E+0001    0.40587762E+0000         1
 43350   -0.39392455E+0001   -0.39392455E+0001    0.46795840E+0000         1
 43400   -0.39395608E+0001   -0.39395608E+0001    0.40607980E+0000         1
 43450   -0.39391142E+0001   -0.39391142E+0001    0.59683022E+0000         1
 43500   -0.39386902E+0001   -0.39386902E+0001    0.52994763E+0000         1
 43550   -0.39392554E+0001   -0.39392554E+0001    0.36643529E+0000         1
 43600   -0.39393898E+0001   -0.39393898E+0001    0.37798602E+0000         1
 43650   -0.39387379E+0001   -0.39387379E+0001    0.59447818E+0000         1
 43700   -0.39388664E+0001   -0.39388664E+0001    0.48154382E+0000         1
 43750   -0.39388520E+0001   -0.39388520E+0001    0.50530737E+0000         1
 43800   -0.39392220E+0001   -0.39392220E+0001    0.49020464E+0000         1
 43850   -0.39391813E+0001   -0.39391813E+0001    0.44050357E+0000         1
 43900   -0.39387861E+0001   -0.39387861E+0001    0.47878366E+0000         1
 43950   -0.39389170E+0001   -0.39389170E+0001    0.55571450E+0000         1
 44000   -0.39385385E+0001   -0.39385385E+0001    0.56121265E+0000         1
 44050   -0.39394905E+0001   -0.39394905E+0001    0.36500690E+0000         1
 44100   -0.39390991E+0001   -0.39390991E+0001    0.54807397E+0000         1
 44150   -0.39392875E+0001   -0.39392875E+0001    0.52919993E+0000         1
 44200   -0.39392654E+0001   -0.39392654E+0001    0.42091280E+0000         1
 44250   -0.39393087E+0001   -0.39393087E+0001    0.41124925E+0000         1
 44300   -0.39394045E+0001   -0.39394045E+0001    0.45840353E+0000         1
 44350   -0.39388885E+0001   -0.39388885E+0001    0.65847494E+0000         1
 44400   -0.39390469E+0001   -0.39390469E+0001    0.53047553E+0000         1
 44450   -0.39388378E+0001   -0.39388378E+0001    0.65893192E+0000         1
 44500   -0.39385803E+0001   -0.39385803E+0001    0.65969596E+0000         1
 44550   -0.39394031E+0001   -0.39394031E+0001    0.40641575E+0000         1
 44600   -0.39393635E+0001   -0.39393635E+0001    0.38119825E+0000         1
 44650   -0.39393312E+0001   -0.39393312E+0001    0.42939397E+0000         1
 44700   -0.39392394E+0001   -0.39392394E+0001    0.48233653E+0000         1
 44750   -0.39394627E+0001   -0.39394627E+0001    0.40118133E+0000         1
 44800   -0.39394319E+0001   -0.39394319E+0001    0.45970926E+0000         1
 44850   -0.39389845E+0001   -0.39389845E+0001    0.51035673E+0000         1
 44900   -0.39385208E+0001   -0.39385208E+0001    0.64260558E+0000         1
 44950   -0.39382233E+0001   -0.39382233E+0001    0.69899276E+0000         1
 45000   -0.39387870E+0001   -0.39387870E+0001    0.70831646E+0000         1
 45050   -0.39392042E+0001   -0.39392042E+0001    0.49672828E+0000         1
 45100   -0.39394003E+0001   -0.39394003E+0001    0.37778814E+0000         1
 45150   -0.39387624E+0001   -0.39387624E+0001    0.54401521E+0000         1
 45200   -0.39390687E+0001   -0.39390687E+0001    0.53232441E+0000         1
 45250   -0.39393776E+0001   -0.39393776E+0001    0.42176350E+0000         1
 45300   -0.39388180E+0001   -0.39388180E+0001    0.54630821E+0000         1
 45350   -0.39384356E+0001   -0.39384356E+0001    0.68836649E+0000         1
 45400   -0.39391958E+0001   -0.39391958E+0001    0.46675786E+0000         1
 45450   -0.39386553E+0001   -0.39386553E+0001    0.59233499E+0000         1
 45500   -0.39385975E+0001   -0.39385975E+0001    0.53335031E+0000         1
 45550   -0.39388789E+0001   -0.39388789E+0001    0.54556709E+0000         1
 45600   -0.39391161E+0001   -0.39391161E+0001    0.49489317E+0000         1
 45650   -0.39392161E+0001   -0.39392161E+0001    0.42121178E+0000         1
 45700   -0.39392014E+0001   -0.39392014E+0001    0.42041281E+0000         1
 45750   -0.39389765E+0001   -0.39389765E+0001    0.48501918E+0000         1
 45800   -0.39381427E+0001   -0.39381427E+0001    0.78119340E+0000         1
 45850   -0.39392607E+0001   -0.39392607E+0001    0.34784712E+0000         1
 45900   -0.39392448E+0001   -0.39392448E+0001    0.52272203E+0000         1
 45950   -0.39396090E+0001   -0.39396090E+0001    0.36579326E+0000         1
 46000   -0.39393991E+0001   -0.39393991E+0001    0.45902204E+0000         1
 46050   -0.39390973E+0001   -0.39390973E+0001    0.51033449E+0000         1
 46100   -0.39391226E+0001   -0.39391226E+0001    0.46333693E+0000         1
 46150   -0.39397978E+0001   -0.39397978E+0001    0.27810449E+0000         1
 46200   -0.39396248E+0001   -0.39396248E+0001    0.36043103E+0000         1
 46250   -0.39394317E+0001   -0.39394317E+0001    0.36014811E+0000         1
 46300   -0.39391776E+0001   -0.39391776E+0001    0.36546838E+0000         1
 46350   -0.39388255E+0001   -0.39388255E+0001    0.61512791E+0000         1
 46400   -0.39390509E+0001   -0.39390509E+0001    0.48026056E+0000         1
 46450   -0.39391019E+0001   -0.39391019E+0001    0.48448023E+0000         1
 46500   -0.39394681E+0001   -0.39394681E+0001    0.38810491E+0000         1
 46550   -0.39387515E+0001   -0.39387515E+0001    0.56339755E+0000         1
 46600   -0.39386468E+0001   -0.39386468E+0001    0.55322637E+0000         1
 46650   -0.39384995E+0001   -0.39384995E+0001    0.67863833E+0000         1
 46700   -0.39388555E+0001   -0.39388555E+0001    0.64086752E+0000         1
 46750   -0.39391095E+0001   -0.39391095E+0001    0.56652619E+0000         1
 46800   -0.39391488E+0001   -0.39391488E+0001    0.56429431E+0000         1
 46850   -0.39391662E+0001   -0.39391662E+0001    0.46749279E+0000         1
 46900   -0.39389016E+0001   -0.39389016E+0001    0.53526253E+0000         1
 46950   -0.39384393E+0001   -0.39384393E+0001    0.62506379E+0000         1
 47000   -0.39389405E+0001   -0.39389405E+0001    0.52647620E+0000         1
 47050   -0.39388783E+0001   -0.39388783E+0001    0.58263530E+0000         1
 47100   -0.39390062E+0001   -0.39390062E+0001    0.44970207E+0000         1
 47150   -0.39391675E+0001   -0.39391675E+0001    0.44209136E+0000         1
 47200   -0.39390537E+0001   -0.39390537E+0001    0.40851372E+0000         1
 47250   -0.39389284E+0001   -0.39389284E+0001    0.50918882E+0000         1
 47300   -0.39389759E+0001   -0.39389759E+0001    0.55159685E+0000         1
 47350   -0.39394659E+0001   -0.39394659E+0001    0.39499706E+0000         1
 47400   -0.39392231E+0001   -0.39392231E+0001    0.39697256E+0000         1
 47450   -0.39389907E+0001   -0.39389907E+0001    0.54172054E+0000         1
 47500   -0.39392744E+0001   -0.39392744E+0001    0.47494258E+0000         1
 47550   -0.39386367E+0001   -0.39386367E+0001    0.61175067E+0000         1
 47600   -0.39387605E+0001   -0.39387605E+0001    0.57089895E+0000         1
 47650   -0.39379058E+0001   -0.39379058E+0001    0.77919444E+0000         1
 47700   -0.39381972E+0001   -0.39381972E+0001    0.81119960E+0000         1
 47750   -0.39392768E+0001   -0.39392768E+0001    0.44046396E+0000         1
 47800   -0.39390784E+0001   -0.39390784E+0001    0.50814476E+0000         1
 47850   -0.39389762E+0001   -0.39389762E+0001    0.52163007E+0000         1
 47900   -0.39385001E+0001   -0.39385001E+0001    0.56703866E+0000         1
 47950   -0.39395450E+0001   -0.39395450E+0001    0.34705905E+0000         1
 48000   -0.39388870E+0001   -0.39388870E+0001    0.48381971E+0000         1
