     1   -0.39239937E+0001   -0.39242649E+0001    0.12627905E+0001     12000
    50   -0.39232175E+0001   -0.39271894E+0001    0.11951659E+0001     11885
   100   -0.39231900E+0001   -0.39284254E+0001    0.11639976E+0001     11710
   150   -0.39240446E+0001   -0.39290427E+0001    0.11348364E+0001     11979
   200   -0.39253379E+0001   -0.39304390E+0001    0.10648942E+0001     11947
   250   -0.39267128E+0001   -0.39311469E+0001    0.10546115E+0001     12157
   300   -0.39283140E+0001   -0.39323680E+0001    0.10289949E+0001     12092
   350   -0.39294497E+0001   -0.39329857E+0001    0.91295588E+0000     12372
   400   -0.39305362E+0001   -0.39345198E+0001    0.87531300E+0000     12292
     1   -0.39239917E+0001   -0.39242620E+0001    0.12627905E+0001     12002
    50   -0.39230431E+0001   -0.39273771E+0001    0.12010304E+0001     11981
   100   -0.39228778E+0001   -0.39291073E+0001    0.11603121E+0001     12235
   150   -0.39235390E+0001   -0.39295640E+0001    0.11222386E+0001     12506
   200   -0.39250574E+0001   -0.39309665E+0001    0.10587566E+0001     12811
   250   -0.39272065E+0001   -0.39325654E+0001    0.99363898E+0000     12874
   300   -0.39289089E+0001   -0.39333012E+0001    0.97328580E+0000     13068
   350   -0.39302044E+0001   -0.39341173E+0001    0.92038340E+0000     13211
   400   -0.39313421E+0001   -0.39355249E+0001    0.85181620E+0000     13391
     1   -0.39239872E+0001   -0.39242788E+0001    0.12627905E+0001     12002
    50   -0.39228394E+0001   -0.39271950E+0001    0.11989668E+0001     12047
   100   -0.39224064E+0001   -0.39277724E+0001    0.12249546E+0001     12212
   150   -0.39226582E+0001   -0.39285985E+0001    0.11836489E+0001     12371
   200   -0.39232836E+0001   -0.39296146E+0001    0.11228249E+0001     12638
   250   -0.39248711E+0001   -0.39305963E+0001    0.10431662E+0001     12623
   300   -0.39267604E+0001   -0.39318166E+0001    0.99015670E+0000     13021
   350   -0.39286133E+0001   -0.39334102E+0001    0.96816746E+0000     13111
   400   -0.39298422E+0001   -0.39340829E+0001    0.91562213E+0000     13543
     1   -0.39239848E+0001   -0.39242764E+0001    0.12627905E+0001     12000
    50   -0.39226377E+0001   -0.39268003E+0001    0.12052743E+0001     11992
   100   -0.39219570E+0001   -0.39292898E+0001    0.11871834E+0001     12152
   150   -0.39222894E+0001   -0.39299361E+0001    0.11201208E+0001     12517
   200   -0.39245565E+0001   -0.39313018E+0001    0.11024289E+0001     12935
   250   -0.39272987E+0001   -0.39324901E+0001    0.10137477E+0001     13461
   300   -0.39286531E+0001   -0.39328752E+0001    0.99256847E+0000     13828
   350   -0.39299124E+0001   -0.39341506E+0001    0.93214269E+0000     14106
   400   -0.39312637E+0001   -0.39349001E+0001    0.89003163E+0000     14931
     1   -0.39239794E+0001   -0.39242839E+0001    0.12627905E+0001     12003
    50   -0.39224720E+0001   -0.39268888E+0001    0.12241578E+0001     11993
   100   -0.39216306E+0001   -0.39269566E+0001    0.12121836E+0001     12084
   150   -0.39216583E+0001   -0.39277127E+0001    0.12104950E+0001     11990
   200   -0.39225472E+0001   -0.39286558E+0001    0.11943376E+0001     12247
   250   -0.39234860E+0001   -0.39284813E+0001    0.11808980E+0001     12303
   300   -0.39237907E+0001   -0.39292196E+0001    0.11762621E+0001     12973
   350   -0.39242724E+0001   -0.39290829E+0001    0.11512479E+0001     13483
   400   -0.39251796E+0001   -0.39298680E+0001    0.11093121E+0001     13744
     1   -0.39239781E+0001   -0.39242963E+0001    0.12627905E+0001     12000
    50   -0.39223176E+0001   -0.39269947E+0001    0.11770411E+0001     11966
   100   -0.39213557E+0001   -0.39277460E+0001    0.12156237E+0001     12060
   150   -0.39212249E+0001   -0.39275792E+0001    0.11710081E+0001     12270
   200   -0.39214839E+0001   -0.39291403E+0001    0.11391697E+0001     12428
   250   -0.39230935E+0001   -0.39299679E+0001    0.10987131E+0001     12742
   300   -0.39256906E+0001   -0.39305607E+0001    0.10618863E+0001     13259
   350   -0.39265407E+0001   -0.39324967E+0001    0.99744869E+0000     13727
   400   -0.39270147E+0001   -0.39321913E+0001    0.10467579E+0001     13894
     1   -0.39239752E+0001   -0.39242636E+0001    0.12627905E+0001     11999
    50   -0.39221777E+0001   -0.39263634E+0001    0.12288745E+0001     11958
   100   -0.39210022E+0001   -0.39263232E+0001    0.12507476E+0001     12182
   150   -0.39203802E+0001   -0.39256832E+0001    0.12699131E+0001     12358
   200   -0.39204597E+0001   -0.39256876E+0001    0.12572345E+0001     12458
   250   -0.39208886E+0001   -0.39261359E+0001    0.12633302E+0001     12685
   300   -0.39212768E+0001   -0.39267188E+0001    0.12421029E+0001     13069
   350   -0.39214004E+0001   -0.39266185E+0001    0.12646903E+0001     13446
   400   -0.39214612E+0001   -0.39275013E+0001    0.12480385E+0001     13769
   450   -0.39218638E+0001   -0.39283683E+0001    0.12159880E+0001     14149
   500   -0.39222421E+0001   -0.39282353E+0001    0.12063593E+0001     14703
   550   -0.39226472E+0001   -0.39279251E+0001    0.12072968E+0001     14952
   600   -0.39231531E+0001   -0.39292057E+0001    0.11975198E+0001     15435
     1   -0.39239728E+0001   -0.39242962E+0001    0.12627905E+0001     12004
    50   -0.39220793E+0001   -0.39269030E+0001    0.11865479E+0001     12155
   100   -0.39208153E+0001   -0.39266396E+0001    0.12161069E+0001     12100
   150   -0.39206161E+0001   -0.39272932E+0001    0.11825525E+0001     12329
   200   -0.39218358E+0001   -0.39279710E+0001    0.12073367E+0001     12718
   250   -0.39227738E+0001   -0.39294150E+0001    0.11675214E+0001     13131
   300   -0.39230316E+0001   -0.39298172E+0001    0.11548150E+0001     13502
   350   -0.39237799E+0001   -0.39301008E+0001    0.11431649E+0001     13727
   400   -0.39248193E+0001   -0.39301774E+0001    0.11422239E+0001     14000
     1   -0.39239750E+0001   -0.39242783E+0001    0.12627905E+0001     12002
    50   -0.39219827E+0001   -0.39258745E+0001    0.12381602E+0001     12016
   100   -0.39206287E+0001   -0.39261355E+0001    0.11954643E+0001     12209
   150   -0.39202543E+0001   -0.39259294E+0001    0.12471651E+0001     12532
   200   -0.39203031E+0001   -0.39263274E+0001    0.12246400E+0001     12851
   250   -0.39202623E+0001   -0.39262779E+0001    0.12522165E+0001     13318
   300   -0.39203642E+0001   -0.39265243E+0001    0.12900930E+0001     13756
   350   -0.39200600E+0001   -0.39269992E+0001    0.13200578E+0001     14008
   400   -0.39196233E+0001   -0.39254933E+0001    0.12280850E+0001     14269
   450   -0.39196981E+0001   -0.39259541E+0001    0.12136664E+0001     14691
   500   -0.39202211E+0001   -0.39261033E+0001    0.12294437E+0001     15097
   550   -0.39204125E+0001   -0.39262962E+0001    0.12637676E+0001     15320
   600   -0.39206398E+0001   -0.39282757E+0001    0.11824197E+0001     15594
   650   -0.39216647E+0001   -0.39282316E+0001    0.11457819E+0001     16060
   700   -0.39231371E+0001   -0.39296178E+0001    0.10759548E+0001     16031
     1   -0.39239682E+0001   -0.39242791E+0001    0.12627905E+0001     11999
    50   -0.39218648E+0001   -0.39262920E+0001    0.12428658E+0001     12116
   100   -0.39202853E+0001   -0.39254459E+0001    0.12608385E+0001     12227
   150   -0.39193998E+0001   -0.39254841E+0001    0.12778300E+0001     12155
   200   -0.39190751E+0001   -0.39251398E+0001    0.12907102E+0001     12483
   250   -0.39188116E+0001   -0.39244512E+0001    0.13360167E+0001     12560
   300   -0.39185400E+0001   -0.39259283E+0001    0.12344818E+0001     12928
   350   -0.39186891E+0001   -0.39263616E+0001    0.12648180E+0001     13257
   400   -0.39197663E+0001   -0.39260235E+0001    0.13173366E+0001     13568
   450   -0.39198723E+0001   -0.39257162E+0001    0.13278177E+0001     13781
   500   -0.39194279E+0001   -0.39255931E+0001    0.13554188E+0001     14156
   550   -0.39188118E+0001   -0.39260675E+0001    0.13380801E+0001     14440
   600   -0.39185725E+0001   -0.39254306E+0001    0.13174831E+0001     15257
   650   -0.39189112E+0001   -0.39268296E+0001    0.13063857E+0001     15549
   700   -0.39195376E+0001   -0.39262764E+0001    0.12853586E+0001     15840
   750   -0.39198350E+0001   -0.39276853E+0001    0.12684954E+0001     16405
   800   -0.39207650E+0001   -0.39274592E+0001    0.12603526E+0001     16937
   850   -0.39219044E+0001   -0.39271335E+0001    0.12085999E+0001     17354
   900   -0.39217747E+0001   -0.39269237E+0001    0.12644924E+0001     17736
   950   -0.39215186E+0001   -0.39263291E+0001    0.12686327E+0001     18364
  1000   -0.39211429E+0001   -0.39265850E+0001    0.12947955E+0001     18700
  1050   -0.39204813E+0001   -0.39267542E+0001    0.12834501E+0001     19414
  1100   -0.39203037E+0001   -0.39264664E+0001    0.12795291E+0001     19789
  1150   -0.39205786E+0001   -0.39260817E+0001    0.12823641E+0001     20212
  1200   -0.39203128E+0001   -0.39266524E+0001    0.12235438E+0001     20975
  1250   -0.39197890E+0001   -0.39258070E+0001    0.12581840E+0001     21614
  1300   -0.39193503E+0001   -0.39256933E+0001    0.12619636E+0001     22263
  1350   -0.39192276E+0001   -0.39251844E+0001    0.12839783E+0001     22604
  1400   -0.39190442E+0001   -0.39248409E+0001    0.13005664E+0001     23154
  1450   -0.39186706E+0001   -0.39257857E+0001    0.13107781E+0001     24099
  1500   -0.39181150E+0001   -0.39242235E+0001    0.13371737E+0001     24472
  1550   -0.39174493E+0001   -0.39243382E+0001    0.13315486E+0001     24847
  1600   -0.39172706E+0001   -0.39256767E+0001    0.12998518E+0001     25847
  1601   -0.39174077E+0001   -0.39174077E+0001    0.13990488E+0001     12000
  1650   -0.39204058E+0001   -0.39248352E+0001    0.12470875E+0001     12001
  1700   -0.39187821E+0001   -0.39244372E+0001    0.13088120E+0001     12338
  1750   -0.39176691E+0001   -0.39238769E+0001    0.13329341E+0001     12595
  1800   -0.39171639E+0001   -0.39230914E+0001    0.13502552E+0001     13030
  1850   -0.39171192E+0001   -0.39238743E+0001    0.13658260E+0001     13234
  1900   -0.39171739E+0001   -0.39244874E+0001    0.13511593E+0001     13549
  1950   -0.39171481E+0001   -0.39233901E+0001    0.13474850E+0001     14008
  2000   -0.39171290E+0001   -0.39244880E+0001    0.13386250E+0001     14248
  2050   -0.39170116E+0001   -0.39242940E+0001    0.13174443E+0001     14581
  2100   -0.39166540E+0001   -0.39250498E+0001    0.13371733E+0001     14908
  2150   -0.39169477E+0001   -0.39254509E+0001    0.13369133E+0001     15386
  2200   -0.39181599E+0001   -0.39246538E+0001    0.13315101E+0001     15610
  2250   -0.39182760E+0001   -0.39240188E+0001    0.13254214E+0001     15987
  2300   -0.39181147E+0001   -0.39246813E+0001    0.13437111E+0001     16302
  2350   -0.39178390E+0001   -0.39240694E+0001    0.13186964E+0001     16679
  2400   -0.39173749E+0001   -0.39239718E+0001    0.13667972E+0001     17207
  2450   -0.39172648E+0001   -0.39244860E+0001    0.12938539E+0001     17576
  2500   -0.39177546E+0001   -0.39244961E+0001    0.13039075E+0001     17819
  2550   -0.39182239E+0001   -0.39244866E+0001    0.13029933E+0001     18362
  2600   -0.39182451E+0001   -0.39259673E+0001    0.12394071E+0001     18705
  2650   -0.39186544E+0001   -0.39268901E+0001    0.12085094E+0001     18985
  2700   -0.39208276E+0001   -0.39279896E+0001    0.12122437E+0001     19714
  2750   -0.39216510E+0001   -0.39281419E+0001    0.11995777E+0001     20424
  2800   -0.39221751E+0001   -0.39291118E+0001    0.11780475E+0001     21188
  2850   -0.39224868E+0001   -0.39298466E+0001    0.11656279E+0001     21641
  2900   -0.39228921E+0001   -0.39292942E+0001    0.11021045E+0001     22338
     1   -0.39239719E+0001   -0.39242996E+0001    0.12627905E+0001     12001
    50   -0.39219238E+0001   -0.39261745E+0001    0.12444177E+0001     12112
   100   -0.39204707E+0001   -0.39265750E+0001    0.12681211E+0001     12323
   150   -0.39197554E+0001   -0.39257552E+0001    0.12814500E+0001     12526
   200   -0.39197602E+0001   -0.39256081E+0001    0.12744223E+0001     12860
   250   -0.39197711E+0001   -0.39264279E+0001    0.13045986E+0001     12994
   300   -0.39197540E+0001   -0.39259313E+0001    0.13237257E+0001     13402
   350   -0.39195539E+0001   -0.39261255E+0001    0.12709814E+0001     13524
   400   -0.39201030E+0001   -0.39268046E+0001    0.12362852E+0001     14008
   450   -0.39211261E+0001   -0.39270254E+0001    0.12863137E+0001     14493
   500   -0.39208838E+0001   -0.39260920E+0001    0.12421402E+0001     14880
   550   -0.39202618E+0001   -0.39268522E+0001    0.12196554E+0001     15074
   600   -0.39205343E+0001   -0.39271599E+0001    0.12195983E+0001     15661
   650   -0.39213137E+0001   -0.39272775E+0001    0.12054390E+0001     16139
   700   -0.39217547E+0001   -0.39282066E+0001    0.12545119E+0001     16720
   750   -0.39218335E+0001   -0.39279740E+0001    0.12244246E+0001     17296
   800   -0.39220838E+0001   -0.39291248E+0001    0.12138870E+0001     17778
   850   -0.39228282E+0001   -0.39290043E+0001    0.12161286E+0001     18684
     1   -0.39239696E+0001   -0.39242791E+0001    0.12627905E+0001     12004
    50   -0.39217928E+0001   -0.39261562E+0001    0.12533856E+0001     12009
   100   -0.39201421E+0001   -0.39257484E+0001    0.12721098E+0001     12397
   150   -0.39189060E+0001   -0.39242342E+0001    0.13265976E+0001     12555
   200   -0.39181479E+0001   -0.39238702E+0001    0.13335728E+0001     12711
   250   -0.39176952E+0001   -0.39241924E+0001    0.13472156E+0001     12948
   300   -0.39172618E+0001   -0.39241683E+0001    0.13573648E+0001     13253
   350   -0.39176146E+0001   -0.39262008E+0001    0.12407085E+0001     13546
   400   -0.39191358E+0001   -0.39268862E+0001    0.12086090E+0001     13919
   450   -0.39216300E+0001   -0.39276374E+0001    0.12333008E+0001     14254
   500   -0.39222580E+0001   -0.39274019E+0001    0.12136163E+0001     14628
   550   -0.39217944E+0001   -0.39271258E+0001    0.12129303E+0001     14947
   600   -0.39218899E+0001   -0.39278313E+0001    0.12307098E+0001     15273
   650   -0.39223217E+0001   -0.39282780E+0001    0.11931049E+0001     15867
   700   -0.39226155E+0001   -0.39281136E+0001    0.11619091E+0001     16402
   750   -0.39228789E+0001   -0.39289335E+0001    0.11686089E+0001     16815
   800   -0.39234898E+0001   -0.39299586E+0001    0.11665105E+0001     17435
   850   -0.39237067E+0001   -0.39301544E+0001    0.11483378E+0001     17589
   900   -0.39238129E+0001   -0.39298871E+0001    0.11448062E+0001     18005
   950   -0.39239907E+0001   -0.39305188E+0001    0.11458052E+0001     17991
     1   -0.39239669E+0001   -0.39242997E+0001    0.12627905E+0001     11997
    50   -0.39217298E+0001   -0.39261525E+0001    0.12346880E+0001     12018
   100   -0.39199262E+0001   -0.39254422E+0001    0.13105637E+0001     11975
   150   -0.39184530E+0001   -0.39243352E+0001    0.12932175E+0001     12014
   200   -0.39173424E+0001   -0.39237276E+0001    0.13238693E+0001     12388
   250   -0.39165689E+0001   -0.39232683E+0001    0.13461792E+0001     12548
   300   -0.39161212E+0001   -0.39223763E+0001    0.13978664E+0001     12808
   350   -0.39155782E+0001   -0.39221193E+0001    0.14095068E+0001     13154
   400   -0.39149691E+0001   -0.39214665E+0001    0.14285259E+0001     13404
   450   -0.39141099E+0001   -0.39206749E+0001    0.14444347E+0001     14179
   500   -0.39124681E+0001   -0.39182775E+0001    0.14688086E+0001     14410
   550   -0.39111999E+0001   -0.39177767E+0001    0.14822685E+0001     15009
   600   -0.39094205E+0001   -0.39152656E+0001    0.14997219E+0001     15533
   650   -0.39077851E+0001   -0.39156307E+0001    0.15250563E+0001     15861
   700   -0.39063538E+0001   -0.39146948E+0001    0.15168047E+0001     16515
   750   -0.39051858E+0001   -0.39142833E+0001    0.15496119E+0001     17085
   800   -0.39040715E+0001   -0.39130273E+0001    0.15457470E+0001     17351
   850   -0.39029616E+0001   -0.39130843E+0001    0.15475891E+0001     17907
   900   -0.39013139E+0001   -0.39109643E+0001    0.16132088E+0001     18331
   950   -0.38990884E+0001   -0.39105061E+0001    0.16335887E+0001     18426
  1000   -0.38971660E+0001   -0.39072799E+0001    0.16540455E+0001     18896
  1050   -0.38949135E+0001   -0.39064581E+0001    0.16693389E+0001     19191
  1100   -0.38928594E+0001   -0.39046539E+0001    0.16878100E+0001     19794
  1150   -0.38904530E+0001   -0.39044040E+0001    0.17040833E+0001     20168
  1200   -0.38874975E+0001   -0.38986587E+0001    0.17360846E+0001     20346
  1250   -0.38846323E+0001   -0.38957795E+0001    0.17339774E+0001     20679
  1300   -0.38821609E+0001   -0.38944300E+0001    0.17345696E+0001     20957
  1350   -0.38791167E+0001   -0.38911857E+0001    0.17504290E+0001     21291
  1400   -0.38757371E+0001   -0.38890476E+0001    0.17715456E+0001     21558
  1450   -0.38724989E+0001   -0.38868050E+0001    0.17951030E+0001     22325
  1500   -0.38698577E+0001   -0.38839505E+0001    0.18090887E+0001     22635
  1550   -0.38665030E+0001   -0.38812310E+0001    0.18176399E+0001     23235
  1600   -0.38623091E+0001   -0.38784712E+0001    0.18444536E+0001     23655
  1601   -0.38625459E+0001   -0.38625459E+0001    0.18231203E+0001     12000
  1650   -0.38675088E+0001   -0.38737170E+0001    0.18093898E+0001     12024
  1700   -0.38629339E+0001   -0.38709312E+0001    0.18220808E+0001     11993
  1750   -0.38584470E+0001   -0.38683927E+0001    0.18452612E+0001     12172
  1800   -0.38537534E+0001   -0.38650570E+0001    0.18536551E+0001     12304
  1850   -0.38490313E+0001   -0.38630223E+0001    0.18548927E+0001     12508
  1900   -0.38446122E+0001   -0.38593050E+0001    0.18706244E+0001     12843
  1950   -0.38398285E+0001   -0.38556533E+0001    0.18778110E+0001     12991
  2000   -0.38350661E+0001   -0.38504731E+0001    0.18824776E+0001     13323
  2050   -0.38303148E+0001   -0.38462207E+0001    0.18744136E+0001     13430
  2100   -0.38254856E+0001   -0.38440203E+0001    0.18855075E+0001     13739
  2150   -0.38206682E+0001   -0.38405504E+0001    0.18926238E+0001     13988
  2200   -0.38156775E+0001   -0.38352662E+0001    0.18948494E+0001     14233
  2250   -0.38104274E+0001   -0.38280796E+0001    0.19010958E+0001     14575
  2300   -0.38059268E+0001   -0.38246239E+0001    0.19032400E+0001     14607
  2350   -0.38015717E+0001   -0.38172098E+0001    0.18943872E+0001     15112
  2400   -0.37969481E+0001   -0.38142556E+0001    0.19084186E+0001     15381
  2450   -0.37925798E+0001   -0.38108730E+0001    0.19143899E+0001     15590
  2500   -0.37881611E+0001   -0.38062237E+0001    0.19222400E+0001     15725
  2550   -0.37838453E+0001   -0.38000829E+0001    0.19243235E+0001     15884
  2600   -0.37796859E+0001   -0.37949424E+0001    0.19227418E+0001     16060
  2650   -0.37757997E+0001   -0.37914808E+0001    0.19134771E+0001     16438
  2700   -0.37721688E+0001   -0.37897837E+0001    0.19253226E+0001     16816
  2750   -0.37690701E+0001   -0.37855423E+0001    0.19273318E+0001     17213
  2800   -0.37656925E+0001   -0.37814930E+0001    0.19367612E+0001     17292
  2850   -0.37615814E+0001   -0.37769414E+0001    0.19443320E+0001     17508
  2900   -0.37569311E+0001   -0.37718959E+0001    0.19518342E+0001     17550
  2950   -0.37518590E+0001   -0.37677143E+0001    0.19547772E+0001     17975
  3000   -0.37467149E+0001   -0.37635483E+0001    0.19692933E+0001     18051
  3050   -0.37416453E+0001   -0.37590991E+0001    0.19741167E+0001     18511
  3100   -0.37372204E+0001   -0.37538212E+0001    0.19758275E+0001     19068
  3150   -0.37326448E+0001   -0.37516457E+0001    0.19894278E+0001     19473
  3200   -0.37276927E+0001   -0.37457295E+0001    0.19849395E+0001     19978
  3201   -0.37279693E+0001   -0.37279693E+0001    0.19839234E+0001     12000
  3250   -0.37339441E+0001   -0.37418913E+0001    0.19680227E+0001     11976
  3300   -0.37288235E+0001   -0.37396067E+0001    0.19807018E+0001     11841
  3350   -0.37238453E+0001   -0.37376567E+0001    0.19975289E+0001     12189
  3400   -0.37191314E+0001   -0.37329697E+0001    0.20036578E+0001     12766
  3450   -0.37145592E+0001   -0.37309505E+0001    0.20120731E+0001     12912
  3500   -0.37099968E+0001   -0.37270546E+0001    0.20134037E+0001     13339
  3550   -0.37055503E+0001   -0.37257157E+0001    0.20241000E+0001     13694
  3600   -0.37014414E+0001   -0.37210880E+0001    0.20248120E+0001     14080
  3650   -0.36977164E+0001   -0.37176554E+0001    0.20348926E+0001     14502
  3700   -0.36943790E+0001   -0.37150626E+0001    0.20520907E+0001     15124
  3750   -0.36912787E+0001   -0.37105139E+0001    0.20612763E+0001     15306
  3800   -0.36881499E+0001   -0.37077321E+0001    0.20727895E+0001     15688
  3850   -0.36845117E+0001   -0.37024848E+0001    0.20739486E+0001     16033
  3900   -0.36804644E+0001   -0.36994339E+0001    0.20942533E+0001     16338
  3950   -0.36762857E+0001   -0.36956592E+0001    0.20918447E+0001     16640
  4000   -0.36720198E+0001   -0.36912028E+0001    0.20973547E+0001     16940
  4050   -0.36677711E+0001   -0.36880059E+0001    0.21060206E+0001     17349
  4100   -0.36637543E+0001   -0.36832361E+0001    0.21273935E+0001     17543
  4150   -0.36596058E+0001   -0.36783562E+0001    0.21321050E+0001     17956
  4200   -0.36552756E+0001   -0.36747495E+0001    0.21319113E+0001     18114
  4250   -0.36505810E+0001   -0.36693629E+0001    0.21181353E+0001     18269
  4300   -0.36453094E+0001   -0.36658690E+0001    0.21338610E+0001     19180
  4350   -0.36397515E+0001   -0.36615060E+0001    0.21344860E+0001     19535
  4400   -0.36340458E+0001   -0.36555524E+0001    0.21322788E+0001     20155
  4450   -0.36286445E+0001   -0.36497771E+0001    0.21446531E+0001     20222
  4500   -0.36233075E+0001   -0.36455062E+0001    0.21491663E+0001     20436
  4550   -0.36183622E+0001   -0.36400861E+0001    0.21375480E+0001     20870
  4600   -0.36136388E+0001   -0.36341097E+0001    0.21483812E+0001     21188
  4650   -0.36087437E+0001   -0.36307258E+0001    0.21402048E+0001     21559
  4700   -0.36041334E+0001   -0.36189555E+0001    0.21581331E+0001     21918
  4750   -0.35996144E+0001   -0.36155639E+0001    0.21476805E+0001     22496
  4800   -0.35947264E+0001   -0.36120005E+0001    0.21579271E+0001     23093
  4801   -0.35950613E+0001   -0.35950613E+0001    0.21828819E+0001     12000
  4850   -0.36025107E+0001   -0.36094064E+0001    0.21329124E+0001     11990
  4900   -0.35969909E+0001   -0.36080263E+0001    0.21565995E+0001     12200
  4950   -0.35918740E+0001   -0.36033243E+0001    0.21566874E+0001     12305
  5000   -0.35869975E+0001   -0.36002534E+0001    0.21727394E+0001     12294
  5050   -0.35822758E+0001   -0.35957939E+0001    0.21693700E+0001     12344
  5100   -0.35777425E+0001   -0.35912366E+0001    0.21731214E+0001     12624
  5150   -0.35736455E+0001   -0.35893729E+0001    0.21658662E+0001     12872
  5200   -0.35699332E+0001   -0.35846927E+0001    0.21843470E+0001     12872
  5250   -0.35660541E+0001   -0.35802170E+0001    0.21862789E+0001     13172
  5300   -0.35617298E+0001   -0.35746326E+0001    0.21848289E+0001     13588
  5350   -0.35574735E+0001   -0.35703551E+0001    0.21739489E+0001     13932
  5400   -0.35529553E+0001   -0.35665475E+0001    0.21695175E+0001     14181
  5450   -0.35482941E+0001   -0.35627806E+0001    0.21699871E+0001     14530
  5500   -0.35434398E+0001   -0.35591172E+0001    0.21744932E+0001     15074
  5550   -0.35387605E+0001   -0.35554638E+0001    0.21749060E+0001     15330
  5600   -0.35346890E+0001   -0.35513306E+0001    0.21748843E+0001     15565
  5650   -0.35302151E+0001   -0.35487415E+0001    0.21801439E+0001     15542
  5700   -0.35255846E+0001   -0.35465556E+0001    0.21857824E+0001     15940
  5750   -0.35208579E+0001   -0.35392261E+0001    0.21865921E+0001     16284
  5800   -0.35158316E+0001   -0.35358265E+0001    0.21781625E+0001     16544
  5850   -0.35107712E+0001   -0.35280017E+0001    0.21688376E+0001     16794
  5900   -0.35059186E+0001   -0.35275671E+0001    0.21581955E+0001     17153
  5950   -0.35017420E+0001   -0.35218386E+0001    0.21577705E+0001     17564
  6000   -0.34974098E+0001   -0.35164643E+0001    0.21400421E+0001     17945
  6050   -0.34939600E+0001   -0.35127982E+0001    0.21229757E+0001     18117
  6100   -0.34908160E+0001   -0.35093358E+0001    0.21346826E+0001     18560
  6150   -0.34876887E+0001   -0.35065021E+0001    0.21178864E+0001     18972
  6200   -0.34839989E+0001   -0.35013902E+0001    0.21122077E+0001     19362
  6250   -0.34799452E+0001   -0.34968835E+0001    0.20956737E+0001     19790
  6300   -0.34750983E+0001   -0.34945759E+0001    0.20887276E+0001     20321
  6350   -0.34697814E+0001   -0.34874605E+0001    0.20879779E+0001     20536
  6400   -0.34640568E+0001   -0.34835823E+0001    0.20512837E+0001     20801
  6401   -0.34643753E+0001   -0.34643753E+0001    0.21013778E+0001     12000
  6450   -0.34714458E+0001   -0.34793107E+0001    0.20678023E+0001     12025
  6500   -0.34663855E+0001   -0.34779651E+0001    0.20604906E+0001     12249
  6550   -0.34616110E+0001   -0.34751292E+0001    0.20523512E+0001     12433
  6600   -0.34570767E+0001   -0.34698969E+0001    0.20207550E+0001     12575
  6650   -0.34525987E+0001   -0.34660451E+0001    0.19964440E+0001     12650
  6700   -0.34477053E+0001   -0.34640627E+0001    0.20009731E+0001     12659
  6750   -0.34426232E+0001   -0.34565778E+0001    0.19771640E+0001     12956
  6800   -0.34376528E+0001   -0.34519399E+0001    0.19537408E+0001     13324
  6850   -0.34332461E+0001   -0.34458080E+0001    0.19382699E+0001     13806
  6900   -0.34289323E+0001   -0.34438710E+0001    0.19362785E+0001     13940
  6950   -0.34244365E+0001   -0.34414316E+0001    0.19435136E+0001     14134
  7000   -0.34200569E+0001   -0.34347803E+0001    0.19079688E+0001     14338
  7050   -0.34156809E+0001   -0.34322402E+0001    0.19031643E+0001     14809
  7100   -0.34117285E+0001   -0.34296904E+0001    0.18837687E+0001     14936
  7150   -0.34080357E+0001   -0.34262947E+0001    0.18667992E+0001     15189
  7200   -0.34042642E+0001   -0.34212014E+0001    0.18530974E+0001     15696
  7250   -0.34003508E+0001   -0.34158521E+0001    0.18272141E+0001     16111
  7300   -0.33965789E+0001   -0.34116149E+0001    0.18141917E+0001     16538
  7350   -0.33930684E+0001   -0.34088727E+0001    0.18127153E+0001     16852
  7400   -0.33899391E+0001   -0.34061569E+0001    0.18068314E+0001     17155
  7450   -0.33874463E+0001   -0.34062081E+0001    0.17942372E+0001     17327
  7500   -0.33855910E+0001   -0.34034198E+0001    0.17530736E+0001     17674
  7550   -0.33839366E+0001   -0.34005352E+0001    0.17294094E+0001     17792
  7600   -0.33830140E+0001   -0.33979309E+0001    0.17020937E+0001     18254
  7650   -0.33819552E+0001   -0.33956542E+0001    0.16934896E+0001     18602
  7700   -0.33804811E+0001   -0.33938668E+0001    0.16771339E+0001     18905
  7750   -0.33784055E+0001   -0.33925754E+0001    0.16717718E+0001     19323
  7800   -0.33760662E+0001   -0.33906846E+0001    0.16653632E+0001     19476
  7850   -0.33736770E+0001   -0.33884625E+0001    0.16507582E+0001     19887
  7900   -0.33715912E+0001   -0.33859683E+0001    0.16334537E+0001     20097
  7950   -0.33696447E+0001   -0.33843984E+0001    0.16148224E+0001     20527
  8000   -0.33674049E+0001   -0.33829353E+0001    0.15914078E+0001     20803
  8001   -0.33675932E+0001   -0.33675932E+0001    0.16330577E+0001     12000
  8050   -0.33719388E+0001   -0.33773730E+0001    0.15908851E+0001     12008
  8100   -0.33692298E+0001   -0.33769386E+0001    0.15738418E+0001     12321
  8150   -0.33667528E+0001   -0.33763444E+0001    0.15844455E+0001     12301
  8200   -0.33642939E+0001   -0.33758821E+0001    0.15354966E+0001     12428
  8250   -0.33617687E+0001   -0.33738392E+0001    0.15240539E+0001     12514
  8300   -0.33593943E+0001   -0.33707161E+0001    0.15414968E+0001     12843
  8350   -0.33572246E+0001   -0.33689441E+0001    0.14957603E+0001     13200
  8400   -0.33550879E+0001   -0.33670184E+0001    0.15036186E+0001     13502
  8450   -0.33531955E+0001   -0.33654031E+0001    0.14860895E+0001     13621
  8500   -0.33514057E+0001   -0.33666109E+0001    0.14867548E+0001     13734
  8550   -0.33495720E+0001   -0.33633037E+0001    0.14384356E+0001     14041
  8600   -0.33478280E+0001   -0.33633093E+0001    0.13930750E+0001     14289
  8650   -0.33459922E+0001   -0.33595316E+0001    0.13741991E+0001     14588
  8700   -0.33442318E+0001   -0.33567107E+0001    0.13772468E+0001     15084
  8750   -0.33427689E+0001   -0.33544867E+0001    0.13528588E+0001     15547
  8800   -0.33415257E+0001   -0.33542661E+0001    0.13294188E+0001     15949
  8850   -0.33402490E+0001   -0.33509268E+0001    0.12957682E+0001     16150
  8900   -0.33387504E+0001   -0.33505604E+0001    0.12859101E+0001     16543
  8950   -0.33371729E+0001   -0.33503298E+0001    0.12828280E+0001     16941
  9000   -0.33354714E+0001   -0.33471149E+0001    0.12451406E+0001     17181
  9050   -0.33337287E+0001   -0.33459375E+0001    0.12237888E+0001     17368
  9100   -0.33319906E+0001   -0.33438091E+0001    0.12230795E+0001     17597
  9150   -0.33303887E+0001   -0.33417634E+0001    0.11985441E+0001     17963
  9200   -0.33287127E+0001   -0.33422026E+0001    0.11683745E+0001     18571
  9250   -0.33268248E+0001   -0.33387281E+0001    0.11346217E+0001     19104
  9300   -0.33249268E+0001   -0.33375162E+0001    0.11128740E+0001     19455
  9350   -0.33231290E+0001   -0.33339865E+0001    0.11004464E+0001     19693
  9400   -0.33212350E+0001   -0.33328734E+0001    0.10917545E+0001     19911
  9450   -0.33189135E+0001   -0.33318101E+0001    0.10651910E+0001     20280
  9500   -0.33167573E+0001   -0.33294700E+0001    0.10469832E+0001     20564
  9550   -0.33148616E+0001   -0.33267138E+0001    0.10510423E+0001     20939
  9600   -0.33131697E+0001   -0.33245423E+0001    0.10210284E+0001     21182
  9601   -0.33132438E+0001   -0.33132438E+0001    0.10200930E+0001     12000
  9650   -0.33149639E+0001   -0.33189174E+0001    0.10185580E+0001     12008
  9700   -0.33138325E+0001   -0.33183711E+0001    0.10199445E+0001     12071
  9750   -0.33126943E+0001   -0.33183262E+0001    0.10282234E+0001     12066
  9800   -0.33115036E+0001   -0.33175762E+0001    0.10069447E+0001     12116
  9850   -0.33102380E+0001   -0.33177761E+0001    0.10088434E+0001     12239
  9900   -0.33089653E+0001   -0.33169881E+0001    0.98350944E+0000     12324
  9950   -0.33077152E+0001   -0.33164538E+0001    0.98288613E+0000     12575
 10000   -0.33064903E+0001   -0.33163644E+0001    0.95498418E+0000     12649
 10050   -0.33053236E+0001   -0.33155126E+0001    0.95425152E+0000     12893
 10100   -0.33041182E+0001   -0.33139141E+0001    0.96656987E+0000     13204
 10150   -0.33029264E+0001   -0.33118962E+0001    0.95428992E+0000     13238
 10200   -0.33016775E+0001   -0.33110995E+0001    0.93250446E+0000     13490
 10250   -0.33004987E+0001   -0.33112305E+0001    0.91194233E+0000     13752
 10300   -0.32992085E+0001   -0.33085683E+0001    0.91026086E+0000     14069
 10350   -0.32979256E+0001   -0.33071524E+0001    0.89457021E+0000     14285
 10400   -0.32966534E+0001   -0.33061395E+0001    0.85509428E+0000     14283
 10450   -0.32951007E+0001   -0.33048795E+0001    0.85052186E+0000     14633
 10500   -0.32933750E+0001   -0.33037975E+0001    0.82606415E+0000     14944
 10550   -0.32915857E+0001   -0.33039148E+0001    0.83083834E+0000     15002
 10600   -0.32900038E+0001   -0.33019468E+0001    0.83003480E+0000     15246
 10650   -0.32886107E+0001   -0.32990612E+0001    0.79677920E+0000     15566
 10700   -0.32873903E+0001   -0.32975355E+0001    0.80140314E+0000     15615
 10750   -0.32862756E+0001   -0.32952207E+0001    0.81629899E+0000     15893
 10800   -0.32852602E+0001   -0.32943073E+0001    0.79176579E+0000     16137
 10850   -0.32842787E+0001   -0.32917731E+0001    0.77446567E+0000     16376
 10900   -0.32832871E+0001   -0.32908961E+0001    0.79910897E+0000     16195
 10950   -0.32823790E+0001   -0.32905812E+0001    0.77466980E+0000     16336
 11000   -0.32814807E+0001   -0.32903709E+0001    0.76560107E+0000     16387
 11050   -0.32804170E+0001   -0.32895235E+0001    0.71364926E+0000     16604
 11100   -0.32793374E+0001   -0.32880484E+0001    0.75305711E+0000     16726
 11150   -0.32782547E+0001   -0.32858103E+0001    0.73528451E+0000     16837
 11200   -0.32772937E+0001   -0.32844814E+0001    0.73682922E+0000     16864
 11201   -0.32773288E+0001   -0.32773288E+0001    0.70016219E+0000     12000
 11250   -0.32781739E+0001   -0.32803794E+0001    0.70503723E+0000     11933
 11300   -0.32776693E+0001   -0.32807181E+0001    0.70985988E+0000     12157
 11350   -0.32770976E+0001   -0.32808179E+0001    0.72136899E+0000     12258
 11400   -0.32765248E+0001   -0.32818388E+0001    0.70745176E+0000     12591
 11450   -0.32759434E+0001   -0.32809802E+0001    0.70282377E+0000     12734
 11500   -0.32753358E+0001   -0.32803185E+0001    0.69496535E+0000     12719
 11550   -0.32747261E+0001   -0.32808412E+0001    0.68871344E+0000     12907
 11600   -0.32739905E+0001   -0.32803300E+0001    0.69422370E+0000     13097
 11650   -0.32732155E+0001   -0.32793403E+0001    0.67475713E+0000     13155
 11700   -0.32724073E+0001   -0.32783928E+0001    0.66908903E+0000     13431
 11750   -0.32716858E+0001   -0.32780642E+0001    0.69113466E+0000     13637
 11800   -0.32710727E+0001   -0.32776569E+0001    0.67174460E+0000     13800
 11850   -0.32705478E+0001   -0.32770203E+0001    0.66128335E+0000     14120
 11900   -0.32699527E+0001   -0.32768566E+0001    0.64205924E+0000     14393
 11950   -0.32691542E+0001   -0.32761198E+0001    0.66506370E+0000     14567
 12000   -0.32683955E+0001   -0.32750517E+0001    0.65650314E+0000     14959
 12050   -0.32677727E+0001   -0.32747989E+0001    0.64962260E+0000     14937
 12100   -0.32672009E+0001   -0.32758207E+0001    0.63066168E+0000     14966
 12150   -0.32666033E+0001   -0.32755642E+0001    0.60686122E+0000     15125
 12200   -0.32660283E+0001   -0.32750987E+0001    0.61651666E+0000     15451
 12250   -0.32654427E+0001   -0.32721889E+0001    0.61066616E+0000     15750
 12300   -0.32648737E+0001   -0.32709910E+0001    0.60496726E+0000     15841
 12350   -0.32642541E+0001   -0.32711125E+0001    0.58361859E+0000     16057
 12400   -0.32636703E+0001   -0.32710068E+0001    0.60277728E+0000     16304
 12450   -0.32631303E+0001   -0.32692066E+0001    0.56008942E+0000     16802
 12500   -0.32625902E+0001   -0.32690291E+0001    0.60010416E+0000     16925
 12550   -0.32619494E+0001   -0.32685262E+0001    0.57247893E+0000     17172
 12600   -0.32613028E+0001   -0.32681944E+0001    0.56545282E+0000     17480
 12650   -0.32607475E+0001   -0.32676390E+0001    0.53740004E+0000     17906
 12700   -0.32602093E+0001   -0.32670893E+0001    0.54793488E+0000     18544
 12750   -0.32596988E+0001   -0.32671985E+0001    0.56504889E+0000     18828
 12800   -0.32591961E+0001   -0.32657479E+0001    0.54599343E+0000     19201
 12801   -0.32592152E+0001   -0.32592152E+0001    0.51863571E+0000     12000
 12850   -0.32596832E+0001   -0.32612344E+0001    0.52877403E+0000     12005
 12900   -0.32594287E+0001   -0.32615830E+0001    0.54173209E+0000     12218
 12950   -0.32591586E+0001   -0.32617573E+0001    0.54176774E+0000     12252
 13000   -0.32588851E+0001   -0.32619630E+0001    0.56989066E+0000     12405
 13050   -0.32585994E+0001   -0.32623839E+0001    0.55492477E+0000     12555
 13100   -0.32582909E+0001   -0.32622349E+0001    0.54617138E+0000     12648
 13150   -0.32580043E+0001   -0.32618934E+0001    0.53965888E+0000     12988
 13200   -0.32577083E+0001   -0.32619078E+0001    0.56231322E+0000     12873
 13250   -0.32573756E+0001   -0.32616254E+0001    0.54326409E+0000     12801
 13300   -0.32570955E+0001   -0.32619013E+0001    0.55647923E+0000     13086
 13350   -0.32567860E+0001   -0.32619010E+0001    0.53031211E+0000     13193
 13400   -0.32564630E+0001   -0.32623731E+0001    0.55697002E+0000     13200
 13450   -0.32561025E+0001   -0.32610070E+0001    0.51394910E+0000     13369
 13500   -0.32557729E+0001   -0.32605132E+0001    0.52047665E+0000     13327
 13550   -0.32555376E+0001   -0.32608030E+0001    0.51561228E+0000     13609
 13600   -0.32552421E+0001   -0.32607641E+0001    0.54102690E+0000     13963
 13650   -0.32548859E+0001   -0.32608778E+0001    0.53150804E+0000     14113
 13700   -0.32546060E+0001   -0.32600220E+0001    0.51122351E+0000     14414
 13750   -0.32543358E+0001   -0.32598875E+0001    0.50393540E+0000     14383
 13800   -0.32540200E+0001   -0.32591194E+0001    0.49961155E+0000     14252
 13850   -0.32536762E+0001   -0.32589295E+0001    0.49646224E+0000     14370
 13900   -0.32533334E+0001   -0.32586851E+0001    0.50769509E+0000     14739
 13950   -0.32530204E+0001   -0.32590467E+0001    0.51685445E+0000     14801
 14000   -0.32526564E+0001   -0.32583329E+0001    0.48667720E+0000     14764
 14050   -0.32522741E+0001   -0.32571041E+0001    0.47239280E+0000     15108
 14100   -0.32519294E+0001   -0.32566626E+0001    0.48879303E+0000     15473
 14150   -0.32515762E+0001   -0.32561017E+0001    0.48304556E+0000     15636
 14200   -0.32512684E+0001   -0.32559305E+0001    0.49602905E+0000     15901
 14250   -0.32509374E+0001   -0.32556682E+0001    0.46635575E+0000     16127
 14300   -0.32506721E+0001   -0.32557514E+0001    0.44622897E+0000     16070
 14350   -0.32504644E+0001   -0.32556669E+0001    0.48092563E+0000     16080
 14400   -0.32502188E+0001   -0.32556937E+0001    0.44338825E+0000     16619
 14450   -0.32499555E+0001   -0.32556923E+0001    0.46670681E+0000     16871
 14500   -0.32496709E+0001   -0.32554458E+0001    0.46187129E+0000     16821
 14550   -0.32493403E+0001   -0.32563244E+0001    0.44691837E+0000     17313
 14600   -0.32490215E+0001   -0.32560126E+0001    0.46199336E+0000     17323
 14650   -0.32486760E+0001   -0.32550796E+0001    0.46790245E+0000     17381
 14700   -0.32483481E+0001   -0.32548882E+0001    0.45379296E+0000     17709
 14750   -0.32480715E+0001   -0.32551702E+0001    0.45181217E+0000     18100
 14800   -0.32477598E+0001   -0.32554352E+0001    0.44117692E+0000     18112
 14850   -0.32475147E+0001   -0.32534628E+0001    0.44962110E+0000     18404
 14900   -0.32472506E+0001   -0.32537383E+0001    0.42788202E+0000     18644
 14950   -0.32468832E+0001   -0.32529530E+0001    0.42614543E+0000     18940
 15000   -0.32464692E+0001   -0.32529517E+0001    0.42389612E+0000     19230
 15050   -0.32460308E+0001   -0.32526071E+0001    0.43157376E+0000     19701
 15100   -0.32455174E+0001   -0.32519808E+0001    0.38437928E+0000     20098
 15150   -0.32450917E+0001   -0.32519249E+0001    0.37778072E+0000     20408
 15200   -0.32445396E+0001   -0.32507193E+0001    0.39552985E+0000     20614
 15250   -0.32439877E+0001   -0.32505506E+0001    0.39817052E+0000     20957
 15300   -0.32435181E+0001   -0.32503912E+0001    0.39377278E+0000     21156
 15350   -0.32431177E+0001   -0.32501688E+0001    0.39219083E+0000     21793
 15400   -0.32427244E+0001   -0.32500431E+0001    0.37333420E+0000     22152
 15450   -0.32423685E+0001   -0.32496760E+0001    0.35152133E+0000     22218
 15500   -0.32420380E+0001   -0.32493961E+0001    0.37374696E+0000     22641
 15550   -0.32417468E+0001   -0.32494659E+0001    0.37639976E+0000     22914
 15600   -0.32415151E+0001   -0.32483117E+0001    0.38923698E+0000     23028
 15650   -0.32413138E+0001   -0.32479988E+0001    0.36894606E+0000     23358
 15700   -0.32411202E+0001   -0.32482659E+0001    0.36872519E+0000     23690
 15750   -0.32409866E+0001   -0.32481873E+0001    0.37102168E+0000     23947
 15800   -0.32408451E+0001   -0.32479318E+0001    0.31149205E+0000     24626
 15850   -0.32406842E+0001   -0.32478012E+0001    0.36987110E+0000     24881
 15900   -0.32405004E+0001   -0.32479901E+0001    0.35844290E+0000     25253
 15950   -0.32403627E+0001   -0.32478951E+0001    0.34638604E+0000     25567
 16000   -0.32402510E+0001   -0.32465040E+0001    0.34360618E+0000     25965
 16001   -0.32402516E+0001   -0.32402516E+0001    0.25814134E+0000         1
 16050   -0.32398380E+0001   -0.32398380E+0001    0.56741283E+0000         1
 16100   -0.32403549E+0001   -0.32403549E+0001    0.45811010E+0000         1
 16150   -0.32410841E+0001   -0.32410841E+0001    0.37395975E+0000         1
 16200   -0.32402670E+0001   -0.32402670E+0001    0.65074604E+0000         1
 16250   -0.32409185E+0001   -0.32409185E+0001    0.60833566E+0000         1
 16300   -0.32414167E+0001   -0.32414167E+0001    0.62187048E+0000         1
 16350   -0.32422376E+0001   -0.32422376E+0001    0.52854448E+0000         1
 16400   -0.32426418E+0001   -0.32426418E+0001    0.63855073E+0000         1
 16450   -0.32434416E+0001   -0.32434416E+0001    0.64506273E+0000         1
 16500   -0.32433108E+0001   -0.32433108E+0001    0.52893931E+0000         1
 16550   -0.32437873E+0001   -0.32437873E+0001    0.47027891E+0000         1
 16600   -0.32442156E+0001   -0.32442156E+0001    0.55609181E+0000         1
 16650   -0.32453907E+0001   -0.32453907E+0001    0.49506935E+0000         1
 16700   -0.32455543E+0001   -0.32455543E+0001    0.59875016E+0000         1
 16750   -0.32457712E+0001   -0.32457712E+0001    0.55920188E+0000         1
 16800   -0.32460466E+0001   -0.32460466E+0001    0.61266299E+0000         1
 16850   -0.32469237E+0001   -0.32469237E+0001    0.62237858E+0000         1
 16900   -0.32472085E+0001   -0.32472085E+0001    0.63255510E+0000         1
 16950   -0.32479119E+0001   -0.32479119E+0001    0.63616897E+0000         1
 17000   -0.32482542E+0001   -0.32482542E+0001    0.61384309E+0000         1
 17050   -0.32489368E+0001   -0.32489368E+0001    0.63592585E+0000         1
 17100   -0.32498443E+0001   -0.32498443E+0001    0.54089353E+0000         1
 17150   -0.32495734E+0001   -0.32495734E+0001    0.63990674E+0000         1
 17200   -0.32508072E+0001   -0.32508072E+0001    0.64151525E+0000         1
 17250   -0.32524542E+0001   -0.32524542E+0001    0.60691405E+0000         1
 17300   -0.32536871E+0001   -0.32536871E+0001    0.58900394E+0000         1
 17350   -0.32532901E+0001   -0.32532901E+0001    0.81856863E+0000         1
 17400   -0.32552966E+0001   -0.32552966E+0001    0.72762742E+0000         1
 17450   -0.32558611E+0001   -0.32558611E+0001    0.77692448E+0000         1
 17500   -0.32572121E+0001   -0.32572121E+0001    0.70896865E+0000         1
 17550   -0.32594667E+0001   -0.32594667E+0001    0.72973471E+0000         1
 17600   -0.32618722E+0001   -0.32618722E+0001    0.82740784E+0000         1
 17650   -0.32637785E+0001   -0.32637785E+0001    0.84599074E+0000         1
 17700   -0.32648098E+0001   -0.32648098E+0001    0.82609199E+0000         1
 17750   -0.32671461E+0001   -0.32671461E+0001    0.78453519E+0000         1
 17800   -0.32686029E+0001   -0.32686029E+0001    0.94704165E+0000         1
 17850   -0.32717805E+0001   -0.32717805E+0001    0.86777553E+0000         1
 17900   -0.32738360E+0001   -0.32738360E+0001    0.86333799E+0000         1
 17950   -0.32757433E+0001   -0.32757433E+0001    0.95673826E+0000         1
 18000   -0.32778488E+0001   -0.32778488E+0001    0.88512268E+0000         1
 18050   -0.32800931E+0001   -0.32800931E+0001    0.94731442E+0000         1
 18100   -0.32818405E+0001   -0.32818405E+0001    0.92718489E+0000         1
 18150   -0.32844703E+0001   -0.32844703E+0001    0.95863096E+0000         1
 18200   -0.32867329E+0001   -0.32867329E+0001    0.93235523E+0000         1
 18250   -0.32900603E+0001   -0.32900603E+0001    0.98689909E+0000         1
 18300   -0.32926733E+0001   -0.32926733E+0001    0.10738950E+0001         1
 18350   -0.32947169E+0001   -0.32947169E+0001    0.10781332E+0001         1
 18400   -0.32992429E+0001   -0.32992429E+0001    0.10482448E+0001         1
 18450   -0.33026045E+0001   -0.33026045E+0001    0.10967361E+0001         1
 18500   -0.33052325E+0001   -0.33052325E+0001    0.11926945E+0001         1
 18550   -0.33111182E+0001   -0.33111182E+0001    0.12085675E+0001         1
 18600   -0.33159608E+0001   -0.33159608E+0001    0.12005114E+0001         1
 18650   -0.33215269E+0001   -0.33215269E+0001    0.12627584E+0001         1
 18700   -0.33263135E+0001   -0.33263135E+0001    0.12781010E+0001         1
 18750   -0.33317392E+0001   -0.33317392E+0001    0.14065299E+0001         1
 18800   -0.33369970E+0001   -0.33369970E+0001    0.14260379E+0001         1
 18850   -0.33450988E+0001   -0.33450988E+0001    0.14205755E+0001         1
 18900   -0.33528702E+0001   -0.33528702E+0001    0.14330506E+0001         1
 18950   -0.33593841E+0001   -0.33593841E+0001    0.15749725E+0001         1
 19000   -0.33643716E+0001   -0.33643716E+0001    0.15459121E+0001         1
 19050   -0.33698815E+0001   -0.33698815E+0001    0.16052106E+0001         1
 19100   -0.33801664E+0001   -0.33801664E+0001    0.16395458E+0001         1
 19150   -0.33901622E+0001   -0.33901622E+0001    0.16983527E+0001         1
 19200   -0.33992547E+0001   -0.33992547E+0001    0.17435644E+0001         1
 19250   -0.34094034E+0001   -0.34094034E+0001    0.17741620E+0001         1
 19300   -0.34178516E+0001   -0.34178516E+0001    0.18171214E+0001         1
 19350   -0.34314662E+0001   -0.34314662E+0001    0.18926910E+0001         1
 19400   -0.34446962E+0001   -0.34446962E+0001    0.19556825E+0001         1
 19450   -0.34550004E+0001   -0.34550004E+0001    0.19409205E+0001         1
 19500   -0.34691967E+0001   -0.34691967E+0001    0.19737395E+0001         1
 19550   -0.34808806E+0001   -0.34808806E+0001    0.19889238E+0001         1
 19600   -0.34932534E+0001   -0.34932534E+0001    0.19646208E+0001         1
 19650   -0.35046194E+0001   -0.35046194E+0001    0.19532975E+0001         1
 19700   -0.35125368E+0001   -0.35125368E+0001    0.19570764E+0001         1
 19750   -0.35241724E+0001   -0.35241724E+0001    0.19492532E+0001         1
 19800   -0.35368323E+0001   -0.35368323E+0001    0.19529140E+0001         1
 19850   -0.35469962E+0001   -0.35469962E+0001    0.19091690E+0001         1
 19900   -0.35590160E+0001   -0.35590160E+0001    0.18399075E+0001         1
 19950   -0.35683868E+0001   -0.35683868E+0001    0.18427054E+0001         1
 20000   -0.35815200E+0001   -0.35815200E+0001    0.17608800E+0001         1
 20050   -0.35929964E+0001   -0.35929964E+0001    0.17109912E+0001         1
 20100   -0.36049209E+0001   -0.36049209E+0001    0.16839661E+0001         1
 20150   -0.36133275E+0001   -0.36133275E+0001    0.16329166E+0001         1
 20200   -0.36215816E+0001   -0.36215816E+0001    0.16337345E+0001         1
 20250   -0.36283900E+0001   -0.36283900E+0001    0.16437975E+0001         1
 20300   -0.36368892E+0001   -0.36368892E+0001    0.15261069E+0001         1
 20350   -0.36456963E+0001   -0.36456963E+0001    0.15142187E+0001         1
 20400   -0.36543898E+0001   -0.36543898E+0001    0.15141732E+0001         1
 20450   -0.36630788E+0001   -0.36630788E+0001    0.15675151E+0001         1
 20500   -0.36735086E+0001   -0.36735086E+0001    0.16338132E+0001         1
 20550   -0.36834744E+0001   -0.36834744E+0001    0.16071574E+0001         1
 20600   -0.36918543E+0001   -0.36918543E+0001    0.16937712E+0001         1
 20650   -0.37027820E+0001   -0.37027820E+0001    0.16877512E+0001         1
 20700   -0.37142853E+0001   -0.37142853E+0001    0.17432844E+0001         1
 20750   -0.37232851E+0001   -0.37232851E+0001    0.17143161E+0001         1
 20800   -0.37307845E+0001   -0.37307845E+0001    0.17540580E+0001         1
 20850   -0.37416410E+0001   -0.37416410E+0001    0.18215611E+0001         1
 20900   -0.37567757E+0001   -0.37567757E+0001    0.18483366E+0001         1
 20950   -0.37716545E+0001   -0.37716545E+0001    0.19055807E+0001         1
 21000   -0.37844619E+0001   -0.37844619E+0001    0.19393164E+0001         1
 21050   -0.37963474E+0001   -0.37963474E+0001    0.19677376E+0001         1
 21100   -0.38089957E+0001   -0.38089957E+0001    0.20199777E+0001         1
 21150   -0.38263566E+0001   -0.38263566E+0001    0.20415818E+0001         1
 21200   -0.38429024E+0001   -0.38429024E+0001    0.20242128E+0001         1
 21250   -0.38548232E+0001   -0.38548232E+0001    0.20247562E+0001         1
 21300   -0.38665265E+0001   -0.38665265E+0001    0.20006648E+0001         1
 21350   -0.38784558E+0001   -0.38784558E+0001    0.19146456E+0001         1
 21400   -0.38872525E+0001   -0.38872525E+0001    0.18648309E+0001         1
 21450   -0.38963797E+0001   -0.38963797E+0001    0.17421418E+0001         1
 21500   -0.39044948E+0001   -0.39044948E+0001    0.17009747E+0001         1
 21550   -0.39116547E+0001   -0.39116547E+0001    0.15359703E+0001         1
 21600   -0.39195892E+0001   -0.39195892E+0001    0.13937877E+0001         1
 21650   -0.39226954E+0001   -0.39226954E+0001    0.13101438E+0001         1
 21700   -0.39266723E+0001   -0.39266723E+0001    0.11723633E+0001         1
 21750   -0.39302759E+0001   -0.39302759E+0001    0.10320831E+0001         1
 21800   -0.39316187E+0001   -0.39316187E+0001    0.98530925E+0000         1
 21850   -0.39344535E+0001   -0.39344535E+0001    0.78602116E+0000         1
 21900   -0.39355222E+0001   -0.39355222E+0001    0.69307954E+0000         1
 21950   -0.39365478E+0001   -0.39365478E+0001    0.64864299E+0000         1
 22000   -0.39376934E+0001   -0.39376934E+0001    0.53135943E+0000         1
 22050   -0.39373166E+0001   -0.39373166E+0001    0.66828205E+0000         1
 22100   -0.39377076E+0001   -0.39377076E+0001    0.62246550E+0000         1
 22150   -0.39379269E+0001   -0.39379269E+0001    0.61483187E+0000         1
 22200   -0.39388534E+0001   -0.39388534E+0001    0.49022209E+0000         1
 22250   -0.39390708E+0001   -0.39390708E+0001    0.41430417E+0000         1
 22300   -0.39392681E+0001   -0.39392681E+0001    0.46580133E+0000         1
 22350   -0.39394748E+0001   -0.39394748E+0001    0.35587198E+0000         1
 22400   -0.39394846E+0001   -0.39394846E+0001    0.42613729E+0000         1
 22450   -0.39390369E+0001   -0.39390369E+0001    0.56076320E+0000         1
 22500   -0.39388338E+0001   -0.39388338E+0001    0.54210379E+0000         1
 22550   -0.39392069E+0001   -0.39392069E+0001    0.54313041E+0000         1
 22600   -0.39393953E+0001   -0.39393953E+0001    0.44567775E+0000         1
 22650   -0.39390232E+0001   -0.39390232E+0001    0.53553832E+0000         1
 22700   -0.39396703E+0001   -0.39396703E+0001    0.39232900E+0000         1
 22750   -0.39393797E+0001   -0.39393797E+0001    0.38416231E+0000         1
 22800   -0.39383963E+0001   -0.39383963E+0001    0.65655460E+0000         1
 22850   -0.39388777E+0001   -0.39388777E+0001    0.61946699E+0000         1
 22900   -0.39394852E+0001   -0.39394852E+0001    0.33284849E+0000         1
 22950   -0.39394569E+0001   -0.39394569E+0001    0.35330944E+0000         1
 23000   -0.39387466E+0001   -0.39387466E+0001    0.61509199E+0000         1
 23050   -0.39387266E+0001   -0.39387266E+0001    0.64784316E+0000         1
 23100   -0.39391567E+0001   -0.39391567E+0001    0.36856674E+0000         1
 23150   -0.39383333E+0001   -0.39383333E+0001    0.60036095E+0000         1
 23200   -0.39388065E+0001   -0.39388065E+0001    0.50665908E+0000         1
 23250   -0.39388456E+0001   -0.39388456E+0001    0.53963090E+0000         1
 23300   -0.39390862E+0001   -0.39390862E+0001    0.52815263E+0000         1
 23350   -0.39391391E+0001   -0.39391391E+0001    0.50161132E+0000         1
 23400   -0.39391956E+0001   -0.39391956E+0001    0.49038279E+0000         1
 23450   -0.39390257E+0001   -0.39390257E+0001    0.48662188E+0000         1
 23500   -0.39391700E+0001   -0.39391700E+0001    0.40969372E+0000         1
 23550   -0.39394694E+0001   -0.39394694E+0001    0.34238697E+0000         1
 23600   -0.39386903E+0001   -0.39386903E+0001    0.59108358E+0000         1
 23650   -0.39387250E+0001   -0.39387250E+0001    0.68943765E+0000         1
 23700   -0.39391206E+0001   -0.39391206E+0001    0.53151508E+0000         1
 23750   -0.39385640E+0001   -0.39385640E+0001    0.67591248E+0000         1
 23800   -0.39394957E+0001   -0.39394957E+0001    0.33644285E+0000         1
 23850   -0.39393716E+0001   -0.39393716E+0001    0.48658714E+0000         1
 23900   -0.39393478E+0001   -0.39393478E+0001    0.48207725E+0000         1
 23950   -0.39388859E+0001   -0.39388859E+0001    0.52498958E+0000         1
 24000   -0.39388748E+0001   -0.39388748E+0001    0.47696445E+0000         1
 24050   -0.39382890E+0001   -0.39382890E+0001    0.64085767E+0000         1
 24100   -0.39390025E+0001   -0.39390025E+0001    0.41819119E+0000         1
 24150   -0.39386658E+0001   -0.39386658E+0001    0.60877399E+0000         1
 24200   -0.39390547E+0001   -0.39390547E+0001    0.48472975E+0000         1
 24250   -0.39383984E+0001   -0.39383984E+0001    0.60494214E+0000         1
 24300   -0.39384365E+0001   -0.39384365E+0001    0.59233248E+0000         1
 24350   -0.39390206E+0001   -0.39390206E+0001    0.45693987E+0000         1
 24400   -0.39390701E+0001   -0.39390701E+0001    0.43601854E+0000         1
 24450   -0.39387295E+0001   -0.39387295E+0001    0.60269763E+0000         1
 24500   -0.39386071E+0001   -0.39386071E+0001    0.60072333E+0000         1
 24550   -0.39389175E+0001   -0.39389175E+0001    0.51319873E+0000         1
 24600   -0.39393278E+0001   -0.39393278E+0001    0.38917769E+0000         1
 24650   -0.39391171E+0001   -0.39391171E+0001    0.55997265E+0000         1
 24700   -0.39386920E+0001   -0.39386920E+0001    0.56631698E+0000         1
 24750   -0.39389586E+0001   -0.39389586E+0001    0.48663816E+0000         1
 24800   -0.39390227E+0001   -0.39390227E+0001    0.52039079E+0000         1
 24850   -0.39390345E+0001   -0.39390345E+0001    0.46738057E+0000         1
 24900   -0.39385916E+0001   -0.39385916E+0001    0.56896779E+0000         1
 24950   -0.39386860E+0001   -0.39386860E+0001    0.54541289E+0000         1
 25000   -0.39386307E+0001   -0.39386307E+0001    0.63626836E+0000         1
 25050   -0.39393020E+0001   -0.39393020E+0001    0.47410992E+0000         1
 25100   -0.39388206E+0001   -0.39388206E+0001    0.59674376E+0000         1
 25150   -0.39393180E+0001   -0.39393180E+0001    0.40336650E+0000         1
 25200   -0.39393517E+0001   -0.39393517E+0001    0.48060050E+0000         1
 25250   -0.39390684E+0001   -0.39390684E+0001    0.56898868E+0000         1
 25300   -0.39393706E+0001   -0.39393706E+0001    0.35190324E+0000         1
 25350   -0.39393333E+0001   -0.39393333E+0001    0.36399513E+0000         1
 25400   -0.39390350E+0001   -0.39390350E+0001    0.41357001E+0000         1
 25450   -0.39393032E+0001   -0.39393032E+0001    0.44250476E+0000         1
 25500   -0.39389594E+0001   -0.39389594E+0001    0.47260342E+0000         1
 25550   -0.39394289E+0001   -0.39394289E+0001    0.38776497E+0000         1
 25600   -0.39391917E+0001   -0.39391917E+0001    0.45862249E+0000         1
 25650   -0.39389405E+0001   -0.39389405E+0001    0.58883183E+0000         1
 25700   -0.39388394E+0001   -0.39388394E+0001    0.58158321E+0000         1
 25750   -0.39381200E+0001   -0.39381200E+0001    0.58687854E+0000         1
 25800   -0.39385500E+0001   -0.39385500E+0001    0.49419792E+0000         1
 25850   -0.39387131E+0001   -0.39387131E+0001    0.52823113E+0000         1
 25900   -0.39385481E+0001   -0.39385481E+0001    0.58098684E+0000         1
 25950   -0.39391404E+0001   -0.39391404E+0001    0.54004246E+0000         1
 26000   -0.39392998E+0001   -0.39392998E+0001    0.45507603E+0000         1
 26050   -0.39391250E+0001   -0.39391250E+0001    0.61118163E+0000         1
 26100   -0.39394469E+0001   -0.39394469E+0001    0.44783232E+0000         1
 26150   -0.39392454E+0001   -0.39392454E+0001    0.46180880E+0000         1
 26200   -0.39392383E+0001   -0.39392383E+0001    0.49953018E+0000         1
 26250   -0.39392630E+0001   -0.39392630E+0001    0.44425946E+0000         1
 26300   -0.39391678E+0001   -0.39391678E+0001    0.53902943E+0000         1
 26350   -0.39389217E+0001   -0.39389217E+0001    0.58987816E+0000         1
 26400   -0.39384968E+0001   -0.39384968E+0001    0.63117367E+0000         1
 26450   -0.39391047E+0001   -0.39391047E+0001    0.47245537E+0000         1
 26500   -0.39396038E+0001   -0.39396038E+0001    0.25963801E+0000         1
 26550   -0.39395599E+0001   -0.39395599E+0001    0.36169535E+0000         1
 26600   -0.39392242E+0001   -0.39392242E+0001    0.41761890E+0000         1
 26650   -0.39392693E+0001   -0.39392693E+0001    0.43137668E+0000         1
 26700   -0.39396080E+0001   -0.39396080E+0001    0.35309848E+0000         1
 26750   -0.39390229E+0001   -0.39390229E+0001    0.55516661E+0000         1
 26800   -0.39385928E+0001   -0.39385928E+0001    0.70957817E+0000         1
 26850   -0.39382464E+0001   -0.39382464E+0001    0.72334308E+0000         1
 26900   -0.39384737E+0001   -0.39384737E+0001    0.66447518E+0000         1
 26950   -0.39389097E+0001   -0.39389097E+0001    0.50820452E+0000         1
 27000   -0.39388605E+0001   -0.39388605E+0001    0.53179138E+0000         1
 27050   -0.39392756E+0001   -0.39392756E+0001    0.51332761E+0000         1
 27100   -0.39392538E+0001   -0.39392538E+0001    0.54981017E+0000         1
 27150   -0.39389863E+0001   -0.39389863E+0001    0.50286856E+0000         1
 27200   -0.39397136E+0001   -0.39397136E+0001    0.35340090E+0000         1
 27250   -0.39394466E+0001   -0.39394466E+0001    0.36883721E+0000         1
 27300   -0.39388907E+0001   -0.39388907E+0001    0.57887646E+0000         1
 27350   -0.39390386E+0001   -0.39390386E+0001    0.48486517E+0000         1
 27400   -0.39391683E+0001   -0.39391683E+0001    0.43803544E+0000         1
 27450   -0.39386787E+0001   -0.39386787E+0001    0.59094061E+0000         1
 27500   -0.39384670E+0001   -0.39384670E+0001    0.67426348E+0000         1
 27550   -0.39391359E+0001   -0.39391359E+0001    0.53446484E+0000         1
 27600   -0.39390048E+0001   -0.39390048E+0001    0.50196194E+0000         1
 27650   -0.39390224E+0001   -0.39390224E+0001    0.62481952E+0000         1
 27700   -0.39392885E+0001   -0.39392885E+0001    0.45479580E+0000         1
 27750   -0.39393380E+0001   -0.39393380E+0001    0.38104159E+0000         1
 27800   -0.39386001E+0001   -0.39386001E+0001    0.58228926E+0000         1
 27850   -0.39389630E+0001   -0.39389630E+0001    0.51581424E+0000         1
 27900   -0.39387632E+0001   -0.39387632E+0001    0.62726982E+0000         1
 27950   -0.39394686E+0001   -0.39394686E+0001    0.40578221E+0000         1
 28000   -0.39395276E+0001   -0.39395276E+0001    0.38188746E+0000         1
 28050   -0.39388479E+0001   -0.39388479E+0001    0.57848276E+0000         1
 28100   -0.39386852E+0001   -0.39386852E+0001    0.53622389E+0000         1
 28150   -0.39387155E+0001   -0.39387155E+0001    0.49185081E+0000         1
 28200   -0.39382800E+0001   -0.39382800E+0001    0.65191619E+0000         1
 28250   -0.39382079E+0001   -0.39382079E+0001    0.64750515E+0000         1
 28300   -0.39380979E+0001   -0.39380979E+0001    0.70648846E+0000         1
 28350   -0.39380689E+0001   -0.39380689E+0001    0.72108534E+0000         1
 28400   -0.39391477E+0001   -0.39391477E+0001    0.50625799E+0000         1
 28450   -0.39388210E+0001   -0.39388210E+0001    0.56337608E+0000         1
 28500   -0.39388277E+0001   -0.39388277E+0001    0.62035033E+0000         1
 28550   -0.39388887E+0001   -0.39388887E+0001    0.51235385E+0000         1
 28600   -0.39385052E+0001   -0.39385052E+0001    0.63977249E+0000         1
 28650   -0.39387444E+0001   -0.39387444E+0001    0.62573334E+0000         1
 28700   -0.39390181E+0001   -0.39390181E+0001    0.56581860E+0000         1
 28750   -0.39392282E+0001   -0.39392282E+0001    0.51687803E+0000         1
 28800   -0.39393097E+0001   -0.39393097E+0001    0.42565958E+0000         1
 28850   -0.39394018E+0001   -0.39394018E+0001    0.29292686E+0000         1
 28900   -0.39391389E+0001   -0.39391389E+0001    0.42991690E+0000         1
 28950   -0.39395409E+0001   -0.39395409E+0001    0.33562465E+0000         1
 29000   -0.39390862E+0001   -0.39390862E+0001    0.43518012E+0000         1
 29050   -0.39389810E+0001   -0.39389810E+0001    0.51306490E+0000         1
 29100   -0.39390717E+0001   -0.39390717E+0001    0.48581524E+0000         1
 29150   -0.39393373E+0001   -0.39393373E+0001    0.50128128E+0000         1
 29200   -0.39391938E+0001   -0.39391938E+0001    0.53554120E+0000         1
 29250   -0.39396484E+0001   -0.39396484E+0001    0.36598390E+0000         1
 29300   -0.39391937E+0001   -0.39391937E+0001    0.53015057E+0000         1
 29350   -0.39394247E+0001   -0.39394247E+0001    0.41748796E+0000         1
 29400   -0.39388431E+0001   -0.39388431E+0001    0.61330695E+0000         1
 29450   -0.39393517E+0001   -0.39393517E+0001    0.41972078E+0000         1
 29500   -0.39393674E+0001   -0.39393674E+0001    0.43896817E+0000         1
 29550   -0.39397957E+0001   -0.39397957E+0001    0.23785852E+0000         1
 29600   -0.39396119E+0001   -0.39396119E+0001    0.39954316E+0000         1
 29650   -0.39385651E+0001   -0.39385651E+0001    0.69390339E+0000         1
 29700   -0.39390409E+0001   -0.39390409E+0001    0.57499408E+0000         1
 29750   -0.39393492E+0001   -0.39393492E+0001    0.48037597E+0000         1
 29800   -0.39397177E+0001   -0.39397177E+0001    0.30744730E+0000         1
 29850   -0.39392102E+0001   -0.39392102E+0001    0.47803804E+0000         1
 29900   -0.39395461E+0001   -0.39395461E+0001    0.37872247E+0000         1
 29950   -0.39391932E+0001   -0.39391932E+0001    0.48097898E+0000         1
 30000   -0.39393706E+0001   -0.39393706E+0001    0.41792087E+0000         1
 30050   -0.39390304E+0001   -0.39390304E+0001    0.52972472E+0000         1
 30100   -0.39390335E+0001   -0.39390335E+0001    0.47587908E+0000         1
 30150   -0.39395407E+0001   -0.39395407E+0001    0.37369959E+0000         1
 30200   -0.39393617E+0001   -0.39393617E+0001    0.37665291E+0000         1
 30250   -0.39391561E+0001   -0.39391561E+0001    0.49978823E+0000         1
 30300   -0.39391823E+0001   -0.39391823E+0001    0.48800267E+0000         1
 30350   -0.39391884E+0001   -0.39391884E+0001    0.50893973E+0000         1
 30400   -0.39386789E+0001   -0.39386789E+0001    0.67235114E+0000         1
 30450   -0.39386296E+0001   -0.39386296E+0001    0.66369973E+0000         1
 30500   -0.39386739E+0001   -0.39386739E+0001    0.55503381E+0000         1
 30550   -0.39382926E+0001   -0.39382926E+0001    0.70434964E+0000         1
 30600   -0.39390828E+0001   -0.39390828E+0001    0.47453986E+0000         1
 30650   -0.39391989E+0001   -0.39391989E+0001    0.44135633E+0000         1
 30700   -0.39393342E+0001   -0.39393342E+0001    0.43007621E+0000         1
 30750   -0.39392119E+0001   -0.39392119E+0001    0.48053625E+0000         1
 30800   -0.39393367E+0001   -0.39393367E+0001    0.38972309E+0000         1
 30850   -0.39392887E+0001   -0.39392887E+0001    0.38007168E+0000         1
 30900   -0.39388899E+0001   -0.39388899E+0001    0.55404680E+0000         1
 30950   -0.39391748E+0001   -0.39391748E+0001    0.47454487E+0000         1
 31000   -0.39395135E+0001   -0.39395135E+0001    0.38114534E+0000         1
 31050   -0.39389457E+0001   -0.39389457E+0001    0.54506363E+0000         1
 31100   -0.39393158E+0001   -0.39393158E+0001    0.44993388E+0000         1
 31150   -0.39391863E+0001   -0.39391863E+0001    0.44117907E+0000         1
 31200   -0.39393682E+0001   -0.39393682E+0001    0.39089180E+0000         1
 31250   -0.39391359E+0001   -0.39391359E+0001    0.55349567E+0000         1
 31300   -0.39384104E+0001   -0.39384104E+0001    0.69203739E+0000         1
 31350   -0.39385158E+0001   -0.39385158E+0001    0.65621086E+0000         1
 31400   -0.39391582E+0001   -0.39391582E+0001    0.51171286E+0000         1
 31450   -0.39393849E+0001   -0.39393849E+0001    0.42471901E+0000         1
 31500   -0.39388245E+0001   -0.39388245E+0001    0.57301738E+0000         1
 31550   -0.39391169E+0001   -0.39391169E+0001    0.55823745E+0000         1
 31600   -0.39396070E+0001   -0.39396070E+0001    0.33968760E+0000         1
 31650   -0.39392317E+0001   -0.39392317E+0001    0.45852047E+0000         1
 31700   -0.39395921E+0001   -0.39395921E+0001    0.28835306E+0000         1
 31750   -0.39392539E+0001   -0.39392539E+0001    0.53445222E+0000         1
 31800   -0.39394887E+0001   -0.39394887E+0001    0.40480298E+0000         1
 31850   -0.39394026E+0001   -0.39394026E+0001    0.46724856E+0000         1
 31900   -0.39392245E+0001   -0.39392245E+0001    0.43164914E+0000         1
 31950   -0.39389016E+0001   -0.39389016E+0001    0.55526832E+0000         1
 32000   -0.39382786E+0001   -0.39382786E+0001    0.69544576E+0000         1
 32050   -0.39383352E+0001   -0.39383352E+0001    0.74969971E+0000         1
 32100   -0.39388914E+0001   -0.39388914E+0001    0.54216184E+0000         1
 32150   -0.39390085E+0001   -0.39390085E+0001    0.62516707E+0000         1
 32200   -0.39392146E+0001   -0.39392146E+0001    0.48847786E+0000         1
 32250   -0.39390063E+0001   -0.39390063E+0001    0.64128159E+0000         1
 32300   -0.39388772E+0001   -0.39388772E+0001    0.51489711E+0000         1
 32350   -0.39395656E+0001   -0.39395656E+0001    0.29135078E+0000         1
 32400   -0.39395162E+0001   -0.39395162E+0001    0.35954906E+0000         1
 32450   -0.39395366E+0001   -0.39395366E+0001    0.32204254E+0000         1
 32500   -0.39391356E+0001   -0.39391356E+0001    0.49264432E+0000         1
 32550   -0.39392126E+0001   -0.39392126E+0001    0.50452958E+0000         1
 32600   -0.39392234E+0001   -0.39392234E+0001    0.46284639E+0000         1
 32650   -0.39393795E+0001   -0.39393795E+0001    0.49423960E+0000         1
 32700   -0.39396315E+0001   -0.39396315E+0001    0.29674271E+0000         1
 32750   -0.39392858E+0001   -0.39392858E+0001    0.50674628E+0000         1
 32800   -0.39394122E+0001   -0.39394122E+0001    0.39955312E+0000         1
 32850   -0.39393735E+0001   -0.39393735E+0001    0.45036216E+0000         1
 32900   -0.39393305E+0001   -0.39393305E+0001    0.46496760E+0000         1
 32950   -0.39395987E+0001   -0.39395987E+0001    0.33460280E+0000         1
 33000   -0.39392716E+0001   -0.39392716E+0001    0.37645766E+0000         1
 33050   -0.39388653E+0001   -0.39388653E+0001    0.50852567E+0000         1
 33100   -0.39392235E+0001   -0.39392235E+0001    0.41729530E+0000         1
 33150   -0.39387633E+0001   -0.39387633E+0001    0.56173881E+0000         1
 33200   -0.39391059E+0001   -0.39391059E+0001    0.44819318E+0000         1
 33250   -0.39391514E+0001   -0.39391514E+0001    0.56839936E+0000         1
 33300   -0.39391126E+0001   -0.39391126E+0001    0.63026398E+0000         1
 33350   -0.39395258E+0001   -0.39395258E+0001    0.41785662E+0000         1
 33400   -0.39392094E+0001   -0.39392094E+0001    0.62094738E+0000         1
 33450   -0.39390486E+0001   -0.39390486E+0001    0.44287486E+0000         1
 33500   -0.39388407E+0001   -0.39388407E+0001    0.52828563E+0000         1
 33550   -0.39388793E+0001   -0.39388793E+0001    0.45524577E+0000         1
 33600   -0.39390017E+0001   -0.39390017E+0001    0.51447349E+0000         1
 33650   -0.39383677E+0001   -0.39383677E+0001    0.51900179E+0000         1
 33700   -0.39384361E+0001   -0.39384361E+0001    0.62385473E+0000         1
 33750   -0.39394896E+0001   -0.39394896E+0001    0.40229547E+0000         1
 33800   -0.39393191E+0001   -0.39393191E+0001    0.41861878E+0000         1
 33850   -0.39389911E+0001   -0.39389911E+0001    0.48127652E+0000         1
 33900   -0.39386444E+0001   -0.39386444E+0001    0.61714934E+0000         1
 33950   -0.39389744E+0001   -0.39389744E+0001    0.57875037E+0000         1
 34000   -0.39388058E+0001   -0.39388058E+0001    0.56997851E+0000         1
 34050   -0.39387372E+0001   -0.39387372E+0001    0.54308308E+0000         1
 34100   -0.39386154E+0001   -0.39386154E+0001    0.55769433E+0000         1
 34150   -0.39385062E+0001   -0.39385062E+0001    0.66919599E+0000         1
 34200   -0.39388500E+0001   -0.39388500E+0001    0.50547381E+0000         1
 34250   -0.39392475E+0001   -0.39392475E+0001    0.36647071E+0000         1
 34300   -0.39393463E+0001   -0.39393463E+0001    0.41242767E+0000         1
 34350   -0.39392197E+0001   -0.39392197E+0001    0.42650337E+0000         1
 34400   -0.39381470E+0001   -0.39381470E+0001    0.74050926E+0000         1
 34450   -0.39383128E+0001   -0.39383128E+0001    0.65546903E+0000         1
 34500   -0.39391155E+0001   -0.39391155E+0001    0.43334016E+0000         1
 34550   -0.39388921E+0001   -0.39388921E+0001    0.56231318E+0000         1
 34600   -0.39391711E+0001   -0.39391711E+0001    0.38861022E+0000         1
 34650   -0.39383208E+0001   -0.39383208E+0001    0.75186060E+0000         1
 34700   -0.39392791E+0001   -0.39392791E+0001    0.42508287E+0000         1
 34750   -0.39391395E+0001   -0.39391395E+0001    0.43134497E+0000         1
 34800   -0.39391109E+0001   -0.39391109E+0001    0.52590718E+0000         1
 34850   -0.39389170E+0001   -0.39389170E+0001    0.59473581E+0000         1
 34900   -0.39391652E+0001   -0.39391652E+0001    0.43891191E+0000         1
 34950   -0.39394256E+0001   -0.39394256E+0001    0.47374003E+0000         1
 35000   -0.39397690E+0001   -0.39397690E+0001    0.25972548E+0000         1
 35050   -0.39390392E+0001   -0.39390392E+0001    0.60362163E+0000         1
 35100   -0.39393052E+0001   -0.39393052E+0001    0.48974890E+0000         1
 35150   -0.39392460E+0001   -0.39392460E+0001    0.48086638E+0000         1
 35200   -0.39384401E+0001   -0.39384401E+0001    0.75113644E+0000         1
 35250   -0.39391925E+0001   -0.39391925E+0001    0.45583563E+0000         1
 35300   -0.39387723E+0001   -0.39387723E+0001    0.62685934E+0000         1
 35350   -0.39391761E+0001   -0.39391761E+0001    0.45288217E+0000         1
 35400   -0.39389742E+0001   -0.39389742E+0001    0.58903578E+0000         1
 35450   -0.39385447E+0001   -0.39385447E+0001    0.79452284E+0000         1
 35500   -0.39390497E+0001   -0.39390497E+0001    0.51704266E+0000         1
 35550   -0.39389135E+0001   -0.39389135E+0001    0.65708969E+0000         1
 35600   -0.39390209E+0001   -0.39390209E+0001    0.62967861E+0000         1
 35650   -0.39392633E+0001   -0.39392633E+0001    0.46741911E+0000         1
 35700   -0.39391877E+0001   -0.39391877E+0001    0.52813366E+0000         1
 35750   -0.39385626E+0001   -0.39385626E+0001    0.61886153E+0000         1
 35800   -0.39389193E+0001   -0.39389193E+0001    0.49193609E+0000         1
 35850   -0.39396454E+0001   -0.39396454E+0001    0.26364813E+0000         1
 35900   -0.39388410E+0001   -0.39388410E+0001    0.69304077E+0000         1
 35950   -0.39389723E+0001   -0.39389723E+0001    0.58423532E+0000         1
 36000   -0.39394517E+0001   -0.39394517E+0001    0.39860665E+0000         1
 36050   -0.39390095E+0001   -0.39390095E+0001    0.54427386E+0000         1
 36100   -0.39394496E+0001   -0.39394496E+0001    0.39729466E+0000         1
 36150   -0.39386420E+0001   -0.39386420E+0001    0.58513406E+0000         1
 36200   -0.39387666E+0001   -0.39387666E+0001    0.41425145E+0000         1
 36250   -0.39385329E+0001   -0.39385329E+0001    0.50719762E+0000         1
 36300   -0.39383486E+0001   -0.39383486E+0001    0.61973712E+0000         1
 36350   -0.39386350E+0001   -0.39386350E+0001    0.48114838E+0000         1
 36400   -0.39390840E+0001   -0.39390840E+0001    0.33888228E+0000         1
 36450   -0.39388167E+0001   -0.39388167E+0001    0.59356674E+0000         1
 36500   -0.39391837E+0001   -0.39391837E+0001    0.47782804E+0000         1
 36550   -0.39391183E+0001   -0.39391183E+0001    0.56650740E+0000         1
 36600   -0.39392545E+0001   -0.39392545E+0001    0.45014553E+0000         1
 36650   -0.39386356E+0001   -0.39386356E+0001    0.57658031E+0000         1
 36700   -0.39383891E+0001   -0.39383891E+0001    0.69116835E+0000         1
 36750   -0.39387853E+0001   -0.39387853E+0001    0.58836646E+0000         1
 36800   -0.39387016E+0001   -0.39387016E+0001    0.62636343E+0000         1
 36850   -0.39390431E+0001   -0.39390431E+0001    0.50478815E+0000         1
 36900   -0.39388483E+0001   -0.39388483E+0001    0.55932611E+0000         1
 36950   -0.39390675E+0001   -0.39390675E+0001    0.46489725E+0000         1
 37000   -0.39385382E+0001   -0.39385382E+0001    0.57014719E+0000         1
 37050   -0.39379807E+0001   -0.39379807E+0001    0.78721455E+0000         1
 37100   -0.39386258E+0001   -0.39386258E+0001    0.64737524E+0000         1
 37150   -0.39389876E+0001   -0.39389876E+0001    0.51804220E+0000         1
 37200   -0.39393024E+0001   -0.39393024E+0001    0.45401119E+0000         1
 37250   -0.39394314E+0001   -0.39394314E+0001    0.44181490E+0000         1
 37300   -0.39394418E+0001   -0.39394418E+0001    0.48326766E+0000         1
 37350   -0.39389615E+0001   -0.39389615E+0001    0.49432295E+0000         1
 37400   -0.39390548E+0001   -0.39390548E+0001    0.50115133E+0000         1
 37450   -0.39391348E+0001   -0.39391348E+0001    0.46726331E+0000         1
 37500   -0.39392888E+0001   -0.39392888E+0001    0.37442592E+0000         1
 37550   -0.39392929E+0001   -0.39392929E+0001    0.41673600E+0000         1
 37600   -0.39393510E+0001   -0.39393510E+0001    0.36770574E+0000         1
 37650   -0.39391923E+0001   -0.39391923E+0001    0.49842907E+0000         1
 37700   -0.39391143E+0001   -0.39391143E+0001    0.59832681E+0000         1
 37750   -0.39394479E+0001   -0.39394479E+0001    0.40489418E+0000         1
 37800   -0.39391109E+0001   -0.39391109E+0001    0.51881137E+0000         1
 37850   -0.39389951E+0001   -0.39389951E+0001    0.56028223E+0000         1
 37900   -0.39390371E+0001   -0.39390371E+0001    0.59114443E+0000         1
 37950   -0.39391377E+0001   -0.39391377E+0001    0.52067255E+0000         1
 38000   -0.39391348E+0001   -0.39391348E+0001    0.68441308E+0000         1
 38050   -0.39388060E+0001   -0.39388060E+0001    0.71311040E+0000         1
 38100   -0.39395848E+0001   -0.39395848E+0001    0.37138712E+0000         1
 38150   -0.39393903E+0001   -0.39393903E+0001    0.42683493E+0000         1
 38200   -0.39385915E+0001   -0.39385915E+0001    0.63350316E+0000         1
 38250   -0.39394185E+0001   -0.39394185E+0001    0.47566967E+0000         1
 38300   -0.39393253E+0001   -0.39393253E+0001    0.45319680E+0000         1
 38350   -0.39389501E+0001   -0.39389501E+0001    0.63611366E+0000         1
 38400   -0.39389669E+0001   -0.39389669E+0001    0.56997414E+0000         1
 38450   -0.39389837E+0001   -0.39389837E+0001    0.49049177E+0000         1
 38500   -0.39390592E+0001   -0.39390592E+0001    0.51692677E+0000         1
 38550   -0.39390532E+0001   -0.39390532E+0001    0.50181043E+0000         1
 38600   -0.39394971E+0001   -0.39394971E+0001    0.39281814E+0000         1
 38650   -0.39392343E+0001   -0.39392343E+0001    0.52756676E+0000         1
 38700   -0.39395374E+0001   -0.39395374E+0001    0.33381624E+0000         1
 38750   -0.39392555E+0001   -0.39392555E+0001    0.43814035E+0000         1
 38800   -0.39384337E+0001   -0.39384337E+0001    0.58678042E+0000         1
 38850   -0.39385437E+0001   -0.39385437E+0001    0.65827384E+0000         1
 38900   -0.39392057E+0001   -0.39392057E+0001    0.44737281E+0000         1
 38950   -0.39387156E+0001   -0.39387156E+0001    0.61847354E+0000         1
 39000   -0.39385025E+0001   -0.39385025E+0001    0.71451960E+0000         1
 39050   -0.39388274E+0001   -0.39388274E+0001    0.52034768E+0000         1
 39100   -0.39387808E+0001   -0.39387808E+0001    0.55084309E+0000         1
 39150   -0.39391609E+0001   -0.39391609E+0001    0.45646487E+0000         1
 39200   -0.39389865E+0001   -0.39389865E+0001    0.44883634E+0000         1
 39250   -0.39388517E+0001   -0.39388517E+0001    0.47033312E+0000         1
 39300   -0.39386767E+0001   -0.39386767E+0001    0.73496371E+0000         1
 39350   -0.39386049E+0001   -0.39386049E+0001    0.67993408E+0000         1
 39400   -0.39389490E+0001   -0.39389490E+0001    0.57819244E+0000         1
 39450   -0.39392497E+0001   -0.39392497E+0001    0.54307919E+0000         1
 39500   -0.39384404E+0001   -0.39384404E+0001    0.70763242E+0000         1
 39550   -0.39387750E+0001   -0.39387750E+0001    0.64090698E+0000         1
 39600   -0.39389275E+0001   -0.39389275E+0001    0.51906897E+0000         1
 39650   -0.39389096E+0001   -0.39389096E+0001    0.55277092E+0000         1
 39700   -0.39391208E+0001   -0.39391208E+0001    0.60137483E+0000         1
 39750   -0.39393189E+0001   -0.39393189E+0001    0.41823109E+0000         1
 39800   -0.39393014E+0001   -0.39393014E+0001    0.50765813E+0000         1
 39850   -0.39397434E+0001   -0.39397434E+0001    0.23916532E+0000         1
 39900   -0.39393486E+0001   -0.39393486E+0001    0.44796856E+0000         1
 39950   -0.39388657E+0001   -0.39388657E+0001    0.58368581E+0000         1
 40000   -0.39390952E+0001   -0.39390952E+0001    0.54961911E+0000         1
 40050   -0.39391230E+0001   -0.39391230E+0001    0.53957127E+0000         1
 40100   -0.39395505E+0001   -0.39395505E+0001    0.37414234E+0000         1
 40150   -0.39389622E+0001   -0.39389622E+0001    0.77935784E+0000         1
 40200   -0.39390378E+0001   -0.39390378E+0001    0.50402925E+0000         1
 40250   -0.39390387E+0001   -0.39390387E+0001    0.46118790E+0000         1
 40300   -0.39391812E+0001   -0.39391812E+0001    0.46827863E+0000         1
 40350   -0.39385969E+0001   -0.39385969E+0001    0.59382408E+0000         1
 40400   -0.39387139E+0001   -0.39387139E+0001    0.63275384E+0000         1
 40450   -0.39390560E+0001   -0.39390560E+0001    0.49601113E+0000         1
 40500   -0.39390395E+0001   -0.39390395E+0001    0.46618631E+0000         1
 40550   -0.39388131E+0001   -0.39388131E+0001    0.56561667E+0000         1
 40600   -0.39388254E+0001   -0.39388254E+0001    0.53907995E+0000         1
 40650   -0.39387804E+0001   -0.39387804E+0001    0.50991561E+0000         1
 40700   -0.39390475E+0001   -0.39390475E+0001    0.41804491E+0000         1
 40750   -0.39391668E+0001   -0.39391668E+0001    0.46621930E+0000         1
 40800   -0.39388895E+0001   -0.39388895E+0001    0.42065920E+0000         1
 40850   -0.39386036E+0001   -0.39386036E+0001    0.44464933E+0000         1
 40900   -0.39385533E+0001   -0.39385533E+0001    0.50240406E+0000         1
 40950   -0.39390273E+0001   -0.39390273E+0001    0.47940732E+0000         1
 41000   -0.39384048E+0001   -0.39384048E+0001    0.58402242E+0000         1
 41050   -0.39384559E+0001   -0.39384559E+0001    0.69985138E+0000         1
 41100   -0.39383704E+0001   -0.39383704E+0001    0.64429058E+0000         1
 41150   -0.39383340E+0001   -0.39383340E+0001    0.59435668E+0000         1
 41200   -0.39387885E+0001   -0.39387885E+0001    0.49210584E+0000         1
 41250   -0.39383490E+0001   -0.39383490E+0001    0.55814480E+0000         1
 41300   -0.39383989E+0001   -0.39383989E+0001    0.59965370E+0000         1
 41350   -0.39383637E+0001   -0.39383637E+0001    0.69403784E+0000         1
 41400   -0.39388180E+0001   -0.39388180E+0001    0.48692338E+0000         1
 41450   -0.39394281E+0001   -0.39394281E+0001    0.42356634E+0000         1
 41500   -0.39390970E+0001   -0.39390970E+0001    0.47114008E+0000         1
 41550   -0.39393223E+0001   -0.39393223E+0001    0.38313396E+0000         1
 41600   -0.39388715E+0001   -0.39388715E+0001    0.50463420E+0000         1
 41650   -0.39390500E+0001   -0.39390500E+0001    0.42323859E+0000         1
 41700   -0.39389924E+0001   -0.39389924E+0001    0.53493251E+0000         1
 41750   -0.39394153E+0001   -0.39394153E+0001    0.48795206E+0000         1
 41800   -0.39391061E+0001   -0.39391061E+0001    0.53941062E+0000         1
 41850   -0.39389930E+0001   -0.39389930E+0001    0.55006736E+0000         1
 41900   -0.39390942E+0001   -0.39390942E+0001    0.49250837E+0000         1
 41950   -0.39392437E+0001   -0.39392437E+0001    0.49557189E+0000         1
 42000   -0.39394218E+0001   -0.39394218E+0001    0.56244945E+0000         1
 42050   -0.39391348E+0001   -0.39391348E+0001    0.60433826E+0000         1
 42100   -0.39394509E+0001   -0.39394509E+0001    0.39105424E+0000         1
 42150   -0.39390486E+0001   -0.39390486E+0001    0.61884154E+0000         1
 42200   -0.39394945E+0001   -0.39394945E+0001    0.38238713E+0000         1
 42250   -0.39391733E+0001   -0.39391733E+0001    0.45030317E+0000         1
 42300   -0.39393628E+0001   -0.39393628E+0001    0.47379337E+0000         1
 42350   -0.39389160E+0001   -0.39389160E+0001    0.51141558E+0000         1
 42400   -0.39391728E+0001   -0.39391728E+0001    0.41435602E+0000         1
 42450   -0.39386357E+0001   -0.39386357E+0001    0.59860369E+0000         1
 42500   -0.39393365E+0001   -0.39393365E+0001    0.41059139E+0000         1
 42550   -0.39389773E+0001   -0.39389773E+0001    0.42228231E+0000         1
 42600   -0.39392272E+0001   -0.39392272E+0001    0.41914803E+0000         1
 42650   -0.39396340E+0001   -0.39396340E+0001    0.38083918E+0000         1
 42700   -0.39396068E+0001   -0.39396068E+0001    0.34655520E+0000         1
 42750   -0.39396441E+0001   -0.39396441E+0001    0.28610052E+0000         1
 42800   -0.39394119E+0001   -0.39394119E+0001    0.38721845E+0000         1
 42850   -0.39390664E+0001   -0.39390664E+0001    0.50721380E+0000         1
 42900   -0.39390985E+0001   -0.39390985E+0001    0.43767379E+0000         1
 42950   -0.39387838E+0001   -0.39387838E+0001    0.60228161E+0000         1
 43000   -0.39386016E+0001   -0.39386016E+0001    0.64842210E+0000         1
 43050   -0.39392851E+0001   -0.39392851E+0001    0.45525686E+0000         1
 43100   -0.39387197E+0001   -0.39387197E+0001    0.68880211E+0000         1
 43150   -0.39392026E+0001   -0.39392026E+0001    0.47709605E+0000         1
 43200   -0.39390265E+0001   -0.39390265E+0001    0.53136819E+0000         1
 43250   -0.39389884E+0001   -0.39389884E+0001    0.51466680E+0000         1
 43300   -0.39395622E+0001   -0.39395622E+0001    0.32841692E+0000         1
 43350   -0.39391421E+0001   -0.39391421E+0001    0.56146915E+0000         1
 43400   -0.39396436E+0001   -0.39396436E+0001    0.35290087E+0000         1
 43450   -0.39387078E+0001   -0.39387078E+0001    0.67643418E+0000         1
 43500   -0.39392748E+0001   -0.39392748E+0001    0.43810128E+0000         1
 43550   -0.39392739E+0001   -0.39392739E+0001    0.52890685E+0000         1
 43600   -0.39393930E+0001   -0.39393930E+0001    0.39428112E+0000         1
 43650   -0.39389045E+0001   -0.39389045E+0001    0.57980964E+0000         1
 43700   -0.39386686E+0001   -0.39386686E+0001    0.53956003E+0000         1
 43750   -0.39380256E+0001   -0.39380256E+0001    0.70186954E+0000         1
 43800   -0.39371804E+0001   -0.39371804E+0001    0.73054027E+0000         1
 43850   -0.39389053E+0001   -0.39389053E+0001    0.51102903E+0000         1
 43900   -0.39380744E+0001   -0.39380744E+0001    0.78763227E+0000         1
 43950   -0.39389612E+0001   -0.39389612E+0001    0.50022983E+0000         1
 44000   -0.39390489E+0001   -0.39390489E+0001    0.50072103E+0000         1
 44050   -0.39388048E+0001   -0.39388048E+0001    0.55096941E+0000         1
 44100   -0.39390001E+0001   -0.39390001E+0001    0.48372789E+0000         1
 44150   -0.39390511E+0001   -0.39390511E+0001    0.55711359E+0000         1
 44200   -0.39389846E+0001   -0.39389846E+0001    0.50638100E+0000         1
 44250   -0.39388906E+0001   -0.39388906E+0001    0.52048559E+0000         1
 44300   -0.39389697E+0001   -0.39389697E+0001    0.51213704E+0000         1
 44350   -0.39391236E+0001   -0.39391236E+0001    0.48180488E+0000         1
 44400   -0.39388703E+0001   -0.39388703E+0001    0.59836863E+0000         1
 44450   -0.39391950E+0001   -0.39391950E+0001    0.41141471E+0000         1
 44500   -0.39386643E+0001   -0.39386643E+0001    0.57492628E+0000         1
 44550   -0.39390475E+0001   -0.39390475E+0001    0.48786807E+0000         1
 44600   -0.39389974E+0001   -0.39389974E+0001    0.50643810E+0000         1
 44650   -0.39385867E+0001   -0.39385867E+0001    0.54888484E+0000         1
 44700   -0.39387769E+0001   -0.39387769E+0001    0.53431717E+0000         1
 44750   -0.39391876E+0001   -0.39391876E+0001    0.47936386E+0000         1
 44800   -0.39391372E+0001   -0.39391372E+0001    0.53603765E+0000         1
 44850   -0.39390645E+0001   -0.39390645E+0001    0.54544953E+0000         1
 44900   -0.39387594E+0001   -0.39387594E+0001    0.71232144E+0000         1
 44950   -0.39389614E+0001   -0.39389614E+0001    0.66633516E+0000         1
 45000   -0.39385343E+0001   -0.39385343E+0001    0.67963655E+0000         1
 45050   -0.39387760E+0001   -0.39387760E+0001    0.54130413E+0000         1
 45100   -0.39392227E+0001   -0.39392227E+0001    0.44516821E+0000         1
 45150   -0.39391321E+0001   -0.39391321E+0001    0.46629915E+0000         1
 45200   -0.39390932E+0001   -0.39390932E+0001    0.49064748E+0000         1
 45250   -0.39383788E+0001   -0.39383788E+0001    0.63811116E+0000         1
 45300   -0.39392796E+0001   -0.39392796E+0001    0.44226793E+0000         1
 45350   -0.39390709E+0001   -0.39390709E+0001    0.44802171E+0000         1
 45400   -0.39387401E+0001   -0.39387401E+0001    0.51108260E+0000         1
 45450   -0.39386740E+0001   -0.39386740E+0001    0.55251603E+0000         1
 45500   -0.39382466E+0001   -0.39382466E+0001    0.65568543E+0000         1
 45550   -0.39388764E+0001   -0.39388764E+0001    0.48173317E+0000         1
 45600   -0.39386116E+0001   -0.39386116E+0001    0.56453166E+0000         1
 45650   -0.39382916E+0001   -0.39382916E+0001    0.59475356E+0000         1
 45700   -0.39379575E+0001   -0.39379575E+0001    0.64695999E+0000         1
 45750   -0.39380314E+0001   -0.39380314E+0001    0.58672705E+0000         1
 45800   -0.39381078E+0001   -0.39381078E+0001    0.65995976E+0000         1
 45850   -0.39389622E+0001   -0.39389622E+0001    0.42379530E+0000         1
 45900   -0.39388563E+0001   -0.39388563E+0001    0.50460033E+0000         1
 45950   -0.39384689E+0001   -0.39384689E+0001    0.66200876E+0000         1
 46000   -0.39388349E+0001   -0.39388349E+0001    0.58148459E+0000         1
 46050   -0.39379244E+0001   -0.39379244E+0001    0.83565896E+0000         1
 46100   -0.39393892E+0001   -0.39393892E+0001    0.36374183E+0000         1
 46150   -0.39384559E+0001   -0.39384559E+0001    0.59593155E+0000         1
 46200   -0.39380489E+0001   -0.39380489E+0001    0.79623176E+0000         1
 46250   -0.39387614E+0001   -0.39387614E+0001    0.57906068E+0000         1
 46300   -0.39384365E+0001   -0.39384365E+0001    0.58251490E+0000         1
 46350   -0.39391317E+0001   -0.39391317E+0001    0.43127154E+0000         1
 46400   -0.39392247E+0001   -0.39392247E+0001    0.40124909E+0000         1
 46450   -0.39392337E+0001   -0.39392337E+0001    0.42738329E+0000         1
 46500   -0.39388658E+0001   -0.39388658E+0001    0.50332169E+0000         1
 46550   -0.39390023E+0001   -0.39390023E+0001    0.52783106E+0000         1
 46600   -0.39394484E+0001   -0.39394484E+0001    0.34647769E+0000         1
 46650   -0.39390870E+0001   -0.39390870E+0001    0.55943847E+0000         1
 46700   -0.39387630E+0001   -0.39387630E+0001    0.71242365E+0000         1
 46750   -0.39393054E+0001   -0.39393054E+0001    0.51039914E+0000         1
 46800   -0.39392386E+0001   -0.39392386E+0001    0.44751544E+0000         1
 46850   -0.39380094E+0001   -0.39380094E+0001    0.81582300E+0000         1
 46900   -0.39389011E+0001   -0.39389011E+0001    0.54778108E+0000         1
 46950   -0.39392358E+0001   -0.39392358E+0001    0.44330665E+0000         1
 47000   -0.39385903E+0001   -0.39385903E+0001    0.69116599E+0000         1
 47050   -0.39395314E+0001   -0.39395314E+0001    0.32923012E+0000         1
 47100   -0.39396545E+0001   -0.39396545E+0001    0.28060051E+0000         1
 47150   -0.39396347E+0001   -0.39396347E+0001    0.35850965E+0000         1
 47200   -0.39386950E+0001   -0.39386950E+0001    0.71880753E+0000         1
 47250   -0.39386169E+0001   -0.39386169E+0001    0.58850287E+0000         1
 47300   -0.39391195E+0001   -0.39391195E+0001    0.41263955E+0000         1
 47350   -0.39389066E+0001   -0.39389066E+0001    0.53877347E+0000         1
 47400   -0.39391668E+0001   -0.39391668E+0001    0.34608442E+0000         1
 47450   -0.39393567E+0001   -0.39393567E+0001    0.36027773E+0000         1
 47500   -0.39393282E+0001   -0.39393282E+0001    0.50033060E+0000         1
 47550   -0.39389543E+0001   -0.39389543E+0001    0.59210902E+0000         1
 47600   -0.39392873E+0001   -0.39392873E+0001    0.43694414E+0000         1
 47650   -0.39390065E+0001   -0.39390065E+0001    0.51145088E+0000         1
 47700   -0.39384550E+0001   -0.39384550E+0001    0.69436343E+0000         1
 47750   -0.39386081E+0001   -0.39386081E+0001    0.57680846E+0000         1
 47800   -0.39386583E+0001   -0.39386583E+0001    0.44435297E+0000         1
 47850   -0.39389449E+0001   -0.39389449E+0001    0.47187456E+0000         1
 47900   -0.39374679E+0001   -0.39374679E+0001    0.91098134E+0000         1
 47950   -0.39375176E+0001   -0.39375176E+0001    0.94396284E+0000         1
 48000   -0.39385265E+0001   -0.39385265E+0001    0.65460993E+0000         1
