     1   -0.39239850E+0001   -0.39246734E+0001    0.21121752E+0001     11999
    50   -0.39257148E+0001   -0.39303456E+0001    0.14051909E+0001     12515
   100   -0.39289445E+0001   -0.39333711E+0001    0.99745854E+0000     13724
   150   -0.39314040E+0001   -0.39350240E+0001    0.85164402E+0000     14129
   200   -0.39332399E+0001   -0.39361361E+0001    0.75553873E+0000     14483
   250   -0.39342052E+0001   -0.39369207E+0001    0.66934793E+0000     14982
   300   -0.39349817E+0001   -0.39374578E+0001    0.62140670E+0000     15539
   350   -0.39357985E+0001   -0.39381203E+0001    0.49865910E+0000     15575
   400   -0.39365374E+0001   -0.39382749E+0001    0.51953035E+0000     15946
     1   -0.39239735E+0001   -0.39246913E+0001    0.21121752E+0001     12007
    50   -0.39254542E+0001   -0.39310912E+0001    0.13517850E+0001     12996
   100   -0.39301542E+0001   -0.39337637E+0001    0.88715966E+0000     13974
   150   -0.39322607E+0001   -0.39351730E+0001    0.80165467E+0000     14521
   200   -0.39329396E+0001   -0.39362306E+0001    0.69902648E+0000     14719
   250   -0.39337256E+0001   -0.39365682E+0001    0.69316132E+0000     14988
   300   -0.39344455E+0001   -0.39371702E+0001    0.66749706E+0000     15021
   350   -0.39350072E+0001   -0.39375105E+0001    0.62074602E+0000     15277
   400   -0.39353875E+0001   -0.39377587E+0001    0.59422466E+0000     15603
     1   -0.39239729E+0001   -0.39247276E+0001    0.21121752E+0001     11999
    50   -0.39248231E+0001   -0.39300217E+0001    0.14540428E+0001     12690
   100   -0.39275780E+0001   -0.39318088E+0001    0.11839857E+0001     14032
   150   -0.39293497E+0001   -0.39330630E+0001    0.10167473E+0001     14790
   200   -0.39307226E+0001   -0.39341569E+0001    0.87379962E+0000     15213
   250   -0.39318433E+0001   -0.39353447E+0001    0.77446411E+0000     15704
   300   -0.39327484E+0001   -0.39361404E+0001    0.72532076E+0000     16152
   350   -0.39336542E+0001   -0.39372386E+0001    0.63813583E+0000     16406
   400   -0.39345215E+0001   -0.39377998E+0001    0.58000142E+0000     17046
     1   -0.39239625E+0001   -0.39247906E+0001    0.21121752E+0001     11995
    50   -0.39245008E+0001   -0.39297486E+0001    0.14239425E+0001     13130
   100   -0.39285722E+0001   -0.39329010E+0001    0.10328663E+0001     13992
   150   -0.39304746E+0001   -0.39342748E+0001    0.90876471E+0000     14865
   200   -0.39315767E+0001   -0.39350809E+0001    0.81141389E+0000     15344
   250   -0.39326597E+0001   -0.39358956E+0001    0.74582951E+0000     15716
   300   -0.39335134E+0001   -0.39363872E+0001    0.65636639E+0000     16132
   350   -0.39343688E+0001   -0.39371463E+0001    0.57990244E+0000     16359
   400   -0.39352746E+0001   -0.39378390E+0001    0.59753991E+0000     16822
     1   -0.39239458E+0001   -0.39248286E+0001    0.21121752E+0001     11991
    50   -0.39240930E+0001   -0.39287120E+0001    0.14408013E+0001     13095
   100   -0.39264996E+0001   -0.39312484E+0001    0.11664819E+0001     14349
   150   -0.39280465E+0001   -0.39321005E+0001    0.10119372E+0001     15192
   200   -0.39291573E+0001   -0.39335097E+0001    0.89836356E+0000     15717
   250   -0.39306398E+0001   -0.39342548E+0001    0.83961286E+0000     16311
   300   -0.39316812E+0001   -0.39355777E+0001    0.74092369E+0000     16713
   350   -0.39326224E+0001   -0.39362313E+0001    0.70746906E+0000     16904
   400   -0.39335986E+0001   -0.39365150E+0001    0.70216435E+0000     17608
     1   -0.39239395E+0001   -0.39248062E+0001    0.21121752E+0001     11999
    50   -0.39237643E+0001   -0.39291934E+0001    0.15195457E+0001     12988
   100   -0.39262776E+0001   -0.39317137E+0001    0.12071351E+0001     14617
   150   -0.39273874E+0001   -0.39330640E+0001    0.10891310E+0001     15387
   200   -0.39292130E+0001   -0.39338020E+0001    0.96218251E+0000     15607
   250   -0.39305771E+0001   -0.39350733E+0001    0.87090772E+0000     16350
   300   -0.39316817E+0001   -0.39353462E+0001    0.82124771E+0000     16905
   350   -0.39328903E+0001   -0.39358533E+0001    0.72144700E+0000     17529
   400   -0.39341706E+0001   -0.39362899E+0001    0.67486068E+0000     18128
     1   -0.39239361E+0001   -0.39248595E+0001    0.21121752E+0001     11998
    50   -0.39232598E+0001   -0.39283785E+0001    0.14284420E+0001     12781
   100   -0.39258205E+0001   -0.39305574E+0001    0.12560859E+0001     13533
   150   -0.39277284E+0001   -0.39326447E+0001    0.10322264E+0001     14446
   200   -0.39289019E+0001   -0.39339454E+0001    0.93386166E+0000     14808
   250   -0.39305610E+0001   -0.39354031E+0001    0.79356945E+0000     15396
   300   -0.39319419E+0001   -0.39358309E+0001    0.79505542E+0000     16033
   350   -0.39331896E+0001   -0.39363982E+0001    0.69723228E+0000     16548
   400   -0.39338726E+0001   -0.39369019E+0001    0.71247573E+0000     16976
     1   -0.39239221E+0001   -0.39247113E+0001    0.21121752E+0001     12008
    50   -0.39228778E+0001   -0.39282999E+0001    0.15224864E+0001     12780
   100   -0.39252407E+0001   -0.39299835E+0001    0.11781767E+0001     14137
   150   -0.39259756E+0001   -0.39302974E+0001    0.11711955E+0001     15132
   200   -0.39268425E+0001   -0.39310786E+0001    0.11099499E+0001     15515
   250   -0.39275900E+0001   -0.39313571E+0001    0.10076506E+0001     15743
   300   -0.39282077E+0001   -0.39323356E+0001    0.97406769E+0000     15943
   350   -0.39289711E+0001   -0.39326986E+0001    0.95177544E+0000     16527
   400   -0.39296007E+0001   -0.39343833E+0001    0.92062928E+0000     16898
     1   -0.39239211E+0001   -0.39246949E+0001    0.21121752E+0001     12011
    50   -0.39225619E+0001   -0.39279839E+0001    0.15863995E+0001     12715
   100   -0.39253424E+0001   -0.39297747E+0001    0.13498401E+0001     14240
   150   -0.39268141E+0001   -0.39314463E+0001    0.11788481E+0001     15384
   200   -0.39279297E+0001   -0.39315718E+0001    0.10309143E+0001     16054
   250   -0.39284136E+0001   -0.39323785E+0001    0.96350538E+0000     16490
   300   -0.39288679E+0001   -0.39329667E+0001    0.92149021E+0000     16967
   350   -0.39292595E+0001   -0.39331939E+0001    0.95690471E+0000     17331
   400   -0.39295699E+0001   -0.39336721E+0001    0.87141553E+0000     17678
     1   -0.39239137E+0001   -0.39247572E+0001    0.21121752E+0001     12013
    50   -0.39227949E+0001   -0.39279215E+0001    0.15388331E+0001     13325
   100   -0.39245591E+0001   -0.39287127E+0001    0.13272476E+0001     14747
   150   -0.39252005E+0001   -0.39298661E+0001    0.12326330E+0001     15547
   200   -0.39260788E+0001   -0.39321263E+0001    0.10419765E+0001     16422
   250   -0.39277844E+0001   -0.39329023E+0001    0.94398292E+0000     16888
   300   -0.39303340E+0001   -0.39339094E+0001    0.83777400E+0000     17246
   350   -0.39310817E+0001   -0.39347770E+0001    0.80501039E+0000     17490
   400   -0.39312834E+0001   -0.39344583E+0001    0.78926416E+0000     17959
     1   -0.39239142E+0001   -0.39246662E+0001    0.21121752E+0001     12017
    50   -0.39225895E+0001   -0.39277802E+0001    0.15886894E+0001     12821
   100   -0.39249879E+0001   -0.39299133E+0001    0.13393596E+0001     14053
   150   -0.39260119E+0001   -0.39311890E+0001    0.11934920E+0001     15329
   200   -0.39264943E+0001   -0.39319119E+0001    0.11292972E+0001     16133
   250   -0.39270993E+0001   -0.39322424E+0001    0.10842060E+0001     16516
   300   -0.39281283E+0001   -0.39324393E+0001    0.10413239E+0001     16878
   350   -0.39285370E+0001   -0.39326805E+0001    0.96789513E+0000     17366
   400   -0.39285410E+0001   -0.39331340E+0001    0.91828336E+0000     17804
     1   -0.39239060E+0001   -0.39247506E+0001    0.21121752E+0001     11994
    50   -0.39219852E+0001   -0.39282420E+0001    0.16595578E+0001     13039
   100   -0.39247813E+0001   -0.39291801E+0001    0.13896528E+0001     14707
   150   -0.39257151E+0001   -0.39302554E+0001    0.11388845E+0001     15567
   200   -0.39259920E+0001   -0.39303279E+0001    0.10914712E+0001     16113
   250   -0.39264608E+0001   -0.39310446E+0001    0.10639753E+0001     16334
   300   -0.39267379E+0001   -0.39315315E+0001    0.10344249E+0001     17142
   350   -0.39272580E+0001   -0.39318116E+0001    0.10262728E+0001     17532
   400   -0.39279039E+0001   -0.39324847E+0001    0.90709998E+0000     18307
     1   -0.39239026E+0001   -0.39246559E+0001    0.21121752E+0001     12008
    50   -0.39216951E+0001   -0.39277499E+0001    0.15873642E+0001     12986
   100   -0.39221935E+0001   -0.39276216E+0001    0.15140191E+0001     14317
   150   -0.39215212E+0001   -0.39268458E+0001    0.13849217E+0001     15354
   200   -0.39221977E+0001   -0.39267364E+0001    0.13257005E+0001     15799
   250   -0.39220539E+0001   -0.39268685E+0001    0.12930254E+0001     16504
   300   -0.39217614E+0001   -0.39271652E+0001    0.13231254E+0001     17238
   350   -0.39218299E+0001   -0.39269772E+0001    0.12680070E+0001     17535
   400   -0.39225947E+0001   -0.39269727E+0001    0.12274639E+0001     18351
   450   -0.39229628E+0001   -0.39277416E+0001    0.11959436E+0001     19032
   500   -0.39236574E+0001   -0.39288151E+0001    0.11608774E+0001     19617
   550   -0.39239345E+0001   -0.39291095E+0001    0.11407980E+0001     20254
     1   -0.39238997E+0001   -0.39246798E+0001    0.21121752E+0001     12004
    50   -0.39213297E+0001   -0.39274092E+0001    0.17166353E+0001     12958
   100   -0.39231318E+0001   -0.39283193E+0001    0.15104282E+0001     14660
   150   -0.39236822E+0001   -0.39288092E+0001    0.13411655E+0001     16034
   200   -0.39241957E+0001   -0.39298439E+0001    0.12316142E+0001     17128
   250   -0.39244830E+0001   -0.39297966E+0001    0.12214787E+0001     17621
   300   -0.39248815E+0001   -0.39293298E+0001    0.11756992E+0001     18190
   350   -0.39247357E+0001   -0.39303448E+0001    0.11254722E+0001     18884
   400   -0.39253744E+0001   -0.39311126E+0001    0.10851830E+0001     19473
     1   -0.39238951E+0001   -0.39248491E+0001    0.21121752E+0001     12000
    50   -0.39213892E+0001   -0.39276174E+0001    0.16958499E+0001     13121
   100   -0.39245291E+0001   -0.39302051E+0001    0.12564147E+0001     14523
   150   -0.39255789E+0001   -0.39305963E+0001    0.11713135E+0001     15319
   200   -0.39258648E+0001   -0.39305817E+0001    0.11284585E+0001     16251
   250   -0.39260946E+0001   -0.39303983E+0001    0.10785862E+0001     16938
   300   -0.39263254E+0001   -0.39309571E+0001    0.10527007E+0001     17579
   350   -0.39269487E+0001   -0.39309795E+0001    0.96156893E+0000     18049
   400   -0.39273106E+0001   -0.39312546E+0001    0.96928511E+0000     18828
     1   -0.39238894E+0001   -0.39247638E+0001    0.21121752E+0001     11978
    50   -0.39212356E+0001   -0.39278615E+0001    0.17221078E+0001     12882
   100   -0.39233545E+0001   -0.39288787E+0001    0.14194282E+0001     14539
   150   -0.39249289E+0001   -0.39300938E+0001    0.12978684E+0001     15752
   200   -0.39258716E+0001   -0.39317045E+0001    0.11215930E+0001     16477
   250   -0.39273004E+0001   -0.39319661E+0001    0.11261852E+0001     17018
   300   -0.39276150E+0001   -0.39322468E+0001    0.92501312E+0000     17543
   350   -0.39290860E+0001   -0.39335701E+0001    0.88220195E+0000     17821
   400   -0.39302430E+0001   -0.39337134E+0001    0.83817574E+0000     18836
     1   -0.39238883E+0001   -0.39247124E+0001    0.21121752E+0001     12006
    50   -0.39216067E+0001   -0.39270803E+0001    0.16080488E+0001     13230
   100   -0.39231477E+0001   -0.39295518E+0001    0.12809400E+0001     14333
   150   -0.39254425E+0001   -0.39305095E+0001    0.12152374E+0001     15874
   200   -0.39259625E+0001   -0.39312062E+0001    0.11711623E+0001     16971
   250   -0.39259539E+0001   -0.39304831E+0001    0.10838543E+0001     17890
   300   -0.39260342E+0001   -0.39319345E+0001    0.10273492E+0001     18695
   350   -0.39270766E+0001   -0.39327562E+0001    0.91231054E+0000     19291
   400   -0.39288261E+0001   -0.39325554E+0001    0.89859987E+0000     19794
     1   -0.39238869E+0001   -0.39247012E+0001    0.21121752E+0001     12001
    50   -0.39211183E+0001   -0.39264854E+0001    0.16884801E+0001     13016
   100   -0.39218361E+0001   -0.39279068E+0001    0.14438579E+0001     14527
   150   -0.39233146E+0001   -0.39276751E+0001    0.13201784E+0001     15467
   200   -0.39232648E+0001   -0.39277331E+0001    0.12208024E+0001     16143
   250   -0.39227014E+0001   -0.39280273E+0001    0.12153266E+0001     16852
   300   -0.39227669E+0001   -0.39281867E+0001    0.11560684E+0001     17325
   350   -0.39232700E+0001   -0.39278321E+0001    0.11669744E+0001     17665
   400   -0.39231077E+0001   -0.39275640E+0001    0.11388447E+0001     18189
   450   -0.39226647E+0001   -0.39281822E+0001    0.10955707E+0001     18899
   500   -0.39227000E+0001   -0.39280358E+0001    0.11366574E+0001     19231
   550   -0.39226151E+0001   -0.39272239E+0001    0.11186996E+0001     19949
   600   -0.39223408E+0001   -0.39266613E+0001    0.11435956E+0001     20533
   650   -0.39217977E+0001   -0.39258700E+0001    0.11414232E+0001     21247
   700   -0.39210150E+0001   -0.39252269E+0001    0.11915373E+0001     21919
   750   -0.39200040E+0001   -0.39241854E+0001    0.12097323E+0001     22125
   800   -0.39187413E+0001   -0.39235077E+0001    0.12024870E+0001     22628
   850   -0.39173647E+0001   -0.39227077E+0001    0.12118751E+0001     23424
   900   -0.39163314E+0001   -0.39229203E+0001    0.12332179E+0001     24023
   950   -0.39151809E+0001   -0.39213648E+0001    0.12780763E+0001     24838
  1000   -0.39141215E+0001   -0.39215632E+0001    0.12228366E+0001     25469
  1050   -0.39141242E+0001   -0.39217423E+0001    0.11897419E+0001     26444
  1100   -0.39148168E+0001   -0.39210336E+0001    0.12308253E+0001     26972
  1150   -0.39146858E+0001   -0.39212870E+0001    0.12304793E+0001     27611
  1200   -0.39137015E+0001   -0.39200895E+0001    0.12327710E+0001     28310
  1250   -0.39128890E+0001   -0.39191826E+0001    0.12582877E+0001     28708
  1300   -0.39118737E+0001   -0.39179756E+0001    0.13108165E+0001     29558
  1350   -0.39102729E+0001   -0.39169389E+0001    0.13385362E+0001     30500
  1400   -0.39086153E+0001   -0.39165019E+0001    0.13383645E+0001     31392
  1450   -0.39072667E+0001   -0.39146858E+0001    0.13276917E+0001     32590
  1500   -0.39059374E+0001   -0.39141475E+0001    0.13694935E+0001     33838
  1550   -0.39051667E+0001   -0.39129405E+0001    0.13956750E+0001     34748
  1600   -0.39051047E+0001   -0.39131646E+0001    0.14084541E+0001     35375
  1601   -0.39052598E+0001   -0.39052598E+0001    0.14542659E+0001     12000
  1650   -0.39082736E+0001   -0.39132234E+0001    0.13411771E+0001     12085
  1700   -0.39057679E+0001   -0.39122192E+0001    0.13840231E+0001     12268
  1750   -0.39037592E+0001   -0.39110807E+0001    0.14468407E+0001     12327
  1800   -0.39017109E+0001   -0.39092326E+0001    0.14698479E+0001     12684
  1850   -0.39002273E+0001   -0.39091957E+0001    0.14859641E+0001     12914
  1900   -0.38992472E+0001   -0.39079317E+0001    0.14845487E+0001     13340
  1950   -0.38980169E+0001   -0.39060984E+0001    0.15268444E+0001     13818
  2000   -0.38965582E+0001   -0.39057331E+0001    0.15380077E+0001     13933
  2050   -0.38953013E+0001   -0.39043833E+0001    0.15738722E+0001     14481
  2100   -0.38939847E+0001   -0.39030889E+0001    0.15816831E+0001     14671
  2150   -0.38923351E+0001   -0.39015443E+0001    0.16361788E+0001     14844
  2200   -0.38902314E+0001   -0.38996771E+0001    0.16524792E+0001     15143
  2250   -0.38878886E+0001   -0.38981539E+0001    0.16619416E+0001     15468
  2300   -0.38854198E+0001   -0.38973231E+0001    0.16942268E+0001     15920
  2350   -0.38825375E+0001   -0.38949205E+0001    0.17273599E+0001     16523
  2400   -0.38774215E+0001   -0.38907921E+0001    0.17331958E+0001     17105
  2450   -0.38672917E+0001   -0.38877728E+0001    0.17129653E+0001     17644
  2500   -0.38562865E+0001   -0.38837223E+0001    0.16983527E+0001     18169
  2550   -0.38505717E+0001   -0.38797286E+0001    0.17114229E+0001     18561
  2600   -0.38464216E+0001   -0.38718906E+0001    0.17266104E+0001     19135
  2650   -0.38423881E+0001   -0.38532755E+0001    0.17065691E+0001     19277
  2700   -0.38379644E+0001   -0.38515504E+0001    0.16940457E+0001     19627
  2750   -0.38330582E+0001   -0.38477145E+0001    0.16817918E+0001     20164
  2800   -0.38278189E+0001   -0.38434561E+0001    0.16414234E+0001     20758
  2850   -0.38223073E+0001   -0.38385087E+0001    0.16094581E+0001     21129
  2900   -0.38164714E+0001   -0.38341477E+0001    0.16213930E+0001     21477
  2950   -0.38110255E+0001   -0.38266422E+0001    0.16102706E+0001     21982
  3000   -0.38064240E+0001   -0.38216194E+0001    0.15423682E+0001     22485
  3050   -0.38021732E+0001   -0.38158759E+0001    0.15258221E+0001     23187
  3100   -0.37983215E+0001   -0.38109246E+0001    0.15143968E+0001     24119
  3150   -0.37948155E+0001   -0.38067759E+0001    0.14645371E+0001     24659
  3200   -0.37913821E+0001   -0.38041619E+0001    0.14512832E+0001     25459
  3201   -0.37915365E+0001   -0.37915365E+0001    0.14713381E+0001     12000
  3250   -0.37946720E+0001   -0.37999672E+0001    0.14527915E+0001     12085
  3300   -0.37912913E+0001   -0.37978935E+0001    0.14445834E+0001     12078
  3350   -0.37879157E+0001   -0.37963578E+0001    0.14276234E+0001     12223
  3400   -0.37845203E+0001   -0.37926156E+0001    0.14222870E+0001     12321
  3450   -0.37810621E+0001   -0.37889230E+0001    0.13765583E+0001     12770
  3500   -0.37776395E+0001   -0.37867679E+0001    0.13750859E+0001     13080
  3550   -0.37745458E+0001   -0.37854446E+0001    0.13491267E+0001     13273
  3600   -0.37711802E+0001   -0.37819557E+0001    0.13283111E+0001     13717
  3650   -0.37677797E+0001   -0.37814563E+0001    0.13125608E+0001     14345
  3700   -0.37647309E+0001   -0.37801513E+0001    0.12791210E+0001     14589
  3750   -0.37620737E+0001   -0.37722171E+0001    0.12611635E+0001     15135
  3800   -0.37596208E+0001   -0.37692460E+0001    0.12566688E+0001     15438
  3850   -0.37570950E+0001   -0.37666644E+0001    0.12318462E+0001     15636
  3900   -0.37543615E+0001   -0.37625497E+0001    0.12043459E+0001     16230
  3950   -0.37517163E+0001   -0.37599970E+0001    0.11691447E+0001     16269
  4000   -0.37493523E+0001   -0.37579550E+0001    0.11689945E+0001     16481
  4050   -0.37473684E+0001   -0.37551013E+0001    0.11427771E+0001     16406
  4100   -0.37453050E+0001   -0.37546998E+0001    0.11284932E+0001     16773
  4150   -0.37432572E+0001   -0.37530478E+0001    0.11218849E+0001     16972
  4200   -0.37411990E+0001   -0.37521107E+0001    0.10735273E+0001     17390
  4250   -0.37390952E+0001   -0.37495487E+0001    0.10505756E+0001     17828
  4300   -0.37370404E+0001   -0.37449706E+0001    0.10526119E+0001     18227
  4350   -0.37346631E+0001   -0.37437469E+0001    0.10097741E+0001     18636
  4400   -0.37324350E+0001   -0.37419122E+0001    0.98268094E+0000     19148
  4450   -0.37301641E+0001   -0.37405863E+0001    0.95025367E+0000     19796
  4500   -0.37279192E+0001   -0.37363618E+0001    0.95363027E+0000     20136
  4550   -0.37259732E+0001   -0.37341546E+0001    0.92702414E+0000     20967
  4600   -0.37242208E+0001   -0.37326780E+0001    0.92155755E+0000     21410
  4650   -0.37226176E+0001   -0.37318072E+0001    0.90793449E+0000     22196
  4700   -0.37210133E+0001   -0.37302755E+0001    0.91626600E+0000     22502
  4750   -0.37193694E+0001   -0.37279940E+0001    0.90154491E+0000     22909
  4800   -0.37176491E+0001   -0.37254690E+0001    0.89332847E+0000     23320
  4801   -0.37176996E+0001   -0.37176996E+0001    0.83900808E+0000     12000
  4850   -0.37187511E+0001   -0.37215135E+0001    0.83401631E+0000     12090
  4900   -0.37177127E+0001   -0.37213574E+0001    0.84431791E+0000     12208
  4950   -0.37167259E+0001   -0.37208906E+0001    0.84545477E+0000     12442
  5000   -0.37157790E+0001   -0.37207339E+0001    0.81736843E+0000     12794
  5050   -0.37147403E+0001   -0.37190617E+0001    0.79648640E+0000     12993
  5100   -0.37137011E+0001   -0.37188362E+0001    0.80283660E+0000     13327
  5150   -0.37126989E+0001   -0.37177779E+0001    0.78985974E+0000     13571
  5200   -0.37116746E+0001   -0.37165482E+0001    0.80245635E+0000     13936
  5250   -0.37106506E+0001   -0.37161022E+0001    0.81409166E+0000     14021
  5300   -0.37097282E+0001   -0.37161499E+0001    0.76806467E+0000     14362
  5350   -0.37087880E+0001   -0.37140308E+0001    0.75979584E+0000     14733
  5400   -0.37080194E+0001   -0.37132269E+0001    0.74944601E+0000     15004
  5450   -0.37073663E+0001   -0.37118127E+0001    0.75642602E+0000     15469
  5500   -0.37068694E+0001   -0.37116001E+0001    0.71741831E+0000     15635
  5550   -0.37063512E+0001   -0.37108210E+0001    0.67495025E+0000     16098
  5600   -0.37055862E+0001   -0.37102341E+0001    0.67480789E+0000     16397
  5650   -0.37048306E+0001   -0.37107667E+0001    0.64484244E+0000     16562
  5700   -0.37041688E+0001   -0.37105204E+0001    0.63444470E+0000     17100
  5750   -0.37031625E+0001   -0.37089074E+0001    0.62715618E+0000     17548
  5800   -0.37020480E+0001   -0.37080451E+0001    0.60315973E+0000     17609
  5850   -0.37011327E+0001   -0.37078501E+0001    0.67315979E+0000     18169
  5900   -0.37003797E+0001   -0.37069742E+0001    0.64036742E+0000     18505
  5950   -0.36998146E+0001   -0.37066787E+0001    0.60722500E+0000     18961
  6000   -0.36993824E+0001   -0.37062671E+0001    0.62065006E+0000     19348
  6050   -0.36988534E+0001   -0.37044731E+0001    0.57420506E+0000     19928
  6100   -0.36982859E+0001   -0.37040599E+0001    0.55835191E+0000     20442
  6150   -0.36977131E+0001   -0.37023085E+0001    0.55513660E+0000     20528
  6200   -0.36973272E+0001   -0.37010867E+0001    0.54719673E+0000     20899
  6250   -0.36970450E+0001   -0.37008114E+0001    0.56073405E+0000     21204
  6300   -0.36967275E+0001   -0.36998547E+0001    0.55131819E+0000     21206
  6350   -0.36963577E+0001   -0.36998160E+0001    0.52743443E+0000     21970
  6400   -0.36959109E+0001   -0.36991266E+0001    0.54951291E+0000     22301
  6401   -0.36959248E+0001   -0.36959248E+0001    0.43210726E+0000     12000
  6450   -0.36962113E+0001   -0.36974360E+0001    0.43703218E+0000     12009
  6500   -0.36959452E+0001   -0.36975675E+0001    0.48556783E+0000     12013
  6550   -0.36956523E+0001   -0.36976096E+0001    0.48988631E+0000     12091
  6600   -0.36953396E+0001   -0.36970739E+0001    0.50736643E+0000     12420
  6650   -0.36950090E+0001   -0.36971068E+0001    0.51301242E+0000     12498
  6700   -0.36947045E+0001   -0.36969459E+0001    0.49660387E+0000     12684
  6750   -0.36944505E+0001   -0.36967879E+0001    0.48354364E+0000     12862
  6800   -0.36941323E+0001   -0.36967209E+0001    0.46061878E+0000     13249
  6850   -0.36938273E+0001   -0.36965154E+0001    0.46941934E+0000     13357
  6900   -0.36935369E+0001   -0.36957274E+0001    0.47097070E+0000     13837
  6950   -0.36932251E+0001   -0.36955439E+0001    0.42581645E+0000     14086
  7000   -0.36929030E+0001   -0.36953621E+0001    0.47008992E+0000     14433
  7050   -0.36926060E+0001   -0.36952307E+0001    0.46955401E+0000     14733
  7100   -0.36923414E+0001   -0.36948322E+0001    0.48125189E+0000     14873
  7150   -0.36921216E+0001   -0.36949972E+0001    0.43006265E+0000     15263
  7200   -0.36919297E+0001   -0.36951601E+0001    0.41417542E+0000     15684
  7250   -0.36916972E+0001   -0.36959776E+0001    0.43864242E+0000     15986
  7300   -0.36914707E+0001   -0.36962320E+0001    0.43919343E+0000     16373
  7350   -0.36912701E+0001   -0.36954296E+0001    0.43619207E+0000     16886
  7400   -0.36910693E+0001   -0.36950688E+0001    0.36287836E+0000     17151
  7450   -0.36908437E+0001   -0.36940952E+0001    0.44311527E+0000     17597
  7500   -0.36905852E+0001   -0.36941149E+0001    0.41527617E+0000     17958
  7550   -0.36903937E+0001   -0.36938644E+0001    0.44397550E+0000     18335
  7600   -0.36902187E+0001   -0.36939604E+0001    0.42440284E+0000     18728
  7650   -0.36900834E+0001   -0.36936099E+0001    0.42743811E+0000     19246
  7700   -0.36899265E+0001   -0.36935154E+0001    0.39287852E+0000     19705
  7750   -0.36897608E+0001   -0.36935604E+0001    0.42038478E+0000     20014
  7800   -0.36896226E+0001   -0.36928608E+0001    0.39495523E+0000     20540
  7850   -0.36895062E+0001   -0.36920161E+0001    0.38528402E+0000     20995
  7900   -0.36893878E+0001   -0.36919002E+0001    0.34277596E+0000     21286
  7950   -0.36893302E+0001   -0.36914714E+0001    0.37423109E+0000     21722
  8000   -0.36892295E+0001   -0.36910430E+0001    0.35130071E+0000     21834
  8001   -0.36892331E+0001   -0.36892331E+0001    0.23043549E+0000     12000
  8050   -0.36893173E+0001   -0.36898469E+0001    0.27322102E+0000     12007
  8100   -0.36892541E+0001   -0.36900603E+0001    0.28496389E+0000     12033
  8150   -0.36891822E+0001   -0.36899913E+0001    0.32976018E+0000     12024
  8200   -0.36891078E+0001   -0.36901159E+0001    0.33966360E+0000     12235
  8250   -0.36890012E+0001   -0.36901055E+0001    0.36699702E+0000     12482
  8300   -0.36889164E+0001   -0.36899881E+0001    0.36752734E+0000     12395
  8350   -0.36888567E+0001   -0.36900952E+0001    0.35149442E+0000     12458
  8400   -0.36887779E+0001   -0.36904094E+0001    0.37828729E+0000     12826
  8450   -0.36887068E+0001   -0.36899764E+0001    0.35523139E+0000     13039
  8500   -0.36886701E+0001   -0.36896488E+0001    0.34186307E+0000     13364
  8550   -0.36886337E+0001   -0.36897525E+0001    0.39184836E+0000     13763
  8600   -0.36886116E+0001   -0.36897030E+0001    0.33173725E+0000     14093
  8650   -0.36885631E+0001   -0.36895395E+0001    0.36948390E+0000     14269
  8700   -0.36885156E+0001   -0.36891797E+0001    0.36391703E+0000     14740
  8750   -0.36884654E+0001   -0.36894219E+0001    0.37226270E+0000     14980
  8800   -0.36884359E+0001   -0.36894238E+0001    0.34825567E+0000     15342
  8850   -0.36883897E+0001   -0.36892954E+0001    0.28204469E+0000     15617
  8900   -0.36883053E+0001   -0.36895967E+0001    0.34344338E+0000     15682
  8950   -0.36881635E+0001   -0.36894889E+0001    0.32874302E+0000     16093
  9000   -0.36880086E+0001   -0.36893801E+0001    0.32540582E+0000     16305
  9050   -0.36878997E+0001   -0.36892149E+0001    0.29603211E+0000     16423
  9100   -0.36878103E+0001   -0.36891461E+0001    0.29278672E+0000     16597
  9150   -0.36877187E+0001   -0.36892911E+0001    0.33541223E+0000     16711
  9200   -0.36876589E+0001   -0.36895890E+0001    0.33197477E+0000     17139
  9250   -0.36876146E+0001   -0.36890393E+0001    0.33243046E+0000     17233
  9300   -0.36875592E+0001   -0.36889466E+0001    0.33518947E+0000     17638
  9350   -0.36874873E+0001   -0.36891355E+0001    0.32355444E+0000     18213
  9400   -0.36874281E+0001   -0.36889803E+0001    0.30512071E+0000     18788
  9450   -0.36873945E+0001   -0.36890767E+0001    0.27652666E+0000     19406
  9500   -0.36873656E+0001   -0.36885595E+0001    0.28665739E+0000     20093
  9550   -0.36873434E+0001   -0.36882462E+0001    0.28934504E+0000     20064
  9600   -0.36873120E+0001   -0.36883413E+0001    0.30368410E+0000     20145
  9601   -0.36873131E+0001   -0.36873131E+0001    0.11295280E+0000     12000
  9650   -0.36873317E+0001   -0.36874340E+0001    0.18386611E+0000     11964
  9700   -0.36873182E+0001   -0.36875226E+0001    0.27875843E+0000     11914
  9750   -0.36873027E+0001   -0.36875840E+0001    0.23923205E+0000     12194
  9800   -0.36872892E+0001   -0.36877018E+0001    0.29128369E+0000     12310
  9850   -0.36872719E+0001   -0.36877480E+0001    0.28376559E+0000     12395
  9900   -0.36872713E+0001   -0.36877032E+0001    0.29382815E+0000     12677
  9950   -0.36872766E+0001   -0.36880609E+0001    0.33685455E+0000     12912
 10000   -0.36872787E+0001   -0.36880728E+0001    0.34395329E+0000     13195
 10050   -0.36872499E+0001   -0.36879801E+0001    0.29911017E+0000     13217
 10100   -0.36872226E+0001   -0.36878724E+0001    0.29837671E+0000     13548
 10150   -0.36871984E+0001   -0.36879925E+0001    0.32589145E+0000     13928
 10200   -0.36871747E+0001   -0.36877982E+0001    0.34475896E+0000     14088
 10250   -0.36871544E+0001   -0.36880467E+0001    0.34899122E+0000     14319
 10300   -0.36871433E+0001   -0.36881677E+0001    0.31424657E+0000     14568
 10350   -0.36871205E+0001   -0.36878544E+0001    0.29972322E+0000     15245
 10400   -0.36871035E+0001   -0.36880183E+0001    0.34012580E+0000     15700
 10450   -0.36871035E+0001   -0.36878458E+0001    0.27449082E+0000     16020
 10500   -0.36870913E+0001   -0.36880797E+0001    0.31135904E+0000     16220
 10550   -0.36870625E+0001   -0.36881459E+0001    0.26354280E+0000     16453
 10600   -0.36870536E+0001   -0.36879760E+0001    0.32066677E+0000     16709
 10650   -0.36870523E+0001   -0.36880183E+0001    0.35815178E+0000     17042
 10700   -0.36870489E+0001   -0.36880392E+0001    0.31487754E+0000     17581
 10750   -0.36870546E+0001   -0.36880217E+0001    0.29605554E+0000     18111
 10800   -0.36870517E+0001   -0.36881413E+0001    0.31805970E+0000     18473
 10850   -0.36870225E+0001   -0.36878589E+0001    0.31016473E+0000     18853
 10900   -0.36870022E+0001   -0.36881942E+0001    0.27079447E+0000     19165
 10950   -0.36869914E+0001   -0.36882388E+0001    0.25921825E+0000     19460
 11000   -0.36869648E+0001   -0.36880014E+0001    0.30315393E+0000     19414
 11050   -0.36869420E+0001   -0.36878101E+0001    0.23302610E+0000     19731
 11100   -0.36869429E+0001   -0.36881242E+0001    0.31929293E+0000     20155
 11150   -0.36869462E+0001   -0.36880911E+0001    0.30799199E+0000     20414
 11200   -0.36869526E+0001   -0.36878520E+0001    0.29946675E+0000     20706
 11201   -0.36869530E+0001   -0.36869530E+0001    0.75695439E-0001     12000
 11250   -0.36869619E+0001   -0.36869858E+0001    0.13815749E+0000     11994
 11300   -0.36869600E+0001   -0.36870087E+0001    0.17827874E+0000     12104
 11350   -0.36869588E+0001   -0.36870185E+0001    0.26105078E+0000     12376
 11400   -0.36869591E+0001   -0.36870357E+0001    0.28567730E+0000     12611
 11450   -0.36869556E+0001   -0.36870652E+0001    0.31312971E+0000     12818
 11500   -0.36869565E+0001   -0.36871371E+0001    0.26912867E+0000     12881
 11550   -0.36869581E+0001   -0.36870919E+0001    0.22764865E+0000     13230
 11600   -0.36869654E+0001   -0.36870746E+0001    0.31805447E+0000     13501
 11650   -0.36869693E+0001   -0.36871371E+0001    0.34939855E+0000     13474
 11700   -0.36869632E+0001   -0.36872714E+0001    0.33237561E+0000     13666
 11750   -0.36869537E+0001   -0.36873133E+0001    0.28056216E+0000     13986
 11800   -0.36869528E+0001   -0.36874189E+0001    0.30959975E+0000     14202
 11850   -0.36869502E+0001   -0.36871901E+0001    0.28478266E+0000     14590
 11900   -0.36869432E+0001   -0.36871249E+0001    0.23980377E+0000     15038
 11950   -0.36869326E+0001   -0.36870634E+0001    0.26118838E+0000     15545
 12000   -0.36869262E+0001   -0.36871698E+0001    0.33385805E+0000     15587
 12050   -0.36869221E+0001   -0.36871839E+0001    0.31765828E+0000     15973
 12100   -0.36869264E+0001   -0.36872927E+0001    0.31690065E+0000     16279
 12150   -0.36869227E+0001   -0.36873239E+0001    0.31817229E+0000     16691
 12200   -0.36869115E+0001   -0.36873691E+0001    0.29025609E+0000     16895
 12250   -0.36869046E+0001   -0.36876150E+0001    0.31409207E+0000     17112
 12300   -0.36869053E+0001   -0.36873645E+0001    0.30162486E+0000     17318
 12350   -0.36869100E+0001   -0.36877910E+0001    0.30017415E+0000     17529
 12400   -0.36869107E+0001   -0.36874498E+0001    0.18813483E+0000     17943
 12450   -0.36869112E+0001   -0.36871800E+0001    0.23265190E+0000     18301
 12500   -0.36869073E+0001   -0.36872396E+0001    0.25613494E+0000     18458
 12550   -0.36869004E+0001   -0.36872134E+0001    0.27952722E+0000     18629
 12600   -0.36868896E+0001   -0.36872055E+0001    0.27337095E+0000     18933
 12650   -0.36868829E+0001   -0.36869669E+0001    0.26846979E+0000     19297
 12700   -0.36868744E+0001   -0.36871720E+0001    0.27473625E+0000     19356
 12750   -0.36868700E+0001   -0.36872203E+0001    0.27705488E+0000     19653
 12800   -0.36868682E+0001   -0.36873914E+0001    0.28882102E+0000     19989
 12801   -0.36868685E+0001   -0.36868685E+0001    0.50498960E-0001     12000
 12850   -0.36868732E+0001   -0.36868801E+0001    0.17225087E+0000     11992
 12900   -0.36868724E+0001   -0.36868812E+0001    0.23982345E+0000     12290
 12950   -0.36868717E+0001   -0.36868788E+0001    0.26023753E+0000     12445
 13000   -0.36868712E+0001   -0.36868675E+0001    0.22962590E+0000     12676
 13050   -0.36868720E+0001   -0.36868704E+0001    0.31299000E+0000     12696
 13100   -0.36868711E+0001   -0.36868602E+0001    0.28362161E+0000     12785
 13150   -0.36868697E+0001   -0.36868621E+0001    0.28693385E+0000     12974
 13200   -0.36868727E+0001   -0.36868697E+0001    0.28005574E+0000     13223
 13250   -0.36868736E+0001   -0.36868432E+0001    0.26991277E+0000     13360
 13300   -0.36868748E+0001   -0.36868552E+0001    0.30089957E+0000     13566
 13350   -0.36868707E+0001   -0.36868695E+0001    0.21806014E+0000     13843
 13400   -0.36868656E+0001   -0.36868419E+0001    0.29276538E+0000     14144
 13450   -0.36868642E+0001   -0.36868772E+0001    0.30817388E+0000     14470
 13500   -0.36868666E+0001   -0.36868436E+0001    0.26437436E+0000     14722
 13550   -0.36868714E+0001   -0.36868498E+0001    0.24713223E+0000     15101
 13600   -0.36868712E+0001   -0.36868665E+0001    0.30575821E+0000     15311
 13650   -0.36868677E+0001   -0.36869334E+0001    0.28840071E+0000     15580
 13700   -0.36868696E+0001   -0.36868443E+0001    0.23813473E+0000     15825
 13750   -0.36868700E+0001   -0.36869587E+0001    0.31990368E+0000     16025
 13800   -0.36868716E+0001   -0.36873681E+0001    0.26848665E+0000     16307
 13850   -0.36868708E+0001   -0.36872718E+0001    0.31258899E+0000     16684
 13900   -0.36868732E+0001   -0.36871450E+0001    0.26427884E+0000     16795
 13950   -0.36868726E+0001   -0.36873505E+0001    0.30039451E+0000     17056
 14000   -0.36868708E+0001   -0.36872753E+0001    0.34587222E+0000     17267
 14050   -0.36868690E+0001   -0.36871401E+0001    0.24733355E+0000     17639
 14100   -0.36868695E+0001   -0.36872813E+0001    0.27141711E+0000     18249
 14150   -0.36868708E+0001   -0.36873332E+0001    0.31517627E+0000     18758
 14200   -0.36868695E+0001   -0.36872168E+0001    0.27464237E+0000     19051
 14250   -0.36868703E+0001   -0.36871244E+0001    0.25990720E+0000     19493
 14300   -0.36868763E+0001   -0.36869802E+0001    0.33242454E+0000     19990
 14350   -0.36868804E+0001   -0.36871201E+0001    0.26417881E+0000     20113
 14400   -0.36868800E+0001   -0.36870562E+0001    0.29707037E+0000     20293
 14450   -0.36868762E+0001   -0.36868887E+0001    0.32994038E+0000     20555
 14500   -0.36868725E+0001   -0.36870349E+0001    0.27758147E+0000     20896
 14550   -0.36868717E+0001   -0.36870574E+0001    0.28404199E+0000     21092
 14600   -0.36868723E+0001   -0.36871554E+0001    0.27230731E+0000     21182
 14650   -0.36868731E+0001   -0.36870770E+0001    0.31112636E+0000     21396
 14700   -0.36868768E+0001   -0.36871385E+0001    0.24372531E+0000     21644
 14750   -0.36868780E+0001   -0.36869775E+0001    0.29049255E+0000     22113
 14800   -0.36868792E+0001   -0.36869236E+0001    0.26624557E+0000     22467
 14850   -0.36868729E+0001   -0.36868803E+0001    0.28740182E+0000     22905
 14900   -0.36868692E+0001   -0.36868660E+0001    0.25871464E+0000     23371
 14950   -0.36868691E+0001   -0.36868517E+0001    0.28346833E+0000     23709
 15000   -0.36868695E+0001   -0.36870249E+0001    0.27019936E+0000     23965
 15050   -0.36868708E+0001   -0.36870214E+0001    0.28882478E+0000     24227
 15100   -0.36868730E+0001   -0.36869465E+0001    0.28575206E+0000     24826
 15150   -0.36868753E+0001   -0.36870332E+0001    0.29065047E+0000     25363
 15200   -0.36868742E+0001   -0.36868495E+0001    0.26301973E+0000     25458
 15250   -0.36868739E+0001   -0.36868478E+0001    0.30179227E+0000     25594
 15300   -0.36868728E+0001   -0.36869282E+0001    0.30594337E+0000     25876
 15350   -0.36868723E+0001   -0.36868495E+0001    0.31621311E+0000     26039
 15400   -0.36868728E+0001   -0.36868082E+0001    0.29258290E+0000     26289
 15450   -0.36868750E+0001   -0.36868583E+0001    0.27109632E+0000     26844
 15500   -0.36868763E+0001   -0.36868144E+0001    0.25083496E+0000     27283
 15550   -0.36868757E+0001   -0.36868442E+0001    0.28777039E+0000     27540
 15600   -0.36868736E+0001   -0.36870379E+0001    0.26904300E+0000     27905
 15650   -0.36868721E+0001   -0.36870649E+0001    0.26824964E+0000     28359
 15700   -0.36868726E+0001   -0.36871829E+0001    0.28421134E+0000     28874
 15750   -0.36868737E+0001   -0.36872847E+0001    0.28900561E+0000     29235
 15800   -0.36868725E+0001   -0.36870262E+0001    0.25867331E+0000     29557
 15850   -0.36868734E+0001   -0.36867819E+0001    0.27756380E+0000     29936
 15900   -0.36868735E+0001   -0.36871068E+0001    0.24730090E+0000     30493
 15950   -0.36868751E+0001   -0.36868672E+0001    0.27044255E+0000     30794
 16000   -0.36868769E+0001   -0.36871290E+0001    0.27102240E+0000     31047
 16001   -0.36868525E+0001   -0.36868525E+0001    0.42307145E-0001         1
 16050   -0.36865516E+0001   -0.36865516E+0001    0.30632373E+0000         1
 16100   -0.36860183E+0001   -0.36860183E+0001    0.54082187E+0000         1
 16150   -0.36861302E+0001   -0.36861302E+0001    0.50352372E+0000         1
 16200   -0.36862501E+0001   -0.36862501E+0001    0.40314163E+0000         1
 16250   -0.36863878E+0001   -0.36863878E+0001    0.43001598E+0000         1
 16300   -0.36861550E+0001   -0.36861550E+0001    0.54483364E+0000         1
 16350   -0.36862273E+0001   -0.36862273E+0001    0.43148079E+0000         1
 16400   -0.36863052E+0001   -0.36863052E+0001    0.43189213E+0000         1
 16450   -0.36863182E+0001   -0.36863182E+0001    0.46266421E+0000         1
 16500   -0.36861446E+0001   -0.36861446E+0001    0.44568540E+0000         1
 16550   -0.36864522E+0001   -0.36864522E+0001    0.32910906E+0000         1
 16600   -0.36862748E+0001   -0.36862748E+0001    0.43633302E+0000         1
 16650   -0.36862649E+0001   -0.36862649E+0001    0.54672257E+0000         1
 16700   -0.36862214E+0001   -0.36862214E+0001    0.54307352E+0000         1
 16750   -0.36861397E+0001   -0.36861397E+0001    0.57438190E+0000         1
 16800   -0.36858822E+0001   -0.36858822E+0001    0.60429953E+0000         1
 16850   -0.36859095E+0001   -0.36859095E+0001    0.57935746E+0000         1
 16900   -0.36860986E+0001   -0.36860986E+0001    0.60142246E+0000         1
 16950   -0.36860212E+0001   -0.36860212E+0001    0.63463234E+0000         1
 17000   -0.36859550E+0001   -0.36859550E+0001    0.60833598E+0000         1
 17050   -0.36869243E+0001   -0.36869243E+0001    0.36520043E+0000         1
 17100   -0.36866797E+0001   -0.36866797E+0001    0.53733815E+0000         1
 17150   -0.36867630E+0001   -0.36867630E+0001    0.42610948E+0000         1
 17200   -0.36864422E+0001   -0.36864422E+0001    0.45270525E+0000         1
 17250   -0.36869520E+0001   -0.36869520E+0001    0.39350686E+0000         1
 17300   -0.36871577E+0001   -0.36871577E+0001    0.36441617E+0000         1
 17350   -0.36868933E+0001   -0.36868933E+0001    0.50900765E+0000         1
 17400   -0.36872336E+0001   -0.36872336E+0001    0.42692104E+0000         1
 17450   -0.36871021E+0001   -0.36871021E+0001    0.47009844E+0000         1
 17500   -0.36869865E+0001   -0.36869865E+0001    0.43726009E+0000         1
 17550   -0.36870279E+0001   -0.36870279E+0001    0.44103095E+0000         1
 17600   -0.36862340E+0001   -0.36862340E+0001    0.54487812E+0000         1
 17650   -0.36867032E+0001   -0.36867032E+0001    0.46199863E+0000         1
 17700   -0.36868254E+0001   -0.36868254E+0001    0.64094778E+0000         1
 17750   -0.36874632E+0001   -0.36874632E+0001    0.42867801E+0000         1
 17800   -0.36875740E+0001   -0.36875740E+0001    0.52123478E+0000         1
 17850   -0.36878001E+0001   -0.36878001E+0001    0.49467768E+0000         1
 17900   -0.36882149E+0001   -0.36882149E+0001    0.41301702E+0000         1
 17950   -0.36882499E+0001   -0.36882499E+0001    0.54950804E+0000         1
 18000   -0.36884026E+0001   -0.36884026E+0001    0.70110393E+0000         1
 18050   -0.36890765E+0001   -0.36890765E+0001    0.59933355E+0000         1
 18100   -0.36887299E+0001   -0.36887299E+0001    0.62429176E+0000         1
 18150   -0.36896159E+0001   -0.36896159E+0001    0.48918822E+0000         1
 18200   -0.36900498E+0001   -0.36900498E+0001    0.49029149E+0000         1
 18250   -0.36901912E+0001   -0.36901912E+0001    0.49751410E+0000         1
 18300   -0.36897332E+0001   -0.36897332E+0001    0.57019253E+0000         1
 18350   -0.36902505E+0001   -0.36902505E+0001    0.51965439E+0000         1
 18400   -0.36907393E+0001   -0.36907393E+0001    0.47768561E+0000         1
 18450   -0.36912660E+0001   -0.36912660E+0001    0.51474472E+0000         1
 18500   -0.36915363E+0001   -0.36915363E+0001    0.48930492E+0000         1
 18550   -0.36915462E+0001   -0.36915462E+0001    0.63727367E+0000         1
 18600   -0.36922438E+0001   -0.36922438E+0001    0.57714308E+0000         1
 18650   -0.36928920E+0001   -0.36928920E+0001    0.54292901E+0000         1
 18700   -0.36931312E+0001   -0.36931312E+0001    0.57903688E+0000         1
 18750   -0.36929924E+0001   -0.36929924E+0001    0.69189005E+0000         1
 18800   -0.36930103E+0001   -0.36930103E+0001    0.76269642E+0000         1
 18850   -0.36935360E+0001   -0.36935360E+0001    0.77858262E+0000         1
 18900   -0.36952293E+0001   -0.36952293E+0001    0.64011942E+0000         1
 18950   -0.36967744E+0001   -0.36967744E+0001    0.69948384E+0000         1
 19000   -0.36978119E+0001   -0.36978119E+0001    0.70059408E+0000         1
 19050   -0.36971335E+0001   -0.36971335E+0001    0.81756294E+0000         1
 19100   -0.36984675E+0001   -0.36984675E+0001    0.70992126E+0000         1
 19150   -0.36977502E+0001   -0.36977502E+0001    0.82305429E+0000         1
 19200   -0.36993752E+0001   -0.36993752E+0001    0.68707158E+0000         1
 19250   -0.36995952E+0001   -0.36995952E+0001    0.87061552E+0000         1
 19300   -0.37008086E+0001   -0.37008086E+0001    0.73977663E+0000         1
 19350   -0.37020712E+0001   -0.37020712E+0001    0.69855046E+0000         1
 19400   -0.37032695E+0001   -0.37032695E+0001    0.74236312E+0000         1
 19450   -0.37048266E+0001   -0.37048266E+0001    0.66081571E+0000         1
 19500   -0.37055904E+0001   -0.37055904E+0001    0.73031289E+0000         1
 19550   -0.37063386E+0001   -0.37063386E+0001    0.85023024E+0000         1
 19600   -0.37084743E+0001   -0.37084743E+0001    0.91525953E+0000         1
 19650   -0.37103082E+0001   -0.37103082E+0001    0.88156664E+0000         1
 19700   -0.37116002E+0001   -0.37116002E+0001    0.10590695E+0001         1
 19750   -0.37147170E+0001   -0.37147170E+0001    0.97767812E+0000         1
 19800   -0.37164368E+0001   -0.37164368E+0001    0.99747387E+0000         1
 19850   -0.37195524E+0001   -0.37195524E+0001    0.92973724E+0000         1
 19900   -0.37221451E+0001   -0.37221451E+0001    0.98319017E+0000         1
 19950   -0.37241303E+0001   -0.37241303E+0001    0.10245212E+0001         1
 20000   -0.37275830E+0001   -0.37275830E+0001    0.99115262E+0000         1
 20050   -0.37305922E+0001   -0.37305922E+0001    0.10609438E+0001         1
 20100   -0.37329334E+0001   -0.37329334E+0001    0.11623303E+0001         1
 20150   -0.37345075E+0001   -0.37345075E+0001    0.10845694E+0001         1
 20200   -0.37404796E+0001   -0.37404796E+0001    0.11451975E+0001         1
 20250   -0.37440064E+0001   -0.37440064E+0001    0.11756822E+0001         1
 20300   -0.37496699E+0001   -0.37496699E+0001    0.11804045E+0001         1
 20350   -0.37544554E+0001   -0.37544554E+0001    0.12724160E+0001         1
 20400   -0.37600535E+0001   -0.37600535E+0001    0.13040679E+0001         1
 20450   -0.37651616E+0001   -0.37651616E+0001    0.13180089E+0001         1
 20500   -0.37711486E+0001   -0.37711486E+0001    0.14197084E+0001         1
 20550   -0.37761792E+0001   -0.37761792E+0001    0.14293438E+0001         1
 20600   -0.37840754E+0001   -0.37840754E+0001    0.14668788E+0001         1
 20650   -0.37920957E+0001   -0.37920957E+0001    0.14867175E+0001         1
 20700   -0.38016819E+0001   -0.38016819E+0001    0.15785581E+0001         1
 20750   -0.38094344E+0001   -0.38094344E+0001    0.15591966E+0001         1
 20800   -0.38168926E+0001   -0.38168926E+0001    0.15817841E+0001         1
 20850   -0.38287877E+0001   -0.38287877E+0001    0.16579404E+0001         1
 20900   -0.38362888E+0001   -0.38362888E+0001    0.17153179E+0001         1
 20950   -0.38457677E+0001   -0.38457677E+0001    0.17372498E+0001         1
 21000   -0.38538677E+0001   -0.38538677E+0001    0.17418677E+0001         1
 21050   -0.38654512E+0001   -0.38654512E+0001    0.16865147E+0001         1
 21100   -0.38726891E+0001   -0.38726891E+0001    0.18267511E+0001         1
 21150   -0.38818180E+0001   -0.38818180E+0001    0.17752685E+0001         1
 21200   -0.38907290E+0001   -0.38907290E+0001    0.16464097E+0001         1
 21250   -0.38948482E+0001   -0.38948482E+0001    0.16243404E+0001         1
 21300   -0.39028495E+0001   -0.39028495E+0001    0.15695073E+0001         1
 21350   -0.39094496E+0001   -0.39094496E+0001    0.14481295E+0001         1
 21400   -0.39150910E+0001   -0.39150910E+0001    0.13620097E+0001         1
 21450   -0.39200963E+0001   -0.39200963E+0001    0.12374527E+0001         1
 21500   -0.39243272E+0001   -0.39243272E+0001    0.11359347E+0001         1
 21550   -0.39267881E+0001   -0.39267881E+0001    0.10626758E+0001         1
 21600   -0.39278395E+0001   -0.39278395E+0001    0.10153626E+0001         1
 21650   -0.39308937E+0001   -0.39308937E+0001    0.91159399E+0000         1
 21700   -0.39334510E+0001   -0.39334510E+0001    0.75496363E+0000         1
 21750   -0.39344699E+0001   -0.39344699E+0001    0.72122636E+0000         1
 21800   -0.39349929E+0001   -0.39349929E+0001    0.74175359E+0000         1
 21850   -0.39359783E+0001   -0.39359783E+0001    0.61375242E+0000         1
 21900   -0.39367378E+0001   -0.39367378E+0001    0.56169440E+0000         1
 21950   -0.39370252E+0001   -0.39370252E+0001    0.55333714E+0000         1
 22000   -0.39372175E+0001   -0.39372175E+0001    0.57405924E+0000         1
 22050   -0.39369866E+0001   -0.39369866E+0001    0.80629173E+0000         1
 22100   -0.39377191E+0001   -0.39377191E+0001    0.60105093E+0000         1
 22150   -0.39382490E+0001   -0.39382490E+0001    0.61582774E+0000         1
 22200   -0.39384988E+0001   -0.39384988E+0001    0.58705775E+0000         1
 22250   -0.39390080E+0001   -0.39390080E+0001    0.40683891E+0000         1
 22300   -0.39392045E+0001   -0.39392045E+0001    0.38795545E+0000         1
 22350   -0.39387875E+0001   -0.39387875E+0001    0.55495704E+0000         1
 22400   -0.39389755E+0001   -0.39389755E+0001    0.55894187E+0000         1
 22450   -0.39391349E+0001   -0.39391349E+0001    0.50716639E+0000         1
 22500   -0.39388466E+0001   -0.39388466E+0001    0.60956327E+0000         1
 22550   -0.39395603E+0001   -0.39395603E+0001    0.34092827E+0000         1
 22600   -0.39392228E+0001   -0.39392228E+0001    0.54978698E+0000         1
 22650   -0.39394337E+0001   -0.39394337E+0001    0.44467582E+0000         1
 22700   -0.39394702E+0001   -0.39394702E+0001    0.37249652E+0000         1
 22750   -0.39393805E+0001   -0.39393805E+0001    0.45653945E+0000         1
 22800   -0.39391997E+0001   -0.39391997E+0001    0.62077456E+0000         1
 22850   -0.39385404E+0001   -0.39385404E+0001    0.73170288E+0000         1
 22900   -0.39390535E+0001   -0.39390535E+0001    0.55362819E+0000         1
 22950   -0.39392474E+0001   -0.39392474E+0001    0.46034803E+0000         1
 23000   -0.39394309E+0001   -0.39394309E+0001    0.39117954E+0000         1
 23050   -0.39389506E+0001   -0.39389506E+0001    0.49358070E+0000         1
 23100   -0.39393440E+0001   -0.39393440E+0001    0.37100912E+0000         1
 23150   -0.39395264E+0001   -0.39395264E+0001    0.39494118E+0000         1
 23200   -0.39387118E+0001   -0.39387118E+0001    0.58657627E+0000         1
 23250   -0.39388398E+0001   -0.39388398E+0001    0.55722500E+0000         1
 23300   -0.39391822E+0001   -0.39391822E+0001    0.58624192E+0000         1
 23350   -0.39390008E+0001   -0.39390008E+0001    0.47225496E+0000         1
 23400   -0.39390137E+0001   -0.39390137E+0001    0.50139385E+0000         1
 23450   -0.39395699E+0001   -0.39395699E+0001    0.32391740E+0000         1
 23500   -0.39390474E+0001   -0.39390474E+0001    0.61865039E+0000         1
 23550   -0.39390861E+0001   -0.39390861E+0001    0.45035194E+0000         1
 23600   -0.39389375E+0001   -0.39389375E+0001    0.52141858E+0000         1
 23650   -0.39388055E+0001   -0.39388055E+0001    0.52958888E+0000         1
 23700   -0.39382239E+0001   -0.39382239E+0001    0.63489510E+0000         1
 23750   -0.39387179E+0001   -0.39387179E+0001    0.59942615E+0000         1
 23800   -0.39391293E+0001   -0.39391293E+0001    0.47594966E+0000         1
 23850   -0.39394464E+0001   -0.39394464E+0001    0.31534873E+0000         1
 23900   -0.39390276E+0001   -0.39390276E+0001    0.45667944E+0000         1
 23950   -0.39386886E+0001   -0.39386886E+0001    0.57959311E+0000         1
 24000   -0.39391566E+0001   -0.39391566E+0001    0.54250454E+0000         1
 24050   -0.39393044E+0001   -0.39393044E+0001    0.41202942E+0000         1
 24100   -0.39392154E+0001   -0.39392154E+0001    0.39840635E+0000         1
 24150   -0.39392720E+0001   -0.39392720E+0001    0.42047262E+0000         1
 24200   -0.39386866E+0001   -0.39386866E+0001    0.51969901E+0000         1
 24250   -0.39391407E+0001   -0.39391407E+0001    0.52785544E+0000         1
 24300   -0.39389233E+0001   -0.39389233E+0001    0.56813205E+0000         1
 24350   -0.39384717E+0001   -0.39384717E+0001    0.55604734E+0000         1
 24400   -0.39384375E+0001   -0.39384375E+0001    0.65250343E+0000         1
 24450   -0.39385891E+0001   -0.39385891E+0001    0.54996523E+0000         1
 24500   -0.39390637E+0001   -0.39390637E+0001    0.44498668E+0000         1
 24550   -0.39389726E+0001   -0.39389726E+0001    0.53838295E+0000         1
 24600   -0.39390462E+0001   -0.39390462E+0001    0.56091221E+0000         1
 24650   -0.39393239E+0001   -0.39393239E+0001    0.42626738E+0000         1
 24700   -0.39390891E+0001   -0.39390891E+0001    0.43927111E+0000         1
 24750   -0.39386573E+0001   -0.39386573E+0001    0.57603307E+0000         1
 24800   -0.39379543E+0001   -0.39379543E+0001    0.73239275E+0000         1
 24850   -0.39387535E+0001   -0.39387535E+0001    0.55789791E+0000         1
 24900   -0.39386158E+0001   -0.39386158E+0001    0.59416308E+0000         1
 24950   -0.39392063E+0001   -0.39392063E+0001    0.40702878E+0000         1
 25000   -0.39391836E+0001   -0.39391836E+0001    0.42769631E+0000         1
 25050   -0.39392583E+0001   -0.39392583E+0001    0.39653526E+0000         1
 25100   -0.39390199E+0001   -0.39390199E+0001    0.43649973E+0000         1
 25150   -0.39390707E+0001   -0.39390707E+0001    0.54135389E+0000         1
 25200   -0.39394205E+0001   -0.39394205E+0001    0.40540893E+0000         1
 25250   -0.39391154E+0001   -0.39391154E+0001    0.49126991E+0000         1
 25300   -0.39387546E+0001   -0.39387546E+0001    0.52389484E+0000         1
 25350   -0.39391372E+0001   -0.39391372E+0001    0.53427664E+0000         1
 25400   -0.39390609E+0001   -0.39390609E+0001    0.43703505E+0000         1
 25450   -0.39394030E+0001   -0.39394030E+0001    0.39659311E+0000         1
 25500   -0.39397188E+0001   -0.39397188E+0001    0.33736873E+0000         1
 25550   -0.39394143E+0001   -0.39394143E+0001    0.44540257E+0000         1
 25600   -0.39396729E+0001   -0.39396729E+0001    0.31786828E+0000         1
 25650   -0.39395197E+0001   -0.39395197E+0001    0.39802405E+0000         1
 25700   -0.39394283E+0001   -0.39394283E+0001    0.43826541E+0000         1
 25750   -0.39391318E+0001   -0.39391318E+0001    0.50225210E+0000         1
 25800   -0.39393361E+0001   -0.39393361E+0001    0.43039791E+0000         1
 25850   -0.39389807E+0001   -0.39389807E+0001    0.60902125E+0000         1
 25900   -0.39387952E+0001   -0.39387952E+0001    0.52699862E+0000         1
 25950   -0.39393907E+0001   -0.39393907E+0001    0.29934474E+0000         1
 26000   -0.39394175E+0001   -0.39394175E+0001    0.34103298E+0000         1
 26050   -0.39394559E+0001   -0.39394559E+0001    0.35221966E+0000         1
 26100   -0.39390552E+0001   -0.39390552E+0001    0.48718369E+0000         1
 26150   -0.39394211E+0001   -0.39394211E+0001    0.30092539E+0000         1
 26200   -0.39391882E+0001   -0.39391882E+0001    0.45258488E+0000         1
 26250   -0.39391166E+0001   -0.39391166E+0001    0.59688707E+0000         1
 26300   -0.39390335E+0001   -0.39390335E+0001    0.57688464E+0000         1
 26350   -0.39390519E+0001   -0.39390519E+0001    0.45733229E+0000         1
 26400   -0.39387954E+0001   -0.39387954E+0001    0.54514577E+0000         1
 26450   -0.39383216E+0001   -0.39383216E+0001    0.63652557E+0000         1
 26500   -0.39393249E+0001   -0.39393249E+0001    0.40779982E+0000         1
 26550   -0.39394841E+0001   -0.39394841E+0001    0.35947857E+0000         1
 26600   -0.39392616E+0001   -0.39392616E+0001    0.49232272E+0000         1
 26650   -0.39388323E+0001   -0.39388323E+0001    0.62197145E+0000         1
 26700   -0.39392746E+0001   -0.39392746E+0001    0.40973991E+0000         1
 26750   -0.39391457E+0001   -0.39391457E+0001    0.55762697E+0000         1
 26800   -0.39393508E+0001   -0.39393508E+0001    0.46311372E+0000         1
 26850   -0.39392492E+0001   -0.39392492E+0001    0.54292180E+0000         1
 26900   -0.39394157E+0001   -0.39394157E+0001    0.43462918E+0000         1
 26950   -0.39391864E+0001   -0.39391864E+0001    0.52627667E+0000         1
 27000   -0.39391200E+0001   -0.39391200E+0001    0.61673329E+0000         1
 27050   -0.39384726E+0001   -0.39384726E+0001    0.62863811E+0000         1
 27100   -0.39390403E+0001   -0.39390403E+0001    0.50009899E+0000         1
 27150   -0.39389178E+0001   -0.39389178E+0001    0.56923343E+0000         1
 27200   -0.39386269E+0001   -0.39386269E+0001    0.54233838E+0000         1
 27250   -0.39389786E+0001   -0.39389786E+0001    0.52226893E+0000         1
 27300   -0.39386179E+0001   -0.39386179E+0001    0.60616399E+0000         1
 27350   -0.39388376E+0001   -0.39388376E+0001    0.47889567E+0000         1
 27400   -0.39388769E+0001   -0.39388769E+0001    0.54095537E+0000         1
 27450   -0.39387466E+0001   -0.39387466E+0001    0.55137715E+0000         1
 27500   -0.39388803E+0001   -0.39388803E+0001    0.53817101E+0000         1
 27550   -0.39391269E+0001   -0.39391269E+0001    0.55245396E+0000         1
 27600   -0.39389677E+0001   -0.39389677E+0001    0.44469421E+0000         1
 27650   -0.39385042E+0001   -0.39385042E+0001    0.57174391E+0000         1
 27700   -0.39385377E+0001   -0.39385377E+0001    0.63248906E+0000         1
 27750   -0.39382326E+0001   -0.39382326E+0001    0.63862761E+0000         1
 27800   -0.39391921E+0001   -0.39391921E+0001    0.45450105E+0000         1
 27850   -0.39393600E+0001   -0.39393600E+0001    0.35961530E+0000         1
 27900   -0.39391915E+0001   -0.39391915E+0001    0.45931480E+0000         1
 27950   -0.39390521E+0001   -0.39390521E+0001    0.49586918E+0000         1
 28000   -0.39387888E+0001   -0.39387888E+0001    0.69414156E+0000         1
 28050   -0.39384404E+0001   -0.39384404E+0001    0.68351427E+0000         1
 28100   -0.39387556E+0001   -0.39387556E+0001    0.70643817E+0000         1
 28150   -0.39390143E+0001   -0.39390143E+0001    0.51618864E+0000         1
 28200   -0.39393922E+0001   -0.39393922E+0001    0.41523240E+0000         1
 28250   -0.39393488E+0001   -0.39393488E+0001    0.40841993E+0000         1
 28300   -0.39397305E+0001   -0.39397305E+0001    0.32379099E+0000         1
 28350   -0.39390071E+0001   -0.39390071E+0001    0.44977997E+0000         1
 28400   -0.39385735E+0001   -0.39385735E+0001    0.52807014E+0000         1
 28450   -0.39390820E+0001   -0.39390820E+0001    0.51180593E+0000         1
 28500   -0.39385368E+0001   -0.39385368E+0001    0.66684127E+0000         1
 28550   -0.39383314E+0001   -0.39383314E+0001    0.64997500E+0000         1
 28600   -0.39382083E+0001   -0.39382083E+0001    0.83749583E+0000         1
 28650   -0.39385383E+0001   -0.39385383E+0001    0.72445179E+0000         1
 28700   -0.39383863E+0001   -0.39383863E+0001    0.61635214E+0000         1
 28750   -0.39383367E+0001   -0.39383367E+0001    0.52840132E+0000         1
 28800   -0.39388560E+0001   -0.39388560E+0001    0.52777405E+0000         1
 28850   -0.39388896E+0001   -0.39388896E+0001    0.48908127E+0000         1
 28900   -0.39388064E+0001   -0.39388064E+0001    0.57043149E+0000         1
 28950   -0.39394875E+0001   -0.39394875E+0001    0.36088664E+0000         1
 29000   -0.39394885E+0001   -0.39394885E+0001    0.39107857E+0000         1
 29050   -0.39396136E+0001   -0.39396136E+0001    0.33097409E+0000         1
 29100   -0.39394527E+0001   -0.39394527E+0001    0.45394725E+0000         1
 29150   -0.39395117E+0001   -0.39395117E+0001    0.46108651E+0000         1
 29200   -0.39391638E+0001   -0.39391638E+0001    0.54721228E+0000         1
 29250   -0.39392062E+0001   -0.39392062E+0001    0.58937893E+0000         1
 29300   -0.39392185E+0001   -0.39392185E+0001    0.53550091E+0000         1
 29350   -0.39396617E+0001   -0.39396617E+0001    0.31072919E+0000         1
 29400   -0.39394575E+0001   -0.39394575E+0001    0.37931494E+0000         1
 29450   -0.39391520E+0001   -0.39391520E+0001    0.51134569E+0000         1
 29500   -0.39395292E+0001   -0.39395292E+0001    0.43517907E+0000         1
 29550   -0.39396240E+0001   -0.39396240E+0001    0.35728384E+0000         1
 29600   -0.39392967E+0001   -0.39392967E+0001    0.42094524E+0000         1
 29650   -0.39394805E+0001   -0.39394805E+0001    0.35418048E+0000         1
 29700   -0.39388564E+0001   -0.39388564E+0001    0.52612491E+0000         1
 29750   -0.39394222E+0001   -0.39394222E+0001    0.32005651E+0000         1
 29800   -0.39389497E+0001   -0.39389497E+0001    0.54083756E+0000         1
 29850   -0.39388782E+0001   -0.39388782E+0001    0.50223161E+0000         1
 29900   -0.39384919E+0001   -0.39384919E+0001    0.64805680E+0000         1
 29950   -0.39392071E+0001   -0.39392071E+0001    0.53096670E+0000         1
 30000   -0.39392377E+0001   -0.39392377E+0001    0.56942286E+0000         1
 30050   -0.39391304E+0001   -0.39391304E+0001    0.47804287E+0000         1
 30100   -0.39396508E+0001   -0.39396508E+0001    0.40541056E+0000         1
 30150   -0.39389153E+0001   -0.39389153E+0001    0.62695839E+0000         1
 30200   -0.39387992E+0001   -0.39387992E+0001    0.64435076E+0000         1
 30250   -0.39392672E+0001   -0.39392672E+0001    0.41913489E+0000         1
 30300   -0.39390962E+0001   -0.39390962E+0001    0.47966661E+0000         1
 30350   -0.39393092E+0001   -0.39393092E+0001    0.43555575E+0000         1
 30400   -0.39392290E+0001   -0.39392290E+0001    0.38952479E+0000         1
 30450   -0.39394311E+0001   -0.39394311E+0001    0.33005668E+0000         1
 30500   -0.39391459E+0001   -0.39391459E+0001    0.44304570E+0000         1
 30550   -0.39387689E+0001   -0.39387689E+0001    0.47037745E+0000         1
 30600   -0.39384735E+0001   -0.39384735E+0001    0.51730614E+0000         1
 30650   -0.39385336E+0001   -0.39385336E+0001    0.53511976E+0000         1
 30700   -0.39388477E+0001   -0.39388477E+0001    0.47278501E+0000         1
 30750   -0.39391021E+0001   -0.39391021E+0001    0.42149464E+0000         1
 30800   -0.39387982E+0001   -0.39387982E+0001    0.55577810E+0000         1
 30850   -0.39383685E+0001   -0.39383685E+0001    0.68077397E+0000         1
 30900   -0.39391929E+0001   -0.39391929E+0001    0.43425577E+0000         1
 30950   -0.39392661E+0001   -0.39392661E+0001    0.45681066E+0000         1
 31000   -0.39392636E+0001   -0.39392636E+0001    0.41666398E+0000         1
 31050   -0.39387995E+0001   -0.39387995E+0001    0.52296858E+0000         1
 31100   -0.39387652E+0001   -0.39387652E+0001    0.54648099E+0000         1
 31150   -0.39389778E+0001   -0.39389778E+0001    0.51709449E+0000         1
 31200   -0.39390477E+0001   -0.39390477E+0001    0.53553199E+0000         1
 31250   -0.39387335E+0001   -0.39387335E+0001    0.52491631E+0000         1
 31300   -0.39391526E+0001   -0.39391526E+0001    0.50426039E+0000         1
 31350   -0.39393413E+0001   -0.39393413E+0001    0.36689760E+0000         1
 31400   -0.39392720E+0001   -0.39392720E+0001    0.40646075E+0000         1
 31450   -0.39392091E+0001   -0.39392091E+0001    0.38142452E+0000         1
 31500   -0.39385324E+0001   -0.39385324E+0001    0.58176938E+0000         1
 31550   -0.39392374E+0001   -0.39392374E+0001    0.40275798E+0000         1
 31600   -0.39387102E+0001   -0.39387102E+0001    0.56585949E+0000         1
 31650   -0.39388053E+0001   -0.39388053E+0001    0.43754679E+0000         1
 31700   -0.39383136E+0001   -0.39383136E+0001    0.52613631E+0000         1
 31750   -0.39389339E+0001   -0.39389339E+0001    0.52504638E+0000         1
 31800   -0.39391635E+0001   -0.39391635E+0001    0.52400849E+0000         1
 31850   -0.39395102E+0001   -0.39395102E+0001    0.37258663E+0000         1
 31900   -0.39389497E+0001   -0.39389497E+0001    0.48557731E+0000         1
 31950   -0.39386661E+0001   -0.39386661E+0001    0.61103757E+0000         1
 32000   -0.39384070E+0001   -0.39384070E+0001    0.68035718E+0000         1
 32050   -0.39390360E+0001   -0.39390360E+0001    0.48339735E+0000         1
 32100   -0.39384010E+0001   -0.39384010E+0001    0.73663340E+0000         1
 32150   -0.39392411E+0001   -0.39392411E+0001    0.42377266E+0000         1
 32200   -0.39393276E+0001   -0.39393276E+0001    0.45613880E+0000         1
 32250   -0.39395149E+0001   -0.39395149E+0001    0.36968325E+0000         1
 32300   -0.39396207E+0001   -0.39396207E+0001    0.36719534E+0000         1
 32350   -0.39394698E+0001   -0.39394698E+0001    0.46614283E+0000         1
 32400   -0.39394573E+0001   -0.39394573E+0001    0.38595664E+0000         1
 32450   -0.39395605E+0001   -0.39395605E+0001    0.38141042E+0000         1
 32500   -0.39396259E+0001   -0.39396259E+0001    0.35780855E+0000         1
 32550   -0.39394086E+0001   -0.39394086E+0001    0.44273006E+0000         1
 32600   -0.39393720E+0001   -0.39393720E+0001    0.53299034E+0000         1
 32650   -0.39388621E+0001   -0.39388621E+0001    0.66421852E+0000         1
 32700   -0.39393456E+0001   -0.39393456E+0001    0.44629876E+0000         1
 32750   -0.39392607E+0001   -0.39392607E+0001    0.48764126E+0000         1
 32800   -0.39390168E+0001   -0.39390168E+0001    0.53723218E+0000         1
 32850   -0.39390521E+0001   -0.39390521E+0001    0.53025932E+0000         1
 32900   -0.39385197E+0001   -0.39385197E+0001    0.65743146E+0000         1
 32950   -0.39391621E+0001   -0.39391621E+0001    0.48161514E+0000         1
 33000   -0.39389721E+0001   -0.39389721E+0001    0.45890986E+0000         1
 33050   -0.39392514E+0001   -0.39392514E+0001    0.44210524E+0000         1
 33100   -0.39393840E+0001   -0.39393840E+0001    0.50237385E+0000         1
 33150   -0.39390955E+0001   -0.39390955E+0001    0.55339196E+0000         1
 33200   -0.39389803E+0001   -0.39389803E+0001    0.67052771E+0000         1
 33250   -0.39394543E+0001   -0.39394543E+0001    0.36241172E+0000         1
 33300   -0.39389714E+0001   -0.39389714E+0001    0.55905875E+0000         1
 33350   -0.39390480E+0001   -0.39390480E+0001    0.50036731E+0000         1
 33400   -0.39386683E+0001   -0.39386683E+0001    0.70879408E+0000         1
 33450   -0.39393877E+0001   -0.39393877E+0001    0.39835651E+0000         1
 33500   -0.39394789E+0001   -0.39394789E+0001    0.43310985E+0000         1
 33550   -0.39392620E+0001   -0.39392620E+0001    0.49860603E+0000         1
 33600   -0.39391582E+0001   -0.39391582E+0001    0.42859331E+0000         1
 33650   -0.39391317E+0001   -0.39391317E+0001    0.44473245E+0000         1
 33700   -0.39390097E+0001   -0.39390097E+0001    0.48662387E+0000         1
 33750   -0.39389718E+0001   -0.39389718E+0001    0.52744085E+0000         1
 33800   -0.39385649E+0001   -0.39385649E+0001    0.62499190E+0000         1
 33850   -0.39383692E+0001   -0.39383692E+0001    0.64641902E+0000         1
 33900   -0.39383597E+0001   -0.39383597E+0001    0.63571280E+0000         1
 33950   -0.39386269E+0001   -0.39386269E+0001    0.64821714E+0000         1
 34000   -0.39390828E+0001   -0.39390828E+0001    0.57742411E+0000         1
 34050   -0.39387247E+0001   -0.39387247E+0001    0.66842597E+0000         1
 34100   -0.39387827E+0001   -0.39387827E+0001    0.63117732E+0000         1
 34150   -0.39390741E+0001   -0.39390741E+0001    0.50633033E+0000         1
 34200   -0.39394320E+0001   -0.39394320E+0001    0.33588450E+0000         1
 34250   -0.39384191E+0001   -0.39384191E+0001    0.63338868E+0000         1
 34300   -0.39394882E+0001   -0.39394882E+0001    0.38189708E+0000         1
 34350   -0.39393824E+0001   -0.39393824E+0001    0.38876110E+0000         1
 34400   -0.39391488E+0001   -0.39391488E+0001    0.51355749E+0000         1
 34450   -0.39396106E+0001   -0.39396106E+0001    0.29883106E+0000         1
 34500   -0.39394094E+0001   -0.39394094E+0001    0.45073231E+0000         1
 34550   -0.39388577E+0001   -0.39388577E+0001    0.53209462E+0000         1
 34600   -0.39387670E+0001   -0.39387670E+0001    0.59839428E+0000         1
 34650   -0.39385575E+0001   -0.39385575E+0001    0.60007555E+0000         1
 34700   -0.39396807E+0001   -0.39396807E+0001    0.31485649E+0000         1
 34750   -0.39391385E+0001   -0.39391385E+0001    0.54048453E+0000         1
 34800   -0.39390583E+0001   -0.39390583E+0001    0.63299540E+0000         1
 34850   -0.39392313E+0001   -0.39392313E+0001    0.47541234E+0000         1
 34900   -0.39395908E+0001   -0.39395908E+0001    0.37765206E+0000         1
 34950   -0.39395074E+0001   -0.39395074E+0001    0.36895330E+0000         1
 35000   -0.39392416E+0001   -0.39392416E+0001    0.42874047E+0000         1
 35050   -0.39392849E+0001   -0.39392849E+0001    0.44053777E+0000         1
 35100   -0.39390443E+0001   -0.39390443E+0001    0.60421391E+0000         1
 35150   -0.39395539E+0001   -0.39395539E+0001    0.38022497E+0000         1
 35200   -0.39392471E+0001   -0.39392471E+0001    0.43395446E+0000         1
 35250   -0.39388789E+0001   -0.39388789E+0001    0.59771421E+0000         1
 35300   -0.39386997E+0001   -0.39386997E+0001    0.56698885E+0000         1
 35350   -0.39389599E+0001   -0.39389599E+0001    0.55236455E+0000         1
 35400   -0.39392783E+0001   -0.39392783E+0001    0.45657707E+0000         1
 35450   -0.39395095E+0001   -0.39395095E+0001    0.42520979E+0000         1
 35500   -0.39391549E+0001   -0.39391549E+0001    0.49244387E+0000         1
 35550   -0.39392288E+0001   -0.39392288E+0001    0.46230919E+0000         1
 35600   -0.39394894E+0001   -0.39394894E+0001    0.40190790E+0000         1
 35650   -0.39392220E+0001   -0.39392220E+0001    0.41849126E+0000         1
 35700   -0.39388750E+0001   -0.39388750E+0001    0.57396323E+0000         1
 35750   -0.39380689E+0001   -0.39380689E+0001    0.69602696E+0000         1
 35800   -0.39386105E+0001   -0.39386105E+0001    0.67193000E+0000         1
 35850   -0.39391484E+0001   -0.39391484E+0001    0.53386329E+0000         1
 35900   -0.39392258E+0001   -0.39392258E+0001    0.54750255E+0000         1
 35950   -0.39395378E+0001   -0.39395378E+0001    0.35852665E+0000         1
 36000   -0.39391736E+0001   -0.39391736E+0001    0.51519413E+0000         1
 36050   -0.39397061E+0001   -0.39397061E+0001    0.30597991E+0000         1
 36100   -0.39395505E+0001   -0.39395505E+0001    0.35708279E+0000         1
 36150   -0.39391192E+0001   -0.39391192E+0001    0.49256569E+0000         1
 36200   -0.39394888E+0001   -0.39394888E+0001    0.49046427E+0000         1
 36250   -0.39394117E+0001   -0.39394117E+0001    0.48676345E+0000         1
 36300   -0.39388894E+0001   -0.39388894E+0001    0.56650561E+0000         1
 36350   -0.39392590E+0001   -0.39392590E+0001    0.44721297E+0000         1
 36400   -0.39391907E+0001   -0.39391907E+0001    0.47739384E+0000         1
 36450   -0.39387397E+0001   -0.39387397E+0001    0.63548473E+0000         1
 36500   -0.39389025E+0001   -0.39389025E+0001    0.54244287E+0000         1
 36550   -0.39390324E+0001   -0.39390324E+0001    0.56384637E+0000         1
 36600   -0.39392788E+0001   -0.39392788E+0001    0.59866453E+0000         1
 36650   -0.39397429E+0001   -0.39397429E+0001    0.43141136E+0000         1
 36700   -0.39391922E+0001   -0.39391922E+0001    0.49964417E+0000         1
 36750   -0.39397268E+0001   -0.39397268E+0001    0.32638591E+0000         1
 36800   -0.39393657E+0001   -0.39393657E+0001    0.42422383E+0000         1
 36850   -0.39395400E+0001   -0.39395400E+0001    0.44242081E+0000         1
 36900   -0.39398478E+0001   -0.39398478E+0001    0.24808989E+0000         1
 36950   -0.39398312E+0001   -0.39398312E+0001    0.25550697E+0000         1
 37000   -0.39394495E+0001   -0.39394495E+0001    0.34809083E+0000         1
 37050   -0.39391243E+0001   -0.39391243E+0001    0.43030818E+0000         1
 37100   -0.39389233E+0001   -0.39389233E+0001    0.64432565E+0000         1
 37150   -0.39389536E+0001   -0.39389536E+0001    0.58878940E+0000         1
 37200   -0.39387010E+0001   -0.39387010E+0001    0.57262457E+0000         1
 37250   -0.39389825E+0001   -0.39389825E+0001    0.44640489E+0000         1
 37300   -0.39383772E+0001   -0.39383772E+0001    0.54578472E+0000         1
 37350   -0.39390058E+0001   -0.39390058E+0001    0.51063747E+0000         1
 37400   -0.39395845E+0001   -0.39395845E+0001    0.35300515E+0000         1
 37450   -0.39387810E+0001   -0.39387810E+0001    0.56546700E+0000         1
 37500   -0.39382297E+0001   -0.39382297E+0001    0.75404640E+0000         1
 37550   -0.39372959E+0001   -0.39372959E+0001    0.92096339E+0000         1
 37600   -0.39383249E+0001   -0.39383249E+0001    0.74750291E+0000         1
 37650   -0.39389166E+0001   -0.39389166E+0001    0.58507896E+0000         1
 37700   -0.39388373E+0001   -0.39388373E+0001    0.56051061E+0000         1
 37750   -0.39389917E+0001   -0.39389917E+0001    0.56984879E+0000         1
 37800   -0.39392650E+0001   -0.39392650E+0001    0.43541882E+0000         1
 37850   -0.39391374E+0001   -0.39391374E+0001    0.51330976E+0000         1
 37900   -0.39382128E+0001   -0.39382128E+0001    0.66769534E+0000         1
 37950   -0.39385770E+0001   -0.39385770E+0001    0.58770552E+0000         1
 38000   -0.39389746E+0001   -0.39389746E+0001    0.43725403E+0000         1
 38050   -0.39390538E+0001   -0.39390538E+0001    0.51400854E+0000         1
 38100   -0.39382574E+0001   -0.39382574E+0001    0.74727982E+0000         1
 38150   -0.39389181E+0001   -0.39389181E+0001    0.53674776E+0000         1
 38200   -0.39389041E+0001   -0.39389041E+0001    0.51664470E+0000         1
 38250   -0.39390928E+0001   -0.39390928E+0001    0.49599444E+0000         1
 38300   -0.39387164E+0001   -0.39387164E+0001    0.65249259E+0000         1
 38350   -0.39386449E+0001   -0.39386449E+0001    0.55309979E+0000         1
 38400   -0.39387901E+0001   -0.39387901E+0001    0.51843461E+0000         1
 38450   -0.39392713E+0001   -0.39392713E+0001    0.47058796E+0000         1
 38500   -0.39392427E+0001   -0.39392427E+0001    0.41838292E+0000         1
 38550   -0.39394511E+0001   -0.39394511E+0001    0.40190254E+0000         1
 38600   -0.39393080E+0001   -0.39393080E+0001    0.43612027E+0000         1
 38650   -0.39395198E+0001   -0.39395198E+0001    0.38558625E+0000         1
 38700   -0.39390323E+0001   -0.39390323E+0001    0.48761518E+0000         1
 38750   -0.39393542E+0001   -0.39393542E+0001    0.41184446E+0000         1
 38800   -0.39384945E+0001   -0.39384945E+0001    0.61505926E+0000         1
 38850   -0.39378986E+0001   -0.39378986E+0001    0.68629835E+0000         1
 38900   -0.39378992E+0001   -0.39378992E+0001    0.71081061E+0000         1
 38950   -0.39384666E+0001   -0.39384666E+0001    0.56768602E+0000         1
 39000   -0.39387514E+0001   -0.39387514E+0001    0.52733656E+0000         1
 39050   -0.39387660E+0001   -0.39387660E+0001    0.51246992E+0000         1
 39100   -0.39386714E+0001   -0.39386714E+0001    0.50890743E+0000         1
 39150   -0.39390728E+0001   -0.39390728E+0001    0.52716908E+0000         1
 39200   -0.39393046E+0001   -0.39393046E+0001    0.44715745E+0000         1
 39250   -0.39393155E+0001   -0.39393155E+0001    0.44832176E+0000         1
 39300   -0.39394796E+0001   -0.39394796E+0001    0.41128635E+0000         1
 39350   -0.39393013E+0001   -0.39393013E+0001    0.56504621E+0000         1
 39400   -0.39390754E+0001   -0.39390754E+0001    0.47782624E+0000         1
 39450   -0.39394799E+0001   -0.39394799E+0001    0.45240250E+0000         1
 39500   -0.39389395E+0001   -0.39389395E+0001    0.60070623E+0000         1
 39550   -0.39390634E+0001   -0.39390634E+0001    0.53652343E+0000         1
 39600   -0.39386805E+0001   -0.39386805E+0001    0.63246734E+0000         1
 39650   -0.39392773E+0001   -0.39392773E+0001    0.43658498E+0000         1
 39700   -0.39388960E+0001   -0.39388960E+0001    0.49370360E+0000         1
 39750   -0.39385924E+0001   -0.39385924E+0001    0.59165937E+0000         1
 39800   -0.39388061E+0001   -0.39388061E+0001    0.52501390E+0000         1
 39850   -0.39386444E+0001   -0.39386444E+0001    0.60109395E+0000         1
 39900   -0.39386113E+0001   -0.39386113E+0001    0.53594509E+0000         1
 39950   -0.39391715E+0001   -0.39391715E+0001    0.43373535E+0000         1
 40000   -0.39389616E+0001   -0.39389616E+0001    0.46322917E+0000         1
 40050   -0.39389505E+0001   -0.39389505E+0001    0.51319151E+0000         1
 40100   -0.39393285E+0001   -0.39393285E+0001    0.42977652E+0000         1
 40150   -0.39391326E+0001   -0.39391326E+0001    0.50222138E+0000         1
 40200   -0.39392297E+0001   -0.39392297E+0001    0.43837046E+0000         1
 40250   -0.39396538E+0001   -0.39396538E+0001    0.37089357E+0000         1
 40300   -0.39394968E+0001   -0.39394968E+0001    0.46007558E+0000         1
 40350   -0.39394999E+0001   -0.39394999E+0001    0.44375991E+0000         1
 40400   -0.39398067E+0001   -0.39398067E+0001    0.25197134E+0000         1
 40450   -0.39394823E+0001   -0.39394823E+0001    0.38090471E+0000         1
 40500   -0.39389499E+0001   -0.39389499E+0001    0.50634371E+0000         1
 40550   -0.39392343E+0001   -0.39392343E+0001    0.40352917E+0000         1
 40600   -0.39386509E+0001   -0.39386509E+0001    0.54357765E+0000         1
 40650   -0.39387989E+0001   -0.39387989E+0001    0.49915002E+0000         1
 40700   -0.39387552E+0001   -0.39387552E+0001    0.60771506E+0000         1
 40750   -0.39387194E+0001   -0.39387194E+0001    0.62058836E+0000         1
 40800   -0.39389216E+0001   -0.39389216E+0001    0.46308250E+0000         1
 40850   -0.39391540E+0001   -0.39391540E+0001    0.45792612E+0000         1
 40900   -0.39391264E+0001   -0.39391264E+0001    0.44705022E+0000         1
 40950   -0.39386557E+0001   -0.39386557E+0001    0.61189236E+0000         1
 41000   -0.39386051E+0001   -0.39386051E+0001    0.71930231E+0000         1
 41050   -0.39394785E+0001   -0.39394785E+0001    0.41426738E+0000         1
 41100   -0.39392011E+0001   -0.39392011E+0001    0.42802871E+0000         1
 41150   -0.39390057E+0001   -0.39390057E+0001    0.57032564E+0000         1
 41200   -0.39396006E+0001   -0.39396006E+0001    0.37865763E+0000         1
 41250   -0.39393365E+0001   -0.39393365E+0001    0.47424075E+0000         1
 41300   -0.39390581E+0001   -0.39390581E+0001    0.56598915E+0000         1
 41350   -0.39391371E+0001   -0.39391371E+0001    0.51954113E+0000         1
 41400   -0.39391242E+0001   -0.39391242E+0001    0.60038941E+0000         1
 41450   -0.39391140E+0001   -0.39391140E+0001    0.58509301E+0000         1
 41500   -0.39390578E+0001   -0.39390578E+0001    0.56988711E+0000         1
 41550   -0.39394529E+0001   -0.39394529E+0001    0.46843457E+0000         1
 41600   -0.39391333E+0001   -0.39391333E+0001    0.56509748E+0000         1
 41650   -0.39394809E+0001   -0.39394809E+0001    0.51357295E+0000         1
 41700   -0.39392294E+0001   -0.39392294E+0001    0.43231568E+0000         1
 41750   -0.39388558E+0001   -0.39388558E+0001    0.57139592E+0000         1
 41800   -0.39386376E+0001   -0.39386376E+0001    0.47947438E+0000         1
 41850   -0.39386701E+0001   -0.39386701E+0001    0.52643842E+0000         1
 41900   -0.39393801E+0001   -0.39393801E+0001    0.39039395E+0000         1
 41950   -0.39395827E+0001   -0.39395827E+0001    0.29124144E+0000         1
 42000   -0.39386929E+0001   -0.39386929E+0001    0.56913778E+0000         1
 42050   -0.39393497E+0001   -0.39393497E+0001    0.29831156E+0000         1
 42100   -0.39389109E+0001   -0.39389109E+0001    0.55639283E+0000         1
 42150   -0.39395058E+0001   -0.39395058E+0001    0.39722249E+0000         1
 42200   -0.39390250E+0001   -0.39390250E+0001    0.56851975E+0000         1
 42250   -0.39389589E+0001   -0.39389589E+0001    0.52633852E+0000         1
 42300   -0.39390977E+0001   -0.39390977E+0001    0.54730473E+0000         1
 42350   -0.39388590E+0001   -0.39388590E+0001    0.56011920E+0000         1
 42400   -0.39385554E+0001   -0.39385554E+0001    0.65740640E+0000         1
 42450   -0.39384011E+0001   -0.39384011E+0001    0.70948685E+0000         1
 42500   -0.39385625E+0001   -0.39385625E+0001    0.66516355E+0000         1
 42550   -0.39390879E+0001   -0.39390879E+0001    0.49666003E+0000         1
 42600   -0.39393109E+0001   -0.39393109E+0001    0.37267582E+0000         1
 42650   -0.39387324E+0001   -0.39387324E+0001    0.54261867E+0000         1
 42700   -0.39389881E+0001   -0.39389881E+0001    0.46782326E+0000         1
 42750   -0.39388547E+0001   -0.39388547E+0001    0.54502256E+0000         1
 42800   -0.39390945E+0001   -0.39390945E+0001    0.55161076E+0000         1
 42850   -0.39391096E+0001   -0.39391096E+0001    0.55366972E+0000         1
 42900   -0.39390187E+0001   -0.39390187E+0001    0.55364920E+0000         1
 42950   -0.39389711E+0001   -0.39389711E+0001    0.54557778E+0000         1
 43000   -0.39393128E+0001   -0.39393128E+0001    0.40968469E+0000         1
 43050   -0.39388951E+0001   -0.39388951E+0001    0.55052820E+0000         1
 43100   -0.39391803E+0001   -0.39391803E+0001    0.51054474E+0000         1
 43150   -0.39391337E+0001   -0.39391337E+0001    0.46687683E+0000         1
 43200   -0.39392653E+0001   -0.39392653E+0001    0.46907735E+0000         1
 43250   -0.39389474E+0001   -0.39389474E+0001    0.52500229E+0000         1
 43300   -0.39386927E+0001   -0.39386927E+0001    0.53985367E+0000         1
 43350   -0.39386249E+0001   -0.39386249E+0001    0.47533409E+0000         1
 43400   -0.39383456E+0001   -0.39383456E+0001    0.68723514E+0000         1
 43450   -0.39386815E+0001   -0.39386815E+0001    0.65670061E+0000         1
 43500   -0.39390196E+0001   -0.39390196E+0001    0.45523734E+0000         1
 43550   -0.39390764E+0001   -0.39390764E+0001    0.46635588E+0000         1
 43600   -0.39393749E+0001   -0.39393749E+0001    0.47917462E+0000         1
 43650   -0.39393747E+0001   -0.39393747E+0001    0.51166312E+0000         1
 43700   -0.39395375E+0001   -0.39395375E+0001    0.38642475E+0000         1
 43750   -0.39395036E+0001   -0.39395036E+0001    0.37335355E+0000         1
 43800   -0.39394521E+0001   -0.39394521E+0001    0.39820859E+0000         1
 43850   -0.39394113E+0001   -0.39394113E+0001    0.43903663E+0000         1
 43900   -0.39391126E+0001   -0.39391126E+0001    0.58983305E+0000         1
 43950   -0.39394756E+0001   -0.39394756E+0001    0.35300187E+0000         1
 44000   -0.39385469E+0001   -0.39385469E+0001    0.61562473E+0000         1
 44050   -0.39394977E+0001   -0.39394977E+0001    0.41138660E+0000         1
 44100   -0.39392998E+0001   -0.39392998E+0001    0.43209743E+0000         1
 44150   -0.39390511E+0001   -0.39390511E+0001    0.53227651E+0000         1
 44200   -0.39389057E+0001   -0.39389057E+0001    0.56591022E+0000         1
 44250   -0.39384673E+0001   -0.39384673E+0001    0.65587671E+0000         1
 44300   -0.39387370E+0001   -0.39387370E+0001    0.64388828E+0000         1
 44350   -0.39395913E+0001   -0.39395913E+0001    0.37364629E+0000         1
 44400   -0.39394358E+0001   -0.39394358E+0001    0.33140225E+0000         1
 44450   -0.39393310E+0001   -0.39393310E+0001    0.41120746E+0000         1
 44500   -0.39389187E+0001   -0.39389187E+0001    0.58345600E+0000         1
 44550   -0.39392648E+0001   -0.39392648E+0001    0.47777245E+0000         1
 44600   -0.39389435E+0001   -0.39389435E+0001    0.51434352E+0000         1
 44650   -0.39389344E+0001   -0.39389344E+0001    0.54196464E+0000         1
 44700   -0.39392737E+0001   -0.39392737E+0001    0.47660720E+0000         1
 44750   -0.39393088E+0001   -0.39393088E+0001    0.47958850E+0000         1
 44800   -0.39392275E+0001   -0.39392275E+0001    0.40142929E+0000         1
 44850   -0.39387436E+0001   -0.39387436E+0001    0.62942505E+0000         1
 44900   -0.39395690E+0001   -0.39395690E+0001    0.29334392E+0000         1
 44950   -0.39394344E+0001   -0.39394344E+0001    0.35237386E+0000         1
 45000   -0.39393029E+0001   -0.39393029E+0001    0.46027704E+0000         1
 45050   -0.39389973E+0001   -0.39389973E+0001    0.50099597E+0000         1
 45100   -0.39389341E+0001   -0.39389341E+0001    0.49985432E+0000         1
 45150   -0.39387122E+0001   -0.39387122E+0001    0.65178985E+0000         1
 45200   -0.39383464E+0001   -0.39383464E+0001    0.69377952E+0000         1
 45250   -0.39391893E+0001   -0.39391893E+0001    0.43540579E+0000         1
 45300   -0.39390850E+0001   -0.39390850E+0001    0.45546497E+0000         1
 45350   -0.39389339E+0001   -0.39389339E+0001    0.51702843E+0000         1
 45400   -0.39394205E+0001   -0.39394205E+0001    0.35480246E+0000         1
 45450   -0.39391829E+0001   -0.39391829E+0001    0.46057264E+0000         1
 45500   -0.39389222E+0001   -0.39389222E+0001    0.56958094E+0000         1
 45550   -0.39390325E+0001   -0.39390325E+0001    0.52788306E+0000         1
 45600   -0.39388273E+0001   -0.39388273E+0001    0.60026124E+0000         1
 45650   -0.39389107E+0001   -0.39389107E+0001    0.49803943E+0000         1
 45700   -0.39387762E+0001   -0.39387762E+0001    0.54972761E+0000         1
 45750   -0.39392838E+0001   -0.39392838E+0001    0.49741473E+0000         1
 45800   -0.39390070E+0001   -0.39390070E+0001    0.56811336E+0000         1
 45850   -0.39389719E+0001   -0.39389719E+0001    0.51286110E+0000         1
 45900   -0.39384656E+0001   -0.39384656E+0001    0.67168822E+0000         1
 45950   -0.39381523E+0001   -0.39381523E+0001    0.72889959E+0000         1
 46000   -0.39390062E+0001   -0.39390062E+0001    0.53874657E+0000         1
 46050   -0.39384318E+0001   -0.39384318E+0001    0.61070028E+0000         1
 46100   -0.39384188E+0001   -0.39384188E+0001    0.62538949E+0000         1
 46150   -0.39383540E+0001   -0.39383540E+0001    0.63948106E+0000         1
 46200   -0.39388142E+0001   -0.39388142E+0001    0.53081353E+0000         1
 46250   -0.39390897E+0001   -0.39390897E+0001    0.46641771E+0000         1
 46300   -0.39394922E+0001   -0.39394922E+0001    0.35499711E+0000         1
 46350   -0.39392951E+0001   -0.39392951E+0001    0.43416274E+0000         1
 46400   -0.39389251E+0001   -0.39389251E+0001    0.54520547E+0000         1
 46450   -0.39388596E+0001   -0.39388596E+0001    0.52626947E+0000         1
 46500   -0.39386746E+0001   -0.39386746E+0001    0.46317570E+0000         1
 46550   -0.39390564E+0001   -0.39390564E+0001    0.55408334E+0000         1
 46600   -0.39384011E+0001   -0.39384011E+0001    0.62046889E+0000         1
 46650   -0.39383410E+0001   -0.39383410E+0001    0.71268332E+0000         1
 46700   -0.39387159E+0001   -0.39387159E+0001    0.61028466E+0000         1
 46750   -0.39393602E+0001   -0.39393602E+0001    0.33562556E+0000         1
 46800   -0.39387053E+0001   -0.39387053E+0001    0.54768496E+0000         1
 46850   -0.39390871E+0001   -0.39390871E+0001    0.38239217E+0000         1
 46900   -0.39388937E+0001   -0.39388937E+0001    0.47062356E+0000         1
 46950   -0.39389167E+0001   -0.39389167E+0001    0.53683028E+0000         1
 47000   -0.39385999E+0001   -0.39385999E+0001    0.57847473E+0000         1
 47050   -0.39391225E+0001   -0.39391225E+0001    0.41057022E+0000         1
 47100   -0.39391861E+0001   -0.39391861E+0001    0.46257700E+0000         1
 47150   -0.39393564E+0001   -0.39393564E+0001    0.38586183E+0000         1
 47200   -0.39393250E+0001   -0.39393250E+0001    0.45275046E+0000         1
 47250   -0.39390712E+0001   -0.39390712E+0001    0.56810528E+0000         1
 47300   -0.39392927E+0001   -0.39392927E+0001    0.53511665E+0000         1
 47350   -0.39392417E+0001   -0.39392417E+0001    0.50760427E+0000         1
 47400   -0.39389525E+0001   -0.39389525E+0001    0.56113350E+0000         1
 47450   -0.39386187E+0001   -0.39386187E+0001    0.65814431E+0000         1
 47500   -0.39385649E+0001   -0.39385649E+0001    0.52640522E+0000         1
 47550   -0.39387348E+0001   -0.39387348E+0001    0.45342315E+0000         1
 47600   -0.39382502E+0001   -0.39382502E+0001    0.59175313E+0000         1
 47650   -0.39383903E+0001   -0.39383903E+0001    0.52364171E+0000         1
 47700   -0.39383391E+0001   -0.39383391E+0001    0.61544311E+0000         1
 47750   -0.39387284E+0001   -0.39387284E+0001    0.40974845E+0000         1
 47800   -0.39385611E+0001   -0.39385611E+0001    0.56224057E+0000         1
 47850   -0.39391184E+0001   -0.39391184E+0001    0.36034322E+0000         1
 47900   -0.39385483E+0001   -0.39385483E+0001    0.50737231E+0000         1
 47950   -0.39389609E+0001   -0.39389609E+0001    0.49328040E+0000         1
 48000   -0.39391437E+0001   -0.39391437E+0001    0.51608371E+0000         1
