     1   -0.39239980E+0001   -0.39246861E+0001    0.20444922E+0001     11996
    50   -0.39247855E+0001   -0.39295685E+0001    0.15602436E+0001     12497
   100   -0.39277368E+0001   -0.39325131E+0001    0.13305056E+0001     13634
   150   -0.39305243E+0001   -0.39345641E+0001    0.11049032E+0001     14392
   200   -0.39331316E+0001   -0.39363800E+0001    0.88443726E+0000     14693
   250   -0.39349899E+0001   -0.39376968E+0001    0.77395141E+0000     15265
   300   -0.39362274E+0001   -0.39386410E+0001    0.63951364E+0000     15596
   350   -0.39371798E+0001   -0.39390721E+0001    0.52775771E+0000     15925
   400   -0.39378964E+0001   -0.39393840E+0001    0.38998120E+0000     16221
     1   -0.39239949E+0001   -0.39246606E+0001    0.20444922E+0001     12007
    50   -0.39245174E+0001   -0.39300122E+0001    0.14549123E+0001     12651
   100   -0.39286483E+0001   -0.39329511E+0001    0.11879419E+0001     13656
   150   -0.39308464E+0001   -0.39351168E+0001    0.95646903E+0000     14101
   200   -0.39335776E+0001   -0.39367858E+0001    0.81271944E+0000     14703
   250   -0.39350674E+0001   -0.39377696E+0001    0.60011630E+0000     15307
   300   -0.39361158E+0001   -0.39383879E+0001    0.56078588E+0000     15816
   350   -0.39372258E+0001   -0.39390500E+0001    0.49852571E+0000     16225
   400   -0.39380026E+0001   -0.39392812E+0001    0.42608000E+0000     16487
     1   -0.39239900E+0001   -0.39246771E+0001    0.20444922E+0001     11992
    50   -0.39240379E+0001   -0.39296271E+0001    0.15454871E+0001     12544
   100   -0.39279349E+0001   -0.39324913E+0001    0.12100925E+0001     13480
   150   -0.39304354E+0001   -0.39344539E+0001    0.10695762E+0001     14125
   200   -0.39321234E+0001   -0.39354952E+0001    0.93326658E+0000     14725
   250   -0.39333922E+0001   -0.39366075E+0001    0.81905738E+0000     15050
   300   -0.39348673E+0001   -0.39372385E+0001    0.65024433E+0000     15420
   350   -0.39356849E+0001   -0.39380655E+0001    0.64433356E+0000     15868
   400   -0.39362875E+0001   -0.39384794E+0001    0.52031792E+0000     15970
     1   -0.39239727E+0001   -0.39246520E+0001    0.20444922E+0001     11990
    50   -0.39236077E+0001   -0.39289888E+0001    0.15668529E+0001     12691
   100   -0.39269135E+0001   -0.39318080E+0001    0.13368093E+0001     13829
   150   -0.39293433E+0001   -0.39338072E+0001    0.12039284E+0001     14624
   200   -0.39312511E+0001   -0.39345436E+0001    0.10812056E+0001     15334
   250   -0.39328009E+0001   -0.39359448E+0001    0.92066841E+0000     15642
   300   -0.39342409E+0001   -0.39372213E+0001    0.79434135E+0000     16137
   350   -0.39355552E+0001   -0.39377043E+0001    0.73058552E+0000     16539
   400   -0.39365770E+0001   -0.39379875E+0001    0.55896146E+0000     16982
     1   -0.39239693E+0001   -0.39247874E+0001    0.20444922E+0001     12000
    50   -0.39231656E+0001   -0.39288983E+0001    0.15870895E+0001     12869
   100   -0.39264257E+0001   -0.39311394E+0001    0.13948167E+0001     13621
   150   -0.39286122E+0001   -0.39333353E+0001    0.11751007E+0001     14263
   200   -0.39311009E+0001   -0.39346891E+0001    0.97445452E+0000     14761
   250   -0.39327932E+0001   -0.39358338E+0001    0.88036487E+0000     15206
   300   -0.39335499E+0001   -0.39363712E+0001    0.85315466E+0000     15712
   350   -0.39342839E+0001   -0.39372548E+0001    0.69527476E+0000     15987
   400   -0.39351147E+0001   -0.39380111E+0001    0.64115605E+0000     16254
     1   -0.39239614E+0001   -0.39247281E+0001    0.20444922E+0001     12007
    50   -0.39228132E+0001   -0.39284088E+0001    0.16291052E+0001     12487
   100   -0.39250566E+0001   -0.39301071E+0001    0.14726464E+0001     13603
   150   -0.39270952E+0001   -0.39320079E+0001    0.13410267E+0001     14468
   200   -0.39287918E+0001   -0.39333081E+0001    0.11881737E+0001     15170
   250   -0.39307354E+0001   -0.39349854E+0001    0.10039525E+0001     15880
   300   -0.39327903E+0001   -0.39358955E+0001    0.87539864E+0000     16802
   350   -0.39340610E+0001   -0.39363358E+0001    0.80323634E+0000     17197
   400   -0.39349073E+0001   -0.39372882E+0001    0.77537184E+0000     17454
     1   -0.39239568E+0001   -0.39246643E+0001    0.20444922E+0001     12001
    50   -0.39224103E+0001   -0.39276598E+0001    0.17154414E+0001     12543
   100   -0.39245517E+0001   -0.39299969E+0001    0.15154086E+0001     13829
   150   -0.39261432E+0001   -0.39313002E+0001    0.13431503E+0001     15124
   200   -0.39283826E+0001   -0.39332130E+0001    0.12155153E+0001     15850
   250   -0.39302965E+0001   -0.39342806E+0001    0.11097763E+0001     16787
   300   -0.39318569E+0001   -0.39353474E+0001    0.94974640E+0000     17450
   350   -0.39330057E+0001   -0.39360506E+0001    0.83972244E+0000     18209
   400   -0.39338221E+0001   -0.39372080E+0001    0.78636045E+0000     18528
     1   -0.39239474E+0001   -0.39246879E+0001    0.20444922E+0001     11996
    50   -0.39223250E+0001   -0.39282496E+0001    0.16388127E+0001     12805
   100   -0.39243474E+0001   -0.39291135E+0001    0.15052096E+0001     13767
   150   -0.39254771E+0001   -0.39306087E+0001    0.13591607E+0001     14937
   200   -0.39268243E+0001   -0.39309283E+0001    0.12415032E+0001     15229
   250   -0.39272203E+0001   -0.39316263E+0001    0.12291803E+0001     15355
   300   -0.39275185E+0001   -0.39323408E+0001    0.11517517E+0001     15999
   350   -0.39283120E+0001   -0.39324278E+0001    0.11387814E+0001     16640
   400   -0.39295005E+0001   -0.39336699E+0001    0.10428952E+0001     17198
     1   -0.39239421E+0001   -0.39247311E+0001    0.20444922E+0001     11996
    50   -0.39218224E+0001   -0.39271605E+0001    0.17281146E+0001     12224
   100   -0.39236956E+0001   -0.39291768E+0001    0.14793995E+0001     13192
   150   -0.39258270E+0001   -0.39314813E+0001    0.12141315E+0001     14223
   200   -0.39289949E+0001   -0.39335302E+0001    0.10935411E+0001     15309
   250   -0.39301342E+0001   -0.39346977E+0001    0.95386718E+0000     15972
   300   -0.39318490E+0001   -0.39357500E+0001    0.85275674E+0000     16389
   350   -0.39330780E+0001   -0.39364976E+0001    0.76240473E+0000     16990
   400   -0.39339633E+0001   -0.39369026E+0001    0.67901117E+0000     17265
     1   -0.39239369E+0001   -0.39247106E+0001    0.20444922E+0001     11991
    50   -0.39214779E+0001   -0.39283394E+0001    0.16427817E+0001     12559
   100   -0.39245330E+0001   -0.39300210E+0001    0.15203324E+0001     13951
   150   -0.39264380E+0001   -0.39325483E+0001    0.12266586E+0001     14825
   200   -0.39291191E+0001   -0.39339156E+0001    0.11172418E+0001     15707
   250   -0.39308984E+0001   -0.39349439E+0001    0.10433439E+0001     16246
   300   -0.39319355E+0001   -0.39350117E+0001    0.98675387E+0000     16972
   350   -0.39322809E+0001   -0.39363969E+0001    0.89577317E+0000     17463
   400   -0.39330002E+0001   -0.39362193E+0001    0.85114607E+0000     18381
     1   -0.39239366E+0001   -0.39247110E+0001    0.20444922E+0001     12014
    50   -0.39210461E+0001   -0.39271469E+0001    0.17783109E+0001     12706
   100   -0.39229430E+0001   -0.39285941E+0001    0.15709434E+0001     13792
   150   -0.39243901E+0001   -0.39301242E+0001    0.14170302E+0001     14951
   200   -0.39261812E+0001   -0.39322161E+0001    0.11728639E+0001     15810
   250   -0.39289426E+0001   -0.39337529E+0001    0.10273290E+0001     16329
   300   -0.39309193E+0001   -0.39345466E+0001    0.90663752E+0000     17209
   350   -0.39317100E+0001   -0.39352527E+0001    0.89222748E+0000     17635
   400   -0.39324517E+0001   -0.39358168E+0001    0.86107964E+0000     18139
     1   -0.39239296E+0001   -0.39247422E+0001    0.20444922E+0001     11982
    50   -0.39211511E+0001   -0.39276476E+0001    0.17079400E+0001     12646
   100   -0.39229186E+0001   -0.39287609E+0001    0.16051293E+0001     14024
   150   -0.39244283E+0001   -0.39292739E+0001    0.14589395E+0001     15049
   200   -0.39248763E+0001   -0.39301681E+0001    0.13953329E+0001     15698
   250   -0.39253356E+0001   -0.39300705E+0001    0.13343400E+0001     16520
   300   -0.39262569E+0001   -0.39304678E+0001    0.11994250E+0001     17073
   350   -0.39266426E+0001   -0.39310485E+0001    0.11480176E+0001     17502
   400   -0.39265198E+0001   -0.39312206E+0001    0.11194751E+0001     18443
     1   -0.39239272E+0001   -0.39248378E+0001    0.20444922E+0001     11995
    50   -0.39208486E+0001   -0.39279842E+0001    0.16675745E+0001     12582
   100   -0.39237591E+0001   -0.39294439E+0001    0.15462468E+0001     13662
   150   -0.39249603E+0001   -0.39316810E+0001    0.14006446E+0001     14904
   200   -0.39269619E+0001   -0.39324485E+0001    0.13551183E+0001     16095
   250   -0.39276616E+0001   -0.39323477E+0001    0.13045496E+0001     16700
   300   -0.39284727E+0001   -0.39329893E+0001    0.11829591E+0001     17278
   350   -0.39291964E+0001   -0.39339257E+0001    0.10963374E+0001     17985
   400   -0.39308061E+0001   -0.39353109E+0001    0.10213070E+0001     18408
     1   -0.39239238E+0001   -0.39248237E+0001    0.20444922E+0001     11987
    50   -0.39206830E+0001   -0.39266485E+0001    0.17966944E+0001     12654
   100   -0.39214316E+0001   -0.39281003E+0001    0.16036936E+0001     13941
   150   -0.39231956E+0001   -0.39284171E+0001    0.15414753E+0001     15086
   200   -0.39239744E+0001   -0.39297079E+0001    0.14268317E+0001     15840
   250   -0.39249887E+0001   -0.39300146E+0001    0.14024618E+0001     16800
   300   -0.39256354E+0001   -0.39306779E+0001    0.13385501E+0001     17470
   350   -0.39258697E+0001   -0.39315549E+0001    0.13073773E+0001     18279
   400   -0.39266458E+0001   -0.39322534E+0001    0.12048604E+0001     19184
     1   -0.39239238E+0001   -0.39248425E+0001    0.20444922E+0001     12002
    50   -0.39205041E+0001   -0.39276975E+0001    0.17721920E+0001     12530
   100   -0.39221167E+0001   -0.39290616E+0001    0.15896369E+0001     14094
   150   -0.39235437E+0001   -0.39297747E+0001    0.14781211E+0001     15373
   200   -0.39253025E+0001   -0.39307693E+0001    0.13932377E+0001     16363
   250   -0.39260211E+0001   -0.39308539E+0001    0.13591282E+0001     17446
   300   -0.39272284E+0001   -0.39318444E+0001    0.12074584E+0001     18420
   350   -0.39285725E+0001   -0.39340279E+0001    0.10947187E+0001     19050
   400   -0.39299579E+0001   -0.39347931E+0001    0.96948159E+0000     19619
     1   -0.39239164E+0001   -0.39247336E+0001    0.20444922E+0001     11995
    50   -0.39200535E+0001   -0.39262894E+0001    0.17978313E+0001     12418
   100   -0.39207106E+0001   -0.39271845E+0001    0.17049876E+0001     13778
   150   -0.39205948E+0001   -0.39272079E+0001    0.17300899E+0001     14799
   200   -0.39204131E+0001   -0.39260374E+0001    0.15918621E+0001     15474
   250   -0.39203898E+0001   -0.39261950E+0001    0.15662990E+0001     16356
   300   -0.39205929E+0001   -0.39270767E+0001    0.15528742E+0001     17186
   350   -0.39210156E+0001   -0.39277668E+0001    0.14941666E+0001     17860
   400   -0.39218734E+0001   -0.39274115E+0001    0.14953756E+0001     18911
   450   -0.39217838E+0001   -0.39280812E+0001    0.14512126E+0001     19843
   500   -0.39219402E+0001   -0.39286334E+0001    0.14224995E+0001     21290
   550   -0.39225166E+0001   -0.39279262E+0001    0.14629321E+0001     22179
   600   -0.39221981E+0001   -0.39283875E+0001    0.13994523E+0001     23053
   650   -0.39224666E+0001   -0.39284696E+0001    0.14022501E+0001     23828
   700   -0.39233160E+0001   -0.39293556E+0001    0.13415055E+0001     24621
   750   -0.39236846E+0001   -0.39296966E+0001    0.12965809E+0001     25415
   800   -0.39238557E+0001   -0.39295105E+0001    0.13019211E+0001     26344
   850   -0.39240436E+0001   -0.39302706E+0001    0.12643143E+0001     27506
     1   -0.39239211E+0001   -0.39246313E+0001    0.20444922E+0001     12001
    50   -0.39201444E+0001   -0.39268396E+0001    0.17236279E+0001     12566
   100   -0.39211512E+0001   -0.39272675E+0001    0.16320860E+0001     13727
   150   -0.39208225E+0001   -0.39271455E+0001    0.16238315E+0001     14702
   200   -0.39211717E+0001   -0.39272903E+0001    0.16232348E+0001     15484
   250   -0.39214881E+0001   -0.39271393E+0001    0.15644121E+0001     16226
   300   -0.39212375E+0001   -0.39267418E+0001    0.14825172E+0001     17110
   350   -0.39206449E+0001   -0.39259554E+0001    0.15050142E+0001     17767
   400   -0.39197079E+0001   -0.39257896E+0001    0.15103570E+0001     18694
   450   -0.39190948E+0001   -0.39259545E+0001    0.14794673E+0001     19790
   500   -0.39189456E+0001   -0.39259665E+0001    0.14020834E+0001     20488
   550   -0.39202794E+0001   -0.39275335E+0001    0.13288132E+0001     21437
   600   -0.39212246E+0001   -0.39279141E+0001    0.12723316E+0001     22311
   650   -0.39211214E+0001   -0.39277503E+0001    0.12562672E+0001     23115
   700   -0.39213221E+0001   -0.39275034E+0001    0.12828193E+0001     23977
   750   -0.39219244E+0001   -0.39282585E+0001    0.12232002E+0001     24803
   800   -0.39222680E+0001   -0.39280895E+0001    0.12580862E+0001     25606
   850   -0.39221498E+0001   -0.39274409E+0001    0.12576449E+0001     26264
   900   -0.39213017E+0001   -0.39270229E+0001    0.12314401E+0001     26902
   950   -0.39205597E+0001   -0.39269361E+0001    0.12633284E+0001     27929
  1000   -0.39201571E+0001   -0.39275488E+0001    0.12238959E+0001     28661
  1050   -0.39201533E+0001   -0.39273676E+0001    0.12395851E+0001     29200
  1100   -0.39206606E+0001   -0.39279400E+0001    0.11866614E+0001     30227
  1150   -0.39217114E+0001   -0.39268357E+0001    0.12073153E+0001     31265
  1200   -0.39212790E+0001   -0.39269483E+0001    0.11974338E+0001     32149
  1250   -0.39191596E+0001   -0.39253898E+0001    0.12182148E+0001     33147
  1300   -0.39173248E+0001   -0.39257704E+0001    0.12221599E+0001     33904
  1350   -0.39169961E+0001   -0.39256557E+0001    0.12198493E+0001     35034
  1400   -0.39166081E+0001   -0.39244198E+0001    0.12603714E+0001     36277
  1450   -0.39160805E+0001   -0.39242496E+0001    0.12358242E+0001     37283
  1500   -0.39147923E+0001   -0.39239330E+0001    0.12510232E+0001     38364
  1550   -0.39135132E+0001   -0.39211527E+0001    0.12842903E+0001     39524
  1600   -0.39126171E+0001   -0.39197509E+0001    0.12624878E+0001     40258
  1601   -0.39127443E+0001   -0.39127443E+0001    0.13381408E+0001     12000
  1650   -0.39153170E+0001   -0.39197900E+0001    0.12155491E+0001     12084
  1700   -0.39132685E+0001   -0.39195893E+0001    0.12413983E+0001     12311
  1750   -0.39117111E+0001   -0.39203208E+0001    0.12248426E+0001     12470
  1800   -0.39111454E+0001   -0.39201762E+0001    0.12166083E+0001     12875
  1850   -0.39115478E+0001   -0.39199902E+0001    0.12467095E+0001     13299
  1900   -0.39132183E+0001   -0.39200668E+0001    0.12498850E+0001     13601
  1950   -0.39136071E+0001   -0.39198230E+0001    0.12885486E+0001     13942
  2000   -0.39128732E+0001   -0.39201137E+0001    0.12763702E+0001     14109
  2050   -0.39119349E+0001   -0.39200335E+0001    0.12919514E+0001     14261
  2100   -0.39109897E+0001   -0.39196735E+0001    0.12968694E+0001     14642
  2150   -0.39098716E+0001   -0.39190906E+0001    0.13430966E+0001     14988
  2200   -0.39088952E+0001   -0.39166878E+0001    0.13566245E+0001     15223
  2250   -0.39079089E+0001   -0.39172166E+0001    0.13210091E+0001     15765
  2300   -0.39080241E+0001   -0.39151110E+0001    0.12789141E+0001     16216
  2350   -0.39085421E+0001   -0.39145827E+0001    0.13398393E+0001     16511
  2400   -0.39079591E+0001   -0.39145021E+0001    0.13781232E+0001     16986
  2450   -0.39062730E+0001   -0.39137550E+0001    0.13781782E+0001     17442
  2500   -0.39049571E+0001   -0.39131978E+0001    0.13495618E+0001     18094
  2550   -0.39045033E+0001   -0.39120815E+0001    0.13725028E+0001     18582
  2600   -0.39037377E+0001   -0.39118350E+0001    0.13880638E+0001     19148
  2650   -0.39029510E+0001   -0.39121175E+0001    0.14262521E+0001     19579
  2700   -0.39024494E+0001   -0.39107284E+0001    0.14255942E+0001     20225
  2750   -0.39016259E+0001   -0.39098791E+0001    0.14311776E+0001     20792
  2800   -0.39006331E+0001   -0.39084079E+0001    0.14443197E+0001     21404
  2850   -0.38997514E+0001   -0.39085555E+0001    0.14581414E+0001     21871
  2900   -0.38987237E+0001   -0.39060273E+0001    0.14601819E+0001     22798
  2950   -0.38973055E+0001   -0.39058096E+0001    0.15085902E+0001     23273
  3000   -0.38955350E+0001   -0.39034475E+0001    0.15361320E+0001     23866
  3050   -0.38932798E+0001   -0.39017807E+0001    0.15621754E+0001     24436
  3100   -0.38907713E+0001   -0.39006865E+0001    0.15463393E+0001     24916
  3150   -0.38885879E+0001   -0.38978247E+0001    0.15710832E+0001     25902
  3200   -0.38868451E+0001   -0.38959761E+0001    0.16132373E+0001     26650
  3201   -0.38870329E+0001   -0.38870329E+0001    0.16335515E+0001     12000
  3250   -0.38910075E+0001   -0.38975507E+0001    0.15414073E+0001     11981
  3300   -0.38877349E+0001   -0.38970756E+0001    0.15566233E+0001     11984
  3350   -0.38848280E+0001   -0.38960077E+0001    0.15786707E+0001     12333
  3400   -0.38823783E+0001   -0.38922666E+0001    0.16102974E+0001     12851
  3450   -0.38805814E+0001   -0.38919421E+0001    0.16439962E+0001     13000
  3500   -0.38790167E+0001   -0.38885306E+0001    0.16288944E+0001     13330
  3550   -0.38766599E+0001   -0.38881270E+0001    0.16555257E+0001     13504
  3600   -0.38737670E+0001   -0.38835368E+0001    0.16648316E+0001     13847
  3650   -0.38705909E+0001   -0.38825730E+0001    0.16818959E+0001     14049
  3700   -0.38669784E+0001   -0.38793289E+0001    0.16841049E+0001     14421
  3750   -0.38628365E+0001   -0.38765774E+0001    0.16707765E+0001     14830
  3800   -0.38585257E+0001   -0.38729366E+0001    0.16787999E+0001     14947
  3850   -0.38543165E+0001   -0.38674382E+0001    0.16897259E+0001     15296
  3900   -0.38500968E+0001   -0.38634850E+0001    0.16778783E+0001     15641
  3950   -0.38454805E+0001   -0.38584946E+0001    0.16492048E+0001     16174
  4000   -0.38410640E+0001   -0.38559099E+0001    0.16427171E+0001     16514
  4050   -0.38365256E+0001   -0.38528414E+0001    0.16124398E+0001     16998
  4100   -0.38318448E+0001   -0.38498566E+0001    0.15962754E+0001     17692
  4150   -0.38257976E+0001   -0.38468441E+0001    0.15950948E+0001     18081
  4200   -0.38191486E+0001   -0.38387232E+0001    0.15697740E+0001     18445
  4250   -0.38136777E+0001   -0.38339875E+0001    0.15562436E+0001     18746
  4300   -0.38085652E+0001   -0.38311174E+0001    0.15387758E+0001     19338
  4350   -0.38042627E+0001   -0.38242525E+0001    0.14982319E+0001     20174
  4400   -0.38004492E+0001   -0.38192465E+0001    0.14617074E+0001     20523
  4450   -0.37970339E+0001   -0.38145488E+0001    0.14501557E+0001     20938
  4500   -0.37937633E+0001   -0.38112590E+0001    0.14199017E+0001     21708
  4550   -0.37905489E+0001   -0.38046710E+0001    0.14092921E+0001     21851
  4600   -0.37872500E+0001   -0.37994516E+0001    0.14011963E+0001     22316
  4650   -0.37838112E+0001   -0.37953491E+0001    0.13650612E+0001     22751
  4700   -0.37803921E+0001   -0.37901397E+0001    0.13519434E+0001     23260
  4750   -0.37768189E+0001   -0.37882350E+0001    0.13122249E+0001     23942
  4800   -0.37731198E+0001   -0.37856130E+0001    0.13032913E+0001     24554
  4801   -0.37732403E+0001   -0.37732403E+0001    0.12854040E+0001     12000
  4850   -0.37756962E+0001   -0.37802225E+0001    0.12931830E+0001     12065
  4900   -0.37731633E+0001   -0.37803860E+0001    0.12960947E+0001     12249
  4950   -0.37706040E+0001   -0.37770513E+0001    0.12941535E+0001     12388
  5000   -0.37679966E+0001   -0.37755183E+0001    0.12568609E+0001     12730
  5050   -0.37653774E+0001   -0.37735254E+0001    0.12161376E+0001     12735
  5100   -0.37626361E+0001   -0.37720815E+0001    0.12216443E+0001     12934
  5150   -0.37597177E+0001   -0.37674237E+0001    0.11925524E+0001     13096
  5200   -0.37567153E+0001   -0.37663192E+0001    0.11710559E+0001     13560
  5250   -0.37539392E+0001   -0.37634764E+0001    0.11711157E+0001     13786
  5300   -0.37512719E+0001   -0.37600927E+0001    0.11247362E+0001     13923
  5350   -0.37484975E+0001   -0.37597994E+0001    0.11256938E+0001     14319
  5400   -0.37457704E+0001   -0.37561906E+0001    0.10961491E+0001     14484
  5450   -0.37433945E+0001   -0.37549924E+0001    0.10899768E+0001     14906
  5500   -0.37410386E+0001   -0.37524543E+0001    0.10425006E+0001     15101
  5550   -0.37386291E+0001   -0.37487005E+0001    0.10556448E+0001     15390
  5600   -0.37364730E+0001   -0.37470960E+0001    0.10241707E+0001     16039
  5650   -0.37344696E+0001   -0.37449427E+0001    0.10196665E+0001     16350
  5700   -0.37325656E+0001   -0.37424077E+0001    0.95325260E+0000     16716
  5750   -0.37304427E+0001   -0.37396929E+0001    0.93130405E+0000     17095
  5800   -0.37280220E+0001   -0.37377283E+0001    0.93757274E+0000     17355
  5850   -0.37255838E+0001   -0.37370022E+0001    0.91914526E+0000     18039
  5900   -0.37234615E+0001   -0.37361122E+0001    0.86863013E+0000     18436
  5950   -0.37215809E+0001   -0.37339781E+0001    0.89312446E+0000     18261
  6000   -0.37195415E+0001   -0.37322998E+0001    0.87382825E+0000     18660
  6050   -0.37173474E+0001   -0.37291061E+0001    0.84824727E+0000     19005
  6100   -0.37153334E+0001   -0.37263644E+0001    0.81434752E+0000     19661
  6150   -0.37138423E+0001   -0.37259105E+0001    0.80668031E+0000     19860
  6200   -0.37126335E+0001   -0.37229079E+0001    0.80720506E+0000     19913
  6250   -0.37115235E+0001   -0.37211361E+0001    0.76129761E+0000     20414
  6300   -0.37104170E+0001   -0.37208373E+0001    0.75245819E+0000     20995
  6350   -0.37093878E+0001   -0.37164923E+0001    0.77277374E+0000     21464
  6400   -0.37083718E+0001   -0.37153395E+0001    0.73157829E+0000     21782
  6401   -0.37084085E+0001   -0.37084085E+0001    0.70689294E+0000     12000
  6450   -0.37091838E+0001   -0.37114218E+0001    0.71009105E+0000     12049
  6500   -0.37084841E+0001   -0.37115110E+0001    0.73779892E+0000     12181
  6550   -0.37078116E+0001   -0.37112790E+0001    0.67496129E+0000     12344
  6600   -0.37071581E+0001   -0.37111270E+0001    0.72364297E+0000     12608
  6650   -0.37064633E+0001   -0.37105746E+0001    0.69242152E+0000     12967
  6700   -0.37057485E+0001   -0.37093476E+0001    0.71649218E+0000     13200
  6750   -0.37050382E+0001   -0.37097304E+0001    0.69734750E+0000     13245
  6800   -0.37042780E+0001   -0.37086427E+0001    0.69965194E+0000     13447
  6850   -0.37035492E+0001   -0.37084813E+0001    0.65631397E+0000     13648
  6900   -0.37028659E+0001   -0.37079911E+0001    0.64600894E+0000     13750
  6950   -0.37022211E+0001   -0.37081001E+0001    0.64722805E+0000     14085
  7000   -0.37016539E+0001   -0.37066495E+0001    0.68427380E+0000     14191
  7050   -0.37010585E+0001   -0.37066004E+0001    0.65223850E+0000     14501
  7100   -0.37005714E+0001   -0.37052219E+0001    0.65832595E+0000     14644
  7150   -0.37001262E+0001   -0.37049784E+0001    0.60197324E+0000     14734
  7200   -0.36995216E+0001   -0.37039110E+0001    0.61378529E+0000     15217
  7250   -0.36989487E+0001   -0.37041979E+0001    0.60514324E+0000     15654
  7300   -0.36984931E+0001   -0.37025558E+0001    0.56497508E+0000     15845
  7350   -0.36980407E+0001   -0.37023612E+0001    0.58727747E+0000     15824
  7400   -0.36975217E+0001   -0.37022302E+0001    0.55939130E+0000     16250
  7450   -0.36970696E+0001   -0.37014435E+0001    0.48020180E+0000     16311
  7500   -0.36966496E+0001   -0.37019103E+0001    0.50740850E+0000     16481
  7550   -0.36962442E+0001   -0.37008713E+0001    0.53857186E+0000     16698
  7600   -0.36959361E+0001   -0.37004673E+0001    0.54960542E+0000     16966
  7650   -0.36956812E+0001   -0.36995376E+0001    0.51615918E+0000     17372
  7700   -0.36954522E+0001   -0.36997867E+0001    0.52322142E+0000     17669
  7750   -0.36952798E+0001   -0.36996208E+0001    0.47884596E+0000     17879
  7800   -0.36951487E+0001   -0.36992726E+0001    0.49483120E+0000     18089
  7850   -0.36949563E+0001   -0.36991257E+0001    0.50984030E+0000     18265
  7900   -0.36945770E+0001   -0.36983435E+0001    0.49286606E+0000     18312
  7950   -0.36941328E+0001   -0.36980138E+0001    0.50749462E+0000     18405
  8000   -0.36937625E+0001   -0.36975558E+0001    0.46374459E+0000     18438
  8001   -0.36937733E+0001   -0.36937733E+0001    0.40290500E+0000     12000
  8050   -0.36940276E+0001   -0.36951215E+0001    0.40532392E+0000     12040
  8100   -0.36938293E+0001   -0.36954488E+0001    0.44447539E+0000     12199
  8150   -0.36936039E+0001   -0.36954929E+0001    0.46271859E+0000     12139
  8200   -0.36933984E+0001   -0.36951353E+0001    0.45271785E+0000     12453
  8250   -0.36932025E+0001   -0.36951280E+0001    0.46210347E+0000     12567
  8300   -0.36930349E+0001   -0.36958447E+0001    0.43127883E+0000     12892
  8350   -0.36928725E+0001   -0.36961094E+0001    0.43840206E+0000     13046
  8400   -0.36926504E+0001   -0.36954513E+0001    0.42943274E+0000     13279
  8450   -0.36924543E+0001   -0.36953596E+0001    0.41920588E+0000     13421
  8500   -0.36922481E+0001   -0.36953526E+0001    0.45401205E+0000     13626
  8550   -0.36920778E+0001   -0.36954612E+0001    0.45999598E+0000     14027
  8600   -0.36918649E+0001   -0.36947841E+0001    0.39109098E+0000     14465
  8650   -0.36916906E+0001   -0.36943229E+0001    0.45043569E+0000     14725
  8700   -0.36915107E+0001   -0.36940264E+0001    0.45067300E+0000     15002
  8750   -0.36914062E+0001   -0.36938404E+0001    0.45360823E+0000     15562
  8800   -0.36913027E+0001   -0.36939681E+0001    0.37406178E+0000     15821
  8850   -0.36911271E+0001   -0.36938091E+0001    0.40280752E+0000     16252
  8900   -0.36909648E+0001   -0.36939375E+0001    0.37683986E+0000     16661
  8950   -0.36907863E+0001   -0.36940652E+0001    0.41100130E+0000     16975
  9000   -0.36905671E+0001   -0.36942668E+0001    0.35952975E+0000     17190
  9050   -0.36903778E+0001   -0.36940287E+0001    0.43290882E+0000     17503
  9100   -0.36901593E+0001   -0.36933487E+0001    0.42322575E+0000     17706
  9150   -0.36899658E+0001   -0.36933822E+0001    0.40618169E+0000     17881
  9200   -0.36897862E+0001   -0.36927832E+0001    0.37035052E+0000     18264
  9250   -0.36896326E+0001   -0.36924366E+0001    0.36176198E+0000     18523
  9300   -0.36895250E+0001   -0.36933027E+0001    0.35496931E+0000     18989
  9350   -0.36893687E+0001   -0.36924723E+0001    0.34133002E+0000     19467
  9400   -0.36891554E+0001   -0.36926067E+0001    0.34672475E+0000     19621
  9450   -0.36889185E+0001   -0.36928364E+0001    0.33697648E+0000     20018
  9500   -0.36887106E+0001   -0.36919942E+0001    0.33370013E+0000     20359
  9550   -0.36885800E+0001   -0.36919261E+0001    0.35275254E+0000     20804
  9600   -0.36884899E+0001   -0.36914242E+0001    0.36949450E+0000     21190
  9601   -0.36884932E+0001   -0.36884932E+0001    0.20701812E+0000     12000
  9650   -0.36885588E+0001   -0.36889659E+0001    0.26070155E+0000     11997
  9700   -0.36885139E+0001   -0.36893261E+0001    0.28160582E+0000     12050
  9750   -0.36884757E+0001   -0.36895845E+0001    0.32953222E+0000     12052
  9800   -0.36884360E+0001   -0.36896938E+0001    0.30636017E+0000     12434
  9850   -0.36883883E+0001   -0.36897315E+0001    0.27844786E+0000     12697
  9900   -0.36883316E+0001   -0.36894103E+0001    0.32563956E+0000     12754
  9950   -0.36882654E+0001   -0.36895333E+0001    0.33324846E+0000     13379
 10000   -0.36882354E+0001   -0.36894156E+0001    0.30894187E+0000     13743
 10050   -0.36881793E+0001   -0.36891748E+0001    0.29849602E+0000     14152
 10100   -0.36881185E+0001   -0.36891797E+0001    0.37649810E+0000     14455
 10150   -0.36880778E+0001   -0.36894906E+0001    0.34380697E+0000     14659
 10200   -0.36879961E+0001   -0.36891962E+0001    0.31225262E+0000     14953
 10250   -0.36878833E+0001   -0.36892911E+0001    0.30330429E+0000     15383
 10300   -0.36877832E+0001   -0.36891836E+0001    0.30012316E+0000     15778
 10350   -0.36877238E+0001   -0.36889927E+0001    0.27781001E+0000     15835
 10400   -0.36876690E+0001   -0.36889459E+0001    0.30060101E+0000     16014
 10450   -0.36876053E+0001   -0.36889580E+0001    0.32642322E+0000     16343
 10500   -0.36875322E+0001   -0.36893927E+0001    0.22223583E+0000     16636
 10550   -0.36874700E+0001   -0.36891150E+0001    0.29832885E+0000     17055
 10600   -0.36874011E+0001   -0.36890181E+0001    0.22634565E+0000     17255
 10650   -0.36873507E+0001   -0.36887833E+0001    0.26933055E+0000     17563
 10700   -0.36873120E+0001   -0.36886279E+0001    0.36681195E+0000     17825
 10750   -0.36872852E+0001   -0.36884416E+0001    0.29404014E+0000     18364
 10800   -0.36872797E+0001   -0.36881634E+0001    0.30473238E+0000     18724
 10850   -0.36872822E+0001   -0.36883174E+0001    0.32492094E+0000     18994
 10900   -0.36872755E+0001   -0.36882633E+0001    0.31626294E+0000     18999
 10950   -0.36872500E+0001   -0.36885211E+0001    0.27956210E+0000     19576
 11000   -0.36872151E+0001   -0.36884668E+0001    0.29684544E+0000     19973
 11050   -0.36871679E+0001   -0.36879416E+0001    0.33132537E+0000     20329
 11100   -0.36871240E+0001   -0.36879771E+0001    0.32134580E+0000     20565
 11150   -0.36870936E+0001   -0.36878086E+0001    0.30551904E+0000     21031
 11200   -0.36870831E+0001   -0.36877573E+0001    0.26360207E+0000     21513
 11201   -0.36870837E+0001   -0.36870837E+0001    0.10161052E+0000     12000
 11250   -0.36871009E+0001   -0.36871692E+0001    0.19453313E+0000     11992
 11300   -0.36870956E+0001   -0.36872288E+0001    0.19683832E+0000     11971
 11350   -0.36870875E+0001   -0.36872247E+0001    0.29143549E+0000     12245
 11400   -0.36870817E+0001   -0.36872120E+0001    0.26606769E+0000     12342
 11450   -0.36870812E+0001   -0.36873012E+0001    0.27371899E+0000     12534
 11500   -0.36870736E+0001   -0.36873278E+0001    0.32281967E+0000     12634
 11550   -0.36870710E+0001   -0.36874470E+0001    0.27242173E+0000     12755
 11600   -0.36870657E+0001   -0.36874233E+0001    0.28488302E+0000     12903
 11650   -0.36870697E+0001   -0.36874316E+0001    0.30591469E+0000     13355
 11700   -0.36870795E+0001   -0.36875729E+0001    0.32784865E+0000     13519
 11750   -0.36870698E+0001   -0.36877494E+0001    0.31830170E+0000     13712
 11800   -0.36870535E+0001   -0.36875478E+0001    0.26633518E+0000     14095
 11850   -0.36870366E+0001   -0.36874199E+0001    0.31539244E+0000     14344
 11900   -0.36870134E+0001   -0.36874801E+0001    0.29442898E+0000     14527
 11950   -0.36870071E+0001   -0.36873026E+0001    0.29149153E+0000     14553
 12000   -0.36870027E+0001   -0.36874581E+0001    0.30497205E+0000     14722
 12050   -0.36870029E+0001   -0.36872554E+0001    0.29906769E+0000     15026
 12100   -0.36869999E+0001   -0.36872150E+0001    0.28535965E+0000     15367
 12150   -0.36869979E+0001   -0.36872695E+0001    0.32453709E+0000     15440
 12200   -0.36869931E+0001   -0.36873302E+0001    0.28932353E+0000     15767
 12250   -0.36869765E+0001   -0.36873942E+0001    0.28432290E+0000     15991
 12300   -0.36869727E+0001   -0.36873005E+0001    0.30780812E+0000     16240
 12350   -0.36869689E+0001   -0.36872010E+0001    0.31356727E+0000     16558
 12400   -0.36869624E+0001   -0.36874277E+0001    0.29741237E+0000     16630
 12450   -0.36869576E+0001   -0.36874311E+0001    0.31875242E+0000     16860
 12500   -0.36869612E+0001   -0.36873904E+0001    0.30422741E+0000     17188
 12550   -0.36869631E+0001   -0.36872745E+0001    0.27617856E+0000     17602
 12600   -0.36869565E+0001   -0.36873979E+0001    0.26662501E+0000     17878
 12650   -0.36869427E+0001   -0.36871847E+0001    0.25936285E+0000     18098
 12700   -0.36869348E+0001   -0.36871322E+0001    0.26359152E+0000     18358
 12750   -0.36869364E+0001   -0.36871393E+0001    0.23635064E+0000     18521
 12800   -0.36869305E+0001   -0.36871235E+0001    0.30294946E+0000     18855
 12801   -0.36869309E+0001   -0.36869309E+0001    0.64805534E-0001     12000
 12850   -0.36869373E+0001   -0.36869547E+0001    0.17370438E+0000     11996
 12900   -0.36869338E+0001   -0.36869611E+0001    0.24416188E+0000     12045
 12950   -0.36869308E+0001   -0.36869587E+0001    0.22239702E+0000     12138
 13000   -0.36869311E+0001   -0.36869815E+0001    0.22354485E+0000     12274
 13050   -0.36869294E+0001   -0.36869437E+0001    0.27407436E+0000     12342
 13100   -0.36869235E+0001   -0.36869644E+0001    0.28342300E+0000     12499
 13150   -0.36869171E+0001   -0.36869550E+0001    0.30681051E+0000     12538
 13200   -0.36869121E+0001   -0.36869919E+0001    0.27780993E+0000     12788
 13250   -0.36869057E+0001   -0.36870839E+0001    0.29066952E+0000     13037
 13300   -0.36868988E+0001   -0.36871051E+0001    0.29721848E+0000     13464
 13350   -0.36868947E+0001   -0.36869683E+0001    0.27264079E+0000     13769
 13400   -0.36868990E+0001   -0.36871964E+0001    0.30467074E+0000     14025
 13450   -0.36868981E+0001   -0.36870867E+0001    0.30755787E+0000     14208
 13500   -0.36868973E+0001   -0.36870470E+0001    0.28648916E+0000     14488
 13550   -0.36868999E+0001   -0.36870429E+0001    0.23979376E+0000     14701
 13600   -0.36868961E+0001   -0.36869872E+0001    0.22773872E+0000     14869
 13650   -0.36868897E+0001   -0.36870722E+0001    0.28206781E+0000     15200
 13700   -0.36868796E+0001   -0.36870545E+0001    0.27895562E+0000     15017
 13750   -0.36868737E+0001   -0.36869825E+0001    0.28306832E+0000     15196
 13800   -0.36868671E+0001   -0.36869348E+0001    0.30593556E+0000     15407
 13850   -0.36868664E+0001   -0.36868866E+0001    0.23483122E+0000     15632
 13900   -0.36868660E+0001   -0.36868707E+0001    0.28358243E+0000     15848
 13950   -0.36868614E+0001   -0.36868818E+0001    0.24233041E+0000     15994
 14000   -0.36868633E+0001   -0.36869341E+0001    0.24580284E+0000     16353
 14050   -0.36868665E+0001   -0.36869166E+0001    0.26710602E+0000     16539
 14100   -0.36868726E+0001   -0.36868474E+0001    0.33293824E+0000     16842
 14150   -0.36868742E+0001   -0.36868559E+0001    0.20600797E+0000     17145
 14200   -0.36868709E+0001   -0.36868598E+0001    0.20266704E+0000     17615
 14250   -0.36868691E+0001   -0.36868830E+0001    0.15791311E+0000     17786
 14300   -0.36868688E+0001   -0.36868552E+0001    0.24124018E+0000     18031
 14350   -0.36868699E+0001   -0.36869845E+0001    0.24150081E+0000     18148
 14400   -0.36868722E+0001   -0.36868981E+0001    0.27047108E+0000     18361
 14450   -0.36868715E+0001   -0.36868268E+0001    0.28637046E+0000     18771
 14500   -0.36868690E+0001   -0.36868172E+0001    0.24277554E+0000     18982
 14550   -0.36868668E+0001   -0.36868319E+0001    0.30432531E+0000     19324
 14600   -0.36868626E+0001   -0.36868882E+0001    0.30549069E+0000     19650
 14650   -0.36868613E+0001   -0.36873281E+0001    0.31388352E+0000     19877
 14700   -0.36868647E+0001   -0.36868063E+0001    0.23399599E+0000     20306
 14750   -0.36868633E+0001   -0.36867610E+0001    0.25445379E+0000     20661
 14800   -0.36868630E+0001   -0.36868102E+0001    0.27420476E+0000     20676
 14850   -0.36868690E+0001   -0.36868459E+0001    0.23585134E+0000     21017
 14900   -0.36868719E+0001   -0.36866606E+0001    0.29142258E+0000     21530
 14950   -0.36868717E+0001   -0.36872276E+0001    0.29400998E+0000     21865
 15000   -0.36868704E+0001   -0.36870990E+0001    0.31714864E+0000     22085
 15050   -0.36868703E+0001   -0.36870675E+0001    0.30040365E+0000     21996
 15100   -0.36868744E+0001   -0.36869290E+0001    0.26082872E+0000     22352
 15150   -0.36868740E+0001   -0.36868324E+0001    0.23622312E+0000     22579
 15200   -0.36868755E+0001   -0.36869867E+0001    0.26796639E+0000     22832
 15250   -0.36868779E+0001   -0.36870015E+0001    0.31500570E+0000     23142
 15300   -0.36868786E+0001   -0.36869783E+0001    0.22745726E+0000     23292
 15350   -0.36868761E+0001   -0.36869214E+0001    0.28039755E+0000     23863
 15400   -0.36868751E+0001   -0.36869800E+0001    0.28370509E+0000     24594
 15450   -0.36868768E+0001   -0.36870675E+0001    0.24594423E+0000     24725
 15500   -0.36868785E+0001   -0.36869948E+0001    0.28846873E+0000     25171
 15550   -0.36868790E+0001   -0.36868154E+0001    0.23721935E+0000     25549
 15600   -0.36868772E+0001   -0.36868905E+0001    0.27354575E+0000     26095
 15650   -0.36868783E+0001   -0.36868808E+0001    0.29777199E+0000     26476
 15700   -0.36868794E+0001   -0.36870063E+0001    0.28216713E+0000     26740
 15750   -0.36868773E+0001   -0.36870196E+0001    0.27060402E+0000     27381
 15800   -0.36868747E+0001   -0.36869094E+0001    0.28171557E+0000     28025
 15850   -0.36868727E+0001   -0.36868948E+0001    0.26259014E+0000     28222
 15900   -0.36868724E+0001   -0.36869624E+0001    0.25701513E+0000     28690
 15950   -0.36868731E+0001   -0.36868482E+0001    0.26211085E+0000     29099
 16000   -0.36868712E+0001   -0.36868394E+0001    0.25949929E+0000     29676
 16001   -0.36868630E+0001   -0.36868630E+0001    0.45554578E-0001         1
 16050   -0.36861129E+0001   -0.36861129E+0001    0.56500072E+0000         1
 16100   -0.36859722E+0001   -0.36859722E+0001    0.49215159E+0000         1
 16150   -0.36864957E+0001   -0.36864957E+0001    0.28521096E+0000         1
 16200   -0.36866122E+0001   -0.36866122E+0001    0.23578972E+0000         1
 16250   -0.36862074E+0001   -0.36862074E+0001    0.45669408E+0000         1
 16300   -0.36861514E+0001   -0.36861514E+0001    0.49603522E+0000         1
 16350   -0.36858617E+0001   -0.36858617E+0001    0.46893616E+0000         1
 16400   -0.36862273E+0001   -0.36862273E+0001    0.36786524E+0000         1
 16450   -0.36856982E+0001   -0.36856982E+0001    0.48148422E+0000         1
 16500   -0.36863773E+0001   -0.36863773E+0001    0.29244951E+0000         1
 16550   -0.36864785E+0001   -0.36864785E+0001    0.26866385E+0000         1
 16600   -0.36862221E+0001   -0.36862221E+0001    0.38304923E+0000         1
 16650   -0.36856495E+0001   -0.36856495E+0001    0.61803346E+0000         1
 16700   -0.36858461E+0001   -0.36858461E+0001    0.50191626E+0000         1
 16750   -0.36853983E+0001   -0.36853983E+0001    0.61504243E+0000         1
 16800   -0.36860331E+0001   -0.36860331E+0001    0.48546058E+0000         1
 16850   -0.36861376E+0001   -0.36861376E+0001    0.50462481E+0000         1
 16900   -0.36861570E+0001   -0.36861570E+0001    0.53297659E+0000         1
 16950   -0.36866438E+0001   -0.36866438E+0001    0.31062288E+0000         1
 17000   -0.36867041E+0001   -0.36867041E+0001    0.29044565E+0000         1
 17050   -0.36858848E+0001   -0.36858848E+0001    0.53698089E+0000         1
 17100   -0.36860030E+0001   -0.36860030E+0001    0.50451950E+0000         1
 17150   -0.36865089E+0001   -0.36865089E+0001    0.35398058E+0000         1
 17200   -0.36860097E+0001   -0.36860097E+0001    0.56524661E+0000         1
 17250   -0.36862238E+0001   -0.36862238E+0001    0.40984480E+0000         1
 17300   -0.36857559E+0001   -0.36857559E+0001    0.51124865E+0000         1
 17350   -0.36862316E+0001   -0.36862316E+0001    0.48285665E+0000         1
 17400   -0.36863695E+0001   -0.36863695E+0001    0.33981530E+0000         1
 17450   -0.36858248E+0001   -0.36858248E+0001    0.49972768E+0000         1
 17500   -0.36857948E+0001   -0.36857948E+0001    0.60795294E+0000         1
 17550   -0.36861863E+0001   -0.36861863E+0001    0.37823127E+0000         1
 17600   -0.36860674E+0001   -0.36860674E+0001    0.51126951E+0000         1
 17650   -0.36861825E+0001   -0.36861825E+0001    0.43946474E+0000         1
 17700   -0.36861734E+0001   -0.36861734E+0001    0.52721542E+0000         1
 17750   -0.36863468E+0001   -0.36863468E+0001    0.47748813E+0000         1
 17800   -0.36862793E+0001   -0.36862793E+0001    0.56718343E+0000         1
 17850   -0.36862379E+0001   -0.36862379E+0001    0.49144811E+0000         1
 17900   -0.36865736E+0001   -0.36865736E+0001    0.39618231E+0000         1
 17950   -0.36865690E+0001   -0.36865690E+0001    0.39108815E+0000         1
 18000   -0.36868566E+0001   -0.36868566E+0001    0.42174853E+0000         1
 18050   -0.36868924E+0001   -0.36868924E+0001    0.41808395E+0000         1
 18100   -0.36867296E+0001   -0.36867296E+0001    0.45495215E+0000         1
 18150   -0.36868344E+0001   -0.36868344E+0001    0.44689320E+0000         1
 18200   -0.36873386E+0001   -0.36873386E+0001    0.31952943E+0000         1
 18250   -0.36870963E+0001   -0.36870963E+0001    0.40838240E+0000         1
 18300   -0.36869551E+0001   -0.36869551E+0001    0.37362587E+0000         1
 18350   -0.36870797E+0001   -0.36870797E+0001    0.30610491E+0000         1
 18400   -0.36869519E+0001   -0.36869519E+0001    0.41453414E+0000         1
 18450   -0.36871783E+0001   -0.36871783E+0001    0.37171642E+0000         1
 18500   -0.36870753E+0001   -0.36870753E+0001    0.51754834E+0000         1
 18550   -0.36870524E+0001   -0.36870524E+0001    0.52005976E+0000         1
 18600   -0.36876408E+0001   -0.36876408E+0001    0.39274858E+0000         1
 18650   -0.36872076E+0001   -0.36872076E+0001    0.55852787E+0000         1
 18700   -0.36871720E+0001   -0.36871720E+0001    0.60448050E+0000         1
 18750   -0.36871979E+0001   -0.36871979E+0001    0.66376233E+0000         1
 18800   -0.36880668E+0001   -0.36880668E+0001    0.51680387E+0000         1
 18850   -0.36880505E+0001   -0.36880505E+0001    0.55898968E+0000         1
 18900   -0.36883431E+0001   -0.36883431E+0001    0.49512689E+0000         1
 18950   -0.36882383E+0001   -0.36882383E+0001    0.57876961E+0000         1
 19000   -0.36879735E+0001   -0.36879735E+0001    0.71182659E+0000         1
 19050   -0.36880390E+0001   -0.36880390E+0001    0.62210832E+0000         1
 19100   -0.36887108E+0001   -0.36887108E+0001    0.55498823E+0000         1
 19150   -0.36884660E+0001   -0.36884660E+0001    0.59185359E+0000         1
 19200   -0.36890386E+0001   -0.36890386E+0001    0.47403388E+0000         1
 19250   -0.36891406E+0001   -0.36891406E+0001    0.58214660E+0000         1
 19300   -0.36897567E+0001   -0.36897567E+0001    0.52443210E+0000         1
 19350   -0.36899479E+0001   -0.36899479E+0001    0.55506609E+0000         1
 19400   -0.36909273E+0001   -0.36909273E+0001    0.54421800E+0000         1
 19450   -0.36914775E+0001   -0.36914775E+0001    0.51472313E+0000         1
 19500   -0.36922850E+0001   -0.36922850E+0001    0.49515278E+0000         1
 19550   -0.36922668E+0001   -0.36922668E+0001    0.61647155E+0000         1
 19600   -0.36922761E+0001   -0.36922761E+0001    0.85420345E+0000         1
 19650   -0.36933008E+0001   -0.36933008E+0001    0.52005514E+0000         1
 19700   -0.36935703E+0001   -0.36935703E+0001    0.71720505E+0000         1
 19750   -0.36949112E+0001   -0.36949112E+0001    0.69670413E+0000         1
 19800   -0.36958934E+0001   -0.36958934E+0001    0.63154794E+0000         1
 19850   -0.36967198E+0001   -0.36967198E+0001    0.63843516E+0000         1
 19900   -0.36979629E+0001   -0.36979629E+0001    0.65288945E+0000         1
 19950   -0.36993195E+0001   -0.36993195E+0001    0.63243773E+0000         1
 20000   -0.36993977E+0001   -0.36993977E+0001    0.74154197E+0000         1
 20050   -0.37001635E+0001   -0.37001635E+0001    0.86877159E+0000         1
 20100   -0.37020521E+0001   -0.37020521E+0001    0.71465689E+0000         1
 20150   -0.37040492E+0001   -0.37040492E+0001    0.81187167E+0000         1
 20200   -0.37065727E+0001   -0.37065727E+0001    0.71603067E+0000         1
 20250   -0.37082927E+0001   -0.37082927E+0001    0.69371929E+0000         1
 20300   -0.37084810E+0001   -0.37084810E+0001    0.72330193E+0000         1
 20350   -0.37091048E+0001   -0.37091048E+0001    0.77560387E+0000         1
 20400   -0.37090744E+0001   -0.37090744E+0001    0.88294731E+0000         1
 20450   -0.37111618E+0001   -0.37111618E+0001    0.80317557E+0000         1
 20500   -0.37124977E+0001   -0.37124977E+0001    0.10574814E+0001         1
 20550   -0.37144404E+0001   -0.37144404E+0001    0.81668221E+0000         1
 20600   -0.37144502E+0001   -0.37144502E+0001    0.85492574E+0000         1
 20650   -0.37153275E+0001   -0.37153275E+0001    0.10277530E+0001         1
 20700   -0.37185645E+0001   -0.37185645E+0001    0.97866469E+0000         1
 20750   -0.37209753E+0001   -0.37209753E+0001    0.97566111E+0000         1
 20800   -0.37231749E+0001   -0.37231749E+0001    0.10568084E+0001         1
 20850   -0.37250917E+0001   -0.37250917E+0001    0.10280588E+0001         1
 20900   -0.37269639E+0001   -0.37269639E+0001    0.97551014E+0000         1
 20950   -0.37297048E+0001   -0.37297048E+0001    0.96264169E+0000         1
 21000   -0.37334764E+0001   -0.37334764E+0001    0.11953396E+0001         1
 21050   -0.37356555E+0001   -0.37356555E+0001    0.11870734E+0001         1
 21100   -0.37411106E+0001   -0.37411106E+0001    0.12319755E+0001         1
 21150   -0.37452485E+0001   -0.37452485E+0001    0.11768302E+0001         1
 21200   -0.37507793E+0001   -0.37507793E+0001    0.12096603E+0001         1
 21250   -0.37549566E+0001   -0.37549566E+0001    0.12440568E+0001         1
 21300   -0.37592795E+0001   -0.37592795E+0001    0.12569979E+0001         1
 21350   -0.37636700E+0001   -0.37636700E+0001    0.13572601E+0001         1
 21400   -0.37687471E+0001   -0.37687471E+0001    0.14011280E+0001         1
 21450   -0.37747221E+0001   -0.37747221E+0001    0.13877326E+0001         1
 21500   -0.37796945E+0001   -0.37796945E+0001    0.13606024E+0001         1
 21550   -0.37853635E+0001   -0.37853635E+0001    0.14380275E+0001         1
 21600   -0.37933267E+0001   -0.37933267E+0001    0.15263837E+0001         1
 21650   -0.38029548E+0001   -0.38029548E+0001    0.14966823E+0001         1
 21700   -0.38079452E+0001   -0.38079452E+0001    0.15463147E+0001         1
 21750   -0.38145589E+0001   -0.38145589E+0001    0.15977803E+0001         1
 21800   -0.38258019E+0001   -0.38258019E+0001    0.16070190E+0001         1
 21850   -0.38325117E+0001   -0.38325117E+0001    0.16317756E+0001         1
 21900   -0.38390648E+0001   -0.38390648E+0001    0.16408299E+0001         1
 21950   -0.38493764E+0001   -0.38493764E+0001    0.17101893E+0001         1
 22000   -0.38559862E+0001   -0.38559862E+0001    0.17419642E+0001         1
 22050   -0.38633846E+0001   -0.38633846E+0001    0.17883938E+0001         1
 22100   -0.38724718E+0001   -0.38724718E+0001    0.17256019E+0001         1
 22150   -0.38808788E+0001   -0.38808788E+0001    0.16768690E+0001         1
 22200   -0.38902629E+0001   -0.38902629E+0001    0.16106061E+0001         1
 22250   -0.39000841E+0001   -0.39000841E+0001    0.15144463E+0001         1
 22300   -0.39076976E+0001   -0.39076976E+0001    0.14309781E+0001         1
 22350   -0.39133684E+0001   -0.39133684E+0001    0.14101860E+0001         1
 22400   -0.39197264E+0001   -0.39197264E+0001    0.12968442E+0001         1
 22450   -0.39229528E+0001   -0.39229528E+0001    0.12001075E+0001         1
 22500   -0.39267786E+0001   -0.39267786E+0001    0.10698764E+0001         1
 22550   -0.39293604E+0001   -0.39293604E+0001    0.99722708E+0000         1
 22600   -0.39321167E+0001   -0.39321167E+0001    0.89185919E+0000         1
 22650   -0.39335440E+0001   -0.39335440E+0001    0.90417907E+0000         1
 22700   -0.39341198E+0001   -0.39341198E+0001    0.79659354E+0000         1
 22750   -0.39350236E+0001   -0.39350236E+0001    0.79449527E+0000         1
 22800   -0.39357374E+0001   -0.39357374E+0001    0.73838901E+0000         1
 22850   -0.39368365E+0001   -0.39368365E+0001    0.76573235E+0000         1
 22900   -0.39377455E+0001   -0.39377455E+0001    0.58865305E+0000         1
 22950   -0.39377701E+0001   -0.39377701E+0001    0.50050057E+0000         1
 23000   -0.39384051E+0001   -0.39384051E+0001    0.50645200E+0000         1
 23050   -0.39388347E+0001   -0.39388347E+0001    0.49641028E+0000         1
 23100   -0.39385263E+0001   -0.39385263E+0001    0.51521318E+0000         1
 23150   -0.39389439E+0001   -0.39389439E+0001    0.39450159E+0000         1
 23200   -0.39393276E+0001   -0.39393276E+0001    0.38701748E+0000         1
 23250   -0.39395365E+0001   -0.39395365E+0001    0.33687076E+0000         1
 23300   -0.39389920E+0001   -0.39389920E+0001    0.47659156E+0000         1
 23350   -0.39382655E+0001   -0.39382655E+0001    0.73913732E+0000         1
 23400   -0.39391453E+0001   -0.39391453E+0001    0.40960995E+0000         1
 23450   -0.39389091E+0001   -0.39389091E+0001    0.56932446E+0000         1
 23500   -0.39385279E+0001   -0.39385279E+0001    0.64287137E+0000         1
 23550   -0.39386889E+0001   -0.39386889E+0001    0.57473018E+0000         1
 23600   -0.39394288E+0001   -0.39394288E+0001    0.34741807E+0000         1
 23650   -0.39396854E+0001   -0.39396854E+0001    0.30513110E+0000         1
 23700   -0.39391192E+0001   -0.39391192E+0001    0.50872485E+0000         1
 23750   -0.39389855E+0001   -0.39389855E+0001    0.57604760E+0000         1
 23800   -0.39394146E+0001   -0.39394146E+0001    0.47728149E+0000         1
 23850   -0.39393336E+0001   -0.39393336E+0001    0.42983706E+0000         1
 23900   -0.39393632E+0001   -0.39393632E+0001    0.42036515E+0000         1
 23950   -0.39394769E+0001   -0.39394769E+0001    0.45524312E+0000         1
 24000   -0.39391925E+0001   -0.39391925E+0001    0.43250658E+0000         1
 24050   -0.39392284E+0001   -0.39392284E+0001    0.48190681E+0000         1
 24100   -0.39386092E+0001   -0.39386092E+0001    0.67571477E+0000         1
 24150   -0.39389696E+0001   -0.39389696E+0001    0.60428805E+0000         1
 24200   -0.39394029E+0001   -0.39394029E+0001    0.43691299E+0000         1
 24250   -0.39397013E+0001   -0.39397013E+0001    0.37451646E+0000         1
 24300   -0.39395784E+0001   -0.39395784E+0001    0.37753075E+0000         1
 24350   -0.39394218E+0001   -0.39394218E+0001    0.47145490E+0000         1
 24400   -0.39390918E+0001   -0.39390918E+0001    0.64720882E+0000         1
 24450   -0.39391206E+0001   -0.39391206E+0001    0.44483228E+0000         1
 24500   -0.39395269E+0001   -0.39395269E+0001    0.36486051E+0000         1
 24550   -0.39393619E+0001   -0.39393619E+0001    0.43703143E+0000         1
 24600   -0.39392666E+0001   -0.39392666E+0001    0.52848194E+0000         1
 24650   -0.39386580E+0001   -0.39386580E+0001    0.64076836E+0000         1
 24700   -0.39386687E+0001   -0.39386687E+0001    0.61755835E+0000         1
 24750   -0.39393063E+0001   -0.39393063E+0001    0.41798144E+0000         1
 24800   -0.39394283E+0001   -0.39394283E+0001    0.46316547E+0000         1
 24850   -0.39393105E+0001   -0.39393105E+0001    0.48057483E+0000         1
 24900   -0.39395013E+0001   -0.39395013E+0001    0.40249464E+0000         1
 24950   -0.39393087E+0001   -0.39393087E+0001    0.45872596E+0000         1
 25000   -0.39392988E+0001   -0.39392988E+0001    0.48123959E+0000         1
 25050   -0.39392599E+0001   -0.39392599E+0001    0.45080895E+0000         1
 25100   -0.39390925E+0001   -0.39390925E+0001    0.52084139E+0000         1
 25150   -0.39391171E+0001   -0.39391171E+0001    0.41260293E+0000         1
 25200   -0.39389593E+0001   -0.39389593E+0001    0.52161580E+0000         1
 25250   -0.39390991E+0001   -0.39390991E+0001    0.51085442E+0000         1
 25300   -0.39393267E+0001   -0.39393267E+0001    0.41880149E+0000         1
 25350   -0.39386450E+0001   -0.39386450E+0001    0.54777377E+0000         1
 25400   -0.39383172E+0001   -0.39383172E+0001    0.57887218E+0000         1
 25450   -0.39378374E+0001   -0.39378374E+0001    0.68452825E+0000         1
 25500   -0.39384697E+0001   -0.39384697E+0001    0.60734898E+0000         1
 25550   -0.39392561E+0001   -0.39392561E+0001    0.43598677E+0000         1
 25600   -0.39389678E+0001   -0.39389678E+0001    0.47868528E+0000         1
 25650   -0.39387833E+0001   -0.39387833E+0001    0.57595813E+0000         1
 25700   -0.39389116E+0001   -0.39389116E+0001    0.54398686E+0000         1
 25750   -0.39389737E+0001   -0.39389737E+0001    0.62210132E+0000         1
 25800   -0.39389945E+0001   -0.39389945E+0001    0.66501530E+0000         1
 25850   -0.39392670E+0001   -0.39392670E+0001    0.46234085E+0000         1
 25900   -0.39393005E+0001   -0.39393005E+0001    0.55222057E+0000         1
 25950   -0.39395572E+0001   -0.39395572E+0001    0.36896803E+0000         1
 26000   -0.39386708E+0001   -0.39386708E+0001    0.66690430E+0000         1
 26050   -0.39394917E+0001   -0.39394917E+0001    0.40415070E+0000         1
 26100   -0.39392462E+0001   -0.39392462E+0001    0.45191678E+0000         1
 26150   -0.39389878E+0001   -0.39389878E+0001    0.47725101E+0000         1
 26200   -0.39387987E+0001   -0.39387987E+0001    0.49835074E+0000         1
 26250   -0.39386753E+0001   -0.39386753E+0001    0.64242852E+0000         1
 26300   -0.39387349E+0001   -0.39387349E+0001    0.56731663E+0000         1
 26350   -0.39389326E+0001   -0.39389326E+0001    0.50718841E+0000         1
 26400   -0.39394204E+0001   -0.39394204E+0001    0.33402664E+0000         1
 26450   -0.39392694E+0001   -0.39392694E+0001    0.46317028E+0000         1
 26500   -0.39387537E+0001   -0.39387537E+0001    0.61643906E+0000         1
 26550   -0.39376123E+0001   -0.39376123E+0001    0.79576405E+0000         1
 26600   -0.39389878E+0001   -0.39389878E+0001    0.46249928E+0000         1
 26650   -0.39387859E+0001   -0.39387859E+0001    0.49334095E+0000         1
 26700   -0.39383933E+0001   -0.39383933E+0001    0.63804999E+0000         1
 26750   -0.39389476E+0001   -0.39389476E+0001    0.52076953E+0000         1
 26800   -0.39395494E+0001   -0.39395494E+0001    0.36295767E+0000         1
 26850   -0.39394025E+0001   -0.39394025E+0001    0.37383307E+0000         1
 26900   -0.39389199E+0001   -0.39389199E+0001    0.52785687E+0000         1
 26950   -0.39388037E+0001   -0.39388037E+0001    0.57803076E+0000         1
 27000   -0.39388505E+0001   -0.39388505E+0001    0.50830754E+0000         1
 27050   -0.39388670E+0001   -0.39388670E+0001    0.55421469E+0000         1
 27100   -0.39376490E+0001   -0.39376490E+0001    0.77044753E+0000         1
 27150   -0.39377880E+0001   -0.39377880E+0001    0.70489932E+0000         1
 27200   -0.39365723E+0001   -0.39365723E+0001    0.97812830E+0000         1
 27250   -0.39384192E+0001   -0.39384192E+0001    0.64543655E+0000         1
 27300   -0.39387894E+0001   -0.39387894E+0001    0.52640532E+0000         1
 27350   -0.39392191E+0001   -0.39392191E+0001    0.44264295E+0000         1
 27400   -0.39393619E+0001   -0.39393619E+0001    0.37459584E+0000         1
 27450   -0.39393034E+0001   -0.39393034E+0001    0.31357719E+0000         1
 27500   -0.39393550E+0001   -0.39393550E+0001    0.27400130E+0000         1
 27550   -0.39388284E+0001   -0.39388284E+0001    0.44538053E+0000         1
 27600   -0.39390782E+0001   -0.39390782E+0001    0.43173742E+0000         1
 27650   -0.39386623E+0001   -0.39386623E+0001    0.69859620E+0000         1
 27700   -0.39385389E+0001   -0.39385389E+0001    0.71840775E+0000         1
 27750   -0.39390453E+0001   -0.39390453E+0001    0.47663691E+0000         1
 27800   -0.39383567E+0001   -0.39383567E+0001    0.70768269E+0000         1
 27850   -0.39393458E+0001   -0.39393458E+0001    0.40740173E+0000         1
 27900   -0.39391454E+0001   -0.39391454E+0001    0.47812790E+0000         1
 27950   -0.39390317E+0001   -0.39390317E+0001    0.41048831E+0000         1
 28000   -0.39385293E+0001   -0.39385293E+0001    0.63722746E+0000         1
 28050   -0.39388202E+0001   -0.39388202E+0001    0.48585240E+0000         1
 28100   -0.39385385E+0001   -0.39385385E+0001    0.61234208E+0000         1
 28150   -0.39390732E+0001   -0.39390732E+0001    0.42374493E+0000         1
 28200   -0.39384437E+0001   -0.39384437E+0001    0.70335883E+0000         1
 28250   -0.39391660E+0001   -0.39391660E+0001    0.47431486E+0000         1
 28300   -0.39387817E+0001   -0.39387817E+0001    0.62748449E+0000         1
 28350   -0.39389849E+0001   -0.39389849E+0001    0.56424324E+0000         1
 28400   -0.39391208E+0001   -0.39391208E+0001    0.48721209E+0000         1
 28450   -0.39387715E+0001   -0.39387715E+0001    0.54666315E+0000         1
 28500   -0.39391048E+0001   -0.39391048E+0001    0.49418264E+0000         1
 28550   -0.39393209E+0001   -0.39393209E+0001    0.41355294E+0000         1
 28600   -0.39390867E+0001   -0.39390867E+0001    0.43775379E+0000         1
 28650   -0.39386020E+0001   -0.39386020E+0001    0.58303414E+0000         1
 28700   -0.39389053E+0001   -0.39389053E+0001    0.45633389E+0000         1
 28750   -0.39385061E+0001   -0.39385061E+0001    0.59216194E+0000         1
 28800   -0.39382247E+0001   -0.39382247E+0001    0.66752475E+0000         1
 28850   -0.39388657E+0001   -0.39388657E+0001    0.46155253E+0000         1
 28900   -0.39388431E+0001   -0.39388431E+0001    0.62424205E+0000         1
 28950   -0.39391298E+0001   -0.39391298E+0001    0.46554264E+0000         1
 29000   -0.39389546E+0001   -0.39389546E+0001    0.47711302E+0000         1
 29050   -0.39392011E+0001   -0.39392011E+0001    0.44103065E+0000         1
 29100   -0.39389950E+0001   -0.39389950E+0001    0.51766893E+0000         1
 29150   -0.39386233E+0001   -0.39386233E+0001    0.59595928E+0000         1
 29200   -0.39385912E+0001   -0.39385912E+0001    0.63001707E+0000         1
 29250   -0.39386978E+0001   -0.39386978E+0001    0.50348490E+0000         1
 29300   -0.39384104E+0001   -0.39384104E+0001    0.60725119E+0000         1
 29350   -0.39385775E+0001   -0.39385775E+0001    0.61985133E+0000         1
 29400   -0.39382073E+0001   -0.39382073E+0001    0.65305270E+0000         1
 29450   -0.39390773E+0001   -0.39390773E+0001    0.45600570E+0000         1
 29500   -0.39388992E+0001   -0.39388992E+0001    0.65209345E+0000         1
 29550   -0.39393939E+0001   -0.39393939E+0001    0.45119111E+0000         1
 29600   -0.39388905E+0001   -0.39388905E+0001    0.58556873E+0000         1
 29650   -0.39390513E+0001   -0.39390513E+0001    0.52403971E+0000         1
 29700   -0.39388898E+0001   -0.39388898E+0001    0.56805061E+0000         1
 29750   -0.39376897E+0001   -0.39376897E+0001    0.78070635E+0000         1
 29800   -0.39384234E+0001   -0.39384234E+0001    0.70615789E+0000         1
 29850   -0.39382342E+0001   -0.39382342E+0001    0.63827604E+0000         1
 29900   -0.39386123E+0001   -0.39386123E+0001    0.51556503E+0000         1
 29950   -0.39389265E+0001   -0.39389265E+0001    0.46458974E+0000         1
 30000   -0.39387324E+0001   -0.39387324E+0001    0.60396458E+0000         1
 30050   -0.39382101E+0001   -0.39382101E+0001    0.65595735E+0000         1
 30100   -0.39381427E+0001   -0.39381427E+0001    0.74113170E+0000         1
 30150   -0.39380973E+0001   -0.39380973E+0001    0.64720312E+0000         1
 30200   -0.39388949E+0001   -0.39388949E+0001    0.48316058E+0000         1
 30250   -0.39390057E+0001   -0.39390057E+0001    0.41135758E+0000         1
 30300   -0.39392166E+0001   -0.39392166E+0001    0.43905222E+0000         1
 30350   -0.39389039E+0001   -0.39389039E+0001    0.45891143E+0000         1
 30400   -0.39392244E+0001   -0.39392244E+0001    0.38554066E+0000         1
 30450   -0.39387745E+0001   -0.39387745E+0001    0.50319480E+0000         1
 30500   -0.39386775E+0001   -0.39386775E+0001    0.52625058E+0000         1
 30550   -0.39390632E+0001   -0.39390632E+0001    0.45123827E+0000         1
 30600   -0.39388278E+0001   -0.39388278E+0001    0.56623130E+0000         1
 30650   -0.39387773E+0001   -0.39387773E+0001    0.49871140E+0000         1
 30700   -0.39383177E+0001   -0.39383177E+0001    0.59864513E+0000         1
 30750   -0.39384309E+0001   -0.39384309E+0001    0.56542412E+0000         1
 30800   -0.39387697E+0001   -0.39387697E+0001    0.60052472E+0000         1
 30850   -0.39384766E+0001   -0.39384766E+0001    0.58490421E+0000         1
 30900   -0.39383157E+0001   -0.39383157E+0001    0.63647889E+0000         1
 30950   -0.39386614E+0001   -0.39386614E+0001    0.60138391E+0000         1
 31000   -0.39389141E+0001   -0.39389141E+0001    0.48842735E+0000         1
 31050   -0.39390514E+0001   -0.39390514E+0001    0.52102200E+0000         1
 31100   -0.39388318E+0001   -0.39388318E+0001    0.55250798E+0000         1
 31150   -0.39376999E+0001   -0.39376999E+0001    0.87311177E+0000         1
 31200   -0.39388768E+0001   -0.39388768E+0001    0.59118677E+0000         1
 31250   -0.39389603E+0001   -0.39389603E+0001    0.56168637E+0000         1
 31300   -0.39393161E+0001   -0.39393161E+0001    0.50988508E+0000         1
 31350   -0.39396191E+0001   -0.39396191E+0001    0.37942978E+0000         1
 31400   -0.39395328E+0001   -0.39395328E+0001    0.45874949E+0000         1
 31450   -0.39391283E+0001   -0.39391283E+0001    0.55996391E+0000         1
 31500   -0.39385149E+0001   -0.39385149E+0001    0.60410087E+0000         1
 31550   -0.39391719E+0001   -0.39391719E+0001    0.45380489E+0000         1
 31600   -0.39392023E+0001   -0.39392023E+0001    0.46091895E+0000         1
 31650   -0.39389604E+0001   -0.39389604E+0001    0.45083775E+0000         1
 31700   -0.39383284E+0001   -0.39383284E+0001    0.67467285E+0000         1
 31750   -0.39389530E+0001   -0.39389530E+0001    0.43400245E+0000         1
 31800   -0.39391425E+0001   -0.39391425E+0001    0.42614572E+0000         1
 31850   -0.39391480E+0001   -0.39391480E+0001    0.41891024E+0000         1
 31900   -0.39388272E+0001   -0.39388272E+0001    0.55213843E+0000         1
 31950   -0.39390185E+0001   -0.39390185E+0001    0.47579681E+0000         1
 32000   -0.39394404E+0001   -0.39394404E+0001    0.37969611E+0000         1
 32050   -0.39398269E+0001   -0.39398269E+0001    0.29140024E+0000         1
 32100   -0.39397544E+0001   -0.39397544E+0001    0.29818853E+0000         1
 32150   -0.39394575E+0001   -0.39394575E+0001    0.35117045E+0000         1
 32200   -0.39396534E+0001   -0.39396534E+0001    0.36477590E+0000         1
 32250   -0.39396042E+0001   -0.39396042E+0001    0.30167513E+0000         1
 32300   -0.39393586E+0001   -0.39393586E+0001    0.44915100E+0000         1
 32350   -0.39387680E+0001   -0.39387680E+0001    0.49428791E+0000         1
 32400   -0.39390657E+0001   -0.39390657E+0001    0.51747497E+0000         1
 32450   -0.39388722E+0001   -0.39388722E+0001    0.49995315E+0000         1
 32500   -0.39387704E+0001   -0.39387704E+0001    0.55717773E+0000         1
 32550   -0.39391241E+0001   -0.39391241E+0001    0.52381019E+0000         1
 32600   -0.39391042E+0001   -0.39391042E+0001    0.48372065E+0000         1
 32650   -0.39386587E+0001   -0.39386587E+0001    0.67975030E+0000         1
 32700   -0.39391132E+0001   -0.39391132E+0001    0.43508712E+0000         1
 32750   -0.39386215E+0001   -0.39386215E+0001    0.61765758E+0000         1
 32800   -0.39380358E+0001   -0.39380358E+0001    0.73318491E+0000         1
 32850   -0.39380866E+0001   -0.39380866E+0001    0.69043871E+0000         1
 32900   -0.39386573E+0001   -0.39386573E+0001    0.54763605E+0000         1
 32950   -0.39391299E+0001   -0.39391299E+0001    0.40075706E+0000         1
 33000   -0.39391082E+0001   -0.39391082E+0001    0.54802688E+0000         1
 33050   -0.39390673E+0001   -0.39390673E+0001    0.52433026E+0000         1
 33100   -0.39393894E+0001   -0.39393894E+0001    0.39766228E+0000         1
 33150   -0.39395001E+0001   -0.39395001E+0001    0.40302626E+0000         1
 33200   -0.39386178E+0001   -0.39386178E+0001    0.57442878E+0000         1
 33250   -0.39388863E+0001   -0.39388863E+0001    0.55795957E+0000         1
 33300   -0.39393397E+0001   -0.39393397E+0001    0.40597609E+0000         1
 33350   -0.39391254E+0001   -0.39391254E+0001    0.48107994E+0000         1
 33400   -0.39391835E+0001   -0.39391835E+0001    0.43369220E+0000         1
 33450   -0.39385261E+0001   -0.39385261E+0001    0.63544157E+0000         1
 33500   -0.39387604E+0001   -0.39387604E+0001    0.61048825E+0000         1
 33550   -0.39388855E+0001   -0.39388855E+0001    0.62978435E+0000         1
 33600   -0.39389701E+0001   -0.39389701E+0001    0.61916690E+0000         1
 33650   -0.39393773E+0001   -0.39393773E+0001    0.49868313E+0000         1
 33700   -0.39397618E+0001   -0.39397618E+0001    0.32344669E+0000         1
 33750   -0.39389057E+0001   -0.39389057E+0001    0.46675999E+0000         1
 33800   -0.39394647E+0001   -0.39394647E+0001    0.34070750E+0000         1
 33850   -0.39393754E+0001   -0.39393754E+0001    0.40224368E+0000         1
 33900   -0.39390328E+0001   -0.39390328E+0001    0.53621771E+0000         1
 33950   -0.39386112E+0001   -0.39386112E+0001    0.59347223E+0000         1
 34000   -0.39391034E+0001   -0.39391034E+0001    0.50842902E+0000         1
 34050   -0.39389936E+0001   -0.39389936E+0001    0.40442887E+0000         1
 34100   -0.39390824E+0001   -0.39390824E+0001    0.46047197E+0000         1
 34150   -0.39387598E+0001   -0.39387598E+0001    0.54328946E+0000         1
 34200   -0.39391718E+0001   -0.39391718E+0001    0.51807517E+0000         1
 34250   -0.39393136E+0001   -0.39393136E+0001    0.47758658E+0000         1
 34300   -0.39393983E+0001   -0.39393983E+0001    0.37823499E+0000         1
 34350   -0.39391125E+0001   -0.39391125E+0001    0.42723158E+0000         1
 34400   -0.39394446E+0001   -0.39394446E+0001    0.36023640E+0000         1
 34450   -0.39389472E+0001   -0.39389472E+0001    0.57217186E+0000         1
 34500   -0.39386770E+0001   -0.39386770E+0001    0.62213698E+0000         1
 34550   -0.39386770E+0001   -0.39386770E+0001    0.63360719E+0000         1
 34600   -0.39387752E+0001   -0.39387752E+0001    0.60324849E+0000         1
 34650   -0.39384781E+0001   -0.39384781E+0001    0.62900991E+0000         1
 34700   -0.39385745E+0001   -0.39385745E+0001    0.55634944E+0000         1
 34750   -0.39391219E+0001   -0.39391219E+0001    0.44558449E+0000         1
 34800   -0.39392902E+0001   -0.39392902E+0001    0.43471785E+0000         1
 34850   -0.39386364E+0001   -0.39386364E+0001    0.54455125E+0000         1
 34900   -0.39392580E+0001   -0.39392580E+0001    0.43237001E+0000         1
 34950   -0.39392964E+0001   -0.39392964E+0001    0.40263169E+0000         1
 35000   -0.39390252E+0001   -0.39390252E+0001    0.49364032E+0000         1
 35050   -0.39392885E+0001   -0.39392885E+0001    0.48599338E+0000         1
 35100   -0.39392565E+0001   -0.39392565E+0001    0.46190711E+0000         1
 35150   -0.39387937E+0001   -0.39387937E+0001    0.60712491E+0000         1
 35200   -0.39390604E+0001   -0.39390604E+0001    0.41754057E+0000         1
 35250   -0.39385803E+0001   -0.39385803E+0001    0.51851794E+0000         1
 35300   -0.39393413E+0001   -0.39393413E+0001    0.33137247E+0000         1
 35350   -0.39392223E+0001   -0.39392223E+0001    0.44430407E+0000         1
 35400   -0.39389283E+0001   -0.39389283E+0001    0.59033937E+0000         1
 35450   -0.39391322E+0001   -0.39391322E+0001    0.56176017E+0000         1
 35500   -0.39396722E+0001   -0.39396722E+0001    0.34192840E+0000         1
 35550   -0.39393617E+0001   -0.39393617E+0001    0.59748707E+0000         1
 35600   -0.39394997E+0001   -0.39394997E+0001    0.39826058E+0000         1
 35650   -0.39395499E+0001   -0.39395499E+0001    0.37150741E+0000         1
 35700   -0.39388510E+0001   -0.39388510E+0001    0.65529621E+0000         1
 35750   -0.39388804E+0001   -0.39388804E+0001    0.67407840E+0000         1
 35800   -0.39386215E+0001   -0.39386215E+0001    0.67572307E+0000         1
 35850   -0.39392118E+0001   -0.39392118E+0001    0.45726232E+0000         1
 35900   -0.39387636E+0001   -0.39387636E+0001    0.59109242E+0000         1
 35950   -0.39393205E+0001   -0.39393205E+0001    0.37661883E+0000         1
 36000   -0.39385229E+0001   -0.39385229E+0001    0.62261055E+0000         1
 36050   -0.39384948E+0001   -0.39384948E+0001    0.63452662E+0000         1
 36100   -0.39391801E+0001   -0.39391801E+0001    0.50084883E+0000         1
 36150   -0.39392828E+0001   -0.39392828E+0001    0.42501704E+0000         1
 36200   -0.39390211E+0001   -0.39390211E+0001    0.52220524E+0000         1
 36250   -0.39392808E+0001   -0.39392808E+0001    0.46853269E+0000         1
 36300   -0.39391774E+0001   -0.39391774E+0001    0.43243382E+0000         1
 36350   -0.39390274E+0001   -0.39390274E+0001    0.52355216E+0000         1
 36400   -0.39387423E+0001   -0.39387423E+0001    0.56063847E+0000         1
 36450   -0.39392085E+0001   -0.39392085E+0001    0.38653430E+0000         1
 36500   -0.39389495E+0001   -0.39389495E+0001    0.45412911E+0000         1
 36550   -0.39388729E+0001   -0.39388729E+0001    0.50719401E+0000         1
 36600   -0.39385813E+0001   -0.39385813E+0001    0.62220951E+0000         1
 36650   -0.39390276E+0001   -0.39390276E+0001    0.54105225E+0000         1
 36700   -0.39393032E+0001   -0.39393032E+0001    0.52478866E+0000         1
 36750   -0.39393786E+0001   -0.39393786E+0001    0.41504882E+0000         1
 36800   -0.39390750E+0001   -0.39390750E+0001    0.44643999E+0000         1
 36850   -0.39385502E+0001   -0.39385502E+0001    0.62453398E+0000         1
 36900   -0.39393238E+0001   -0.39393238E+0001    0.44182003E+0000         1
 36950   -0.39395722E+0001   -0.39395722E+0001    0.39250746E+0000         1
 37000   -0.39393883E+0001   -0.39393883E+0001    0.45923253E+0000         1
 37050   -0.39389115E+0001   -0.39389115E+0001    0.51195243E+0000         1
 37100   -0.39392590E+0001   -0.39392590E+0001    0.52084981E+0000         1
 37150   -0.39394772E+0001   -0.39394772E+0001    0.40475367E+0000         1
 37200   -0.39384371E+0001   -0.39384371E+0001    0.76394095E+0000         1
 37250   -0.39392067E+0001   -0.39392067E+0001    0.50145875E+0000         1
 37300   -0.39394186E+0001   -0.39394186E+0001    0.41422091E+0000         1
 37350   -0.39394769E+0001   -0.39394769E+0001    0.38854070E+0000         1
 37400   -0.39389918E+0001   -0.39389918E+0001    0.58367798E+0000         1
 37450   -0.39390899E+0001   -0.39390899E+0001    0.58189300E+0000         1
 37500   -0.39394589E+0001   -0.39394589E+0001    0.53337098E+0000         1
 37550   -0.39395250E+0001   -0.39395250E+0001    0.39676314E+0000         1
 37600   -0.39396791E+0001   -0.39396791E+0001    0.31832264E+0000         1
 37650   -0.39395070E+0001   -0.39395070E+0001    0.42342693E+0000         1
 37700   -0.39396090E+0001   -0.39396090E+0001    0.35508049E+0000         1
 37750   -0.39391841E+0001   -0.39391841E+0001    0.53708226E+0000         1
 37800   -0.39391759E+0001   -0.39391759E+0001    0.51849790E+0000         1
 37850   -0.39384786E+0001   -0.39384786E+0001    0.73261432E+0000         1
 37900   -0.39389018E+0001   -0.39389018E+0001    0.50009817E+0000         1
 37950   -0.39392890E+0001   -0.39392890E+0001    0.34803152E+0000         1
 38000   -0.39395253E+0001   -0.39395253E+0001    0.29312343E+0000         1
 38050   -0.39394623E+0001   -0.39394623E+0001    0.36528894E+0000         1
 38100   -0.39391052E+0001   -0.39391052E+0001    0.44136616E+0000         1
 38150   -0.39386199E+0001   -0.39386199E+0001    0.53671926E+0000         1
 38200   -0.39388902E+0001   -0.39388902E+0001    0.50141736E+0000         1
 38250   -0.39389635E+0001   -0.39389635E+0001    0.66398204E+0000         1
 38300   -0.39393353E+0001   -0.39393353E+0001    0.45386997E+0000         1
 38350   -0.39395002E+0001   -0.39395002E+0001    0.40251713E+0000         1
 38400   -0.39390428E+0001   -0.39390428E+0001    0.47858292E+0000         1
 38450   -0.39395827E+0001   -0.39395827E+0001    0.40293292E+0000         1
 38500   -0.39395900E+0001   -0.39395900E+0001    0.38712767E+0000         1
 38550   -0.39394261E+0001   -0.39394261E+0001    0.42500049E+0000         1
 38600   -0.39393806E+0001   -0.39393806E+0001    0.39814902E+0000         1
 38650   -0.39393276E+0001   -0.39393276E+0001    0.50277258E+0000         1
 38700   -0.39381231E+0001   -0.39381231E+0001    0.81149865E+0000         1
 38750   -0.39388088E+0001   -0.39388088E+0001    0.59448396E+0000         1
 38800   -0.39379487E+0001   -0.39379487E+0001    0.79106418E+0000         1
 38850   -0.39385562E+0001   -0.39385562E+0001    0.65489730E+0000         1
 38900   -0.39393852E+0001   -0.39393852E+0001    0.42315581E+0000         1
 38950   -0.39386770E+0001   -0.39386770E+0001    0.67313267E+0000         1
 39000   -0.39397207E+0001   -0.39397207E+0001    0.29941698E+0000         1
 39050   -0.39392082E+0001   -0.39392082E+0001    0.46117044E+0000         1
 39100   -0.39390097E+0001   -0.39390097E+0001    0.55585699E+0000         1
 39150   -0.39396653E+0001   -0.39396653E+0001    0.29594175E+0000         1
 39200   -0.39391363E+0001   -0.39391363E+0001    0.55567735E+0000         1
 39250   -0.39387323E+0001   -0.39387323E+0001    0.47185566E+0000         1
 39300   -0.39387009E+0001   -0.39387009E+0001    0.51642854E+0000         1
 39350   -0.39393301E+0001   -0.39393301E+0001    0.48939938E+0000         1
 39400   -0.39393383E+0001   -0.39393383E+0001    0.50027518E+0000         1
 39450   -0.39394641E+0001   -0.39394641E+0001    0.43727091E+0000         1
 39500   -0.39387398E+0001   -0.39387398E+0001    0.55641130E+0000         1
 39550   -0.39390544E+0001   -0.39390544E+0001    0.51700554E+0000         1
 39600   -0.39392674E+0001   -0.39392674E+0001    0.38728124E+0000         1
 39650   -0.39385203E+0001   -0.39385203E+0001    0.60879206E+0000         1
 39700   -0.39392216E+0001   -0.39392216E+0001    0.44265630E+0000         1
 39750   -0.39386811E+0001   -0.39386811E+0001    0.62940100E+0000         1
 39800   -0.39391445E+0001   -0.39391445E+0001    0.44393174E+0000         1
 39850   -0.39391156E+0001   -0.39391156E+0001    0.46725703E+0000         1
 39900   -0.39391928E+0001   -0.39391928E+0001    0.49289061E+0000         1
 39950   -0.39394528E+0001   -0.39394528E+0001    0.46484960E+0000         1
 40000   -0.39394548E+0001   -0.39394548E+0001    0.44856752E+0000         1
 40050   -0.39393179E+0001   -0.39393179E+0001    0.37766050E+0000         1
 40100   -0.39389321E+0001   -0.39389321E+0001    0.52404981E+0000         1
 40150   -0.39393851E+0001   -0.39393851E+0001    0.42764378E+0000         1
 40200   -0.39392938E+0001   -0.39392938E+0001    0.46574666E+0000         1
 40250   -0.39394371E+0001   -0.39394371E+0001    0.43720685E+0000         1
 40300   -0.39377052E+0001   -0.39377052E+0001    0.94218345E+0000         1
 40350   -0.39385580E+0001   -0.39385580E+0001    0.65498656E+0000         1
 40400   -0.39382875E+0001   -0.39382875E+0001    0.63950882E+0000         1
 40450   -0.39380146E+0001   -0.39380146E+0001    0.64978778E+0000         1
 40500   -0.39381618E+0001   -0.39381618E+0001    0.61117820E+0000         1
 40550   -0.39386290E+0001   -0.39386290E+0001    0.53124748E+0000         1
 40600   -0.39385875E+0001   -0.39385875E+0001    0.65150030E+0000         1
 40650   -0.39391777E+0001   -0.39391777E+0001    0.55413377E+0000         1
 40700   -0.39395086E+0001   -0.39395086E+0001    0.30745694E+0000         1
 40750   -0.39394333E+0001   -0.39394333E+0001    0.37825776E+0000         1
 40800   -0.39393748E+0001   -0.39393748E+0001    0.39900821E+0000         1
 40850   -0.39392630E+0001   -0.39392630E+0001    0.44762917E+0000         1
 40900   -0.39387045E+0001   -0.39387045E+0001    0.53851153E+0000         1
 40950   -0.39390740E+0001   -0.39390740E+0001    0.53751764E+0000         1
 41000   -0.39385843E+0001   -0.39385843E+0001    0.61229352E+0000         1
 41050   -0.39391283E+0001   -0.39391283E+0001    0.42722988E+0000         1
 41100   -0.39386657E+0001   -0.39386657E+0001    0.54253225E+0000         1
 41150   -0.39395574E+0001   -0.39395574E+0001    0.38870603E+0000         1
 41200   -0.39393107E+0001   -0.39393107E+0001    0.43819187E+0000         1
 41250   -0.39395025E+0001   -0.39395025E+0001    0.38171267E+0000         1
 41300   -0.39386372E+0001   -0.39386372E+0001    0.61040731E+0000         1
 41350   -0.39392665E+0001   -0.39392665E+0001    0.44059103E+0000         1
 41400   -0.39393865E+0001   -0.39393865E+0001    0.32931619E+0000         1
 41450   -0.39385902E+0001   -0.39385902E+0001    0.59464263E+0000         1
 41500   -0.39389700E+0001   -0.39389700E+0001    0.43934811E+0000         1
 41550   -0.39393005E+0001   -0.39393005E+0001    0.47887883E+0000         1
 41600   -0.39392622E+0001   -0.39392622E+0001    0.50116693E+0000         1
 41650   -0.39396358E+0001   -0.39396358E+0001    0.30867056E+0000         1
 41700   -0.39386683E+0001   -0.39386683E+0001    0.63634770E+0000         1
 41750   -0.39394161E+0001   -0.39394161E+0001    0.36759674E+0000         1
 41800   -0.39391656E+0001   -0.39391656E+0001    0.47795877E+0000         1
 41850   -0.39392518E+0001   -0.39392518E+0001    0.47187771E+0000         1
 41900   -0.39390115E+0001   -0.39390115E+0001    0.52531118E+0000         1
 41950   -0.39385485E+0001   -0.39385485E+0001    0.62274611E+0000         1
 42000   -0.39389894E+0001   -0.39389894E+0001    0.56655524E+0000         1
 42050   -0.39380656E+0001   -0.39380656E+0001    0.67800194E+0000         1
 42100   -0.39380651E+0001   -0.39380651E+0001    0.64058585E+0000         1
 42150   -0.39374579E+0001   -0.39374579E+0001    0.71409616E+0000         1
 42200   -0.39385214E+0001   -0.39385214E+0001    0.55618957E+0000         1
 42250   -0.39392031E+0001   -0.39392031E+0001    0.42095313E+0000         1
 42300   -0.39387492E+0001   -0.39387492E+0001    0.61704923E+0000         1
 42350   -0.39390762E+0001   -0.39390762E+0001    0.55691253E+0000         1
 42400   -0.39391339E+0001   -0.39391339E+0001    0.42485130E+0000         1
 42450   -0.39392560E+0001   -0.39392560E+0001    0.40734396E+0000         1
 42500   -0.39388803E+0001   -0.39388803E+0001    0.54541672E+0000         1
 42550   -0.39390498E+0001   -0.39390498E+0001    0.50495259E+0000         1
 42600   -0.39391870E+0001   -0.39391870E+0001    0.50928066E+0000         1
 42650   -0.39390014E+0001   -0.39390014E+0001    0.58902265E+0000         1
 42700   -0.39391236E+0001   -0.39391236E+0001    0.53179403E+0000         1
 42750   -0.39392377E+0001   -0.39392377E+0001    0.50760036E+0000         1
 42800   -0.39393775E+0001   -0.39393775E+0001    0.47861579E+0000         1
 42850   -0.39390759E+0001   -0.39390759E+0001    0.43779120E+0000         1
 42900   -0.39388052E+0001   -0.39388052E+0001    0.58268490E+0000         1
 42950   -0.39393216E+0001   -0.39393216E+0001    0.45560541E+0000         1
 43000   -0.39391800E+0001   -0.39391800E+0001    0.57242782E+0000         1
 43050   -0.39392741E+0001   -0.39392741E+0001    0.52387987E+0000         1
 43100   -0.39395539E+0001   -0.39395539E+0001    0.34903546E+0000         1
 43150   -0.39393306E+0001   -0.39393306E+0001    0.41097782E+0000         1
 43200   -0.39389833E+0001   -0.39389833E+0001    0.56543969E+0000         1
 43250   -0.39388094E+0001   -0.39388094E+0001    0.50384139E+0000         1
 43300   -0.39389696E+0001   -0.39389696E+0001    0.43054661E+0000         1
 43350   -0.39382002E+0001   -0.39382002E+0001    0.59116843E+0000         1
 43400   -0.39388248E+0001   -0.39388248E+0001    0.52678721E+0000         1
 43450   -0.39382474E+0001   -0.39382474E+0001    0.59036555E+0000         1
 43500   -0.39378163E+0001   -0.39378163E+0001    0.55212204E+0000         1
 43550   -0.39380703E+0001   -0.39380703E+0001    0.52979862E+0000         1
 43600   -0.39384534E+0001   -0.39384534E+0001    0.50192567E+0000         1
 43650   -0.39384184E+0001   -0.39384184E+0001    0.53113812E+0000         1
 43700   -0.39389516E+0001   -0.39389516E+0001    0.49589792E+0000         1
 43750   -0.39386988E+0001   -0.39386988E+0001    0.55135525E+0000         1
 43800   -0.39387306E+0001   -0.39387306E+0001    0.56940462E+0000         1
 43850   -0.39382183E+0001   -0.39382183E+0001    0.65762896E+0000         1
 43900   -0.39384606E+0001   -0.39384606E+0001    0.58714855E+0000         1
 43950   -0.39385569E+0001   -0.39385569E+0001    0.53915488E+0000         1
 44000   -0.39390199E+0001   -0.39390199E+0001    0.50440873E+0000         1
 44050   -0.39392224E+0001   -0.39392224E+0001    0.39743420E+0000         1
 44100   -0.39384268E+0001   -0.39384268E+0001    0.65163466E+0000         1
 44150   -0.39380896E+0001   -0.39380896E+0001    0.64021130E+0000         1
 44200   -0.39390437E+0001   -0.39390437E+0001    0.55324352E+0000         1
 44250   -0.39391947E+0001   -0.39391947E+0001    0.44449651E+0000         1
 44300   -0.39391484E+0001   -0.39391484E+0001    0.45150293E+0000         1
 44350   -0.39393896E+0001   -0.39393896E+0001    0.44395941E+0000         1
 44400   -0.39394191E+0001   -0.39394191E+0001    0.36504342E+0000         1
 44450   -0.39392514E+0001   -0.39392514E+0001    0.47532041E+0000         1
 44500   -0.39392241E+0001   -0.39392241E+0001    0.47651348E+0000         1
 44550   -0.39392062E+0001   -0.39392062E+0001    0.48144646E+0000         1
 44600   -0.39389572E+0001   -0.39389572E+0001    0.58742422E+0000         1
 44650   -0.39388449E+0001   -0.39388449E+0001    0.59712858E+0000         1
 44700   -0.39386820E+0001   -0.39386820E+0001    0.66055855E+0000         1
 44750   -0.39389516E+0001   -0.39389516E+0001    0.49705357E+0000         1
 44800   -0.39385684E+0001   -0.39385684E+0001    0.62132181E+0000         1
 44850   -0.39391376E+0001   -0.39391376E+0001    0.49645921E+0000         1
 44900   -0.39391865E+0001   -0.39391865E+0001    0.50279551E+0000         1
 44950   -0.39382643E+0001   -0.39382643E+0001    0.70225799E+0000         1
 45000   -0.39390895E+0001   -0.39390895E+0001    0.46967829E+0000         1
 45050   -0.39384916E+0001   -0.39384916E+0001    0.60501728E+0000         1
 45100   -0.39396030E+0001   -0.39396030E+0001    0.38022390E+0000         1
 45150   -0.39394112E+0001   -0.39394112E+0001    0.43099704E+0000         1
 45200   -0.39395284E+0001   -0.39395284E+0001    0.44595398E+0000         1
 45250   -0.39396041E+0001   -0.39396041E+0001    0.29983312E+0000         1
 45300   -0.39395644E+0001   -0.39395644E+0001    0.38819385E+0000         1
 45350   -0.39394035E+0001   -0.39394035E+0001    0.49596937E+0000         1
 45400   -0.39396208E+0001   -0.39396208E+0001    0.37465993E+0000         1
 45450   -0.39394153E+0001   -0.39394153E+0001    0.46623276E+0000         1
 45500   -0.39393136E+0001   -0.39393136E+0001    0.36934271E+0000         1
 45550   -0.39394004E+0001   -0.39394004E+0001    0.43700729E+0000         1
 45600   -0.39394047E+0001   -0.39394047E+0001    0.48561328E+0000         1
 45650   -0.39393044E+0001   -0.39393044E+0001    0.41370217E+0000         1
 45700   -0.39393999E+0001   -0.39393999E+0001    0.46629327E+0000         1
 45750   -0.39387929E+0001   -0.39387929E+0001    0.65329407E+0000         1
 45800   -0.39380490E+0001   -0.39380490E+0001    0.81004764E+0000         1
 45850   -0.39389378E+0001   -0.39389378E+0001    0.59232380E+0000         1
 45900   -0.39393188E+0001   -0.39393188E+0001    0.42822970E+0000         1
 45950   -0.39392015E+0001   -0.39392015E+0001    0.46240304E+0000         1
 46000   -0.39393557E+0001   -0.39393557E+0001    0.40788349E+0000         1
 46050   -0.39387148E+0001   -0.39387148E+0001    0.64955482E+0000         1
 46100   -0.39387141E+0001   -0.39387141E+0001    0.63367971E+0000         1
 46150   -0.39389602E+0001   -0.39389602E+0001    0.52851830E+0000         1
 46200   -0.39389046E+0001   -0.39389046E+0001    0.63566811E+0000         1
 46250   -0.39387829E+0001   -0.39387829E+0001    0.59212088E+0000         1
 46300   -0.39392655E+0001   -0.39392655E+0001    0.37112218E+0000         1
 46350   -0.39390468E+0001   -0.39390468E+0001    0.51686737E+0000         1
 46400   -0.39387562E+0001   -0.39387562E+0001    0.52993690E+0000         1
 46450   -0.39389049E+0001   -0.39389049E+0001    0.51443347E+0000         1
 46500   -0.39386296E+0001   -0.39386296E+0001    0.60187541E+0000         1
 46550   -0.39391864E+0001   -0.39391864E+0001    0.45109560E+0000         1
 46600   -0.39390231E+0001   -0.39390231E+0001    0.62075059E+0000         1
 46650   -0.39392888E+0001   -0.39392888E+0001    0.36230843E+0000         1
 46700   -0.39383073E+0001   -0.39383073E+0001    0.73238866E+0000         1
 46750   -0.39383739E+0001   -0.39383739E+0001    0.81091382E+0000         1
 46800   -0.39394732E+0001   -0.39394732E+0001    0.41982591E+0000         1
 46850   -0.39391243E+0001   -0.39391243E+0001    0.52731691E+0000         1
 46900   -0.39391333E+0001   -0.39391333E+0001    0.52167230E+0000         1
 46950   -0.39390181E+0001   -0.39390181E+0001    0.53790980E+0000         1
 47000   -0.39395910E+0001   -0.39395910E+0001    0.34457412E+0000         1
 47050   -0.39394394E+0001   -0.39394394E+0001    0.38056625E+0000         1
 47100   -0.39388597E+0001   -0.39388597E+0001    0.51701990E+0000         1
 47150   -0.39392714E+0001   -0.39392714E+0001    0.43484328E+0000         1
 47200   -0.39390038E+0001   -0.39390038E+0001    0.51804191E+0000         1
 47250   -0.39387407E+0001   -0.39387407E+0001    0.58379841E+0000         1
 47300   -0.39392493E+0001   -0.39392493E+0001    0.37906769E+0000         1
 47350   -0.39390462E+0001   -0.39390462E+0001    0.62154924E+0000         1
 47400   -0.39393503E+0001   -0.39393503E+0001    0.54367224E+0000         1
 47450   -0.39397949E+0001   -0.39397949E+0001    0.27028566E+0000         1
 47500   -0.39393248E+0001   -0.39393248E+0001    0.46303687E+0000         1
 47550   -0.39386387E+0001   -0.39386387E+0001    0.58415500E+0000         1
 47600   -0.39388842E+0001   -0.39388842E+0001    0.45062686E+0000         1
 47650   -0.39391879E+0001   -0.39391879E+0001    0.50601452E+0000         1
 47700   -0.39394520E+0001   -0.39394520E+0001    0.46129853E+0000         1
 47750   -0.39395734E+0001   -0.39395734E+0001    0.42015790E+0000         1
 47800   -0.39390101E+0001   -0.39390101E+0001    0.53079558E+0000         1
 47850   -0.39391510E+0001   -0.39391510E+0001    0.59604934E+0000         1
 47900   -0.39388785E+0001   -0.39388785E+0001    0.53587658E+0000         1
 47950   -0.39384800E+0001   -0.39384800E+0001    0.69955984E+0000         1
 48000   -0.39387984E+0001   -0.39387984E+0001    0.54116372E+0000         1
