     1   -0.39240045E+0001   -0.39243050E+0001    0.13178393E+0001     11999
    50   -0.39233669E+0001   -0.39274663E+0001    0.11775040E+0001     12092
   100   -0.39237938E+0001   -0.39288164E+0001    0.11648661E+0001     12199
   150   -0.39248493E+0001   -0.39304772E+0001    0.10837545E+0001     12469
   200   -0.39263524E+0001   -0.39319864E+0001    0.99025945E+0000     12607
   250   -0.39282961E+0001   -0.39333469E+0001    0.97186032E+0000     12864
   300   -0.39302372E+0001   -0.39345840E+0001    0.85349215E+0000     13196
   350   -0.39323104E+0001   -0.39359982E+0001    0.73520431E+0000     13677
   400   -0.39339146E+0001   -0.39368029E+0001    0.56364189E+0000     13925
     1   -0.39239967E+0001   -0.39242957E+0001    0.13178393E+0001     12003
    50   -0.39231203E+0001   -0.39280366E+0001    0.12044157E+0001     12072
   100   -0.39232711E+0001   -0.39281660E+0001    0.11754088E+0001     12206
   150   -0.39239298E+0001   -0.39293754E+0001    0.11550666E+0001     12332
   200   -0.39250599E+0001   -0.39307624E+0001    0.10797739E+0001     12626
   250   -0.39264407E+0001   -0.39320126E+0001    0.10029016E+0001     12887
   300   -0.39284093E+0001   -0.39334807E+0001    0.92907512E+0000     13256
   350   -0.39304103E+0001   -0.39347597E+0001    0.80603018E+0000     13598
   400   -0.39320391E+0001   -0.39355142E+0001    0.76891867E+0000     13973
     1   -0.39239969E+0001   -0.39243013E+0001    0.13178393E+0001     11996
    50   -0.39229015E+0001   -0.39270415E+0001    0.12099623E+0001     12151
   100   -0.39228424E+0001   -0.39280443E+0001    0.12040950E+0001     12397
   150   -0.39234648E+0001   -0.39285946E+0001    0.11697677E+0001     12916
   200   -0.39243171E+0001   -0.39305254E+0001    0.10883468E+0001     13410
   250   -0.39254288E+0001   -0.39318041E+0001    0.10179386E+0001     13876
   300   -0.39277981E+0001   -0.39331730E+0001    0.93543365E+0000     14305
   350   -0.39299320E+0001   -0.39338695E+0001    0.91995100E+0000     14558
   400   -0.39313471E+0001   -0.39348985E+0001    0.84159285E+0000     15091
     1   -0.39239908E+0001   -0.39243080E+0001    0.13178393E+0001     12003
    50   -0.39226864E+0001   -0.39268266E+0001    0.12240474E+0001     12087
   100   -0.39224486E+0001   -0.39279705E+0001    0.11964859E+0001     12311
   150   -0.39232171E+0001   -0.39287214E+0001    0.11594982E+0001     12745
   200   -0.39239806E+0001   -0.39307145E+0001    0.11126562E+0001     12895
   250   -0.39248069E+0001   -0.39303367E+0001    0.10886896E+0001     13172
   300   -0.39261499E+0001   -0.39316969E+0001    0.10272851E+0001     13209
   350   -0.39275275E+0001   -0.39324097E+0001    0.98773946E+0000     13655
   400   -0.39288595E+0001   -0.39334614E+0001    0.95094918E+0000     13996
     1   -0.39239892E+0001   -0.39242973E+0001    0.13178393E+0001     12002
    50   -0.39225169E+0001   -0.39270238E+0001    0.12169071E+0001     12098
   100   -0.39221137E+0001   -0.39270282E+0001    0.12279965E+0001     12155
   150   -0.39224986E+0001   -0.39274308E+0001    0.12320316E+0001     12539
   200   -0.39228552E+0001   -0.39282004E+0001    0.11917155E+0001     12563
   250   -0.39231729E+0001   -0.39286101E+0001    0.11969509E+0001     12999
   300   -0.39235319E+0001   -0.39289230E+0001    0.11680907E+0001     13333
   350   -0.39242184E+0001   -0.39294419E+0001    0.11667609E+0001     13587
   400   -0.39247926E+0001   -0.39291212E+0001    0.11271600E+0001     13774
     1   -0.39239850E+0001   -0.39243028E+0001    0.13178393E+0001     12003
    50   -0.39223112E+0001   -0.39265074E+0001    0.12388444E+0001     11888
   100   -0.39217229E+0001   -0.39274314E+0001    0.12017676E+0001     11928
   150   -0.39221006E+0001   -0.39281692E+0001    0.11383391E+0001     12308
   200   -0.39228255E+0001   -0.39287570E+0001    0.11432269E+0001     12854
   250   -0.39237709E+0001   -0.39294416E+0001    0.11607267E+0001     13227
   300   -0.39244300E+0001   -0.39299549E+0001    0.11153625E+0001     13741
   350   -0.39251192E+0001   -0.39304734E+0001    0.10559839E+0001     14036
   400   -0.39264837E+0001   -0.39320724E+0001    0.10052237E+0001     14353
     1   -0.39239800E+0001   -0.39243400E+0001    0.13178393E+0001     12002
    50   -0.39222043E+0001   -0.39265233E+0001    0.12490271E+0001     12086
   100   -0.39214706E+0001   -0.39277147E+0001    0.12182176E+0001     12278
   150   -0.39218410E+0001   -0.39300897E+0001    0.11196513E+0001     12659
   200   -0.39240004E+0001   -0.39310144E+0001    0.10839322E+0001     13113
   250   -0.39264833E+0001   -0.39321976E+0001    0.10665247E+0001     13357
   300   -0.39277014E+0001   -0.39327313E+0001    0.10410428E+0001     13794
   350   -0.39281050E+0001   -0.39326484E+0001    0.10335823E+0001     14012
   400   -0.39284232E+0001   -0.39333556E+0001    0.98968563E+0000     14361
     1   -0.39239763E+0001   -0.39243014E+0001    0.13178393E+0001     11996
    50   -0.39220510E+0001   -0.39268548E+0001    0.12381506E+0001     12067
   100   -0.39210618E+0001   -0.39263882E+0001    0.12582930E+0001     12343
   150   -0.39206409E+0001   -0.39262813E+0001    0.12881786E+0001     12679
   200   -0.39203586E+0001   -0.39265630E+0001    0.12857124E+0001     12917
   250   -0.39203013E+0001   -0.39261719E+0001    0.12388612E+0001     13097
   300   -0.39205694E+0001   -0.39266095E+0001    0.12544753E+0001     13327
   350   -0.39212583E+0001   -0.39262737E+0001    0.12495970E+0001     13987
   400   -0.39215711E+0001   -0.39265814E+0001    0.12753371E+0001     14397
   450   -0.39212613E+0001   -0.39262545E+0001    0.12592000E+0001     14823
   500   -0.39210704E+0001   -0.39268829E+0001    0.12206404E+0001     15172
   550   -0.39215314E+0001   -0.39262530E+0001    0.12386677E+0001     15662
   600   -0.39218324E+0001   -0.39275613E+0001    0.12528932E+0001     16222
   650   -0.39216155E+0001   -0.39270489E+0001    0.12683647E+0001     16732
   700   -0.39211812E+0001   -0.39261997E+0001    0.12787153E+0001     17170
   750   -0.39207069E+0001   -0.39256702E+0001    0.12413516E+0001     17679
   800   -0.39207561E+0001   -0.39265961E+0001    0.12565425E+0001     18030
   850   -0.39212009E+0001   -0.39273988E+0001    0.12412575E+0001     18486
   900   -0.39217426E+0001   -0.39279230E+0001    0.11998304E+0001     18692
   950   -0.39219203E+0001   -0.39282014E+0001    0.11486046E+0001     19030
  1000   -0.39232122E+0001   -0.39286840E+0001    0.11444421E+0001     19540
     1   -0.39239775E+0001   -0.39243201E+0001    0.13178393E+0001     12000
    50   -0.39219479E+0001   -0.39264926E+0001    0.12316388E+0001     11971
   100   -0.39208819E+0001   -0.39265285E+0001    0.12474637E+0001     12112
   150   -0.39205952E+0001   -0.39264114E+0001    0.12878824E+0001     12260
   200   -0.39204117E+0001   -0.39263962E+0001    0.12711751E+0001     12379
   250   -0.39202421E+0001   -0.39263628E+0001    0.12719791E+0001     12592
   300   -0.39202489E+0001   -0.39257561E+0001    0.12924752E+0001     13087
   350   -0.39202241E+0001   -0.39261026E+0001    0.12721542E+0001     13549
   400   -0.39204826E+0001   -0.39259037E+0001    0.12601351E+0001     14076
   450   -0.39208961E+0001   -0.39269599E+0001    0.12357347E+0001     14465
   500   -0.39214844E+0001   -0.39282226E+0001    0.11311925E+0001     14863
   550   -0.39227395E+0001   -0.39286148E+0001    0.11710245E+0001     15652
   600   -0.39233162E+0001   -0.39291334E+0001    0.11304329E+0001     16167
   650   -0.39234884E+0001   -0.39296817E+0001    0.11299849E+0001     16823
     1   -0.39239732E+0001   -0.39243361E+0001    0.13178393E+0001     11995
    50   -0.39218318E+0001   -0.39260390E+0001    0.12699533E+0001     12013
   100   -0.39204930E+0001   -0.39261827E+0001    0.12580301E+0001     12061
   150   -0.39199312E+0001   -0.39270907E+0001    0.12655923E+0001     12667
   200   -0.39203687E+0001   -0.39277982E+0001    0.12529324E+0001     13184
   250   -0.39209724E+0001   -0.39262378E+0001    0.12402765E+0001     13268
   300   -0.39212630E+0001   -0.39265749E+0001    0.12112185E+0001     13582
   350   -0.39215763E+0001   -0.39270269E+0001    0.12192164E+0001     13868
   400   -0.39218771E+0001   -0.39276588E+0001    0.12517584E+0001     14229
   450   -0.39221127E+0001   -0.39270891E+0001    0.12152183E+0001     14696
   500   -0.39221137E+0001   -0.39282457E+0001    0.12375385E+0001     15177
   550   -0.39221917E+0001   -0.39281655E+0001    0.12269440E+0001     15740
   600   -0.39224556E+0001   -0.39280410E+0001    0.12375656E+0001     16211
   650   -0.39225251E+0001   -0.39282061E+0001    0.12018627E+0001     16631
   700   -0.39229148E+0001   -0.39284614E+0001    0.11118157E+0001     16930
   750   -0.39231359E+0001   -0.39283841E+0001    0.11679557E+0001     17651
   800   -0.39232333E+0001   -0.39285775E+0001    0.11451432E+0001     18098
   850   -0.39232398E+0001   -0.39294249E+0001    0.11509742E+0001     18458
   900   -0.39234569E+0001   -0.39291719E+0001    0.11438479E+0001     19028
   950   -0.39237426E+0001   -0.39300509E+0001    0.10524249E+0001     19061
     1   -0.39239743E+0001   -0.39243610E+0001    0.13178393E+0001     12005
    50   -0.39217236E+0001   -0.39263262E+0001    0.12502654E+0001     12039
   100   -0.39204651E+0001   -0.39260193E+0001    0.12781847E+0001     12191
   150   -0.39199284E+0001   -0.39258189E+0001    0.12777292E+0001     12480
   200   -0.39200151E+0001   -0.39265459E+0001    0.12649982E+0001     12601
   250   -0.39200385E+0001   -0.39267854E+0001    0.12946916E+0001     13258
   300   -0.39205297E+0001   -0.39267468E+0001    0.12334474E+0001     13684
   350   -0.39208806E+0001   -0.39272217E+0001    0.12244193E+0001     13845
   400   -0.39215556E+0001   -0.39272401E+0001    0.12445688E+0001     14296
   450   -0.39220109E+0001   -0.39270437E+0001    0.12219275E+0001     14660
   500   -0.39218143E+0001   -0.39270992E+0001    0.12613934E+0001     14964
   550   -0.39211899E+0001   -0.39267217E+0001    0.12881809E+0001     15584
   600   -0.39206766E+0001   -0.39264728E+0001    0.12872060E+0001     15671
   650   -0.39202345E+0001   -0.39256898E+0001    0.12973783E+0001     15805
   700   -0.39196912E+0001   -0.39251886E+0001    0.13126122E+0001     16395
   750   -0.39191203E+0001   -0.39250881E+0001    0.13078997E+0001     17242
   800   -0.39191349E+0001   -0.39250673E+0001    0.12506057E+0001     17695
   850   -0.39199490E+0001   -0.39262725E+0001    0.12439469E+0001     17949
   900   -0.39210714E+0001   -0.39271693E+0001    0.12065439E+0001     18650
   950   -0.39215237E+0001   -0.39273660E+0001    0.12013268E+0001     19305
  1000   -0.39217385E+0001   -0.39282193E+0001    0.11558782E+0001     19945
  1050   -0.39223525E+0001   -0.39289398E+0001    0.11560290E+0001     20839
  1100   -0.39229393E+0001   -0.39286109E+0001    0.11314361E+0001     21593
  1150   -0.39227472E+0001   -0.39293684E+0001    0.11132369E+0001     22480
  1200   -0.39232309E+0001   -0.39301701E+0001    0.10933587E+0001     23127
     1   -0.39239715E+0001   -0.39243313E+0001    0.13178393E+0001     11993
    50   -0.39215995E+0001   -0.39257305E+0001    0.12425962E+0001     12145
   100   -0.39201739E+0001   -0.39262997E+0001    0.12726551E+0001     12673
   150   -0.39196647E+0001   -0.39259562E+0001    0.13263015E+0001     12922
   200   -0.39192182E+0001   -0.39261465E+0001    0.12757861E+0001     13239
   250   -0.39188782E+0001   -0.39256053E+0001    0.13197194E+0001     13454
   300   -0.39189837E+0001   -0.39255434E+0001    0.12893734E+0001     13402
   350   -0.39193228E+0001   -0.39262334E+0001    0.13071171E+0001     13617
   400   -0.39195375E+0001   -0.39261636E+0001    0.13014381E+0001     13977
   450   -0.39189255E+0001   -0.39249930E+0001    0.13231783E+0001     14712
   500   -0.39185654E+0001   -0.39235907E+0001    0.13397376E+0001     15243
   550   -0.39181051E+0001   -0.39251956E+0001    0.13590984E+0001     15410
   600   -0.39174620E+0001   -0.39232815E+0001    0.13311787E+0001     15967
   650   -0.39168986E+0001   -0.39242231E+0001    0.13351745E+0001     16412
   700   -0.39166138E+0001   -0.39235054E+0001    0.13969097E+0001     17147
   750   -0.39157058E+0001   -0.39239150E+0001    0.13749782E+0001     17437
   800   -0.39158888E+0001   -0.39238892E+0001    0.13284798E+0001     18218
   850   -0.39170552E+0001   -0.39236237E+0001    0.13515424E+0001     19095
   900   -0.39169752E+0001   -0.39235487E+0001    0.13603692E+0001     19569
   950   -0.39162685E+0001   -0.39226444E+0001    0.13616366E+0001     20134
  1000   -0.39159836E+0001   -0.39226188E+0001    0.13901432E+0001     20749
  1050   -0.39151440E+0001   -0.39226847E+0001    0.13629394E+0001     21057
  1100   -0.39141633E+0001   -0.39214240E+0001    0.13756266E+0001     21685
  1150   -0.39140164E+0001   -0.39216375E+0001    0.13682297E+0001     22106
  1200   -0.39148962E+0001   -0.39215522E+0001    0.13817938E+0001     22751
  1250   -0.39149544E+0001   -0.39217725E+0001    0.13888295E+0001     23458
  1300   -0.39143699E+0001   -0.39208514E+0001    0.13888820E+0001     24105
  1350   -0.39138939E+0001   -0.39204423E+0001    0.13819684E+0001     24646
  1400   -0.39136452E+0001   -0.39198071E+0001    0.14228425E+0001     25250
  1450   -0.39130507E+0001   -0.39201149E+0001    0.14390659E+0001     26097
  1500   -0.39121429E+0001   -0.39193325E+0001    0.14247244E+0001     27078
  1550   -0.39112632E+0001   -0.39195626E+0001    0.13716475E+0001     28076
  1600   -0.39103625E+0001   -0.39186336E+0001    0.14277446E+0001     28921
  1601   -0.39105291E+0001   -0.39105291E+0001    0.15325449E+0001     12000
  1650   -0.39140444E+0001   -0.39190657E+0001    0.13721303E+0001     11975
  1700   -0.39118079E+0001   -0.39181672E+0001    0.14148156E+0001     11976
  1750   -0.39101720E+0001   -0.39189324E+0001    0.14413189E+0001     12219
  1800   -0.39094730E+0001   -0.39186191E+0001    0.14552655E+0001     12577
  1850   -0.39099163E+0001   -0.39202573E+0001    0.13876522E+0001     13204
  1900   -0.39124366E+0001   -0.39203629E+0001    0.13954096E+0001     13716
  1950   -0.39141127E+0001   -0.39207962E+0001    0.13527010E+0001     14006
  2000   -0.39137554E+0001   -0.39204511E+0001    0.14011478E+0001     14356
  2050   -0.39135520E+0001   -0.39201693E+0001    0.14219808E+0001     14615
  2100   -0.39128520E+0001   -0.39192840E+0001    0.14466897E+0001     15115
  2150   -0.39116041E+0001   -0.39184636E+0001    0.14476858E+0001     15497
  2200   -0.39102781E+0001   -0.39179054E+0001    0.14635918E+0001     15737
  2250   -0.39094335E+0001   -0.39183952E+0001    0.14657840E+0001     16181
  2300   -0.39093954E+0001   -0.39169564E+0001    0.14650222E+0001     16558
  2350   -0.39090547E+0001   -0.39164341E+0001    0.14770393E+0001     16946
  2400   -0.39080830E+0001   -0.39158833E+0001    0.15104299E+0001     17471
  2450   -0.39078795E+0001   -0.39153815E+0001    0.14843909E+0001     17549
  2500   -0.39083046E+0001   -0.39158051E+0001    0.14982456E+0001     18153
  2550   -0.39077302E+0001   -0.39149632E+0001    0.14757716E+0001     18439
  2600   -0.39069872E+0001   -0.39145472E+0001    0.15023817E+0001     18925
  2650   -0.39063272E+0001   -0.39139123E+0001    0.15644570E+0001     19363
  2700   -0.39052612E+0001   -0.39123218E+0001    0.15705473E+0001     20189
  2750   -0.39036173E+0001   -0.39120045E+0001    0.15765995E+0001     20844
  2800   -0.39021974E+0001   -0.39114686E+0001    0.15516908E+0001     21276
  2850   -0.39017391E+0001   -0.39122368E+0001    0.15583791E+0001     22121
  2900   -0.39011709E+0001   -0.39119594E+0001    0.15551028E+0001     22813
  2950   -0.39015738E+0001   -0.39120933E+0001    0.15363829E+0001     23177
  3000   -0.39033459E+0001   -0.39117169E+0001    0.15279552E+0001     24049
  3050   -0.39029354E+0001   -0.39120226E+0001    0.15577627E+0001     24654
  3100   -0.39017650E+0001   -0.39100484E+0001    0.15766305E+0001     25531
  3150   -0.39001312E+0001   -0.39094580E+0001    0.15707473E+0001     26258
  3200   -0.38986745E+0001   -0.39076999E+0001    0.16118673E+0001     26798
  3201   -0.38988747E+0001   -0.38988747E+0001    0.16758315E+0001     12000
  3250   -0.39031909E+0001   -0.39084832E+0001    0.15570205E+0001     11914
  3300   -0.39004847E+0001   -0.39083171E+0001    0.15646658E+0001     12160
  3350   -0.38983574E+0001   -0.39072183E+0001    0.15955155E+0001     12184
  3400   -0.38970704E+0001   -0.39069940E+0001    0.16142907E+0001     12448
  3450   -0.38968832E+0001   -0.39068120E+0001    0.16302530E+0001     12857
  3500   -0.38962289E+0001   -0.39060236E+0001    0.16670840E+0001     13168
  3550   -0.38946570E+0001   -0.39054147E+0001    0.16788019E+0001     13322
  3600   -0.38930981E+0001   -0.39037480E+0001    0.16999502E+0001     13636
  3650   -0.38916309E+0001   -0.39020649E+0001    0.17243366E+0001     13873
  3700   -0.38898286E+0001   -0.39004308E+0001    0.17476863E+0001     14446
  3750   -0.38880217E+0001   -0.38986827E+0001    0.17376836E+0001     14639
  3800   -0.38861403E+0001   -0.38969057E+0001    0.17496355E+0001     15140
  3850   -0.38847030E+0001   -0.38949559E+0001    0.17780059E+0001     15351
  3900   -0.38834430E+0001   -0.38936805E+0001    0.17796751E+0001     15714
  3950   -0.38816313E+0001   -0.38907331E+0001    0.18030904E+0001     15839
  4000   -0.38791413E+0001   -0.38888642E+0001    0.18238957E+0001     16246
  4050   -0.38767342E+0001   -0.38878509E+0001    0.18423306E+0001     16506
  4100   -0.38740404E+0001   -0.38847706E+0001    0.18627330E+0001     16859
  4150   -0.38706301E+0001   -0.38814388E+0001    0.18584963E+0001     17212
  4200   -0.38669633E+0001   -0.38797601E+0001    0.18671787E+0001     17629
  4250   -0.38631118E+0001   -0.38767496E+0001    0.18654911E+0001     17813
  4300   -0.38592374E+0001   -0.38725354E+0001    0.18896198E+0001     18035
  4350   -0.38554760E+0001   -0.38716719E+0001    0.19023042E+0001     18343
  4400   -0.38521617E+0001   -0.38687967E+0001    0.19250473E+0001     18552
  4450   -0.38482537E+0001   -0.38665018E+0001    0.19196198E+0001     18751
  4500   -0.38436498E+0001   -0.38633335E+0001    0.19109521E+0001     18978
  4550   -0.38390508E+0001   -0.38605149E+0001    0.19105741E+0001     19445
  4600   -0.38350510E+0001   -0.38576239E+0001    0.19251741E+0001     19856
  4650   -0.38314626E+0001   -0.38557563E+0001    0.19211006E+0001     20352
  4700   -0.38273057E+0001   -0.38520122E+0001    0.19295376E+0001     20575
  4750   -0.38224499E+0001   -0.38478945E+0001    0.19237651E+0001     21113
  4800   -0.38173815E+0001   -0.38447270E+0001    0.19296399E+0001     21457
  4801   -0.38176427E+0001   -0.38176427E+0001    0.19189355E+0001     12000
  4850   -0.38233418E+0001   -0.38298937E+0001    0.19170503E+0001     11988
  4900   -0.38185878E+0001   -0.38264368E+0001    0.19221787E+0001     12044
  4950   -0.38138118E+0001   -0.38262242E+0001    0.19190191E+0001     12453
  5000   -0.38090760E+0001   -0.38222153E+0001    0.19246465E+0001     12740
  5050   -0.38043587E+0001   -0.38183956E+0001    0.19201502E+0001     12976
  5100   -0.38000655E+0001   -0.38147241E+0001    0.19312024E+0001     13134
  5150   -0.37955584E+0001   -0.38122470E+0001    0.19368990E+0001     13388
  5200   -0.37908158E+0001   -0.38090734E+0001    0.19287020E+0001     13739
  5250   -0.37857927E+0001   -0.38064769E+0001    0.19251608E+0001     13967
  5300   -0.37808688E+0001   -0.38016858E+0001    0.19228621E+0001     14030
  5350   -0.37760018E+0001   -0.37972301E+0001    0.19235723E+0001     14412
  5400   -0.37712484E+0001   -0.37908309E+0001    0.19175769E+0001     14673
  5450   -0.37664231E+0001   -0.37854257E+0001    0.19243302E+0001     14880
  5500   -0.37616339E+0001   -0.37814462E+0001    0.19191148E+0001     15206
  5550   -0.37568767E+0001   -0.37754739E+0001    0.19099832E+0001     15484
  5600   -0.37516779E+0001   -0.37698562E+0001    0.19066083E+0001     15659
  5650   -0.37463436E+0001   -0.37669379E+0001    0.19055756E+0001     15711
  5700   -0.37409695E+0001   -0.37628270E+0001    0.19046362E+0001     16036
  5750   -0.37353956E+0001   -0.37572487E+0001    0.18892020E+0001     16061
  5800   -0.37299765E+0001   -0.37517691E+0001    0.18790618E+0001     16389
  5850   -0.37247318E+0001   -0.37491072E+0001    0.18738214E+0001     16787
  5900   -0.37198865E+0001   -0.37461164E+0001    0.18686446E+0001     17195
  5950   -0.37151143E+0001   -0.37374851E+0001    0.18674217E+0001     17850
  6000   -0.37102770E+0001   -0.37330305E+0001    0.18548730E+0001     17944
  6050   -0.37050078E+0001   -0.37262685E+0001    0.18473879E+0001     18304
  6100   -0.37004125E+0001   -0.37204232E+0001    0.18565925E+0001     19035
  6150   -0.36965639E+0001   -0.37169940E+0001    0.18329461E+0001     19614
  6200   -0.36926845E+0001   -0.37113590E+0001    0.18333472E+0001     19854
  6250   -0.36885023E+0001   -0.37074262E+0001    0.18167135E+0001     20089
  6300   -0.36843419E+0001   -0.37020777E+0001    0.18098373E+0001     20493
  6350   -0.36809756E+0001   -0.36966702E+0001    0.17974712E+0001     20943
  6400   -0.36773189E+0001   -0.36915868E+0001    0.17761136E+0001     21717
  6401   -0.36775472E+0001   -0.36775472E+0001    0.17998474E+0001     12000
  6450   -0.36827015E+0001   -0.36888539E+0001    0.17922969E+0001     12004
  6500   -0.36787397E+0001   -0.36867818E+0001    0.17894643E+0001     12282
  6550   -0.36747707E+0001   -0.36847194E+0001    0.17824206E+0001     12399
  6600   -0.36709361E+0001   -0.36831940E+0001    0.17756553E+0001     12659
  6650   -0.36670395E+0001   -0.36813796E+0001    0.17636888E+0001     12843
  6700   -0.36634121E+0001   -0.36792841E+0001    0.17567353E+0001     13050
  6750   -0.36597840E+0001   -0.36774159E+0001    0.17644454E+0001     13336
  6800   -0.36561688E+0001   -0.36748038E+0001    0.17355791E+0001     13614
  6850   -0.36529936E+0001   -0.36710149E+0001    0.17381845E+0001     13865
  6900   -0.36502133E+0001   -0.36687108E+0001    0.17287840E+0001     13800
  6950   -0.36472277E+0001   -0.36651655E+0001    0.16952894E+0001     13983
  7000   -0.36439353E+0001   -0.36642080E+0001    0.16869067E+0001     14292
  7050   -0.36401904E+0001   -0.36635576E+0001    0.16849364E+0001     14595
  7100   -0.36366509E+0001   -0.36591457E+0001    0.16470841E+0001     14595
  7150   -0.36335537E+0001   -0.36501354E+0001    0.16461180E+0001     14889
  7200   -0.36308146E+0001   -0.36461036E+0001    0.16269465E+0001     15180
  7250   -0.36286277E+0001   -0.36424326E+0001    0.16451033E+0001     15396
  7300   -0.36263322E+0001   -0.36407357E+0001    0.16338373E+0001     15956
  7350   -0.36236301E+0001   -0.36370834E+0001    0.16216627E+0001     16220
  7400   -0.36207694E+0001   -0.36334901E+0001    0.16184152E+0001     16653
  7450   -0.36179132E+0001   -0.36311625E+0001    0.16120981E+0001     17122
  7500   -0.36150265E+0001   -0.36278486E+0001    0.16007311E+0001     17277
  7550   -0.36122151E+0001   -0.36260192E+0001    0.15966899E+0001     17571
  7600   -0.36097844E+0001   -0.36233276E+0001    0.15919234E+0001     18008
  7650   -0.36076458E+0001   -0.36216751E+0001    0.15823500E+0001     18458
  7700   -0.36055424E+0001   -0.36202579E+0001    0.15850846E+0001     19079
  7750   -0.36037742E+0001   -0.36201978E+0001    0.15733708E+0001     19384
  7800   -0.36027977E+0001   -0.36192245E+0001    0.15574854E+0001     19651
  7850   -0.36021581E+0001   -0.36178267E+0001    0.15312995E+0001     19867
  7900   -0.36012530E+0001   -0.36176897E+0001    0.15486367E+0001     20266
  7950   -0.36000419E+0001   -0.36158779E+0001    0.15265689E+0001     20458
  8000   -0.35982779E+0001   -0.36153663E+0001    0.15286815E+0001     20825
  8001   -0.35984477E+0001   -0.35984477E+0001    0.15462819E+0001     12000
  8050   -0.36023310E+0001   -0.36076808E+0001    0.15209741E+0001     12043
  8100   -0.35998879E+0001   -0.36069539E+0001    0.15382123E+0001     12117
  8150   -0.35976086E+0001   -0.36058816E+0001    0.15099931E+0001     12313
  8200   -0.35955012E+0001   -0.36050698E+0001    0.15351740E+0001     12547
  8250   -0.35934097E+0001   -0.36033808E+0001    0.15325723E+0001     12606
  8300   -0.35913041E+0001   -0.36013697E+0001    0.15230277E+0001     12882
  8350   -0.35895605E+0001   -0.35998150E+0001    0.15250553E+0001     13188
  8400   -0.35879592E+0001   -0.35989803E+0001    0.15208129E+0001     13491
  8450   -0.35863583E+0001   -0.35987845E+0001    0.14732578E+0001     13781
  8500   -0.35848044E+0001   -0.35980668E+0001    0.14998211E+0001     13880
  8550   -0.35829267E+0001   -0.35951947E+0001    0.14864588E+0001     14098
  8600   -0.35808781E+0001   -0.35929136E+0001    0.14912657E+0001     14335
  8650   -0.35787805E+0001   -0.35925023E+0001    0.14663844E+0001     14625
  8700   -0.35768457E+0001   -0.35906957E+0001    0.14678070E+0001     15077
  8750   -0.35750729E+0001   -0.35893874E+0001    0.14631610E+0001     15295
  8800   -0.35732889E+0001   -0.35872269E+0001    0.14518601E+0001     15611
  8850   -0.35711022E+0001   -0.35865710E+0001    0.14164684E+0001     16135
  8900   -0.35686841E+0001   -0.35854239E+0001    0.14317432E+0001     16479
  8950   -0.35662383E+0001   -0.35827616E+0001    0.14269751E+0001     16568
  9000   -0.35643549E+0001   -0.35816716E+0001    0.14060218E+0001     17026
  9050   -0.35629328E+0001   -0.35816829E+0001    0.14231911E+0001     17506
  9100   -0.35615675E+0001   -0.35792624E+0001    0.14103711E+0001     17778
  9150   -0.35599178E+0001   -0.35788763E+0001    0.13819082E+0001     18261
  9200   -0.35581029E+0001   -0.35739932E+0001    0.13901031E+0001     18777
  9250   -0.35564932E+0001   -0.35716440E+0001    0.13790247E+0001     19132
  9300   -0.35547627E+0001   -0.35698862E+0001    0.13822389E+0001     19465
  9350   -0.35530077E+0001   -0.35678061E+0001    0.13767910E+0001     20166
  9400   -0.35512502E+0001   -0.35656624E+0001    0.12961310E+0001     20729
  9450   -0.35493586E+0001   -0.35646857E+0001    0.13025860E+0001     21376
  9500   -0.35464334E+0001   -0.35619278E+0001    0.12972824E+0001     21973
  9550   -0.35427870E+0001   -0.35593089E+0001    0.12716273E+0001     22221
  9600   -0.35398915E+0001   -0.35588079E+0001    0.12715630E+0001     22523
  9601   -0.35400114E+0001   -0.35400114E+0001    0.12846612E+0001     12000
  9650   -0.35427552E+0001   -0.35471861E+0001    0.12734927E+0001     11999
  9700   -0.35411201E+0001   -0.35474090E+0001    0.12749560E+0001     12076
  9750   -0.35395620E+0001   -0.35466071E+0001    0.12365628E+0001     12392
  9800   -0.35379147E+0001   -0.35457045E+0001    0.12606250E+0001     12631
  9850   -0.35362629E+0001   -0.35454392E+0001    0.12456318E+0001     12831
  9900   -0.35347936E+0001   -0.35434700E+0001    0.12412996E+0001     12944
  9950   -0.35333308E+0001   -0.35421089E+0001    0.12430735E+0001     12981
 10000   -0.35319598E+0001   -0.35438677E+0001    0.12229671E+0001     13140
 10050   -0.35304880E+0001   -0.35432712E+0001    0.12061907E+0001     13217
 10100   -0.35291659E+0001   -0.35399838E+0001    0.11987359E+0001     13632
 10150   -0.35278801E+0001   -0.35387314E+0001    0.11927238E+0001     13918
 10200   -0.35265069E+0001   -0.35379521E+0001    0.11711000E+0001     14243
 10250   -0.35249987E+0001   -0.35376262E+0001    0.11621112E+0001     14583
 10300   -0.35237070E+0001   -0.35355635E+0001    0.11547584E+0001     14751
 10350   -0.35224382E+0001   -0.35353093E+0001    0.11414891E+0001     14965
 10400   -0.35211696E+0001   -0.35340454E+0001    0.11343342E+0001     15395
 10450   -0.35203004E+0001   -0.35336161E+0001    0.10962515E+0001     15989
 10500   -0.35198277E+0001   -0.35327909E+0001    0.10855980E+0001     16242
 10550   -0.35195866E+0001   -0.35321078E+0001    0.10868252E+0001     16627
 10600   -0.35190686E+0001   -0.35319329E+0001    0.10749298E+0001     16791
 10650   -0.35184650E+0001   -0.35298776E+0001    0.10570451E+0001     17229
 10700   -0.35175438E+0001   -0.35282351E+0001    0.10491143E+0001     17407
 10750   -0.35164515E+0001   -0.35278545E+0001    0.10278586E+0001     17751
 10800   -0.35153830E+0001   -0.35274103E+0001    0.10298821E+0001     17959
 10850   -0.35145454E+0001   -0.35258265E+0001    0.10270489E+0001     18260
 10900   -0.35137614E+0001   -0.35253436E+0001    0.99588251E+0000     18671
 10950   -0.35129364E+0001   -0.35244119E+0001    0.97908195E+0000     19032
 11000   -0.35116509E+0001   -0.35229138E+0001    0.95360667E+0000     19431
 11050   -0.35102466E+0001   -0.35229537E+0001    0.96264009E+0000     19924
 11100   -0.35093078E+0001   -0.35227150E+0001    0.94023576E+0000     20320
 11150   -0.35087214E+0001   -0.35209611E+0001    0.95732645E+0000     20918
 11200   -0.35082099E+0001   -0.35176953E+0001    0.90928410E+0000     21100
 11201   -0.35082703E+0001   -0.35082703E+0001    0.92552210E+0000     12000
 11250   -0.35097234E+0001   -0.35129693E+0001    0.92921517E+0000     12027
 11300   -0.35089426E+0001   -0.35144925E+0001    0.93766232E+0000     12203
 11350   -0.35080830E+0001   -0.35129833E+0001    0.92474980E+0000     12218
 11400   -0.35071324E+0001   -0.35132242E+0001    0.91926248E+0000     12422
 11450   -0.35061404E+0001   -0.35132110E+0001    0.91318972E+0000     12796
 11500   -0.35052062E+0001   -0.35126353E+0001    0.89022775E+0000     12870
 11550   -0.35042899E+0001   -0.35122642E+0001    0.87746161E+0000     12966
 11600   -0.35033772E+0001   -0.35121394E+0001    0.86028065E+0000     13129
 11650   -0.35022642E+0001   -0.35115667E+0001    0.85694093E+0000     13239
 11700   -0.35011793E+0001   -0.35108192E+0001    0.87754907E+0000     13433
 11750   -0.35000196E+0001   -0.35102608E+0001    0.82008278E+0000     13671
 11800   -0.34989311E+0001   -0.35098862E+0001    0.83961591E+0000     14128
 11850   -0.34979017E+0001   -0.35088870E+0001    0.84352949E+0000     14552
 11900   -0.34969143E+0001   -0.35070224E+0001    0.82865559E+0000     14697
 11950   -0.34958730E+0001   -0.35037695E+0001    0.79651735E+0000     14854
 12000   -0.34948484E+0001   -0.35048902E+0001    0.79891544E+0000     14938
 12050   -0.34939728E+0001   -0.35044728E+0001    0.79640450E+0000     15310
 12100   -0.34931054E+0001   -0.35030102E+0001    0.77209586E+0000     15518
 12150   -0.34922414E+0001   -0.35008862E+0001    0.77083046E+0000     15945
 12200   -0.34913963E+0001   -0.35002668E+0001    0.77515547E+0000     16237
 12250   -0.34906296E+0001   -0.34980486E+0001    0.76761108E+0000     16588
 12300   -0.34898648E+0001   -0.34970599E+0001    0.74531357E+0000     16850
 12350   -0.34892572E+0001   -0.34964705E+0001    0.74584774E+0000     16822
 12400   -0.34886748E+0001   -0.34967697E+0001    0.71877923E+0000     17068
 12450   -0.34881423E+0001   -0.34949795E+0001    0.72787437E+0000     17243
 12500   -0.34875740E+0001   -0.34947269E+0001    0.71325168E+0000     17186
 12550   -0.34869641E+0001   -0.34953228E+0001    0.70867563E+0000     17469
 12600   -0.34863210E+0001   -0.34943488E+0001    0.70668579E+0000     17516
 12650   -0.34857861E+0001   -0.34934672E+0001    0.68753002E+0000     17916
 12700   -0.34853418E+0001   -0.34933933E+0001    0.70450267E+0000     18198
 12750   -0.34848729E+0001   -0.34916262E+0001    0.68693156E+0000     18468
 12800   -0.34844928E+0001   -0.34907526E+0001    0.70818016E+0000     18939
 12801   -0.34845246E+0001   -0.34845246E+0001    0.65655254E+0000     12000
 12850   -0.34852764E+0001   -0.34875390E+0001    0.66741993E+0000     11984
 12900   -0.34848896E+0001   -0.34882440E+0001    0.69568108E+0000     12238
 12950   -0.34844838E+0001   -0.34882814E+0001    0.67871234E+0000     12369
 13000   -0.34841196E+0001   -0.34881951E+0001    0.67009641E+0000     12522
 13050   -0.34836926E+0001   -0.34883107E+0001    0.68715607E+0000     12769
 13100   -0.34832735E+0001   -0.34881910E+0001    0.68219457E+0000     12892
 13150   -0.34827941E+0001   -0.34881452E+0001    0.67985708E+0000     13104
 13200   -0.34823336E+0001   -0.34878106E+0001    0.65741167E+0000     13085
 13250   -0.34819045E+0001   -0.34883811E+0001    0.68230753E+0000     13301
 13300   -0.34814511E+0001   -0.34887079E+0001    0.64242229E+0000     13591
 13350   -0.34809198E+0001   -0.34887260E+0001    0.64516031E+0000     13593
 13400   -0.34802896E+0001   -0.34890144E+0001    0.63292144E+0000     13805
 13450   -0.34796900E+0001   -0.34868852E+0001    0.63345940E+0000     13815
 13500   -0.34791903E+0001   -0.34862428E+0001    0.63489992E+0000     14047
 13550   -0.34786021E+0001   -0.34866336E+0001    0.63120311E+0000     14601
 13600   -0.34780681E+0001   -0.34859315E+0001    0.64566714E+0000     15068
 13650   -0.34775738E+0001   -0.34856198E+0001    0.60114347E+0000     15327
 13700   -0.34770936E+0001   -0.34858777E+0001    0.61891273E+0000     15789
 13750   -0.34765104E+0001   -0.34847123E+0001    0.59150635E+0000     16094
 13800   -0.34759623E+0001   -0.34852322E+0001    0.60055879E+0000     16205
 13850   -0.34754929E+0001   -0.34850327E+0001    0.57759478E+0000     16640
 13900   -0.34749325E+0001   -0.34845361E+0001    0.59166356E+0000     16854
 13950   -0.34743126E+0001   -0.34839206E+0001    0.57855818E+0000     17275
 14000   -0.34738289E+0001   -0.34829958E+0001    0.56193918E+0000     17459
 14050   -0.34733591E+0001   -0.34798512E+0001    0.56240554E+0000     17533
 14100   -0.34728774E+0001   -0.34799706E+0001    0.52957118E+0000     17937
 14150   -0.34723163E+0001   -0.34796413E+0001    0.49396945E+0000     18317
 14200   -0.34717707E+0001   -0.34793394E+0001    0.54090533E+0000     18620
 14250   -0.34712476E+0001   -0.34792292E+0001    0.56631345E+0000     18979
 14300   -0.34707710E+0001   -0.34785478E+0001    0.51234891E+0000     19796
 14350   -0.34702933E+0001   -0.34792458E+0001    0.51746074E+0000     20205
 14400   -0.34698762E+0001   -0.34792538E+0001    0.51972135E+0000     20269
 14450   -0.34694564E+0001   -0.34796733E+0001    0.51920108E+0000     20836
 14500   -0.34690719E+0001   -0.34792524E+0001    0.50831600E+0000     20916
 14550   -0.34687392E+0001   -0.34777347E+0001    0.53440838E+0000     21283
 14600   -0.34684075E+0001   -0.34768637E+0001    0.52740955E+0000     21774
 14650   -0.34680389E+0001   -0.34762045E+0001    0.52002772E+0000     22231
 14700   -0.34676766E+0001   -0.34756276E+0001    0.46474152E+0000     22425
 14750   -0.34672315E+0001   -0.34742561E+0001    0.50003296E+0000     22671
 14800   -0.34667507E+0001   -0.34730052E+0001    0.49329777E+0000     22957
 14850   -0.34663111E+0001   -0.34726884E+0001    0.47273283E+0000     23231
 14900   -0.34659065E+0001   -0.34724891E+0001    0.48293612E+0000     23734
 14950   -0.34655771E+0001   -0.34729529E+0001    0.49719386E+0000     23995
 15000   -0.34652368E+0001   -0.34713505E+0001    0.48735863E+0000     24430
 15050   -0.34648910E+0001   -0.34703573E+0001    0.48715112E+0000     24831
 15100   -0.34646021E+0001   -0.34701094E+0001    0.45239174E+0000     24835
 15150   -0.34642921E+0001   -0.34693642E+0001    0.45136583E+0000     25331
 15200   -0.34639933E+0001   -0.34694102E+0001    0.45790824E+0000     26066
 15250   -0.34637544E+0001   -0.34697256E+0001    0.46924898E+0000     26402
 15300   -0.34635422E+0001   -0.34692398E+0001    0.47795624E+0000     27049
 15350   -0.34633241E+0001   -0.34692731E+0001    0.45760486E+0000     27474
 15400   -0.34630211E+0001   -0.34691690E+0001    0.46356597E+0000     28018
 15450   -0.34626821E+0001   -0.34699883E+0001    0.46281484E+0000     28170
 15500   -0.34623497E+0001   -0.34696633E+0001    0.44608211E+0000     28445
 15550   -0.34620805E+0001   -0.34682278E+0001    0.46523351E+0000     28772
 15600   -0.34618685E+0001   -0.34684339E+0001    0.42109215E+0000     29147
 15650   -0.34616138E+0001   -0.34683962E+0001    0.41251974E+0000     29652
 15700   -0.34612737E+0001   -0.34665992E+0001    0.40833980E+0000     30185
 15750   -0.34608655E+0001   -0.34664418E+0001    0.41835182E+0000     30760
 15800   -0.34604345E+0001   -0.34669907E+0001    0.43721022E+0000     31469
 15850   -0.34600299E+0001   -0.34669335E+0001    0.40215613E+0000     32290
 15900   -0.34596468E+0001   -0.34666831E+0001    0.40238505E+0000     33190
 15950   -0.34593315E+0001   -0.34656704E+0001    0.38797438E+0000     33717
 16000   -0.34590353E+0001   -0.34644847E+0001    0.39153757E+0000     34283
 16001   -0.34590146E+0001   -0.34590146E+0001    0.33351534E+0000         1
 16050   -0.34591829E+0001   -0.34591829E+0001    0.49501989E+0000         1
 16100   -0.34590289E+0001   -0.34590289E+0001    0.64023879E+0000         1
 16150   -0.34600370E+0001   -0.34600370E+0001    0.58702643E+0000         1
 16200   -0.34604135E+0001   -0.34604135E+0001    0.72739730E+0000         1
 16250   -0.34616686E+0001   -0.34616686E+0001    0.57191966E+0000         1
 16300   -0.34624681E+0001   -0.34624681E+0001    0.50616286E+0000         1
 16350   -0.34625702E+0001   -0.34625702E+0001    0.62200072E+0000         1
 16400   -0.34631021E+0001   -0.34631021E+0001    0.64559804E+0000         1
 16450   -0.34636938E+0001   -0.34636938E+0001    0.51017649E+0000         1
 16500   -0.34639415E+0001   -0.34639415E+0001    0.58019055E+0000         1
 16550   -0.34634660E+0001   -0.34634660E+0001    0.70065615E+0000         1
 16600   -0.34646818E+0001   -0.34646818E+0001    0.69123131E+0000         1
 16650   -0.34657658E+0001   -0.34657658E+0001    0.78735335E+0000         1
 16700   -0.34667797E+0001   -0.34667797E+0001    0.55583581E+0000         1
 16750   -0.34672003E+0001   -0.34672003E+0001    0.76196476E+0000         1
 16800   -0.34686365E+0001   -0.34686365E+0001    0.66680589E+0000         1
 16850   -0.34696460E+0001   -0.34696460E+0001    0.62001444E+0000         1
 16900   -0.34702367E+0001   -0.34702367E+0001    0.61667906E+0000         1
 16950   -0.34722232E+0001   -0.34722232E+0001    0.61473617E+0000         1
 17000   -0.34734565E+0001   -0.34734565E+0001    0.74989703E+0000         1
 17050   -0.34757379E+0001   -0.34757379E+0001    0.79445852E+0000         1
 17100   -0.34771967E+0001   -0.34771967E+0001    0.75792618E+0000         1
 17150   -0.34782054E+0001   -0.34782054E+0001    0.72764259E+0000         1
 17200   -0.34782115E+0001   -0.34782115E+0001    0.79704644E+0000         1
 17250   -0.34792284E+0001   -0.34792284E+0001    0.80525144E+0000         1
 17300   -0.34808990E+0001   -0.34808990E+0001    0.69554767E+0000         1
 17350   -0.34828872E+0001   -0.34828872E+0001    0.78044353E+0000         1
 17400   -0.34838551E+0001   -0.34838551E+0001    0.77713932E+0000         1
 17450   -0.34851498E+0001   -0.34851498E+0001    0.77116484E+0000         1
 17500   -0.34867636E+0001   -0.34867636E+0001    0.95418815E+0000         1
 17550   -0.34885366E+0001   -0.34885366E+0001    0.90512857E+0000         1
 17600   -0.34894539E+0001   -0.34894539E+0001    0.85992993E+0000         1
 17650   -0.34917265E+0001   -0.34917265E+0001    0.92656659E+0000         1
 17700   -0.34910096E+0001   -0.34910096E+0001    0.10319873E+0001         1
 17750   -0.34951355E+0001   -0.34951355E+0001    0.94863405E+0000         1
 17800   -0.34975364E+0001   -0.34975364E+0001    0.94078123E+0000         1
 17850   -0.35007239E+0001   -0.35007239E+0001    0.96691302E+0000         1
 17900   -0.35037801E+0001   -0.35037801E+0001    0.10026993E+0001         1
 17950   -0.35082842E+0001   -0.35082842E+0001    0.10061811E+0001         1
 18000   -0.35098930E+0001   -0.35098930E+0001    0.97440477E+0000         1
 18050   -0.35117718E+0001   -0.35117718E+0001    0.10613781E+0001         1
 18100   -0.35149841E+0001   -0.35149841E+0001    0.11356195E+0001         1
 18150   -0.35190856E+0001   -0.35190856E+0001    0.11026016E+0001         1
 18200   -0.35219328E+0001   -0.35219328E+0001    0.12037041E+0001         1
 18250   -0.35256501E+0001   -0.35256501E+0001    0.11522926E+0001         1
 18300   -0.35269820E+0001   -0.35269820E+0001    0.12010818E+0001         1
 18350   -0.35309320E+0001   -0.35309320E+0001    0.12093662E+0001         1
 18400   -0.35333007E+0001   -0.35333007E+0001    0.11874309E+0001         1
 18450   -0.35373306E+0001   -0.35373306E+0001    0.11584646E+0001         1
 18500   -0.35404599E+0001   -0.35404599E+0001    0.13298023E+0001         1
 18550   -0.35459903E+0001   -0.35459903E+0001    0.12463879E+0001         1
 18600   -0.35507600E+0001   -0.35507600E+0001    0.12406530E+0001         1
 18650   -0.35575449E+0001   -0.35575449E+0001    0.13409635E+0001         1
 18700   -0.35640965E+0001   -0.35640965E+0001    0.12808908E+0001         1
 18750   -0.35700807E+0001   -0.35700807E+0001    0.13106325E+0001         1
 18800   -0.35753759E+0001   -0.35753759E+0001    0.13226726E+0001         1
 18850   -0.35810778E+0001   -0.35810778E+0001    0.13378030E+0001         1
 18900   -0.35864320E+0001   -0.35864320E+0001    0.13390073E+0001         1
 18950   -0.35910206E+0001   -0.35910206E+0001    0.13845696E+0001         1
 19000   -0.35947044E+0001   -0.35947044E+0001    0.12972992E+0001         1
 19050   -0.36001117E+0001   -0.36001117E+0001    0.13188505E+0001         1
 19100   -0.36039615E+0001   -0.36039615E+0001    0.12577922E+0001         1
 19150   -0.36094901E+0001   -0.36094901E+0001    0.13058054E+0001         1
 19200   -0.36142391E+0001   -0.36142391E+0001    0.12790973E+0001         1
 19250   -0.36194876E+0001   -0.36194876E+0001    0.12988025E+0001         1
 19300   -0.36255875E+0001   -0.36255875E+0001    0.13033956E+0001         1
 19350   -0.36309134E+0001   -0.36309134E+0001    0.13050758E+0001         1
 19400   -0.36342784E+0001   -0.36342784E+0001    0.13065513E+0001         1
 19450   -0.36378318E+0001   -0.36378318E+0001    0.12367810E+0001         1
 19500   -0.36422579E+0001   -0.36422579E+0001    0.11660394E+0001         1
 19550   -0.36482059E+0001   -0.36482059E+0001    0.11779631E+0001         1
 19600   -0.36534209E+0001   -0.36534209E+0001    0.12427277E+0001         1
 19650   -0.36602701E+0001   -0.36602701E+0001    0.13250532E+0001         1
 19700   -0.36668798E+0001   -0.36668798E+0001    0.13049495E+0001         1
 19750   -0.36715916E+0001   -0.36715916E+0001    0.13636930E+0001         1
 19800   -0.36766867E+0001   -0.36766867E+0001    0.13858341E+0001         1
 19850   -0.36840373E+0001   -0.36840373E+0001    0.13853330E+0001         1
 19900   -0.36930038E+0001   -0.36930038E+0001    0.14193539E+0001         1
 19950   -0.36968255E+0001   -0.36968255E+0001    0.15018926E+0001         1
 20000   -0.37041309E+0001   -0.37041309E+0001    0.15243237E+0001         1
 20050   -0.37094010E+0001   -0.37094010E+0001    0.16025912E+0001         1
 20100   -0.37182350E+0001   -0.37182350E+0001    0.15494536E+0001         1
 20150   -0.37234741E+0001   -0.37234741E+0001    0.16322237E+0001         1
 20200   -0.37317168E+0001   -0.37317168E+0001    0.17115537E+0001         1
 20250   -0.37398831E+0001   -0.37398831E+0001    0.17312261E+0001         1
 20300   -0.37468470E+0001   -0.37468470E+0001    0.16825348E+0001         1
 20350   -0.37583768E+0001   -0.37583768E+0001    0.17835844E+0001         1
 20400   -0.37685003E+0001   -0.37685003E+0001    0.18456299E+0001         1
 20450   -0.37780650E+0001   -0.37780650E+0001    0.18474984E+0001         1
 20500   -0.37903501E+0001   -0.37903501E+0001    0.18833693E+0001         1
 20550   -0.38036884E+0001   -0.38036884E+0001    0.19086222E+0001         1
 20600   -0.38191613E+0001   -0.38191613E+0001    0.20027747E+0001         1
 20650   -0.38313977E+0001   -0.38313977E+0001    0.19055540E+0001         1
 20700   -0.38435189E+0001   -0.38435189E+0001    0.19286311E+0001         1
 20750   -0.38549147E+0001   -0.38549147E+0001    0.19114646E+0001         1
 20800   -0.38684311E+0001   -0.38684311E+0001    0.18439614E+0001         1
 20850   -0.38767022E+0001   -0.38767022E+0001    0.18081974E+0001         1
 20900   -0.38867663E+0001   -0.38867663E+0001    0.17362565E+0001         1
 20950   -0.38964932E+0001   -0.38964932E+0001    0.16633385E+0001         1
 21000   -0.39043498E+0001   -0.39043498E+0001    0.16739351E+0001         1
 21050   -0.39118830E+0001   -0.39118830E+0001    0.15998607E+0001         1
 21100   -0.39182898E+0001   -0.39182898E+0001    0.13233905E+0001         1
 21150   -0.39244035E+0001   -0.39244035E+0001    0.11569114E+0001         1
 21200   -0.39293512E+0001   -0.39293512E+0001    0.96785428E+0000         1
 21250   -0.39318202E+0001   -0.39318202E+0001    0.93491975E+0000         1
 21300   -0.39341049E+0001   -0.39341049E+0001    0.82424938E+0000         1
 21350   -0.39364382E+0001   -0.39364382E+0001    0.71252535E+0000         1
 21400   -0.39375944E+0001   -0.39375944E+0001    0.56438962E+0000         1
 21450   -0.39376343E+0001   -0.39376343E+0001    0.62903341E+0000         1
 21500   -0.39382180E+0001   -0.39382180E+0001    0.56621072E+0000         1
 21550   -0.39387438E+0001   -0.39387438E+0001    0.53679123E+0000         1
 21600   -0.39396447E+0001   -0.39396447E+0001    0.30416533E+0000         1
 21650   -0.39385435E+0001   -0.39385435E+0001    0.70119196E+0000         1
 21700   -0.39390588E+0001   -0.39390588E+0001    0.59467313E+0000         1
 21750   -0.39381404E+0001   -0.39381404E+0001    0.70786326E+0000         1
 21800   -0.39390424E+0001   -0.39390424E+0001    0.50523566E+0000         1
 21850   -0.39384307E+0001   -0.39384307E+0001    0.56039807E+0000         1
 21900   -0.39384976E+0001   -0.39384976E+0001    0.56354816E+0000         1
 21950   -0.39389559E+0001   -0.39389559E+0001    0.51083051E+0000         1
 22000   -0.39382086E+0001   -0.39382086E+0001    0.64120771E+0000         1
 22050   -0.39384064E+0001   -0.39384064E+0001    0.69088412E+0000         1
 22100   -0.39392762E+0001   -0.39392762E+0001    0.36446156E+0000         1
 22150   -0.39391395E+0001   -0.39391395E+0001    0.48706880E+0000         1
 22200   -0.39392075E+0001   -0.39392075E+0001    0.43802690E+0000         1
 22250   -0.39390834E+0001   -0.39390834E+0001    0.49422191E+0000         1
 22300   -0.39396550E+0001   -0.39396550E+0001    0.37006774E+0000         1
 22350   -0.39397068E+0001   -0.39397068E+0001    0.28695014E+0000         1
 22400   -0.39394683E+0001   -0.39394683E+0001    0.35764391E+0000         1
 22450   -0.39392286E+0001   -0.39392286E+0001    0.49748390E+0000         1
 22500   -0.39390958E+0001   -0.39390958E+0001    0.44307807E+0000         1
 22550   -0.39389586E+0001   -0.39389586E+0001    0.39259667E+0000         1
 22600   -0.39390215E+0001   -0.39390215E+0001    0.41204827E+0000         1
 22650   -0.39389784E+0001   -0.39389784E+0001    0.44810705E+0000         1
 22700   -0.39388866E+0001   -0.39388866E+0001    0.44071899E+0000         1
 22750   -0.39389130E+0001   -0.39389130E+0001    0.50811542E+0000         1
 22800   -0.39378030E+0001   -0.39378030E+0001    0.72799946E+0000         1
 22850   -0.39390958E+0001   -0.39390958E+0001    0.49621725E+0000         1
 22900   -0.39384734E+0001   -0.39384734E+0001    0.71652150E+0000         1
 22950   -0.39391093E+0001   -0.39391093E+0001    0.42987309E+0000         1
 23000   -0.39392653E+0001   -0.39392653E+0001    0.36316095E+0000         1
 23050   -0.39391957E+0001   -0.39391957E+0001    0.39429996E+0000         1
 23100   -0.39395394E+0001   -0.39395394E+0001    0.34735756E+0000         1
 23150   -0.39393876E+0001   -0.39393876E+0001    0.52018255E+0000         1
 23200   -0.39395601E+0001   -0.39395601E+0001    0.38358359E+0000         1
 23250   -0.39390563E+0001   -0.39390563E+0001    0.49079474E+0000         1
 23300   -0.39387955E+0001   -0.39387955E+0001    0.46132662E+0000         1
 23350   -0.39379899E+0001   -0.39379899E+0001    0.68354905E+0000         1
 23400   -0.39386310E+0001   -0.39386310E+0001    0.52008328E+0000         1
 23450   -0.39383533E+0001   -0.39383533E+0001    0.58034463E+0000         1
 23500   -0.39388873E+0001   -0.39388873E+0001    0.50627194E+0000         1
 23550   -0.39389344E+0001   -0.39389344E+0001    0.57952055E+0000         1
 23600   -0.39392016E+0001   -0.39392016E+0001    0.50390824E+0000         1
 23650   -0.39384922E+0001   -0.39384922E+0001    0.70041491E+0000         1
 23700   -0.39382181E+0001   -0.39382181E+0001    0.73238977E+0000         1
 23750   -0.39387154E+0001   -0.39387154E+0001    0.65048556E+0000         1
 23800   -0.39391123E+0001   -0.39391123E+0001    0.49333363E+0000         1
 23850   -0.39393022E+0001   -0.39393022E+0001    0.34773358E+0000         1
 23900   -0.39391157E+0001   -0.39391157E+0001    0.52828779E+0000         1
 23950   -0.39392748E+0001   -0.39392748E+0001    0.41408499E+0000         1
 24000   -0.39389986E+0001   -0.39389986E+0001    0.51662453E+0000         1
 24050   -0.39394377E+0001   -0.39394377E+0001    0.38081214E+0000         1
 24100   -0.39392326E+0001   -0.39392326E+0001    0.44426140E+0000         1
 24150   -0.39387212E+0001   -0.39387212E+0001    0.57441423E+0000         1
 24200   -0.39390997E+0001   -0.39390997E+0001    0.50407548E+0000         1
 24250   -0.39391049E+0001   -0.39391049E+0001    0.55012314E+0000         1
 24300   -0.39392206E+0001   -0.39392206E+0001    0.46561114E+0000         1
 24350   -0.39390475E+0001   -0.39390475E+0001    0.48878887E+0000         1
 24400   -0.39387367E+0001   -0.39387367E+0001    0.57904940E+0000         1
 24450   -0.39389864E+0001   -0.39389864E+0001    0.58358226E+0000         1
 24500   -0.39393912E+0001   -0.39393912E+0001    0.36027438E+0000         1
 24550   -0.39390342E+0001   -0.39390342E+0001    0.55883025E+0000         1
 24600   -0.39393485E+0001   -0.39393485E+0001    0.52261020E+0000         1
 24650   -0.39397650E+0001   -0.39397650E+0001    0.30896212E+0000         1
 24700   -0.39394226E+0001   -0.39394226E+0001    0.42355499E+0000         1
 24750   -0.39389850E+0001   -0.39389850E+0001    0.51258064E+0000         1
 24800   -0.39388192E+0001   -0.39388192E+0001    0.55178385E+0000         1
 24850   -0.39392014E+0001   -0.39392014E+0001    0.46817780E+0000         1
 24900   -0.39389709E+0001   -0.39389709E+0001    0.48717824E+0000         1
 24950   -0.39394944E+0001   -0.39394944E+0001    0.34668567E+0000         1
 25000   -0.39397000E+0001   -0.39397000E+0001    0.30446656E+0000         1
 25050   -0.39389369E+0001   -0.39389369E+0001    0.57099321E+0000         1
 25100   -0.39394927E+0001   -0.39394927E+0001    0.34595140E+0000         1
 25150   -0.39392765E+0001   -0.39392765E+0001    0.41875618E+0000         1
 25200   -0.39388341E+0001   -0.39388341E+0001    0.59260082E+0000         1
 25250   -0.39389258E+0001   -0.39389258E+0001    0.42324312E+0000         1
 25300   -0.39381746E+0001   -0.39381746E+0001    0.56078017E+0000         1
 25350   -0.39380970E+0001   -0.39380970E+0001    0.62258609E+0000         1
 25400   -0.39387940E+0001   -0.39387940E+0001    0.46206544E+0000         1
 25450   -0.39383862E+0001   -0.39383862E+0001    0.56480859E+0000         1
 25500   -0.39390694E+0001   -0.39390694E+0001    0.40919608E+0000         1
 25550   -0.39391684E+0001   -0.39391684E+0001    0.41567695E+0000         1
 25600   -0.39394837E+0001   -0.39394837E+0001    0.42681039E+0000         1
 25650   -0.39390308E+0001   -0.39390308E+0001    0.54446631E+0000         1
 25700   -0.39392018E+0001   -0.39392018E+0001    0.41971945E+0000         1
 25750   -0.39395144E+0001   -0.39395144E+0001    0.38243928E+0000         1
 25800   -0.39393822E+0001   -0.39393822E+0001    0.41139999E+0000         1
 25850   -0.39393794E+0001   -0.39393794E+0001    0.38273574E+0000         1
 25900   -0.39392942E+0001   -0.39392942E+0001    0.46355762E+0000         1
 25950   -0.39397042E+0001   -0.39397042E+0001    0.33356644E+0000         1
 26000   -0.39388118E+0001   -0.39388118E+0001    0.71711170E+0000         1
 26050   -0.39396597E+0001   -0.39396597E+0001    0.31582981E+0000         1
 26100   -0.39386777E+0001   -0.39386777E+0001    0.61606487E+0000         1
 26150   -0.39389961E+0001   -0.39389961E+0001    0.54026653E+0000         1
 26200   -0.39390029E+0001   -0.39390029E+0001    0.53070224E+0000         1
 26250   -0.39390996E+0001   -0.39390996E+0001    0.47088732E+0000         1
 26300   -0.39389699E+0001   -0.39389699E+0001    0.54068388E+0000         1
 26350   -0.39395328E+0001   -0.39395328E+0001    0.44365169E+0000         1
 26400   -0.39393299E+0001   -0.39393299E+0001    0.48409188E+0000         1
 26450   -0.39391188E+0001   -0.39391188E+0001    0.56431266E+0000         1
 26500   -0.39385123E+0001   -0.39385123E+0001    0.67402119E+0000         1
 26550   -0.39389346E+0001   -0.39389346E+0001    0.52052656E+0000         1
 26600   -0.39392433E+0001   -0.39392433E+0001    0.44503160E+0000         1
 26650   -0.39388336E+0001   -0.39388336E+0001    0.49087661E+0000         1
 26700   -0.39383613E+0001   -0.39383613E+0001    0.62004370E+0000         1
 26750   -0.39385068E+0001   -0.39385068E+0001    0.61813433E+0000         1
 26800   -0.39392873E+0001   -0.39392873E+0001    0.43973990E+0000         1
 26850   -0.39391367E+0001   -0.39391367E+0001    0.46386425E+0000         1
 26900   -0.39391384E+0001   -0.39391384E+0001    0.55228507E+0000         1
 26950   -0.39390005E+0001   -0.39390005E+0001    0.73200876E+0000         1
 27000   -0.39394784E+0001   -0.39394784E+0001    0.38973143E+0000         1
 27050   -0.39394787E+0001   -0.39394787E+0001    0.35818040E+0000         1
 27100   -0.39395865E+0001   -0.39395865E+0001    0.39518133E+0000         1
 27150   -0.39393992E+0001   -0.39393992E+0001    0.36193830E+0000         1
 27200   -0.39393287E+0001   -0.39393287E+0001    0.44268541E+0000         1
 27250   -0.39393552E+0001   -0.39393552E+0001    0.46121483E+0000         1
 27300   -0.39392686E+0001   -0.39392686E+0001    0.47465290E+0000         1
 27350   -0.39393610E+0001   -0.39393610E+0001    0.45894795E+0000         1
 27400   -0.39390306E+0001   -0.39390306E+0001    0.52212178E+0000         1
 27450   -0.39389809E+0001   -0.39389809E+0001    0.58973947E+0000         1
 27500   -0.39387910E+0001   -0.39387910E+0001    0.51503006E+0000         1
 27550   -0.39391517E+0001   -0.39391517E+0001    0.43800441E+0000         1
 27600   -0.39390786E+0001   -0.39390786E+0001    0.57620713E+0000         1
 27650   -0.39389407E+0001   -0.39389407E+0001    0.62769952E+0000         1
 27700   -0.39397310E+0001   -0.39397310E+0001    0.31457066E+0000         1
 27750   -0.39393163E+0001   -0.39393163E+0001    0.42444585E+0000         1
 27800   -0.39391198E+0001   -0.39391198E+0001    0.54140127E+0000         1
 27850   -0.39382145E+0001   -0.39382145E+0001    0.75440857E+0000         1
 27900   -0.39390679E+0001   -0.39390679E+0001    0.59199161E+0000         1
 27950   -0.39388142E+0001   -0.39388142E+0001    0.62754732E+0000         1
 28000   -0.39393865E+0001   -0.39393865E+0001    0.45746376E+0000         1
 28050   -0.39392806E+0001   -0.39392806E+0001    0.52721664E+0000         1
 28100   -0.39392264E+0001   -0.39392264E+0001    0.42887807E+0000         1
 28150   -0.39394883E+0001   -0.39394883E+0001    0.40855576E+0000         1
 28200   -0.39390343E+0001   -0.39390343E+0001    0.58210519E+0000         1
 28250   -0.39385678E+0001   -0.39385678E+0001    0.63921936E+0000         1
 28300   -0.39387761E+0001   -0.39387761E+0001    0.54980933E+0000         1
 28350   -0.39389424E+0001   -0.39389424E+0001    0.54562346E+0000         1
 28400   -0.39386558E+0001   -0.39386558E+0001    0.61866024E+0000         1
 28450   -0.39384757E+0001   -0.39384757E+0001    0.52647998E+0000         1
 28500   -0.39388232E+0001   -0.39388232E+0001    0.43150832E+0000         1
 28550   -0.39385463E+0001   -0.39385463E+0001    0.58586967E+0000         1
 28600   -0.39389395E+0001   -0.39389395E+0001    0.40758547E+0000         1
 28650   -0.39388923E+0001   -0.39388923E+0001    0.48652614E+0000         1
 28700   -0.39392349E+0001   -0.39392349E+0001    0.35892732E+0000         1
 28750   -0.39391634E+0001   -0.39391634E+0001    0.43910625E+0000         1
 28800   -0.39394542E+0001   -0.39394542E+0001    0.40107916E+0000         1
 28850   -0.39393613E+0001   -0.39393613E+0001    0.37779044E+0000         1
 28900   -0.39395061E+0001   -0.39395061E+0001    0.40472554E+0000         1
 28950   -0.39390837E+0001   -0.39390837E+0001    0.42538651E+0000         1
 29000   -0.39389162E+0001   -0.39389162E+0001    0.53388772E+0000         1
 29050   -0.39383310E+0001   -0.39383310E+0001    0.67326665E+0000         1
 29100   -0.39392224E+0001   -0.39392224E+0001    0.49601026E+0000         1
 29150   -0.39393961E+0001   -0.39393961E+0001    0.33606292E+0000         1
 29200   -0.39389810E+0001   -0.39389810E+0001    0.47909879E+0000         1
 29250   -0.39386367E+0001   -0.39386367E+0001    0.66976041E+0000         1
 29300   -0.39385009E+0001   -0.39385009E+0001    0.63093056E+0000         1
 29350   -0.39384817E+0001   -0.39384817E+0001    0.55564875E+0000         1
 29400   -0.39377202E+0001   -0.39377202E+0001    0.63094044E+0000         1
 29450   -0.39379217E+0001   -0.39379217E+0001    0.56626608E+0000         1
 29500   -0.39387679E+0001   -0.39387679E+0001    0.42401013E+0000         1
 29550   -0.39384514E+0001   -0.39384514E+0001    0.52680911E+0000         1
 29600   -0.39381136E+0001   -0.39381136E+0001    0.58667212E+0000         1
 29650   -0.39385496E+0001   -0.39385496E+0001    0.57309199E+0000         1
 29700   -0.39386438E+0001   -0.39386438E+0001    0.53173666E+0000         1
 29750   -0.39388541E+0001   -0.39388541E+0001    0.54948627E+0000         1
 29800   -0.39383211E+0001   -0.39383211E+0001    0.54806318E+0000         1
 29850   -0.39386513E+0001   -0.39386513E+0001    0.54496474E+0000         1
 29900   -0.39385259E+0001   -0.39385259E+0001    0.62100442E+0000         1
 29950   -0.39386027E+0001   -0.39386027E+0001    0.61765798E+0000         1
 30000   -0.39389151E+0001   -0.39389151E+0001    0.54101282E+0000         1
 30050   -0.39390810E+0001   -0.39390810E+0001    0.60395012E+0000         1
 30100   -0.39391868E+0001   -0.39391868E+0001    0.47805870E+0000         1
 30150   -0.39392447E+0001   -0.39392447E+0001    0.45725807E+0000         1
 30200   -0.39390576E+0001   -0.39390576E+0001    0.60348938E+0000         1
 30250   -0.39394589E+0001   -0.39394589E+0001    0.50939650E+0000         1
 30300   -0.39388932E+0001   -0.39388932E+0001    0.60468725E+0000         1
 30350   -0.39385915E+0001   -0.39385915E+0001    0.62112293E+0000         1
 30400   -0.39387576E+0001   -0.39387576E+0001    0.54804218E+0000         1
 30450   -0.39392030E+0001   -0.39392030E+0001    0.42477828E+0000         1
 30500   -0.39386399E+0001   -0.39386399E+0001    0.55862329E+0000         1
 30550   -0.39384691E+0001   -0.39384691E+0001    0.62809956E+0000         1
 30600   -0.39382768E+0001   -0.39382768E+0001    0.70051176E+0000         1
 30650   -0.39385837E+0001   -0.39385837E+0001    0.63438388E+0000         1
 30700   -0.39392300E+0001   -0.39392300E+0001    0.43846271E+0000         1
 30750   -0.39393226E+0001   -0.39393226E+0001    0.48895368E+0000         1
 30800   -0.39389100E+0001   -0.39389100E+0001    0.65214918E+0000         1
 30850   -0.39391574E+0001   -0.39391574E+0001    0.46904236E+0000         1
 30900   -0.39393283E+0001   -0.39393283E+0001    0.46169564E+0000         1
 30950   -0.39395395E+0001   -0.39395395E+0001    0.36760308E+0000         1
 31000   -0.39392177E+0001   -0.39392177E+0001    0.42351436E+0000         1
 31050   -0.39391311E+0001   -0.39391311E+0001    0.60160654E+0000         1
 31100   -0.39392479E+0001   -0.39392479E+0001    0.45991678E+0000         1
 31150   -0.39387822E+0001   -0.39387822E+0001    0.62834115E+0000         1
 31200   -0.39385351E+0001   -0.39385351E+0001    0.61736692E+0000         1
 31250   -0.39383519E+0001   -0.39383519E+0001    0.62001563E+0000         1
 31300   -0.39387816E+0001   -0.39387816E+0001    0.55728661E+0000         1
 31350   -0.39386161E+0001   -0.39386161E+0001    0.54632977E+0000         1
 31400   -0.39384762E+0001   -0.39384762E+0001    0.50707085E+0000         1
 31450   -0.39382821E+0001   -0.39382821E+0001    0.72710315E+0000         1
 31500   -0.39388355E+0001   -0.39388355E+0001    0.47853406E+0000         1
 31550   -0.39389984E+0001   -0.39389984E+0001    0.44636041E+0000         1
 31600   -0.39388018E+0001   -0.39388018E+0001    0.56561931E+0000         1
 31650   -0.39390958E+0001   -0.39390958E+0001    0.47215860E+0000         1
 31700   -0.39384738E+0001   -0.39384738E+0001    0.63528770E+0000         1
 31750   -0.39384745E+0001   -0.39384745E+0001    0.64516721E+0000         1
 31800   -0.39388801E+0001   -0.39388801E+0001    0.61448582E+0000         1
 31850   -0.39393488E+0001   -0.39393488E+0001    0.44633649E+0000         1
 31900   -0.39391339E+0001   -0.39391339E+0001    0.54599681E+0000         1
 31950   -0.39389669E+0001   -0.39389669E+0001    0.55010777E+0000         1
 32000   -0.39394678E+0001   -0.39394678E+0001    0.33813571E+0000         1
 32050   -0.39394809E+0001   -0.39394809E+0001    0.38757572E+0000         1
 32100   -0.39386856E+0001   -0.39386856E+0001    0.51788507E+0000         1
 32150   -0.39390421E+0001   -0.39390421E+0001    0.46057812E+0000         1
 32200   -0.39388837E+0001   -0.39388837E+0001    0.54041347E+0000         1
 32250   -0.39394616E+0001   -0.39394616E+0001    0.37650464E+0000         1
 32300   -0.39393731E+0001   -0.39393731E+0001    0.46782271E+0000         1
 32350   -0.39396886E+0001   -0.39396886E+0001    0.27109133E+0000         1
 32400   -0.39391324E+0001   -0.39391324E+0001    0.57041890E+0000         1
 32450   -0.39393994E+0001   -0.39393994E+0001    0.39354752E+0000         1
 32500   -0.39389360E+0001   -0.39389360E+0001    0.58845454E+0000         1
 32550   -0.39392666E+0001   -0.39392666E+0001    0.48181601E+0000         1
 32600   -0.39391099E+0001   -0.39391099E+0001    0.50245760E+0000         1
 32650   -0.39388262E+0001   -0.39388262E+0001    0.54219052E+0000         1
 32700   -0.39391177E+0001   -0.39391177E+0001    0.51579776E+0000         1
 32750   -0.39390186E+0001   -0.39390186E+0001    0.59280643E+0000         1
 32800   -0.39394522E+0001   -0.39394522E+0001    0.33745686E+0000         1
 32850   -0.39391036E+0001   -0.39391036E+0001    0.58642773E+0000         1
 32900   -0.39395488E+0001   -0.39395488E+0001    0.37342299E+0000         1
 32950   -0.39394991E+0001   -0.39394991E+0001    0.39713431E+0000         1
 33000   -0.39391528E+0001   -0.39391528E+0001    0.52178694E+0000         1
 33050   -0.39387744E+0001   -0.39387744E+0001    0.60967177E+0000         1
 33100   -0.39391984E+0001   -0.39391984E+0001    0.47054265E+0000         1
 33150   -0.39396195E+0001   -0.39396195E+0001    0.34533203E+0000         1
 33200   -0.39390861E+0001   -0.39390861E+0001    0.48926617E+0000         1
 33250   -0.39393163E+0001   -0.39393163E+0001    0.39286848E+0000         1
 33300   -0.39386205E+0001   -0.39386205E+0001    0.59859644E+0000         1
 33350   -0.39393444E+0001   -0.39393444E+0001    0.37006226E+0000         1
 33400   -0.39389697E+0001   -0.39389697E+0001    0.48134809E+0000         1
 33450   -0.39380191E+0001   -0.39380191E+0001    0.68777047E+0000         1
 33500   -0.39387037E+0001   -0.39387037E+0001    0.52437690E+0000         1
 33550   -0.39382223E+0001   -0.39382223E+0001    0.74445998E+0000         1
 33600   -0.39385689E+0001   -0.39385689E+0001    0.75316266E+0000         1
 33650   -0.39389949E+0001   -0.39389949E+0001    0.47961453E+0000         1
 33700   -0.39390436E+0001   -0.39390436E+0001    0.55585420E+0000         1
 33750   -0.39390210E+0001   -0.39390210E+0001    0.50063930E+0000         1
 33800   -0.39386629E+0001   -0.39386629E+0001    0.59732206E+0000         1
 33850   -0.39390445E+0001   -0.39390445E+0001    0.53000268E+0000         1
 33900   -0.39390323E+0001   -0.39390323E+0001    0.57172693E+0000         1
 33950   -0.39393290E+0001   -0.39393290E+0001    0.49232727E+0000         1
 34000   -0.39384633E+0001   -0.39384633E+0001    0.77776602E+0000         1
 34050   -0.39391726E+0001   -0.39391726E+0001    0.50728263E+0000         1
 34100   -0.39389339E+0001   -0.39389339E+0001    0.52892357E+0000         1
 34150   -0.39390596E+0001   -0.39390596E+0001    0.52708801E+0000         1
 34200   -0.39393183E+0001   -0.39393183E+0001    0.51946272E+0000         1
 34250   -0.39395655E+0001   -0.39395655E+0001    0.38669686E+0000         1
 34300   -0.39395376E+0001   -0.39395376E+0001    0.42463299E+0000         1
 34350   -0.39393440E+0001   -0.39393440E+0001    0.45435534E+0000         1
 34400   -0.39396299E+0001   -0.39396299E+0001    0.41391069E+0000         1
 34450   -0.39392802E+0001   -0.39392802E+0001    0.49069850E+0000         1
 34500   -0.39394740E+0001   -0.39394740E+0001    0.36666697E+0000         1
 34550   -0.39385978E+0001   -0.39385978E+0001    0.72027133E+0000         1
 34600   -0.39386779E+0001   -0.39386779E+0001    0.68752570E+0000         1
 34650   -0.39391499E+0001   -0.39391499E+0001    0.50281989E+0000         1
 34700   -0.39390981E+0001   -0.39390981E+0001    0.56216868E+0000         1
 34750   -0.39390236E+0001   -0.39390236E+0001    0.57978247E+0000         1
 34800   -0.39391558E+0001   -0.39391558E+0001    0.46632180E+0000         1
 34850   -0.39386608E+0001   -0.39386608E+0001    0.53203081E+0000         1
 34900   -0.39388070E+0001   -0.39388070E+0001    0.57612167E+0000         1
 34950   -0.39379840E+0001   -0.39379840E+0001    0.83551402E+0000         1
 35000   -0.39387554E+0001   -0.39387554E+0001    0.51219919E+0000         1
 35050   -0.39393383E+0001   -0.39393383E+0001    0.42283615E+0000         1
 35100   -0.39395171E+0001   -0.39395171E+0001    0.33854774E+0000         1
 35150   -0.39390002E+0001   -0.39390002E+0001    0.55607045E+0000         1
 35200   -0.39392879E+0001   -0.39392879E+0001    0.47855367E+0000         1
 35250   -0.39390015E+0001   -0.39390015E+0001    0.46443620E+0000         1
 35300   -0.39392014E+0001   -0.39392014E+0001    0.39758553E+0000         1
 35350   -0.39386825E+0001   -0.39386825E+0001    0.63684577E+0000         1
 35400   -0.39393003E+0001   -0.39393003E+0001    0.41254543E+0000         1
 35450   -0.39392317E+0001   -0.39392317E+0001    0.59908339E+0000         1
 35500   -0.39390110E+0001   -0.39390110E+0001    0.58535855E+0000         1
 35550   -0.39396633E+0001   -0.39396633E+0001    0.32584255E+0000         1
 35600   -0.39390084E+0001   -0.39390084E+0001    0.56877499E+0000         1
 35650   -0.39393028E+0001   -0.39393028E+0001    0.46376621E+0000         1
 35700   -0.39389625E+0001   -0.39389625E+0001    0.60756149E+0000         1
 35750   -0.39395548E+0001   -0.39395548E+0001    0.42891398E+0000         1
 35800   -0.39391779E+0001   -0.39391779E+0001    0.44664200E+0000         1
 35850   -0.39383518E+0001   -0.39383518E+0001    0.69148032E+0000         1
 35900   -0.39391049E+0001   -0.39391049E+0001    0.49721925E+0000         1
 35950   -0.39394258E+0001   -0.39394258E+0001    0.33300089E+0000         1
 36000   -0.39395867E+0001   -0.39395867E+0001    0.35256139E+0000         1
 36050   -0.39395971E+0001   -0.39395971E+0001    0.46659845E+0000         1
 36100   -0.39393373E+0001   -0.39393373E+0001    0.37686419E+0000         1
 36150   -0.39393824E+0001   -0.39393824E+0001    0.38611531E+0000         1
 36200   -0.39392011E+0001   -0.39392011E+0001    0.50848209E+0000         1
 36250   -0.39396277E+0001   -0.39396277E+0001    0.34029266E+0000         1
 36300   -0.39395576E+0001   -0.39395576E+0001    0.37933121E+0000         1
 36350   -0.39386170E+0001   -0.39386170E+0001    0.65577383E+0000         1
 36400   -0.39386748E+0001   -0.39386748E+0001    0.52345944E+0000         1
 36450   -0.39383439E+0001   -0.39383439E+0001    0.65164550E+0000         1
 36500   -0.39384072E+0001   -0.39384072E+0001    0.67581528E+0000         1
 36550   -0.39389893E+0001   -0.39389893E+0001    0.40032311E+0000         1
 36600   -0.39385849E+0001   -0.39385849E+0001    0.58841995E+0000         1
 36650   -0.39388313E+0001   -0.39388313E+0001    0.51530019E+0000         1
 36700   -0.39390654E+0001   -0.39390654E+0001    0.48430294E+0000         1
 36750   -0.39394462E+0001   -0.39394462E+0001    0.38858403E+0000         1
 36800   -0.39390349E+0001   -0.39390349E+0001    0.47398941E+0000         1
 36850   -0.39391148E+0001   -0.39391148E+0001    0.48269868E+0000         1
 36900   -0.39386699E+0001   -0.39386699E+0001    0.67350183E+0000         1
 36950   -0.39384350E+0001   -0.39384350E+0001    0.59070896E+0000         1
 37000   -0.39389258E+0001   -0.39389258E+0001    0.52285568E+0000         1
 37050   -0.39392022E+0001   -0.39392022E+0001    0.42048606E+0000         1
 37100   -0.39389361E+0001   -0.39389361E+0001    0.56395646E+0000         1
 37150   -0.39390546E+0001   -0.39390546E+0001    0.50193000E+0000         1
 37200   -0.39390468E+0001   -0.39390468E+0001    0.51651495E+0000         1
 37250   -0.39390704E+0001   -0.39390704E+0001    0.57818613E+0000         1
 37300   -0.39393692E+0001   -0.39393692E+0001    0.51974275E+0000         1
 37350   -0.39389718E+0001   -0.39389718E+0001    0.66559543E+0000         1
 37400   -0.39391705E+0001   -0.39391705E+0001    0.49373044E+0000         1
 37450   -0.39392460E+0001   -0.39392460E+0001    0.46975045E+0000         1
 37500   -0.39393880E+0001   -0.39393880E+0001    0.40337549E+0000         1
 37550   -0.39390487E+0001   -0.39390487E+0001    0.49117185E+0000         1
 37600   -0.39392012E+0001   -0.39392012E+0001    0.47414151E+0000         1
 37650   -0.39389122E+0001   -0.39389122E+0001    0.45790779E+0000         1
 37700   -0.39382990E+0001   -0.39382990E+0001    0.76266214E+0000         1
 37750   -0.39392674E+0001   -0.39392674E+0001    0.48903924E+0000         1
 37800   -0.39392308E+0001   -0.39392308E+0001    0.37966529E+0000         1
 37850   -0.39389027E+0001   -0.39389027E+0001    0.49288798E+0000         1
 37900   -0.39397701E+0001   -0.39397701E+0001    0.23062237E+0000         1
 37950   -0.39395286E+0001   -0.39395286E+0001    0.41116786E+0000         1
 38000   -0.39393323E+0001   -0.39393323E+0001    0.42113236E+0000         1
 38050   -0.39388601E+0001   -0.39388601E+0001    0.57934550E+0000         1
 38100   -0.39390549E+0001   -0.39390549E+0001    0.53547015E+0000         1
 38150   -0.39391796E+0001   -0.39391796E+0001    0.52210232E+0000         1
 38200   -0.39392528E+0001   -0.39392528E+0001    0.55607237E+0000         1
 38250   -0.39392995E+0001   -0.39392995E+0001    0.48170936E+0000         1
 38300   -0.39396616E+0001   -0.39396616E+0001    0.29604573E+0000         1
 38350   -0.39393458E+0001   -0.39393458E+0001    0.49068464E+0000         1
 38400   -0.39391870E+0001   -0.39391870E+0001    0.49800369E+0000         1
 38450   -0.39396465E+0001   -0.39396465E+0001    0.35068702E+0000         1
 38500   -0.39394139E+0001   -0.39394139E+0001    0.39520853E+0000         1
 38550   -0.39394931E+0001   -0.39394931E+0001    0.41295597E+0000         1
 38600   -0.39388482E+0001   -0.39388482E+0001    0.47327074E+0000         1
 38650   -0.39382775E+0001   -0.39382775E+0001    0.73545135E+0000         1
 38700   -0.39390623E+0001   -0.39390623E+0001    0.48455828E+0000         1
 38750   -0.39392109E+0001   -0.39392109E+0001    0.41657353E+0000         1
 38800   -0.39387739E+0001   -0.39387739E+0001    0.61368651E+0000         1
 38850   -0.39392337E+0001   -0.39392337E+0001    0.45460483E+0000         1
 38900   -0.39391674E+0001   -0.39391674E+0001    0.42087915E+0000         1
 38950   -0.39392493E+0001   -0.39392493E+0001    0.47020900E+0000         1
 39000   -0.39393194E+0001   -0.39393194E+0001    0.35522615E+0000         1
 39050   -0.39389149E+0001   -0.39389149E+0001    0.51984419E+0000         1
 39100   -0.39392168E+0001   -0.39392168E+0001    0.32619167E+0000         1
 39150   -0.39386241E+0001   -0.39386241E+0001    0.55064799E+0000         1
 39200   -0.39391516E+0001   -0.39391516E+0001    0.45773781E+0000         1
 39250   -0.39387435E+0001   -0.39387435E+0001    0.56386064E+0000         1
 39300   -0.39385857E+0001   -0.39385857E+0001    0.56366554E+0000         1
 39350   -0.39389288E+0001   -0.39389288E+0001    0.52255211E+0000         1
 39400   -0.39385265E+0001   -0.39385265E+0001    0.63817222E+0000         1
 39450   -0.39388496E+0001   -0.39388496E+0001    0.59638149E+0000         1
 39500   -0.39390371E+0001   -0.39390371E+0001    0.49476390E+0000         1
 39550   -0.39389878E+0001   -0.39389878E+0001    0.58957420E+0000         1
 39600   -0.39392340E+0001   -0.39392340E+0001    0.49120217E+0000         1
 39650   -0.39389146E+0001   -0.39389146E+0001    0.51614248E+0000         1
 39700   -0.39387429E+0001   -0.39387429E+0001    0.57352430E+0000         1
 39750   -0.39388528E+0001   -0.39388528E+0001    0.44355334E+0000         1
 39800   -0.39391842E+0001   -0.39391842E+0001    0.45350538E+0000         1
 39850   -0.39386366E+0001   -0.39386366E+0001    0.63675980E+0000         1
 39900   -0.39394071E+0001   -0.39394071E+0001    0.38419666E+0000         1
 39950   -0.39389448E+0001   -0.39389448E+0001    0.54290502E+0000         1
 40000   -0.39388803E+0001   -0.39388803E+0001    0.56204638E+0000         1
 40050   -0.39388226E+0001   -0.39388226E+0001    0.56401001E+0000         1
 40100   -0.39394175E+0001   -0.39394175E+0001    0.34479218E+0000         1
 40150   -0.39392588E+0001   -0.39392588E+0001    0.43931798E+0000         1
 40200   -0.39392146E+0001   -0.39392146E+0001    0.53710309E+0000         1
 40250   -0.39391530E+0001   -0.39391530E+0001    0.42553953E+0000         1
 40300   -0.39395546E+0001   -0.39395546E+0001    0.34322736E+0000         1
 40350   -0.39392676E+0001   -0.39392676E+0001    0.46285759E+0000         1
 40400   -0.39390412E+0001   -0.39390412E+0001    0.60171981E+0000         1
 40450   -0.39394506E+0001   -0.39394506E+0001    0.38924577E+0000         1
 40500   -0.39388690E+0001   -0.39388690E+0001    0.61868059E+0000         1
 40550   -0.39388250E+0001   -0.39388250E+0001    0.61771008E+0000         1
 40600   -0.39375242E+0001   -0.39375242E+0001    0.10144666E+0001         1
 40650   -0.39386437E+0001   -0.39386437E+0001    0.63768961E+0000         1
 40700   -0.39393780E+0001   -0.39393780E+0001    0.45800393E+0000         1
 40750   -0.39391701E+0001   -0.39391701E+0001    0.47552560E+0000         1
 40800   -0.39387272E+0001   -0.39387272E+0001    0.62704084E+0000         1
 40850   -0.39380838E+0001   -0.39380838E+0001    0.72703728E+0000         1
 40900   -0.39388065E+0001   -0.39388065E+0001    0.59179322E+0000         1
 40950   -0.39385938E+0001   -0.39385938E+0001    0.55850108E+0000         1
 41000   -0.39389047E+0001   -0.39389047E+0001    0.49857684E+0000         1
 41050   -0.39390891E+0001   -0.39390891E+0001    0.43140300E+0000         1
 41100   -0.39391022E+0001   -0.39391022E+0001    0.48371867E+0000         1
 41150   -0.39391090E+0001   -0.39391090E+0001    0.56623818E+0000         1
 41200   -0.39394069E+0001   -0.39394069E+0001    0.43790016E+0000         1
 41250   -0.39394678E+0001   -0.39394678E+0001    0.46723619E+0000         1
 41300   -0.39393567E+0001   -0.39393567E+0001    0.50583809E+0000         1
 41350   -0.39384258E+0001   -0.39384258E+0001    0.71383386E+0000         1
 41400   -0.39386894E+0001   -0.39386894E+0001    0.60634378E+0000         1
 41450   -0.39392613E+0001   -0.39392613E+0001    0.36185180E+0000         1
 41500   -0.39393916E+0001   -0.39393916E+0001    0.41396005E+0000         1
 41550   -0.39390353E+0001   -0.39390353E+0001    0.49271940E+0000         1
 41600   -0.39385840E+0001   -0.39385840E+0001    0.57459720E+0000         1
 41650   -0.39382103E+0001   -0.39382103E+0001    0.68770601E+0000         1
 41700   -0.39393619E+0001   -0.39393619E+0001    0.38221267E+0000         1
 41750   -0.39394732E+0001   -0.39394732E+0001    0.39223059E+0000         1
 41800   -0.39395738E+0001   -0.39395738E+0001    0.41760158E+0000         1
 41850   -0.39387774E+0001   -0.39387774E+0001    0.62397566E+0000         1
 41900   -0.39387398E+0001   -0.39387398E+0001    0.60699343E+0000         1
 41950   -0.39388633E+0001   -0.39388633E+0001    0.60513778E+0000         1
 42000   -0.39391611E+0001   -0.39391611E+0001    0.49310914E+0000         1
 42050   -0.39388008E+0001   -0.39388008E+0001    0.56338018E+0000         1
 42100   -0.39392899E+0001   -0.39392899E+0001    0.48611889E+0000         1
 42150   -0.39396534E+0001   -0.39396534E+0001    0.34854832E+0000         1
 42200   -0.39395216E+0001   -0.39395216E+0001    0.40910299E+0000         1
 42250   -0.39398159E+0001   -0.39398159E+0001    0.21590162E+0000         1
 42300   -0.39394058E+0001   -0.39394058E+0001    0.47073939E+0000         1
 42350   -0.39386838E+0001   -0.39386838E+0001    0.60747069E+0000         1
 42400   -0.39395313E+0001   -0.39395313E+0001    0.39010890E+0000         1
 42450   -0.39393094E+0001   -0.39393094E+0001    0.42298294E+0000         1
 42500   -0.39393361E+0001   -0.39393361E+0001    0.52594433E+0000         1
 42550   -0.39389333E+0001   -0.39389333E+0001    0.65933685E+0000         1
 42600   -0.39386768E+0001   -0.39386768E+0001    0.73384344E+0000         1
 42650   -0.39389759E+0001   -0.39389759E+0001    0.60634697E+0000         1
 42700   -0.39385098E+0001   -0.39385098E+0001    0.66488126E+0000         1
 42750   -0.39391896E+0001   -0.39391896E+0001    0.50299780E+0000         1
 42800   -0.39380533E+0001   -0.39380533E+0001    0.80328054E+0000         1
 42850   -0.39386286E+0001   -0.39386286E+0001    0.69559270E+0000         1
 42900   -0.39381354E+0001   -0.39381354E+0001    0.70630871E+0000         1
 42950   -0.39380859E+0001   -0.39380859E+0001    0.83390075E+0000         1
 43000   -0.39387676E+0001   -0.39387676E+0001    0.60211040E+0000         1
 43050   -0.39393357E+0001   -0.39393357E+0001    0.32864660E+0000         1
 43100   -0.39393596E+0001   -0.39393596E+0001    0.43144742E+0000         1
 43150   -0.39389839E+0001   -0.39389839E+0001    0.49655225E+0000         1
 43200   -0.39389695E+0001   -0.39389695E+0001    0.57902719E+0000         1
 43250   -0.39393448E+0001   -0.39393448E+0001    0.42220759E+0000         1
 43300   -0.39391361E+0001   -0.39391361E+0001    0.43920655E+0000         1
 43350   -0.39385715E+0001   -0.39385715E+0001    0.70733619E+0000         1
 43400   -0.39390483E+0001   -0.39390483E+0001    0.45178667E+0000         1
 43450   -0.39395658E+0001   -0.39395658E+0001    0.31394338E+0000         1
 43500   -0.39393564E+0001   -0.39393564E+0001    0.39068434E+0000         1
 43550   -0.39391810E+0001   -0.39391810E+0001    0.45474854E+0000         1
 43600   -0.39393466E+0001   -0.39393466E+0001    0.51048019E+0000         1
 43650   -0.39389282E+0001   -0.39389282E+0001    0.66166377E+0000         1
 43700   -0.39395754E+0001   -0.39395754E+0001    0.40197494E+0000         1
 43750   -0.39391347E+0001   -0.39391347E+0001    0.45358387E+0000         1
 43800   -0.39387859E+0001   -0.39387859E+0001    0.59520966E+0000         1
 43850   -0.39390607E+0001   -0.39390607E+0001    0.54236398E+0000         1
 43900   -0.39389627E+0001   -0.39389627E+0001    0.62671358E+0000         1
 43950   -0.39393966E+0001   -0.39393966E+0001    0.45032108E+0000         1
 44000   -0.39393496E+0001   -0.39393496E+0001    0.46434471E+0000         1
 44050   -0.39387508E+0001   -0.39387508E+0001    0.72641814E+0000         1
 44100   -0.39393851E+0001   -0.39393851E+0001    0.53492424E+0000         1
 44150   -0.39393876E+0001   -0.39393876E+0001    0.40840703E+0000         1
 44200   -0.39388691E+0001   -0.39388691E+0001    0.60841360E+0000         1
 44250   -0.39393755E+0001   -0.39393755E+0001    0.46129108E+0000         1
 44300   -0.39387867E+0001   -0.39387867E+0001    0.61837721E+0000         1
 44350   -0.39397173E+0001   -0.39397173E+0001    0.26646367E+0000         1
 44400   -0.39396021E+0001   -0.39396021E+0001    0.44671343E+0000         1
 44450   -0.39394593E+0001   -0.39394593E+0001    0.47312836E+0000         1
 44500   -0.39389611E+0001   -0.39389611E+0001    0.57142990E+0000         1
 44550   -0.39392227E+0001   -0.39392227E+0001    0.45265910E+0000         1
 44600   -0.39395362E+0001   -0.39395362E+0001    0.35873659E+0000         1
 44650   -0.39384979E+0001   -0.39384979E+0001    0.64578382E+0000         1
 44700   -0.39390179E+0001   -0.39390179E+0001    0.61688358E+0000         1
 44750   -0.39394349E+0001   -0.39394349E+0001    0.46284593E+0000         1
 44800   -0.39390311E+0001   -0.39390311E+0001    0.52983937E+0000         1
 44850   -0.39392789E+0001   -0.39392789E+0001    0.46837651E+0000         1
 44900   -0.39397002E+0001   -0.39397002E+0001    0.32652959E+0000         1
 44950   -0.39387287E+0001   -0.39387287E+0001    0.55941540E+0000         1
 45000   -0.39385310E+0001   -0.39385310E+0001    0.58933110E+0000         1
 45050   -0.39387460E+0001   -0.39387460E+0001    0.58668210E+0000         1
 45100   -0.39386931E+0001   -0.39386931E+0001    0.50789418E+0000         1
 45150   -0.39383516E+0001   -0.39383516E+0001    0.69840100E+0000         1
 45200   -0.39386511E+0001   -0.39386511E+0001    0.59069133E+0000         1
 45250   -0.39385863E+0001   -0.39385863E+0001    0.49389635E+0000         1
 45300   -0.39385262E+0001   -0.39385262E+0001    0.64037717E+0000         1
 45350   -0.39390266E+0001   -0.39390266E+0001    0.40745262E+0000         1
 45400   -0.39386429E+0001   -0.39386429E+0001    0.56679048E+0000         1
 45450   -0.39388208E+0001   -0.39388208E+0001    0.53566071E+0000         1
 45500   -0.39391366E+0001   -0.39391366E+0001    0.41177787E+0000         1
 45550   -0.39381725E+0001   -0.39381725E+0001    0.81908452E+0000         1
 45600   -0.39389545E+0001   -0.39389545E+0001    0.47120252E+0000         1
 45650   -0.39392397E+0001   -0.39392397E+0001    0.39471187E+0000         1
 45700   -0.39392939E+0001   -0.39392939E+0001    0.45521061E+0000         1
 45750   -0.39387319E+0001   -0.39387319E+0001    0.57473144E+0000         1
 45800   -0.39390245E+0001   -0.39390245E+0001    0.51844668E+0000         1
 45850   -0.39388458E+0001   -0.39388458E+0001    0.49005071E+0000         1
 45900   -0.39387518E+0001   -0.39387518E+0001    0.50689126E+0000         1
 45950   -0.39385370E+0001   -0.39385370E+0001    0.50027240E+0000         1
 46000   -0.39394976E+0001   -0.39394976E+0001    0.33269835E+0000         1
 46050   -0.39391574E+0001   -0.39391574E+0001    0.47980682E+0000         1
 46100   -0.39386636E+0001   -0.39386636E+0001    0.57012264E+0000         1
 46150   -0.39385607E+0001   -0.39385607E+0001    0.62977515E+0000         1
 46200   -0.39388593E+0001   -0.39388593E+0001    0.58898285E+0000         1
 46250   -0.39389059E+0001   -0.39389059E+0001    0.53720494E+0000         1
 46300   -0.39391126E+0001   -0.39391126E+0001    0.49563485E+0000         1
 46350   -0.39387041E+0001   -0.39387041E+0001    0.55089465E+0000         1
 46400   -0.39386867E+0001   -0.39386867E+0001    0.56403527E+0000         1
 46450   -0.39389905E+0001   -0.39389905E+0001    0.49066480E+0000         1
 46500   -0.39389318E+0001   -0.39389318E+0001    0.58333935E+0000         1
 46550   -0.39386144E+0001   -0.39386144E+0001    0.58249957E+0000         1
 46600   -0.39379065E+0001   -0.39379065E+0001    0.74168902E+0000         1
 46650   -0.39382176E+0001   -0.39382176E+0001    0.70652974E+0000         1
 46700   -0.39393505E+0001   -0.39393505E+0001    0.48771264E+0000         1
 46750   -0.39393017E+0001   -0.39393017E+0001    0.47850798E+0000         1
 46800   -0.39391885E+0001   -0.39391885E+0001    0.50977095E+0000         1
 46850   -0.39391634E+0001   -0.39391634E+0001    0.49459632E+0000         1
 46900   -0.39389258E+0001   -0.39389258E+0001    0.59368404E+0000         1
 46950   -0.39391251E+0001   -0.39391251E+0001    0.46278915E+0000         1
 47000   -0.39387105E+0001   -0.39387105E+0001    0.57151266E+0000         1
 47050   -0.39392153E+0001   -0.39392153E+0001    0.42876151E+0000         1
 47100   -0.39392210E+0001   -0.39392210E+0001    0.58017402E+0000         1
 47150   -0.39390843E+0001   -0.39390843E+0001    0.48883810E+0000         1
 47200   -0.39385237E+0001   -0.39385237E+0001    0.80112972E+0000         1
 47250   -0.39390330E+0001   -0.39390330E+0001    0.60741894E+0000         1
 47300   -0.39392799E+0001   -0.39392799E+0001    0.50856978E+0000         1
 47350   -0.39393381E+0001   -0.39393381E+0001    0.49723606E+0000         1
 47400   -0.39391178E+0001   -0.39391178E+0001    0.45026792E+0000         1
 47450   -0.39390004E+0001   -0.39390004E+0001    0.44839775E+0000         1
 47500   -0.39386080E+0001   -0.39386080E+0001    0.65681005E+0000         1
 47550   -0.39391047E+0001   -0.39391047E+0001    0.43975364E+0000         1
 47600   -0.39392802E+0001   -0.39392802E+0001    0.48046583E+0000         1
 47650   -0.39390736E+0001   -0.39390736E+0001    0.47449494E+0000         1
 47700   -0.39390545E+0001   -0.39390545E+0001    0.46637497E+0000         1
 47750   -0.39388397E+0001   -0.39388397E+0001    0.63834521E+0000         1
 47800   -0.39382853E+0001   -0.39382853E+0001    0.72819263E+0000         1
 47850   -0.39379742E+0001   -0.39379742E+0001    0.74672077E+0000         1
 47900   -0.39390493E+0001   -0.39390493E+0001    0.55374670E+0000         1
 47950   -0.39389817E+0001   -0.39389817E+0001    0.59168774E+0000         1
 48000   -0.39387076E+0001   -0.39387076E+0001    0.62680454E+0000         1
