     1   -0.39239824E+0001   -0.39242952E+0001    0.13419721E+0001     12004
    50   -0.39234745E+0001   -0.39278049E+0001    0.11973553E+0001     12231
   100   -0.39242249E+0001   -0.39295342E+0001    0.11294024E+0001     12648
   150   -0.39254408E+0001   -0.39303067E+0001    0.10612425E+0001     12675
   200   -0.39269189E+0001   -0.39310214E+0001    0.97676037E+0000     13062
   250   -0.39283580E+0001   -0.39321388E+0001    0.91322746E+0000     13325
   300   -0.39295240E+0001   -0.39333141E+0001    0.84879669E+0000     13424
   350   -0.39304643E+0001   -0.39340912E+0001    0.81338014E+0000     13608
   400   -0.39312755E+0001   -0.39350602E+0001    0.72242780E+0000     14130
     1   -0.39239749E+0001   -0.39242903E+0001    0.13419721E+0001     12007
    50   -0.39232425E+0001   -0.39284720E+0001    0.11560301E+0001     12222
   100   -0.39238886E+0001   -0.39302831E+0001    0.10708540E+0001     12682
   150   -0.39255153E+0001   -0.39314716E+0001    0.10120527E+0001     12994
   200   -0.39277814E+0001   -0.39327536E+0001    0.89685755E+0000     13308
   250   -0.39297341E+0001   -0.39337811E+0001    0.81885076E+0000     13616
   300   -0.39315752E+0001   -0.39349856E+0001    0.75318612E+0000     13869
   350   -0.39325663E+0001   -0.39355852E+0001    0.63737115E+0000     14274
   400   -0.39334019E+0001   -0.39362751E+0001    0.65777004E+0000     14467
     1   -0.39239717E+0001   -0.39243096E+0001    0.13419721E+0001     12004
    50   -0.39229776E+0001   -0.39269991E+0001    0.12221268E+0001     12064
   100   -0.39233109E+0001   -0.39291406E+0001    0.11299320E+0001     12110
   150   -0.39244718E+0001   -0.39297163E+0001    0.10995934E+0001     12274
   200   -0.39258822E+0001   -0.39302559E+0001    0.10561989E+0001     12542
   250   -0.39268402E+0001   -0.39315192E+0001    0.10012778E+0001     12999
   300   -0.39275241E+0001   -0.39325721E+0001    0.94243919E+0000     13050
   350   -0.39284436E+0001   -0.39337200E+0001    0.86603281E+0000     13476
   400   -0.39294079E+0001   -0.39345770E+0001    0.85272705E+0000     13845
     1   -0.39239679E+0001   -0.39242874E+0001    0.13419721E+0001     11997
    50   -0.39226922E+0001   -0.39267378E+0001    0.11996517E+0001     12006
   100   -0.39227209E+0001   -0.39272500E+0001    0.11980447E+0001     12335
   150   -0.39235105E+0001   -0.39283396E+0001    0.11510675E+0001     12617
   200   -0.39244700E+0001   -0.39293577E+0001    0.10462878E+0001     13107
   250   -0.39256081E+0001   -0.39304051E+0001    0.10237058E+0001     13143
   300   -0.39269655E+0001   -0.39315418E+0001    0.97379051E+0000     13808
   350   -0.39279210E+0001   -0.39323778E+0001    0.93555365E+0000     13837
   400   -0.39288687E+0001   -0.39332916E+0001    0.92275150E+0000     14127
     1   -0.39239625E+0001   -0.39242908E+0001    0.13419721E+0001     12004
    50   -0.39225393E+0001   -0.39273909E+0001    0.12327868E+0001     11977
   100   -0.39224227E+0001   -0.39282073E+0001    0.11877010E+0001     12242
   150   -0.39231655E+0001   -0.39290103E+0001    0.11467398E+0001     12511
   200   -0.39246382E+0001   -0.39298185E+0001    0.10055140E+0001     12884
   250   -0.39267656E+0001   -0.39308552E+0001    0.98139300E+0000     13470
   300   -0.39277830E+0001   -0.39319246E+0001    0.95282452E+0000     14028
   350   -0.39284059E+0001   -0.39328619E+0001    0.87607435E+0000     14198
   400   -0.39293269E+0001   -0.39338630E+0001    0.81467968E+0000     14717
     1   -0.39239621E+0001   -0.39243025E+0001    0.13419721E+0001     11994
    50   -0.39224412E+0001   -0.39273913E+0001    0.12056951E+0001     12105
   100   -0.39224862E+0001   -0.39281453E+0001    0.12113259E+0001     12541
   150   -0.39232232E+0001   -0.39282757E+0001    0.11709944E+0001     12778
   200   -0.39241038E+0001   -0.39296258E+0001    0.11317053E+0001     13385
   250   -0.39250132E+0001   -0.39297962E+0001    0.10628465E+0001     13505
   300   -0.39262500E+0001   -0.39308932E+0001    0.10484414E+0001     13979
   350   -0.39269817E+0001   -0.39310795E+0001    0.99905703E+0000     14545
   400   -0.39274834E+0001   -0.39316501E+0001    0.10028027E+0001     15085
     1   -0.39239620E+0001   -0.39243192E+0001    0.13419721E+0001     12001
    50   -0.39222420E+0001   -0.39271451E+0001    0.12430988E+0001     12184
   100   -0.39219681E+0001   -0.39272312E+0001    0.12015685E+0001     12514
   150   -0.39228301E+0001   -0.39277162E+0001    0.11437241E+0001     12400
   200   -0.39235859E+0001   -0.39288736E+0001    0.11177610E+0001     12609
   250   -0.39241615E+0001   -0.39284437E+0001    0.11209985E+0001     12916
   300   -0.39245590E+0001   -0.39288795E+0001    0.11194172E+0001     13491
   350   -0.39251702E+0001   -0.39296186E+0001    0.10469613E+0001     13870
   400   -0.39260875E+0001   -0.39310004E+0001    0.10179264E+0001     14385
     1   -0.39239588E+0001   -0.39243038E+0001    0.13419721E+0001     12005
    50   -0.39221097E+0001   -0.39260874E+0001    0.12360696E+0001     12208
   100   -0.39214511E+0001   -0.39270309E+0001    0.12107367E+0001     12570
   150   -0.39216669E+0001   -0.39272539E+0001    0.12246657E+0001     13000
   200   -0.39220151E+0001   -0.39280781E+0001    0.11736647E+0001     13274
   250   -0.39226976E+0001   -0.39279296E+0001    0.11880097E+0001     13891
   300   -0.39230439E+0001   -0.39283485E+0001    0.11893539E+0001     14128
   350   -0.39232786E+0001   -0.39276116E+0001    0.11303520E+0001     14443
   400   -0.39230417E+0001   -0.39277912E+0001    0.11688202E+0001     14707
   450   -0.39225277E+0001   -0.39278217E+0001    0.11475054E+0001     14895
   500   -0.39217625E+0001   -0.39278188E+0001    0.11464166E+0001     15345
   550   -0.39215681E+0001   -0.39275082E+0001    0.11323743E+0001     15911
   600   -0.39217575E+0001   -0.39268461E+0001    0.11166682E+0001     16275
   650   -0.39218622E+0001   -0.39274702E+0001    0.11445442E+0001     16694
   700   -0.39218326E+0001   -0.39272667E+0001    0.11049936E+0001     17335
   750   -0.39218863E+0001   -0.39272335E+0001    0.10905887E+0001     17770
   800   -0.39220064E+0001   -0.39276748E+0001    0.10596617E+0001     18317
   850   -0.39223207E+0001   -0.39283717E+0001    0.10549943E+0001     18534
   900   -0.39232758E+0001   -0.39291054E+0001    0.10478476E+0001     18851
     1   -0.39239537E+0001   -0.39243269E+0001    0.13419721E+0001     11998
    50   -0.39219477E+0001   -0.39266177E+0001    0.12575780E+0001     11975
   100   -0.39211872E+0001   -0.39264333E+0001    0.12898704E+0001     12220
   150   -0.39211742E+0001   -0.39285436E+0001    0.11396414E+0001     12873
   200   -0.39239478E+0001   -0.39295958E+0001    0.10929471E+0001     13593
   250   -0.39259181E+0001   -0.39303555E+0001    0.10484310E+0001     14150
   300   -0.39265416E+0001   -0.39308968E+0001    0.98300590E+0000     14679
   350   -0.39269902E+0001   -0.39318796E+0001    0.96907702E+0000     14885
   400   -0.39275039E+0001   -0.39316581E+0001    0.89494226E+0000     15465
     1   -0.39239525E+0001   -0.39243261E+0001    0.13419721E+0001     12005
    50   -0.39217869E+0001   -0.39262763E+0001    0.12348084E+0001     12001
   100   -0.39209736E+0001   -0.39266419E+0001    0.12503323E+0001     12122
   150   -0.39213668E+0001   -0.39270019E+0001    0.12383748E+0001     12487
   200   -0.39218711E+0001   -0.39270857E+0001    0.11737779E+0001     13071
   250   -0.39223570E+0001   -0.39271895E+0001    0.11630194E+0001     13458
   300   -0.39223864E+0001   -0.39276232E+0001    0.11673546E+0001     13949
   350   -0.39222098E+0001   -0.39264971E+0001    0.11707290E+0001     14506
   400   -0.39218487E+0001   -0.39256987E+0001    0.11437380E+0001     14870
   450   -0.39212833E+0001   -0.39262281E+0001    0.11113773E+0001     15199
   500   -0.39207677E+0001   -0.39259440E+0001    0.11121662E+0001     15612
   550   -0.39204607E+0001   -0.39261477E+0001    0.10584032E+0001     15774
   600   -0.39209731E+0001   -0.39267260E+0001    0.10482875E+0001     16089
   650   -0.39214877E+0001   -0.39261586E+0001    0.10675401E+0001     16423
   700   -0.39216398E+0001   -0.39267100E+0001    0.10710504E+0001     16769
   750   -0.39217185E+0001   -0.39263819E+0001    0.10767142E+0001     17330
   800   -0.39214189E+0001   -0.39266739E+0001    0.10702137E+0001     17893
   850   -0.39209613E+0001   -0.39262123E+0001    0.11147399E+0001     18194
   900   -0.39206414E+0001   -0.39268991E+0001    0.10575825E+0001     18585
   950   -0.39205979E+0001   -0.39270774E+0001    0.10787766E+0001     19065
  1000   -0.39211923E+0001   -0.39274696E+0001    0.10075141E+0001     19739
  1050   -0.39222962E+0001   -0.39282183E+0001    0.10001610E+0001     20235
  1100   -0.39235719E+0001   -0.39279614E+0001    0.99228736E+0000     20845
  1150   -0.39239987E+0001   -0.39278978E+0001    0.10078376E+0001     21630
  1200   -0.39239955E+0001   -0.39288527E+0001    0.98936095E+0000     22158
  1250   -0.39238405E+0001   -0.39278163E+0001    0.10028473E+0001     22715
  1300   -0.39236295E+0001   -0.39280709E+0001    0.10041412E+0001     23050
  1350   -0.39234529E+0001   -0.39281267E+0001    0.10007114E+0001     23373
  1400   -0.39231879E+0001   -0.39285485E+0001    0.10303834E+0001     23933
  1450   -0.39228866E+0001   -0.39279293E+0001    0.10168766E+0001     24854
  1500   -0.39227142E+0001   -0.39282131E+0001    0.10505911E+0001     25624
  1550   -0.39226217E+0001   -0.39279624E+0001    0.10506490E+0001     26369
  1600   -0.39228275E+0001   -0.39288842E+0001    0.10427564E+0001     26762
  1601   -0.39229074E+0001   -0.39229074E+0001    0.10717361E+0001     12000
  1650   -0.39246686E+0001   -0.39279599E+0001    0.94004944E+0000     12045
  1700   -0.39237608E+0001   -0.39281973E+0001    0.99280209E+0000     12124
  1750   -0.39231709E+0001   -0.39274031E+0001    0.99472001E+0000     12389
  1800   -0.39228882E+0001   -0.39278878E+0001    0.96577258E+0000     12744
  1850   -0.39231537E+0001   -0.39275339E+0001    0.97904650E+0000     12975
  1900   -0.39235539E+0001   -0.39278196E+0001    0.97647169E+0000     13296
  1950   -0.39237679E+0001   -0.39278761E+0001    0.10220993E+0001     13486
  2000   -0.39238151E+0001   -0.39279765E+0001    0.10519629E+0001     13889
  2050   -0.39235103E+0001   -0.39282031E+0001    0.10101936E+0001     14124
  2100   -0.39234774E+0001   -0.39291177E+0001    0.99899685E+0000     14454
     1   -0.39239583E+0001   -0.39243091E+0001    0.13419721E+0001     12006
    50   -0.39219487E+0001   -0.39262706E+0001    0.12201740E+0001     12091
   100   -0.39212535E+0001   -0.39263274E+0001    0.12539919E+0001     12204
   150   -0.39213253E+0001   -0.39266263E+0001    0.12299743E+0001     12586
   200   -0.39216008E+0001   -0.39272150E+0001    0.11819023E+0001     13029
   250   -0.39220811E+0001   -0.39276445E+0001    0.11500486E+0001     13331
   300   -0.39220750E+0001   -0.39271634E+0001    0.11594835E+0001     13347
   350   -0.39215275E+0001   -0.39268611E+0001    0.11143178E+0001     13187
   400   -0.39213473E+0001   -0.39269657E+0001    0.11051820E+0001     13424
   450   -0.39213160E+0001   -0.39269857E+0001    0.11161039E+0001     14021
   500   -0.39218794E+0001   -0.39270963E+0001    0.11338884E+0001     14201
   550   -0.39221537E+0001   -0.39263932E+0001    0.11017006E+0001     14534
   600   -0.39219889E+0001   -0.39270721E+0001    0.10326177E+0001     15046
   650   -0.39218452E+0001   -0.39270874E+0001    0.10681523E+0001     15468
   700   -0.39221742E+0001   -0.39267160E+0001    0.10558550E+0001     15860
   750   -0.39226328E+0001   -0.39274340E+0001    0.10834626E+0001     16130
   800   -0.39226530E+0001   -0.39269859E+0001    0.10583205E+0001     16645
   850   -0.39223855E+0001   -0.39271641E+0001    0.10533429E+0001     17282
   900   -0.39222572E+0001   -0.39278189E+0001    0.10271143E+0001     17801
   950   -0.39223752E+0001   -0.39271570E+0001    0.10900402E+0001     18198
  1000   -0.39223310E+0001   -0.39283269E+0001    0.10845249E+0001     19015
  1050   -0.39225023E+0001   -0.39275248E+0001    0.10518991E+0001     19405
  1100   -0.39231041E+0001   -0.39280968E+0001    0.98953469E+0000     19905
  1150   -0.39235187E+0001   -0.39281599E+0001    0.10359384E+0001     20402
  1200   -0.39234784E+0001   -0.39277978E+0001    0.10333512E+0001     20799
  1250   -0.39231186E+0001   -0.39280569E+0001    0.10360259E+0001     21558
  1300   -0.39227766E+0001   -0.39281311E+0001    0.10172246E+0001     22071
  1350   -0.39230133E+0001   -0.39286689E+0001    0.94617420E+0000     22535
  1400   -0.39233508E+0001   -0.39291013E+0001    0.98707777E+0000     23372
  1450   -0.39237327E+0001   -0.39298049E+0001    0.97175262E+0000     23930
     1   -0.39239491E+0001   -0.39242895E+0001    0.13419721E+0001     11993
    50   -0.39217410E+0001   -0.39259718E+0001    0.12652962E+0001     12017
   100   -0.39209149E+0001   -0.39258918E+0001    0.12420474E+0001     12196
   150   -0.39208305E+0001   -0.39260020E+0001    0.12479613E+0001     12734
   200   -0.39211370E+0001   -0.39253666E+0001    0.12511016E+0001     13146
   250   -0.39210657E+0001   -0.39258914E+0001    0.12360875E+0001     13593
   300   -0.39209160E+0001   -0.39253185E+0001    0.12060564E+0001     14075
   350   -0.39206643E+0001   -0.39253344E+0001    0.11905047E+0001     14491
   400   -0.39204218E+0001   -0.39250107E+0001    0.11851869E+0001     14844
   450   -0.39205668E+0001   -0.39254187E+0001    0.11702113E+0001     15442
   500   -0.39204285E+0001   -0.39265537E+0001    0.11275489E+0001     15797
   550   -0.39207646E+0001   -0.39266065E+0001    0.11033585E+0001     16277
   600   -0.39213602E+0001   -0.39267311E+0001    0.11215123E+0001     16567
   650   -0.39215280E+0001   -0.39267932E+0001    0.11252323E+0001     16988
   700   -0.39219075E+0001   -0.39266959E+0001    0.10843950E+0001     17472
   750   -0.39220141E+0001   -0.39271106E+0001    0.11235868E+0001     17933
   800   -0.39219573E+0001   -0.39276499E+0001    0.10660537E+0001     18468
   850   -0.39220464E+0001   -0.39265246E+0001    0.11090208E+0001     18490
   900   -0.39218529E+0001   -0.39271888E+0001    0.11230122E+0001     18822
   950   -0.39217389E+0001   -0.39273165E+0001    0.11329967E+0001     19312
  1000   -0.39217136E+0001   -0.39285839E+0001    0.11137905E+0001     20251
  1050   -0.39213421E+0001   -0.39281120E+0001    0.11281063E+0001     20709
  1100   -0.39207287E+0001   -0.39276342E+0001    0.10960289E+0001     21222
  1150   -0.39203133E+0001   -0.39267521E+0001    0.10668408E+0001     21466
  1200   -0.39210229E+0001   -0.39270193E+0001    0.11088904E+0001     21972
  1250   -0.39214129E+0001   -0.39265236E+0001    0.11089408E+0001     22752
  1300   -0.39209778E+0001   -0.39264824E+0001    0.10825552E+0001     23242
  1350   -0.39207187E+0001   -0.39272171E+0001    0.10447803E+0001     23752
  1400   -0.39216075E+0001   -0.39274667E+0001    0.10612327E+0001     24732
  1450   -0.39222527E+0001   -0.39270271E+0001    0.10742800E+0001     25674
  1500   -0.39221726E+0001   -0.39271356E+0001    0.10882323E+0001     26182
  1550   -0.39217382E+0001   -0.39264402E+0001    0.10792421E+0001     26359
  1600   -0.39212389E+0001   -0.39266900E+0001    0.11138630E+0001     26670
  1601   -0.39213284E+0001   -0.39213284E+0001    0.11209110E+0001     12000
  1650   -0.39232378E+0001   -0.39265464E+0001    0.10027748E+0001     12019
  1700   -0.39221748E+0001   -0.39263307E+0001    0.10065864E+0001     11938
  1750   -0.39214656E+0001   -0.39262204E+0001    0.10518365E+0001     12125
  1800   -0.39210658E+0001   -0.39259089E+0001    0.10365495E+0001     12378
  1850   -0.39207715E+0001   -0.39254681E+0001    0.10969346E+0001     12431
  1900   -0.39206468E+0001   -0.39260726E+0001    0.11116501E+0001     12566
  1950   -0.39205440E+0001   -0.39253416E+0001    0.11122801E+0001     12904
  2000   -0.39201510E+0001   -0.39253761E+0001    0.11103358E+0001     13287
  2050   -0.39197457E+0001   -0.39255872E+0001    0.11008251E+0001     13647
  2100   -0.39196428E+0001   -0.39250208E+0001    0.11324657E+0001     14094
  2150   -0.39199677E+0001   -0.39246023E+0001    0.11475205E+0001     14449
  2200   -0.39200757E+0001   -0.39256223E+0001    0.10975789E+0001     14530
  2250   -0.39200409E+0001   -0.39253050E+0001    0.10848791E+0001     14974
  2300   -0.39200309E+0001   -0.39245136E+0001    0.11063494E+0001     15161
  2350   -0.39198216E+0001   -0.39241686E+0001    0.10985846E+0001     15251
  2400   -0.39194255E+0001   -0.39250093E+0001    0.11287286E+0001     15686
  2450   -0.39193886E+0001   -0.39247541E+0001    0.11085466E+0001     16096
  2500   -0.39197574E+0001   -0.39245387E+0001    0.10946370E+0001     16693
  2550   -0.39197378E+0001   -0.39256466E+0001    0.11252285E+0001     17058
  2600   -0.39194371E+0001   -0.39247662E+0001    0.10875624E+0001     17688
  2650   -0.39191412E+0001   -0.39238164E+0001    0.11150024E+0001     17904
  2700   -0.39191723E+0001   -0.39240304E+0001    0.11247020E+0001     18128
  2750   -0.39191875E+0001   -0.39234253E+0001    0.11421596E+0001     18462
  2800   -0.39187099E+0001   -0.39236835E+0001    0.11398432E+0001     18675
  2850   -0.39183041E+0001   -0.39241531E+0001    0.11281346E+0001     19258
  2900   -0.39182673E+0001   -0.39244561E+0001    0.10998258E+0001     19829
  2950   -0.39190576E+0001   -0.39248974E+0001    0.10591494E+0001     20572
  3000   -0.39196591E+0001   -0.39250813E+0001    0.10815534E+0001     21177
  3050   -0.39198614E+0001   -0.39258759E+0001    0.10745946E+0001     21368
  3100   -0.39199121E+0001   -0.39258674E+0001    0.11175039E+0001     22091
  3150   -0.39196989E+0001   -0.39254334E+0001    0.11133754E+0001     22642
  3200   -0.39194635E+0001   -0.39252240E+0001    0.10870525E+0001     23127
  3201   -0.39195588E+0001   -0.39195588E+0001    0.11666834E+0001     12000
  3250   -0.39216714E+0001   -0.39250533E+0001    0.10507659E+0001     12026
  3300   -0.39206289E+0001   -0.39247540E+0001    0.10792679E+0001     12158
  3350   -0.39200340E+0001   -0.39246011E+0001    0.10617941E+0001     12245
  3400   -0.39200626E+0001   -0.39253440E+0001    0.10834130E+0001     12417
  3450   -0.39200879E+0001   -0.39252671E+0001    0.11088587E+0001     12762
  3500   -0.39198741E+0001   -0.39244757E+0001    0.10950439E+0001     13084
  3550   -0.39194902E+0001   -0.39246564E+0001    0.10764038E+0001     13397
  3600   -0.39196296E+0001   -0.39251711E+0001    0.10975656E+0001     13870
  3650   -0.39204219E+0001   -0.39265740E+0001    0.97477689E+0000     14083
  3700   -0.39211805E+0001   -0.39270043E+0001    0.10093967E+0001     14332
  3750   -0.39223765E+0001   -0.39271478E+0001    0.10349174E+0001     14629
  3800   -0.39230986E+0001   -0.39281134E+0001    0.10329980E+0001     15230
  3850   -0.39231788E+0001   -0.39281587E+0001    0.95558831E+0000     15630
  3900   -0.39233414E+0001   -0.39282826E+0001    0.99345414E+0000     15957
  3950   -0.39239107E+0001   -0.39292988E+0001    0.10131095E+0001     16260
  4000   -0.39239626E+0001   -0.39289546E+0001    0.10020162E+0001     16665
  4050   -0.39237337E+0001   -0.39286278E+0001    0.10465219E+0001     17147
  4100   -0.39235051E+0001   -0.39291963E+0001    0.10314779E+0001     17419
  4150   -0.39234139E+0001   -0.39291537E+0001    0.10098320E+0001     17800
  4200   -0.39235138E+0001   -0.39290093E+0001    0.97939109E+0000     18141
  4250   -0.39239957E+0001   -0.39300573E+0001    0.96871952E+0000     18663
     1   -0.39239610E+0001   -0.39243303E+0001    0.13419721E+0001     11998
    50   -0.39220484E+0001   -0.39264779E+0001    0.12648257E+0001     12191
   100   -0.39213931E+0001   -0.39271877E+0001    0.12168818E+0001     12457
   150   -0.39218194E+0001   -0.39277209E+0001    0.12063261E+0001     12716
   200   -0.39223579E+0001   -0.39272858E+0001    0.11937300E+0001     13174
   250   -0.39226954E+0001   -0.39279873E+0001    0.11552471E+0001     13511
   300   -0.39234597E+0001   -0.39285542E+0001    0.11485105E+0001     13858
   350   -0.39236608E+0001   -0.39286767E+0001    0.11232910E+0001     14014
   400   -0.39239254E+0001   -0.39291927E+0001    0.11240805E+0001     14470
     1   -0.39239552E+0001   -0.39243200E+0001    0.13419721E+0001     12001
    50   -0.39219026E+0001   -0.39263806E+0001    0.12549805E+0001     12201
   100   -0.39211196E+0001   -0.39261886E+0001    0.12680955E+0001     12543
   150   -0.39213734E+0001   -0.39273997E+0001    0.12105134E+0001     12835
   200   -0.39215901E+0001   -0.39276823E+0001    0.11438781E+0001     13355
   250   -0.39232080E+0001   -0.39285739E+0001    0.10521643E+0001     14073
   300   -0.39248809E+0001   -0.39293578E+0001    0.10445260E+0001     14592
   350   -0.39250845E+0001   -0.39294406E+0001    0.10346823E+0001     15124
   400   -0.39252851E+0001   -0.39295755E+0001    0.96656037E+0000     15712
     1   -0.39239530E+0001   -0.39242991E+0001    0.13419721E+0001     12002
    50   -0.39218030E+0001   -0.39265186E+0001    0.12562890E+0001     12185
   100   -0.39209145E+0001   -0.39262514E+0001    0.12373371E+0001     12570
   150   -0.39208395E+0001   -0.39267072E+0001    0.12429818E+0001     12919
   200   -0.39215293E+0001   -0.39266606E+0001    0.12318772E+0001     13431
   250   -0.39216747E+0001   -0.39273436E+0001    0.12059261E+0001     13839
   300   -0.39222984E+0001   -0.39280458E+0001    0.11138867E+0001     14102
   350   -0.39239604E+0001   -0.39285875E+0001    0.10433847E+0001     14352
   400   -0.39248852E+0001   -0.39291523E+0001    0.10380082E+0001     14704
     1   -0.39239497E+0001   -0.39243389E+0001    0.13419721E+0001     11999
    50   -0.39216781E+0001   -0.39263986E+0001    0.12506714E+0001     12279
   100   -0.39207647E+0001   -0.39255217E+0001    0.12706209E+0001     12502
   150   -0.39205507E+0001   -0.39250386E+0001    0.12610527E+0001     12830
   200   -0.39201162E+0001   -0.39253363E+0001    0.12105736E+0001     12991
   250   -0.39203576E+0001   -0.39257610E+0001    0.11962274E+0001     13568
   300   -0.39201680E+0001   -0.39248823E+0001    0.11991069E+0001     13851
   350   -0.39199253E+0001   -0.39250001E+0001    0.11988112E+0001     14012
   400   -0.39196406E+0001   -0.39248417E+0001    0.12217740E+0001     14094
   450   -0.39193656E+0001   -0.39245137E+0001    0.12051260E+0001     14258
   500   -0.39188099E+0001   -0.39241459E+0001    0.11640935E+0001     14865
   550   -0.39189161E+0001   -0.39242486E+0001    0.11839221E+0001     15511
   600   -0.39188033E+0001   -0.39233769E+0001    0.12132981E+0001     15854
   650   -0.39181194E+0001   -0.39232347E+0001    0.12329812E+0001     16359
   700   -0.39174068E+0001   -0.39224010E+0001    0.12272076E+0001     16750
   750   -0.39166317E+0001   -0.39223906E+0001    0.12499907E+0001     16974
   800   -0.39160421E+0001   -0.39223059E+0001    0.12522868E+0001     17540
   850   -0.39160091E+0001   -0.39223971E+0001    0.12622833E+0001     17921
   900   -0.39159911E+0001   -0.39221348E+0001    0.12714766E+0001     18327
   950   -0.39161081E+0001   -0.39223389E+0001    0.12676054E+0001     18724
  1000   -0.39152947E+0001   -0.39213325E+0001    0.12871019E+0001     19015
  1050   -0.39144361E+0001   -0.39199660E+0001    0.13140418E+0001     19500
  1100   -0.39140001E+0001   -0.39206733E+0001    0.13233294E+0001     20266
  1150   -0.39134696E+0001   -0.39184646E+0001    0.13344743E+0001     20887
  1200   -0.39124035E+0001   -0.39177026E+0001    0.13453275E+0001     20997
  1250   -0.39116435E+0001   -0.39177079E+0001    0.13059679E+0001     21192
  1300   -0.39114398E+0001   -0.39182708E+0001    0.12727078E+0001     21377
  1350   -0.39122513E+0001   -0.39182361E+0001    0.12976585E+0001     21477
  1400   -0.39126474E+0001   -0.39177947E+0001    0.13013100E+0001     22044
  1450   -0.39114983E+0001   -0.39172052E+0001    0.13409775E+0001     22918
  1500   -0.39100620E+0001   -0.39161650E+0001    0.13505833E+0001     23223
  1550   -0.39089996E+0001   -0.39158467E+0001    0.13694781E+0001     23630
  1600   -0.39083015E+0001   -0.39152212E+0001    0.13561387E+0001     24462
  1601   -0.39084387E+0001   -0.39084387E+0001    0.13979786E+0001     12000
  1650   -0.39113804E+0001   -0.39157428E+0001    0.12881762E+0001     12034
  1700   -0.39094248E+0001   -0.39150540E+0001    0.13088026E+0001     12248
  1750   -0.39079838E+0001   -0.39142530E+0001    0.13323197E+0001     12406
  1800   -0.39069622E+0001   -0.39149410E+0001    0.13843301E+0001     12344
  1850   -0.39059697E+0001   -0.39128510E+0001    0.13817219E+0001     12582
  1900   -0.39047227E+0001   -0.39111899E+0001    0.14186379E+0001     12722
  1950   -0.39035875E+0001   -0.39100848E+0001    0.14268474E+0001     12969
  2000   -0.39025474E+0001   -0.39099413E+0001    0.14500171E+0001     13481
  2050   -0.39011552E+0001   -0.39081714E+0001    0.14524825E+0001     13799
  2100   -0.38997229E+0001   -0.39090489E+0001    0.14437605E+0001     14323
  2150   -0.38983286E+0001   -0.39067383E+0001    0.14850033E+0001     14536
  2200   -0.38969468E+0001   -0.39089631E+0001    0.14770646E+0001     14815
  2250   -0.38955075E+0001   -0.39077744E+0001    0.15209564E+0001     15313
  2300   -0.38940442E+0001   -0.39083866E+0001    0.14329148E+0001     15542
  2350   -0.38938004E+0001   -0.39073615E+0001    0.14716852E+0001     15927
  2400   -0.38973456E+0001   -0.39076994E+0001    0.14672941E+0001     16115
  2450   -0.38986183E+0001   -0.39065405E+0001    0.14968349E+0001     16726
  2500   -0.38972037E+0001   -0.39062028E+0001    0.14840766E+0001     17161
  2550   -0.38953386E+0001   -0.39048287E+0001    0.15128623E+0001     17348
  2600   -0.38942830E+0001   -0.39035983E+0001    0.15388594E+0001     17472
  2650   -0.38929871E+0001   -0.39017682E+0001    0.15314459E+0001     17678
  2700   -0.38913322E+0001   -0.39009357E+0001    0.15609602E+0001     17906
  2750   -0.38899809E+0001   -0.38992832E+0001    0.15524092E+0001     18313
  2800   -0.38886723E+0001   -0.38978216E+0001    0.15857803E+0001     18805
  2850   -0.38870298E+0001   -0.38971115E+0001    0.15868495E+0001     19005
  2900   -0.38848257E+0001   -0.38947484E+0001    0.15882612E+0001     19557
  2950   -0.38822378E+0001   -0.38944750E+0001    0.16068785E+0001     19812
  3000   -0.38791708E+0001   -0.38908010E+0001    0.16278716E+0001     20326
  3050   -0.38761997E+0001   -0.38879896E+0001    0.16424792E+0001     20840
  3100   -0.38733200E+0001   -0.38858361E+0001    0.16392340E+0001     21190
  3150   -0.38702018E+0001   -0.38826078E+0001    0.16501504E+0001     21762
  3200   -0.38666099E+0001   -0.38820320E+0001    0.16364453E+0001     22321
  3201   -0.38668038E+0001   -0.38668038E+0001    0.16433990E+0001     12000
  3250   -0.38709159E+0001   -0.38765992E+0001    0.16167456E+0001     12066
  3300   -0.38675205E+0001   -0.38750007E+0001    0.16398973E+0001     12100
  3350   -0.38641195E+0001   -0.38740392E+0001    0.16505999E+0001     12053
  3400   -0.38606314E+0001   -0.38719047E+0001    0.16399575E+0001     12088
  3450   -0.38573445E+0001   -0.38696752E+0001    0.16405752E+0001     12179
  3500   -0.38544205E+0001   -0.38667980E+0001    0.16526753E+0001     12599
  3550   -0.38513449E+0001   -0.38661985E+0001    0.16452175E+0001     12833
  3600   -0.38480942E+0001   -0.38606867E+0001    0.16483606E+0001     12931
  3650   -0.38444202E+0001   -0.38576196E+0001    0.16299574E+0001     12890
  3700   -0.38402158E+0001   -0.38547292E+0001    0.16123857E+0001     13214
  3750   -0.38358541E+0001   -0.38507950E+0001    0.16171943E+0001     13417
  3800   -0.38312977E+0001   -0.38475246E+0001    0.15947882E+0001     13818
  3850   -0.38266730E+0001   -0.38455812E+0001    0.15761262E+0001     14383
  3900   -0.38219612E+0001   -0.38429543E+0001    0.15641125E+0001     14681
  3950   -0.38171250E+0001   -0.38377718E+0001    0.15336146E+0001     14658
  4000   -0.38116925E+0001   -0.38332205E+0001    0.15054974E+0001     14815
  4050   -0.38058426E+0001   -0.38288801E+0001    0.14791244E+0001     15192
  4100   -0.37997926E+0001   -0.38224849E+0001    0.14761897E+0001     15661
  4150   -0.37939570E+0001   -0.38168569E+0001    0.14380876E+0001     15943
  4200   -0.37886807E+0001   -0.38149101E+0001    0.14287840E+0001     16268
  4250   -0.37842145E+0001   -0.38073209E+0001    0.14133119E+0001     16804
  4300   -0.37805178E+0001   -0.38027788E+0001    0.13899054E+0001     17097
  4350   -0.37774469E+0001   -0.37958332E+0001    0.13766391E+0001     17156
  4400   -0.37745712E+0001   -0.37912551E+0001    0.13513469E+0001     17156
  4450   -0.37718272E+0001   -0.37878297E+0001    0.13411121E+0001     17370
  4500   -0.37693387E+0001   -0.37864551E+0001    0.13241699E+0001     17777
  4550   -0.37668859E+0001   -0.37853431E+0001    0.12964660E+0001     17991
  4600   -0.37646581E+0001   -0.37842527E+0001    0.12794426E+0001     18343
  4650   -0.37623774E+0001   -0.37824831E+0001    0.12511041E+0001     18653
  4700   -0.37601522E+0001   -0.37760229E+0001    0.12236217E+0001     19189
  4750   -0.37578565E+0001   -0.37731889E+0001    0.12175936E+0001     19427
  4800   -0.37553741E+0001   -0.37676813E+0001    0.12017395E+0001     19583
  4801   -0.37554737E+0001   -0.37554737E+0001    0.11858335E+0001     12000
  4850   -0.37576551E+0001   -0.37617303E+0001    0.11884930E+0001     11977
  4900   -0.37556832E+0001   -0.37617606E+0001    0.11948576E+0001     12022
  4950   -0.37536207E+0001   -0.37598478E+0001    0.11771719E+0001     12206
  5000   -0.37515387E+0001   -0.37583897E+0001    0.11642180E+0001     12470
  5050   -0.37494917E+0001   -0.37585585E+0001    0.11708660E+0001     12662
  5100   -0.37474878E+0001   -0.37569550E+0001    0.11650178E+0001     12953
  5150   -0.37453960E+0001   -0.37545492E+0001    0.11457897E+0001     13100
  5200   -0.37433859E+0001   -0.37510391E+0001    0.11231451E+0001     13456
  5250   -0.37412380E+0001   -0.37491262E+0001    0.10894643E+0001     13702
  5300   -0.37392079E+0001   -0.37472629E+0001    0.10798190E+0001     14047
  5350   -0.37373921E+0001   -0.37462542E+0001    0.10340929E+0001     14210
  5400   -0.37354542E+0001   -0.37436032E+0001    0.10296539E+0001     14425
  5450   -0.37334823E+0001   -0.37419198E+0001    0.10308361E+0001     14752
  5500   -0.37318385E+0001   -0.37410839E+0001    0.10213952E+0001     14876
  5550   -0.37301699E+0001   -0.37401612E+0001    0.97058782E+0000     15089
  5600   -0.37282538E+0001   -0.37389345E+0001    0.95971842E+0000     15114
  5650   -0.37264672E+0001   -0.37385376E+0001    0.96603651E+0000     15168
  5700   -0.37247702E+0001   -0.37377904E+0001    0.92380875E+0000     15417
  5750   -0.37231502E+0001   -0.37369377E+0001    0.88935990E+0000     15358
  5800   -0.37214314E+0001   -0.37356547E+0001    0.87636448E+0000     15794
  5850   -0.37199892E+0001   -0.37315226E+0001    0.86611282E+0000     16136
  5900   -0.37188336E+0001   -0.37263278E+0001    0.84120771E+0000     16203
  5950   -0.37177712E+0001   -0.37255280E+0001    0.86029271E+0000     16411
  6000   -0.37166999E+0001   -0.37251399E+0001    0.83837869E+0000     16878
  6050   -0.37157075E+0001   -0.37236746E+0001    0.80069475E+0000     17304
  6100   -0.37146498E+0001   -0.37211627E+0001    0.80697408E+0000     17684
  6150   -0.37134545E+0001   -0.37201582E+0001    0.80046935E+0000     18155
  6200   -0.37123118E+0001   -0.37201880E+0001    0.79204257E+0000     18407
  6250   -0.37112971E+0001   -0.37199026E+0001    0.78178686E+0000     19064
  6300   -0.37101872E+0001   -0.37185615E+0001    0.78059671E+0000     19522
  6350   -0.37092139E+0001   -0.37185988E+0001    0.74129721E+0000     19980
  6400   -0.37082497E+0001   -0.37164808E+0001    0.72255622E+0000     20065
  6401   -0.37082843E+0001   -0.37082843E+0001    0.68813977E+0000     12000
  6450   -0.37090387E+0001   -0.37114548E+0001    0.69040881E+0000     11987
  6500   -0.37084297E+0001   -0.37114505E+0001    0.70487621E+0000     12236
  6550   -0.37077992E+0001   -0.37114385E+0001    0.70508521E+0000     12413
  6600   -0.37071078E+0001   -0.37104175E+0001    0.70354590E+0000     12683
  6650   -0.37064736E+0001   -0.37109255E+0001    0.70730676E+0000     13017
  6700   -0.37058203E+0001   -0.37111293E+0001    0.70826633E+0000     13138
  6750   -0.37051949E+0001   -0.37093584E+0001    0.71527195E+0000     13428
  6800   -0.37046718E+0001   -0.37087751E+0001    0.65276340E+0000     13883
  6850   -0.37041087E+0001   -0.37084641E+0001    0.65690737E+0000     13774
  6900   -0.37035533E+0001   -0.37083922E+0001    0.67742426E+0000     14110
  6950   -0.37030008E+0001   -0.37074064E+0001    0.62748173E+0000     14389
  7000   -0.37025046E+0001   -0.37079171E+0001    0.63553479E+0000     14662
  7050   -0.37019527E+0001   -0.37069213E+0001    0.64942998E+0000     15210
  7100   -0.37013222E+0001   -0.37058750E+0001    0.61469846E+0000     15496
  7150   -0.37006845E+0001   -0.37048215E+0001    0.62753768E+0000     16014
  7200   -0.37001608E+0001   -0.37044195E+0001    0.61655053E+0000     16186
  7250   -0.36995935E+0001   -0.37043174E+0001    0.59559872E+0000     16488
  7300   -0.36989591E+0001   -0.37039364E+0001    0.58240980E+0000     16914
  7350   -0.36985143E+0001   -0.37025894E+0001    0.58968030E+0000     17097
  7400   -0.36981813E+0001   -0.37023467E+0001    0.57599313E+0000     17401
  7450   -0.36978105E+0001   -0.37023522E+0001    0.54934426E+0000     17692
  7500   -0.36973397E+0001   -0.37015307E+0001    0.54829201E+0000     18171
  7550   -0.36969388E+0001   -0.37014826E+0001    0.55065638E+0000     18694
  7600   -0.36965802E+0001   -0.37003925E+0001    0.53266019E+0000     18931
  7650   -0.36962488E+0001   -0.37005715E+0001    0.53328328E+0000     19221
  7700   -0.36959360E+0001   -0.36999091E+0001    0.53920815E+0000     19633
  7750   -0.36955163E+0001   -0.37008150E+0001    0.50509676E+0000     19794
  7800   -0.36950741E+0001   -0.36995236E+0001    0.42419698E+0000     20012
  7850   -0.36944942E+0001   -0.36994654E+0001    0.45850683E+0000     20814
  7900   -0.36939234E+0001   -0.36984937E+0001    0.43268421E+0000     21263
  7950   -0.36935240E+0001   -0.36978238E+0001    0.47604075E+0000     21882
  8000   -0.36931750E+0001   -0.36976673E+0001    0.37860251E+0000     22149
  8001   -0.36931841E+0001   -0.36931841E+0001    0.36345637E+0000     12000
  8050   -0.36933960E+0001   -0.36947351E+0001    0.39018697E+0000     11983
  8100   -0.36932365E+0001   -0.36945359E+0001    0.37676113E+0000     12033
  8150   -0.36930646E+0001   -0.36945796E+0001    0.42820907E+0000     12289
  8200   -0.36928631E+0001   -0.36946036E+0001    0.40556439E+0000     12461
  8250   -0.36926663E+0001   -0.36947488E+0001    0.41686998E+0000     12734
  8300   -0.36924545E+0001   -0.36944908E+0001    0.42362301E+0000     12896
  8350   -0.36922223E+0001   -0.36945362E+0001    0.41512126E+0000     13205
  8400   -0.36920195E+0001   -0.36948109E+0001    0.40423626E+0000     13500
  8450   -0.36918724E+0001   -0.36949639E+0001    0.42469606E+0000     13815
  8500   -0.36916820E+0001   -0.36950724E+0001    0.38614051E+0000     13896
  8550   -0.36914523E+0001   -0.36943508E+0001    0.39268269E+0000     13886
  8600   -0.36911656E+0001   -0.36938305E+0001    0.41556113E+0000     14133
  8650   -0.36908983E+0001   -0.36934559E+0001    0.37822370E+0000     14380
  8700   -0.36906703E+0001   -0.36931975E+0001    0.39967298E+0000     14661
  8750   -0.36904860E+0001   -0.36930739E+0001    0.38838488E+0000     14659
  8800   -0.36903146E+0001   -0.36928735E+0001    0.42681351E+0000     15090
  8850   -0.36901209E+0001   -0.36925827E+0001    0.40995968E+0000     15500
  8900   -0.36899478E+0001   -0.36922539E+0001    0.41256553E+0000     15741
  8950   -0.36898309E+0001   -0.36920983E+0001    0.42089489E+0000     15999
  9000   -0.36897455E+0001   -0.36921054E+0001    0.37678832E+0000     16516
  9050   -0.36896748E+0001   -0.36920464E+0001    0.36020580E+0000     16907
  9100   -0.36895725E+0001   -0.36920934E+0001    0.40176541E+0000     17440
  9150   -0.36894251E+0001   -0.36923193E+0001    0.35268632E+0000     17766
  9200   -0.36893193E+0001   -0.36914942E+0001    0.39830879E+0000     18025
  9250   -0.36892157E+0001   -0.36916908E+0001    0.33130249E+0000     18364
  9300   -0.36891167E+0001   -0.36917346E+0001    0.38260094E+0000     18602
  9350   -0.36890210E+0001   -0.36914777E+0001    0.36737348E+0000     18748
  9400   -0.36888807E+0001   -0.36914070E+0001    0.34292632E+0000     19393
  9450   -0.36887700E+0001   -0.36916412E+0001    0.34926039E+0000     19685
  9500   -0.36886998E+0001   -0.36911163E+0001    0.37176983E+0000     20013
  9550   -0.36885961E+0001   -0.36908793E+0001    0.31872900E+0000     20224
  9600   -0.36885293E+0001   -0.36909794E+0001    0.31681607E+0000     20456
  9601   -0.36885325E+0001   -0.36885325E+0001    0.19656822E+0000     12000
  9650   -0.36885947E+0001   -0.36889102E+0001    0.24149741E+0000     12052
  9700   -0.36885574E+0001   -0.36891759E+0001    0.30344286E+0000     12152
  9750   -0.36885109E+0001   -0.36891290E+0001    0.31117771E+0000     12496
  9800   -0.36884781E+0001   -0.36891680E+0001    0.32846041E+0000     12701
  9850   -0.36884304E+0001   -0.36892708E+0001    0.37975856E+0000     13000
  9900   -0.36883880E+0001   -0.36893101E+0001    0.31383580E+0000     13231
  9950   -0.36883813E+0001   -0.36892621E+0001    0.35981164E+0000     13547
 10000   -0.36883588E+0001   -0.36892245E+0001    0.33004800E+0000     13884
 10050   -0.36883304E+0001   -0.36892738E+0001    0.32802263E+0000     14098
 10100   -0.36882855E+0001   -0.36894709E+0001    0.38469216E+0000     14288
 10150   -0.36882207E+0001   -0.36892186E+0001    0.34546597E+0000     14389
 10200   -0.36881693E+0001   -0.36892098E+0001    0.36475496E+0000     14479
 10250   -0.36881559E+0001   -0.36892502E+0001    0.34546205E+0000     14732
 10300   -0.36881073E+0001   -0.36893236E+0001    0.33702491E+0000     14826
 10350   -0.36880469E+0001   -0.36893827E+0001    0.32719781E+0000     15104
 10400   -0.36879580E+0001   -0.36893050E+0001    0.28921531E+0000     15163
 10450   -0.36879067E+0001   -0.36891799E+0001    0.31469508E+0000     15241
 10500   -0.36878482E+0001   -0.36891130E+0001    0.31704496E+0000     15780
 10550   -0.36878146E+0001   -0.36889526E+0001    0.32136285E+0000     15954
 10600   -0.36878044E+0001   -0.36889120E+0001    0.29219222E+0000     16282
 10650   -0.36877772E+0001   -0.36889497E+0001    0.31639915E+0000     16434
 10700   -0.36877576E+0001   -0.36889955E+0001    0.34576965E+0000     16503
 10750   -0.36877575E+0001   -0.36889046E+0001    0.30463567E+0000     16814
 10800   -0.36877522E+0001   -0.36890493E+0001    0.33491614E+0000     17266
 10850   -0.36877243E+0001   -0.36890588E+0001    0.31352267E+0000     17628
 10900   -0.36876895E+0001   -0.36890586E+0001    0.30454113E+0000     17921
 10950   -0.36876574E+0001   -0.36892387E+0001    0.25766554E+0000     18061
 11000   -0.36876357E+0001   -0.36889046E+0001    0.31706294E+0000     18078
 11050   -0.36875900E+0001   -0.36888017E+0001    0.25960432E+0000     18594
 11100   -0.36875309E+0001   -0.36885524E+0001    0.26185073E+0000     18748
 11150   -0.36874825E+0001   -0.36886273E+0001    0.31867422E+0000     18904
 11200   -0.36874638E+0001   -0.36890079E+0001    0.32044999E+0000     19254
 11201   -0.36874647E+0001   -0.36874647E+0001    0.12313926E+0000     12000
 11250   -0.36874906E+0001   -0.36876240E+0001    0.19678870E+0000     11977
 11300   -0.36874759E+0001   -0.36877767E+0001    0.21945442E+0000     12099
 11350   -0.36874551E+0001   -0.36878488E+0001    0.27226982E+0000     12049
 11400   -0.36874368E+0001   -0.36879612E+0001    0.31894322E+0000     12148
 11450   -0.36874225E+0001   -0.36881849E+0001    0.29790403E+0000     12381
 11500   -0.36874153E+0001   -0.36883563E+0001    0.24644077E+0000     12530
 11550   -0.36874017E+0001   -0.36880358E+0001    0.28468299E+0000     12630
 11600   -0.36873916E+0001   -0.36882993E+0001    0.30871831E+0000     12670
 11650   -0.36873598E+0001   -0.36885472E+0001    0.34882887E+0000     12945
 11700   -0.36873635E+0001   -0.36885684E+0001    0.32790841E+0000     13223
 11750   -0.36873606E+0001   -0.36889400E+0001    0.28251446E+0000     13601
 11800   -0.36873655E+0001   -0.36891397E+0001    0.26543450E+0000     13820
 11850   -0.36873725E+0001   -0.36890105E+0001    0.25848505E+0000     14216
 11900   -0.36873886E+0001   -0.36891866E+0001    0.25897013E+0000     14361
 11950   -0.36873903E+0001   -0.36892399E+0001    0.30256477E+0000     14802
 12000   -0.36873930E+0001   -0.36891345E+0001    0.33146800E+0000     14986
 12050   -0.36873899E+0001   -0.36888767E+0001    0.28032535E+0000     15178
 12100   -0.36873500E+0001   -0.36889521E+0001    0.29881080E+0000     15450
 12150   -0.36873428E+0001   -0.36888951E+0001    0.32898080E+0000     15710
 12200   -0.36873386E+0001   -0.36885803E+0001    0.27667877E+0000     15951
 12250   -0.36873077E+0001   -0.36885390E+0001    0.27336841E+0000     16505
 12300   -0.36872723E+0001   -0.36883977E+0001    0.30730785E+0000     16803
 12350   -0.36872430E+0001   -0.36885647E+0001    0.31652737E+0000     16814
 12400   -0.36872288E+0001   -0.36885446E+0001    0.29489086E+0000     17211
 12450   -0.36872091E+0001   -0.36885900E+0001    0.27989031E+0000     17587
 12500   -0.36871767E+0001   -0.36882987E+0001    0.31161095E+0000     17749
 12550   -0.36871558E+0001   -0.36883375E+0001    0.33019369E+0000     18000
 12600   -0.36871365E+0001   -0.36880297E+0001    0.27567024E+0000     18134
 12650   -0.36871246E+0001   -0.36880042E+0001    0.31782421E+0000     18613
 12700   -0.36871179E+0001   -0.36880003E+0001    0.27632772E+0000     18888
 12750   -0.36870936E+0001   -0.36879910E+0001    0.29816272E+0000     19114
 12800   -0.36870749E+0001   -0.36879729E+0001    0.23979385E+0000     19505
 12801   -0.36870755E+0001   -0.36870755E+0001    0.85668550E-0001     12000
 12850   -0.36870861E+0001   -0.36871382E+0001    0.16509977E+0000     11996
 12900   -0.36870847E+0001   -0.36871828E+0001    0.19724284E+0000     12189
 12950   -0.36870801E+0001   -0.36872284E+0001    0.27848482E+0000     12262
 13000   -0.36870753E+0001   -0.36872265E+0001    0.29088757E+0000     12406
 13050   -0.36870658E+0001   -0.36872582E+0001    0.29775608E+0000     12636
 13100   -0.36870623E+0001   -0.36871986E+0001    0.25291774E+0000     12924
 13150   -0.36870530E+0001   -0.36872256E+0001    0.29318221E+0000     13060
 13200   -0.36870416E+0001   -0.36872001E+0001    0.29544397E+0000     13228
 13250   -0.36870300E+0001   -0.36872519E+0001    0.29040229E+0000     13445
 13300   -0.36870298E+0001   -0.36873354E+0001    0.29651793E+0000     13578
 13350   -0.36870217E+0001   -0.36872726E+0001    0.26036053E+0000     13765
 13400   -0.36870264E+0001   -0.36872788E+0001    0.30633401E+0000     13823
 13450   -0.36870421E+0001   -0.36874149E+0001    0.29927750E+0000     13880
 13500   -0.36870442E+0001   -0.36874211E+0001    0.24663350E+0000     14075
 13550   -0.36870276E+0001   -0.36874102E+0001    0.28621043E+0000     14368
 13600   -0.36870109E+0001   -0.36875408E+0001    0.30356199E+0000     14637
 13650   -0.36870045E+0001   -0.36876215E+0001    0.30860909E+0000     14992
 13700   -0.36869922E+0001   -0.36875729E+0001    0.28182370E+0000     15201
 13750   -0.36869931E+0001   -0.36875799E+0001    0.33378582E+0000     15404
 13800   -0.36869960E+0001   -0.36875093E+0001    0.31045580E+0000     15527
 13850   -0.36869994E+0001   -0.36875150E+0001    0.32016241E+0000     15557
 13900   -0.36869933E+0001   -0.36874053E+0001    0.28148094E+0000     16019
 13950   -0.36869944E+0001   -0.36873337E+0001    0.27597027E+0000     16492
 14000   -0.36869915E+0001   -0.36874084E+0001    0.29000705E+0000     16572
 14050   -0.36869880E+0001   -0.36874535E+0001    0.25931963E+0000     16910
 14100   -0.36869756E+0001   -0.36874136E+0001    0.30150281E+0000     17396
 14150   -0.36869633E+0001   -0.36873758E+0001    0.27482624E+0000     17722
 14200   -0.36869598E+0001   -0.36874995E+0001    0.29528331E+0000     17651
 14250   -0.36869561E+0001   -0.36875561E+0001    0.25582652E+0000     18309
 14300   -0.36869520E+0001   -0.36876814E+0001    0.30054297E+0000     18380
 14350   -0.36869428E+0001   -0.36876526E+0001    0.25954240E+0000     18617
 14400   -0.36869324E+0001   -0.36876181E+0001    0.31612547E+0000     18756
 14450   -0.36869172E+0001   -0.36875241E+0001    0.29822759E+0000     19235
 14500   -0.36869011E+0001   -0.36875228E+0001    0.30897062E+0000     19640
 14550   -0.36868922E+0001   -0.36874354E+0001    0.28269077E+0000     19915
 14600   -0.36868903E+0001   -0.36875147E+0001    0.30264333E+0000     20279
 14650   -0.36868872E+0001   -0.36877076E+0001    0.20071330E+0000     20663
 14700   -0.36868802E+0001   -0.36876884E+0001    0.24118685E+0000     21278
 14750   -0.36868738E+0001   -0.36876027E+0001    0.27330487E+0000     21522
 14800   -0.36868682E+0001   -0.36878727E+0001    0.24808663E+0000     21423
 14850   -0.36868652E+0001   -0.36877308E+0001    0.28579541E+0000     21606
 14900   -0.36868682E+0001   -0.36878412E+0001    0.26075675E+0000     22109
 14950   -0.36868718E+0001   -0.36875509E+0001    0.30061713E+0000     22408
 15000   -0.36868774E+0001   -0.36872679E+0001    0.29386767E+0000     22924
 15050   -0.36868789E+0001   -0.36875593E+0001    0.28109347E+0000     23297
 15100   -0.36868792E+0001   -0.36873737E+0001    0.22676314E+0000     23645
 15150   -0.36868783E+0001   -0.36872786E+0001    0.27870896E+0000     24105
 15200   -0.36868769E+0001   -0.36874828E+0001    0.27476045E+0000     24508
 15250   -0.36868711E+0001   -0.36870367E+0001    0.30399134E+0000     24862
 15300   -0.36868671E+0001   -0.36869484E+0001    0.24362421E+0000     25199
 15350   -0.36868665E+0001   -0.36867130E+0001    0.19591017E+0000     25665
 15400   -0.36868688E+0001   -0.36871097E+0001    0.24975472E+0000     26236
 15450   -0.36868702E+0001   -0.36871701E+0001    0.21878967E+0000     26721
 15500   -0.36868706E+0001   -0.36872425E+0001    0.31328635E+0000     27262
 15550   -0.36868718E+0001   -0.36874759E+0001    0.28708086E+0000     27095
 15600   -0.36868734E+0001   -0.36874830E+0001    0.23952636E+0000     27183
 15650   -0.36868738E+0001   -0.36876067E+0001    0.28216787E+0000     27844
 15700   -0.36868745E+0001   -0.36873078E+0001    0.26409851E+0000     28314
 15750   -0.36868759E+0001   -0.36874732E+0001    0.26424974E+0000     28993
 15800   -0.36868787E+0001   -0.36873853E+0001    0.28608790E+0000     29241
 15850   -0.36868819E+0001   -0.36873928E+0001    0.25462181E+0000     29739
 15900   -0.36868815E+0001   -0.36872430E+0001    0.28663285E+0000     30381
 15950   -0.36868816E+0001   -0.36876476E+0001    0.29129978E+0000     30723
 16000   -0.36868825E+0001   -0.36872574E+0001    0.27024281E+0000     30865
 16001   -0.36868666E+0001   -0.36868666E+0001    0.31954774E-0001         1
 16050   -0.36859621E+0001   -0.36859621E+0001    0.52693123E+0000         1
 16100   -0.36856738E+0001   -0.36856738E+0001    0.68743111E+0000         1
 16150   -0.36852770E+0001   -0.36852770E+0001    0.74422843E+0000         1
 16200   -0.36860744E+0001   -0.36860744E+0001    0.51833638E+0000         1
 16250   -0.36861431E+0001   -0.36861431E+0001    0.49272880E+0000         1
 16300   -0.36859317E+0001   -0.36859317E+0001    0.47394540E+0000         1
 16350   -0.36859296E+0001   -0.36859296E+0001    0.47053561E+0000         1
 16400   -0.36856437E+0001   -0.36856437E+0001    0.64177992E+0000         1
 16450   -0.36856708E+0001   -0.36856708E+0001    0.65429760E+0000         1
 16500   -0.36862125E+0001   -0.36862125E+0001    0.40742817E+0000         1
 16550   -0.36863426E+0001   -0.36863426E+0001    0.35821866E+0000         1
 16600   -0.36865958E+0001   -0.36865958E+0001    0.24566493E+0000         1
 16650   -0.36860514E+0001   -0.36860514E+0001    0.51591330E+0000         1
 16700   -0.36860185E+0001   -0.36860185E+0001    0.54036550E+0000         1
 16750   -0.36862807E+0001   -0.36862807E+0001    0.36381355E+0000         1
 16800   -0.36863259E+0001   -0.36863259E+0001    0.39156399E+0000         1
 16850   -0.36861348E+0001   -0.36861348E+0001    0.44900955E+0000         1
 16900   -0.36862448E+0001   -0.36862448E+0001    0.45428978E+0000         1
 16950   -0.36860948E+0001   -0.36860948E+0001    0.46799065E+0000         1
 17000   -0.36859092E+0001   -0.36859092E+0001    0.61688959E+0000         1
 17050   -0.36852831E+0001   -0.36852831E+0001    0.71472945E+0000         1
 17100   -0.36854483E+0001   -0.36854483E+0001    0.70157860E+0000         1
 17150   -0.36858793E+0001   -0.36858793E+0001    0.55543552E+0000         1
 17200   -0.36858306E+0001   -0.36858306E+0001    0.55263844E+0000         1
 17250   -0.36856891E+0001   -0.36856891E+0001    0.58543510E+0000         1
 17300   -0.36858575E+0001   -0.36858575E+0001    0.54950412E+0000         1
 17350   -0.36859185E+0001   -0.36859185E+0001    0.55563413E+0000         1
 17400   -0.36862522E+0001   -0.36862522E+0001    0.38941179E+0000         1
 17450   -0.36861397E+0001   -0.36861397E+0001    0.39540043E+0000         1
 17500   -0.36855174E+0001   -0.36855174E+0001    0.58445913E+0000         1
 17550   -0.36857544E+0001   -0.36857544E+0001    0.55161230E+0000         1
 17600   -0.36863271E+0001   -0.36863271E+0001    0.38786821E+0000         1
 17650   -0.36860331E+0001   -0.36860331E+0001    0.57345148E+0000         1
 17700   -0.36856983E+0001   -0.36856983E+0001    0.52117807E+0000         1
 17750   -0.36858809E+0001   -0.36858809E+0001    0.46840691E+0000         1
 17800   -0.36861010E+0001   -0.36861010E+0001    0.48040678E+0000         1
 17850   -0.36864966E+0001   -0.36864966E+0001    0.34862033E+0000         1
 17900   -0.36862169E+0001   -0.36862169E+0001    0.47421199E+0000         1
 17950   -0.36857389E+0001   -0.36857389E+0001    0.60552444E+0000         1
 18000   -0.36862840E+0001   -0.36862840E+0001    0.43416970E+0000         1
 18050   -0.36858518E+0001   -0.36858518E+0001    0.54279536E+0000         1
 18100   -0.36857700E+0001   -0.36857700E+0001    0.56110984E+0000         1
 18150   -0.36857768E+0001   -0.36857768E+0001    0.49796221E+0000         1
 18200   -0.36859287E+0001   -0.36859287E+0001    0.55155861E+0000         1
 18250   -0.36860834E+0001   -0.36860834E+0001    0.44033749E+0000         1
 18300   -0.36861289E+0001   -0.36861289E+0001    0.39788997E+0000         1
 18350   -0.36853283E+0001   -0.36853283E+0001    0.66090929E+0000         1
 18400   -0.36856019E+0001   -0.36856019E+0001    0.70666164E+0000         1
 18450   -0.36860280E+0001   -0.36860280E+0001    0.55189471E+0000         1
 18500   -0.36858413E+0001   -0.36858413E+0001    0.57036639E+0000         1
 18550   -0.36860606E+0001   -0.36860606E+0001    0.43509208E+0000         1
 18600   -0.36862742E+0001   -0.36862742E+0001    0.39278549E+0000         1
 18650   -0.36859231E+0001   -0.36859231E+0001    0.50327702E+0000         1
 18700   -0.36852860E+0001   -0.36852860E+0001    0.72017432E+0000         1
 18750   -0.36856136E+0001   -0.36856136E+0001    0.56957236E+0000         1
 18800   -0.36859636E+0001   -0.36859636E+0001    0.52838541E+0000         1
 18850   -0.36855553E+0001   -0.36855553E+0001    0.62687344E+0000         1
 18900   -0.36856411E+0001   -0.36856411E+0001    0.57797008E+0000         1
 18950   -0.36858182E+0001   -0.36858182E+0001    0.46391825E+0000         1
 19000   -0.36853419E+0001   -0.36853419E+0001    0.52186438E+0000         1
 19050   -0.36856226E+0001   -0.36856226E+0001    0.54446502E+0000         1
 19100   -0.36859913E+0001   -0.36859913E+0001    0.38057181E+0000         1
 19150   -0.36855410E+0001   -0.36855410E+0001    0.56803220E+0000         1
 19200   -0.36857489E+0001   -0.36857489E+0001    0.52252899E+0000         1
 19250   -0.36859746E+0001   -0.36859746E+0001    0.50010560E+0000         1
 19300   -0.36856625E+0001   -0.36856625E+0001    0.56582387E+0000         1
 19350   -0.36853491E+0001   -0.36853491E+0001    0.62187284E+0000         1
 19400   -0.36858092E+0001   -0.36858092E+0001    0.60799009E+0000         1
 19450   -0.36857501E+0001   -0.36857501E+0001    0.59484938E+0000         1
 19500   -0.36862115E+0001   -0.36862115E+0001    0.54587212E+0000         1
 19550   -0.36861465E+0001   -0.36861465E+0001    0.52520996E+0000         1
 19600   -0.36866163E+0001   -0.36866163E+0001    0.27503205E+0000         1
 19650   -0.36857824E+0001   -0.36857824E+0001    0.56084912E+0000         1
 19700   -0.36856335E+0001   -0.36856335E+0001    0.61886886E+0000         1
 19750   -0.36858639E+0001   -0.36858639E+0001    0.54941222E+0000         1
 19800   -0.36860603E+0001   -0.36860603E+0001    0.64200604E+0000         1
 19850   -0.36866650E+0001   -0.36866650E+0001    0.28167276E+0000         1
 19900   -0.36863394E+0001   -0.36863394E+0001    0.49983132E+0000         1
 19950   -0.36861718E+0001   -0.36861718E+0001    0.52749426E+0000         1
 20000   -0.36858300E+0001   -0.36858300E+0001    0.60470606E+0000         1
 20050   -0.36859915E+0001   -0.36859915E+0001    0.52418340E+0000         1
 20100   -0.36863902E+0001   -0.36863902E+0001    0.39624464E+0000         1
 20150   -0.36865197E+0001   -0.36865197E+0001    0.39864158E+0000         1
 20200   -0.36861751E+0001   -0.36861751E+0001    0.54274579E+0000         1
 20250   -0.36862303E+0001   -0.36862303E+0001    0.50653392E+0000         1
 20300   -0.36866032E+0001   -0.36866032E+0001    0.39348491E+0000         1
 20350   -0.36860568E+0001   -0.36860568E+0001    0.60707597E+0000         1
 20400   -0.36853790E+0001   -0.36853790E+0001    0.63865712E+0000         1
 20450   -0.36845664E+0001   -0.36845664E+0001    0.84425055E+0000         1
 20500   -0.36859538E+0001   -0.36859538E+0001    0.44492819E+0000         1
 20550   -0.36855973E+0001   -0.36855973E+0001    0.63796564E+0000         1
 20600   -0.36855505E+0001   -0.36855505E+0001    0.77260937E+0000         1
 20650   -0.36859811E+0001   -0.36859811E+0001    0.56508148E+0000         1
 20700   -0.36860500E+0001   -0.36860500E+0001    0.51157817E+0000         1
 20750   -0.36863375E+0001   -0.36863375E+0001    0.55040120E+0000         1
 20800   -0.36866411E+0001   -0.36866411E+0001    0.60898210E+0000         1
 20850   -0.36862165E+0001   -0.36862165E+0001    0.62550904E+0000         1
 20900   -0.36869609E+0001   -0.36869609E+0001    0.41505843E+0000         1
 20950   -0.36869406E+0001   -0.36869406E+0001    0.54387083E+0000         1
 21000   -0.36870705E+0001   -0.36870705E+0001    0.55641146E+0000         1
 21050   -0.36873632E+0001   -0.36873632E+0001    0.49054324E+0000         1
 21100   -0.36870128E+0001   -0.36870128E+0001    0.60461662E+0000         1
 21150   -0.36878258E+0001   -0.36878258E+0001    0.46469252E+0000         1
 21200   -0.36880297E+0001   -0.36880297E+0001    0.52430895E+0000         1
 21250   -0.36876189E+0001   -0.36876189E+0001    0.59433146E+0000         1
 21300   -0.36881334E+0001   -0.36881334E+0001    0.49062045E+0000         1
 21350   -0.36889220E+0001   -0.36889220E+0001    0.42058721E+0000         1
 21400   -0.36887809E+0001   -0.36887809E+0001    0.53402119E+0000         1
 21450   -0.36892484E+0001   -0.36892484E+0001    0.40004107E+0000         1
 21500   -0.36886192E+0001   -0.36886192E+0001    0.50356631E+0000         1
 21550   -0.36888466E+0001   -0.36888466E+0001    0.50812130E+0000         1
 21600   -0.36890774E+0001   -0.36890774E+0001    0.58020425E+0000         1
 21650   -0.36886191E+0001   -0.36886191E+0001    0.61909557E+0000         1
 21700   -0.36891799E+0001   -0.36891799E+0001    0.61858181E+0000         1
 21750   -0.36892425E+0001   -0.36892425E+0001    0.71352639E+0000         1
 21800   -0.36893620E+0001   -0.36893620E+0001    0.56632621E+0000         1
 21850   -0.36894995E+0001   -0.36894995E+0001    0.62039158E+0000         1
 21900   -0.36906611E+0001   -0.36906611E+0001    0.56516585E+0000         1
 21950   -0.36911907E+0001   -0.36911907E+0001    0.60040177E+0000         1
 22000   -0.36902483E+0001   -0.36902483E+0001    0.74446934E+0000         1
 22050   -0.36910371E+0001   -0.36910371E+0001    0.81693966E+0000         1
 22100   -0.36909047E+0001   -0.36909047E+0001    0.78208236E+0000         1
 22150   -0.36917163E+0001   -0.36917163E+0001    0.64402495E+0000         1
 22200   -0.36918694E+0001   -0.36918694E+0001    0.63239366E+0000         1
 22250   -0.36928638E+0001   -0.36928638E+0001    0.51299268E+0000         1
 22300   -0.36928166E+0001   -0.36928166E+0001    0.60620487E+0000         1
 22350   -0.36930991E+0001   -0.36930991E+0001    0.62160282E+0000         1
 22400   -0.36937765E+0001   -0.36937765E+0001    0.63722323E+0000         1
 22450   -0.36942500E+0001   -0.36942500E+0001    0.59645958E+0000         1
 22500   -0.36948239E+0001   -0.36948239E+0001    0.61452456E+0000         1
 22550   -0.36950335E+0001   -0.36950335E+0001    0.66603835E+0000         1
 22600   -0.36954482E+0001   -0.36954482E+0001    0.61317046E+0000         1
 22650   -0.36964003E+0001   -0.36964003E+0001    0.59897842E+0000         1
 22700   -0.36974968E+0001   -0.36974968E+0001    0.56164198E+0000         1
 22750   -0.36982256E+0001   -0.36982256E+0001    0.54343618E+0000         1
 22800   -0.36984729E+0001   -0.36984729E+0001    0.61538211E+0000         1
 22850   -0.36979244E+0001   -0.36979244E+0001    0.74399698E+0000         1
 22900   -0.36993055E+0001   -0.36993055E+0001    0.76572658E+0000         1
 22950   -0.36992579E+0001   -0.36992579E+0001    0.68704610E+0000         1
 23000   -0.36993811E+0001   -0.36993811E+0001    0.80096743E+0000         1
 23050   -0.37018250E+0001   -0.37018250E+0001    0.63613042E+0000         1
 23100   -0.37026184E+0001   -0.37026184E+0001    0.63396526E+0000         1
 23150   -0.37030498E+0001   -0.37030498E+0001    0.71702955E+0000         1
 23200   -0.37041586E+0001   -0.37041586E+0001    0.77816309E+0000         1
 23250   -0.37044387E+0001   -0.37044387E+0001    0.95629508E+0000         1
 23300   -0.37074329E+0001   -0.37074329E+0001    0.87001260E+0000         1
 23350   -0.37080484E+0001   -0.37080484E+0001    0.86178725E+0000         1
 23400   -0.37092258E+0001   -0.37092258E+0001    0.87114496E+0000         1
 23450   -0.37101211E+0001   -0.37101211E+0001    0.89551296E+0000         1
 23500   -0.37119276E+0001   -0.37119276E+0001    0.92044252E+0000         1
 23550   -0.37138856E+0001   -0.37138856E+0001    0.89696097E+0000         1
 23600   -0.37159666E+0001   -0.37159666E+0001    0.84906085E+0000         1
 23650   -0.37165667E+0001   -0.37165667E+0001    0.91804953E+0000         1
 23700   -0.37189781E+0001   -0.37189781E+0001    0.98331798E+0000         1
 23750   -0.37199880E+0001   -0.37199880E+0001    0.10782320E+0001         1
 23800   -0.37228240E+0001   -0.37228240E+0001    0.10122473E+0001         1
 23850   -0.37247443E+0001   -0.37247443E+0001    0.99959188E+0000         1
 23900   -0.37287159E+0001   -0.37287159E+0001    0.10226783E+0001         1
 23950   -0.37307515E+0001   -0.37307515E+0001    0.10853704E+0001         1
 24000   -0.37337249E+0001   -0.37337249E+0001    0.10524184E+0001         1
 24050   -0.37368538E+0001   -0.37368538E+0001    0.10952770E+0001         1
 24100   -0.37378291E+0001   -0.37378291E+0001    0.11723963E+0001         1
 24150   -0.37433883E+0001   -0.37433883E+0001    0.11226178E+0001         1
 24200   -0.37445246E+0001   -0.37445246E+0001    0.11885726E+0001         1
 24250   -0.37492789E+0001   -0.37492789E+0001    0.12307691E+0001         1
 24300   -0.37554345E+0001   -0.37554345E+0001    0.12671923E+0001         1
 24350   -0.37611636E+0001   -0.37611636E+0001    0.12730280E+0001         1
 24400   -0.37661159E+0001   -0.37661159E+0001    0.13172321E+0001         1
 24450   -0.37765249E+0001   -0.37765249E+0001    0.13898081E+0001         1
 24500   -0.37839581E+0001   -0.37839581E+0001    0.13791250E+0001         1
 24550   -0.37908408E+0001   -0.37908408E+0001    0.14952896E+0001         1
 24600   -0.37976196E+0001   -0.37976196E+0001    0.14584351E+0001         1
 24650   -0.38046031E+0001   -0.38046031E+0001    0.15109979E+0001         1
 24700   -0.38112502E+0001   -0.38112502E+0001    0.15823081E+0001         1
 24750   -0.38182823E+0001   -0.38182823E+0001    0.15942805E+0001         1
 24800   -0.38271843E+0001   -0.38271843E+0001    0.16354479E+0001         1
 24850   -0.38327547E+0001   -0.38327547E+0001    0.16481791E+0001         1
 24900   -0.38419583E+0001   -0.38419583E+0001    0.16493119E+0001         1
 24950   -0.38500281E+0001   -0.38500281E+0001    0.16835460E+0001         1
 25000   -0.38601043E+0001   -0.38601043E+0001    0.16970601E+0001         1
 25050   -0.38683203E+0001   -0.38683203E+0001    0.16943172E+0001         1
 25100   -0.38782768E+0001   -0.38782768E+0001    0.16386645E+0001         1
 25150   -0.38883496E+0001   -0.38883496E+0001    0.16168597E+0001         1
 25200   -0.38962918E+0001   -0.38962918E+0001    0.15775370E+0001         1
 25250   -0.39029217E+0001   -0.39029217E+0001    0.16138790E+0001         1
 25300   -0.39079320E+0001   -0.39079320E+0001    0.15355759E+0001         1
 25350   -0.39183240E+0001   -0.39183240E+0001    0.12550268E+0001         1
 25400   -0.39235363E+0001   -0.39235363E+0001    0.11433646E+0001         1
 25450   -0.39262599E+0001   -0.39262599E+0001    0.10705978E+0001         1
 25500   -0.39285223E+0001   -0.39285223E+0001    0.11130561E+0001         1
 25550   -0.39307559E+0001   -0.39307559E+0001    0.10650594E+0001         1
 25600   -0.39327453E+0001   -0.39327453E+0001    0.95404347E+0000         1
 25650   -0.39335928E+0001   -0.39335928E+0001    0.83565197E+0000         1
 25700   -0.39354813E+0001   -0.39354813E+0001    0.69752223E+0000         1
 25750   -0.39357926E+0001   -0.39357926E+0001    0.72530221E+0000         1
 25800   -0.39371982E+0001   -0.39371982E+0001    0.68149417E+0000         1
 25850   -0.39380106E+0001   -0.39380106E+0001    0.46008061E+0000         1
 25900   -0.39380424E+0001   -0.39380424E+0001    0.48045181E+0000         1
 25950   -0.39382300E+0001   -0.39382300E+0001    0.44369073E+0000         1
 26000   -0.39388130E+0001   -0.39388130E+0001    0.48973635E+0000         1
 26050   -0.39391179E+0001   -0.39391179E+0001    0.41176260E+0000         1
 26100   -0.39387600E+0001   -0.39387600E+0001    0.56053563E+0000         1
 26150   -0.39388624E+0001   -0.39388624E+0001    0.54482227E+0000         1
 26200   -0.39394443E+0001   -0.39394443E+0001    0.43529976E+0000         1
 26250   -0.39389201E+0001   -0.39389201E+0001    0.51245038E+0000         1
 26300   -0.39392066E+0001   -0.39392066E+0001    0.49979597E+0000         1
 26350   -0.39385565E+0001   -0.39385565E+0001    0.65481755E+0000         1
 26400   -0.39387613E+0001   -0.39387613E+0001    0.60890407E+0000         1
 26450   -0.39390804E+0001   -0.39390804E+0001    0.47464136E+0000         1
 26500   -0.39386543E+0001   -0.39386543E+0001    0.58266871E+0000         1
 26550   -0.39385220E+0001   -0.39385220E+0001    0.65955271E+0000         1
 26600   -0.39388892E+0001   -0.39388892E+0001    0.50868911E+0000         1
 26650   -0.39388331E+0001   -0.39388331E+0001    0.43352033E+0000         1
 26700   -0.39388374E+0001   -0.39388374E+0001    0.57251092E+0000         1
 26750   -0.39390378E+0001   -0.39390378E+0001    0.49306179E+0000         1
 26800   -0.39393997E+0001   -0.39393997E+0001    0.42846069E+0000         1
 26850   -0.39394892E+0001   -0.39394892E+0001    0.37476358E+0000         1
 26900   -0.39392259E+0001   -0.39392259E+0001    0.49613066E+0000         1
 26950   -0.39393692E+0001   -0.39393692E+0001    0.38763291E+0000         1
 27000   -0.39389213E+0001   -0.39389213E+0001    0.57923081E+0000         1
 27050   -0.39394801E+0001   -0.39394801E+0001    0.42622482E+0000         1
 27100   -0.39394946E+0001   -0.39394946E+0001    0.46051989E+0000         1
 27150   -0.39390851E+0001   -0.39390851E+0001    0.58889518E+0000         1
 27200   -0.39385872E+0001   -0.39385872E+0001    0.65188331E+0000         1
 27250   -0.39391062E+0001   -0.39391062E+0001    0.54094861E+0000         1
 27300   -0.39391536E+0001   -0.39391536E+0001    0.55832241E+0000         1
 27350   -0.39391390E+0001   -0.39391390E+0001    0.52414951E+0000         1
 27400   -0.39390872E+0001   -0.39390872E+0001    0.57731754E+0000         1
 27450   -0.39389597E+0001   -0.39389597E+0001    0.59902651E+0000         1
 27500   -0.39391461E+0001   -0.39391461E+0001    0.45396641E+0000         1
 27550   -0.39384954E+0001   -0.39384954E+0001    0.55317308E+0000         1
 27600   -0.39381523E+0001   -0.39381523E+0001    0.76008554E+0000         1
 27650   -0.39387655E+0001   -0.39387655E+0001    0.53146033E+0000         1
 27700   -0.39388643E+0001   -0.39388643E+0001    0.49746601E+0000         1
 27750   -0.39385911E+0001   -0.39385911E+0001    0.71691312E+0000         1
 27800   -0.39390504E+0001   -0.39390504E+0001    0.55486604E+0000         1
 27850   -0.39394249E+0001   -0.39394249E+0001    0.44621141E+0000         1
 27900   -0.39391978E+0001   -0.39391978E+0001    0.52019078E+0000         1
 27950   -0.39393517E+0001   -0.39393517E+0001    0.50510772E+0000         1
 28000   -0.39391886E+0001   -0.39391886E+0001    0.51610107E+0000         1
 28050   -0.39391857E+0001   -0.39391857E+0001    0.41976799E+0000         1
 28100   -0.39386214E+0001   -0.39386214E+0001    0.54484470E+0000         1
 28150   -0.39394602E+0001   -0.39394602E+0001    0.37156113E+0000         1
 28200   -0.39393465E+0001   -0.39393465E+0001    0.34732545E+0000         1
 28250   -0.39389608E+0001   -0.39389608E+0001    0.43565636E+0000         1
 28300   -0.39388116E+0001   -0.39388116E+0001    0.51430342E+0000         1
 28350   -0.39391933E+0001   -0.39391933E+0001    0.37709501E+0000         1
 28400   -0.39390595E+0001   -0.39390595E+0001    0.47016500E+0000         1
 28450   -0.39393717E+0001   -0.39393717E+0001    0.35484725E+0000         1
 28500   -0.39392816E+0001   -0.39392816E+0001    0.38103642E+0000         1
 28550   -0.39392306E+0001   -0.39392306E+0001    0.39946524E+0000         1
 28600   -0.39391625E+0001   -0.39391625E+0001    0.46832669E+0000         1
 28650   -0.39387392E+0001   -0.39387392E+0001    0.63499525E+0000         1
 28700   -0.39387626E+0001   -0.39387626E+0001    0.53954903E+0000         1
 28750   -0.39386155E+0001   -0.39386155E+0001    0.59449106E+0000         1
 28800   -0.39388374E+0001   -0.39388374E+0001    0.53714504E+0000         1
 28850   -0.39388171E+0001   -0.39388171E+0001    0.52722147E+0000         1
 28900   -0.39387012E+0001   -0.39387012E+0001    0.49264127E+0000         1
 28950   -0.39387535E+0001   -0.39387535E+0001    0.53539311E+0000         1
 29000   -0.39392630E+0001   -0.39392630E+0001    0.35204061E+0000         1
 29050   -0.39391010E+0001   -0.39391010E+0001    0.45170165E+0000         1
 29100   -0.39388035E+0001   -0.39388035E+0001    0.54572439E+0000         1
 29150   -0.39381150E+0001   -0.39381150E+0001    0.72732464E+0000         1
 29200   -0.39389347E+0001   -0.39389347E+0001    0.47416957E+0000         1
 29250   -0.39393215E+0001   -0.39393215E+0001    0.42670685E+0000         1
 29300   -0.39391260E+0001   -0.39391260E+0001    0.49579195E+0000         1
 29350   -0.39384642E+0001   -0.39384642E+0001    0.70127428E+0000         1
 29400   -0.39385673E+0001   -0.39385673E+0001    0.69380216E+0000         1
 29450   -0.39392443E+0001   -0.39392443E+0001    0.47060029E+0000         1
 29500   -0.39393856E+0001   -0.39393856E+0001    0.48712677E+0000         1
 29550   -0.39393588E+0001   -0.39393588E+0001    0.47037627E+0000         1
 29600   -0.39393951E+0001   -0.39393951E+0001    0.38456655E+0000         1
 29650   -0.39395401E+0001   -0.39395401E+0001    0.32750438E+0000         1
 29700   -0.39391995E+0001   -0.39391995E+0001    0.44279170E+0000         1
 29750   -0.39391803E+0001   -0.39391803E+0001    0.40312191E+0000         1
 29800   -0.39390227E+0001   -0.39390227E+0001    0.50282911E+0000         1
 29850   -0.39386976E+0001   -0.39386976E+0001    0.64912925E+0000         1
 29900   -0.39390091E+0001   -0.39390091E+0001    0.52264528E+0000         1
 29950   -0.39386297E+0001   -0.39386297E+0001    0.62233574E+0000         1
 30000   -0.39388610E+0001   -0.39388610E+0001    0.58186159E+0000         1
 30050   -0.39389732E+0001   -0.39389732E+0001    0.54578233E+0000         1
 30100   -0.39385437E+0001   -0.39385437E+0001    0.59692910E+0000         1
 30150   -0.39391123E+0001   -0.39391123E+0001    0.56458392E+0000         1
 30200   -0.39390971E+0001   -0.39390971E+0001    0.44906499E+0000         1
 30250   -0.39391118E+0001   -0.39391118E+0001    0.42685770E+0000         1
 30300   -0.39390292E+0001   -0.39390292E+0001    0.46944728E+0000         1
 30350   -0.39386634E+0001   -0.39386634E+0001    0.61033674E+0000         1
 30400   -0.39386066E+0001   -0.39386066E+0001    0.68651026E+0000         1
 30450   -0.39396422E+0001   -0.39396422E+0001    0.35857984E+0000         1
 30500   -0.39393927E+0001   -0.39393927E+0001    0.43840812E+0000         1
 30550   -0.39391122E+0001   -0.39391122E+0001    0.54363536E+0000         1
 30600   -0.39385477E+0001   -0.39385477E+0001    0.68863870E+0000         1
 30650   -0.39392502E+0001   -0.39392502E+0001    0.49797505E+0000         1
 30700   -0.39394200E+0001   -0.39394200E+0001    0.43064820E+0000         1
 30750   -0.39394105E+0001   -0.39394105E+0001    0.41986259E+0000         1
 30800   -0.39393598E+0001   -0.39393598E+0001    0.45318917E+0000         1
 30850   -0.39395109E+0001   -0.39395109E+0001    0.39872643E+0000         1
 30900   -0.39389352E+0001   -0.39389352E+0001    0.57359261E+0000         1
 30950   -0.39386354E+0001   -0.39386354E+0001    0.64434098E+0000         1
 31000   -0.39388913E+0001   -0.39388913E+0001    0.48460235E+0000         1
 31050   -0.39388903E+0001   -0.39388903E+0001    0.51378018E+0000         1
 31100   -0.39391726E+0001   -0.39391726E+0001    0.43905503E+0000         1
 31150   -0.39383052E+0001   -0.39383052E+0001    0.63000650E+0000         1
 31200   -0.39392310E+0001   -0.39392310E+0001    0.43277829E+0000         1
 31250   -0.39393429E+0001   -0.39393429E+0001    0.41484276E+0000         1
 31300   -0.39390141E+0001   -0.39390141E+0001    0.61976043E+0000         1
 31350   -0.39393362E+0001   -0.39393362E+0001    0.42523729E+0000         1
 31400   -0.39386712E+0001   -0.39386712E+0001    0.58621745E+0000         1
 31450   -0.39386756E+0001   -0.39386756E+0001    0.62304063E+0000         1
 31500   -0.39389781E+0001   -0.39389781E+0001    0.59556059E+0000         1
 31550   -0.39392812E+0001   -0.39392812E+0001    0.48114492E+0000         1
 31600   -0.39391019E+0001   -0.39391019E+0001    0.45186301E+0000         1
 31650   -0.39388501E+0001   -0.39388501E+0001    0.52001264E+0000         1
 31700   -0.39389945E+0001   -0.39389945E+0001    0.45562646E+0000         1
 31750   -0.39391267E+0001   -0.39391267E+0001    0.42809730E+0000         1
 31800   -0.39388294E+0001   -0.39388294E+0001    0.58595630E+0000         1
 31850   -0.39389666E+0001   -0.39389666E+0001    0.57788644E+0000         1
 31900   -0.39396178E+0001   -0.39396178E+0001    0.33578448E+0000         1
 31950   -0.39395002E+0001   -0.39395002E+0001    0.32314000E+0000         1
 32000   -0.39390294E+0001   -0.39390294E+0001    0.51715522E+0000         1
 32050   -0.39394099E+0001   -0.39394099E+0001    0.38318221E+0000         1
 32100   -0.39392252E+0001   -0.39392252E+0001    0.42411740E+0000         1
 32150   -0.39387447E+0001   -0.39387447E+0001    0.54376361E+0000         1
 32200   -0.39389634E+0001   -0.39389634E+0001    0.56656875E+0000         1
 32250   -0.39392148E+0001   -0.39392148E+0001    0.47610426E+0000         1
 32300   -0.39388285E+0001   -0.39388285E+0001    0.62302584E+0000         1
 32350   -0.39389336E+0001   -0.39389336E+0001    0.56495966E+0000         1
 32400   -0.39390500E+0001   -0.39390500E+0001    0.51690734E+0000         1
 32450   -0.39391568E+0001   -0.39391568E+0001    0.53284231E+0000         1
 32500   -0.39385444E+0001   -0.39385444E+0001    0.70569713E+0000         1
 32550   -0.39390401E+0001   -0.39390401E+0001    0.46995825E+0000         1
 32600   -0.39391806E+0001   -0.39391806E+0001    0.45642568E+0000         1
 32650   -0.39394935E+0001   -0.39394935E+0001    0.35172549E+0000         1
 32700   -0.39395928E+0001   -0.39395928E+0001    0.30092368E+0000         1
 32750   -0.39396965E+0001   -0.39396965E+0001    0.37051749E+0000         1
 32800   -0.39392650E+0001   -0.39392650E+0001    0.47740262E+0000         1
 32850   -0.39396415E+0001   -0.39396415E+0001    0.34901473E+0000         1
 32900   -0.39394352E+0001   -0.39394352E+0001    0.38047064E+0000         1
 32950   -0.39387364E+0001   -0.39387364E+0001    0.70553496E+0000         1
 33000   -0.39389795E+0001   -0.39389795E+0001    0.56204112E+0000         1
 33050   -0.39394498E+0001   -0.39394498E+0001    0.37452518E+0000         1
 33100   -0.39392321E+0001   -0.39392321E+0001    0.48908198E+0000         1
 33150   -0.39393927E+0001   -0.39393927E+0001    0.47237498E+0000         1
 33200   -0.39393841E+0001   -0.39393841E+0001    0.49095146E+0000         1
 33250   -0.39392929E+0001   -0.39392929E+0001    0.52293859E+0000         1
 33300   -0.39386949E+0001   -0.39386949E+0001    0.63681077E+0000         1
 33350   -0.39385941E+0001   -0.39385941E+0001    0.70985287E+0000         1
 33400   -0.39392013E+0001   -0.39392013E+0001    0.53192990E+0000         1
 33450   -0.39391419E+0001   -0.39391419E+0001    0.50819216E+0000         1
 33500   -0.39395179E+0001   -0.39395179E+0001    0.38560172E+0000         1
 33550   -0.39390684E+0001   -0.39390684E+0001    0.54756325E+0000         1
 33600   -0.39392642E+0001   -0.39392642E+0001    0.46334282E+0000         1
 33650   -0.39394250E+0001   -0.39394250E+0001    0.45989338E+0000         1
 33700   -0.39392225E+0001   -0.39392225E+0001    0.52640091E+0000         1
 33750   -0.39394135E+0001   -0.39394135E+0001    0.50584138E+0000         1
 33800   -0.39396140E+0001   -0.39396140E+0001    0.31862590E+0000         1
 33850   -0.39392024E+0001   -0.39392024E+0001    0.46223094E+0000         1
 33900   -0.39389800E+0001   -0.39389800E+0001    0.49885571E+0000         1
 33950   -0.39389204E+0001   -0.39389204E+0001    0.45925599E+0000         1
 34000   -0.39380394E+0001   -0.39380394E+0001    0.63818174E+0000         1
 34050   -0.39392802E+0001   -0.39392802E+0001    0.45378517E+0000         1
 34100   -0.39393062E+0001   -0.39393062E+0001    0.35631328E+0000         1
 34150   -0.39393061E+0001   -0.39393061E+0001    0.39414084E+0000         1
 34200   -0.39389004E+0001   -0.39389004E+0001    0.53237172E+0000         1
 34250   -0.39390071E+0001   -0.39390071E+0001    0.50857853E+0000         1
 34300   -0.39387621E+0001   -0.39387621E+0001    0.50512011E+0000         1
 34350   -0.39387832E+0001   -0.39387832E+0001    0.51105388E+0000         1
 34400   -0.39388302E+0001   -0.39388302E+0001    0.56299173E+0000         1
 34450   -0.39389890E+0001   -0.39389890E+0001    0.58347161E+0000         1
 34500   -0.39393076E+0001   -0.39393076E+0001    0.43600203E+0000         1
 34550   -0.39396364E+0001   -0.39396364E+0001    0.44890371E+0000         1
 34600   -0.39394691E+0001   -0.39394691E+0001    0.42526344E+0000         1
 34650   -0.39387232E+0001   -0.39387232E+0001    0.65657305E+0000         1
 34700   -0.39394392E+0001   -0.39394392E+0001    0.44586486E+0000         1
 34750   -0.39388608E+0001   -0.39388608E+0001    0.47430638E+0000         1
 34800   -0.39391687E+0001   -0.39391687E+0001    0.39190057E+0000         1
 34850   -0.39388574E+0001   -0.39388574E+0001    0.54050197E+0000         1
 34900   -0.39387055E+0001   -0.39387055E+0001    0.59340427E+0000         1
 34950   -0.39394781E+0001   -0.39394781E+0001    0.37790386E+0000         1
 35000   -0.39390783E+0001   -0.39390783E+0001    0.45581871E+0000         1
 35050   -0.39388287E+0001   -0.39388287E+0001    0.54651849E+0000         1
 35100   -0.39390106E+0001   -0.39390106E+0001    0.57337323E+0000         1
 35150   -0.39391601E+0001   -0.39391601E+0001    0.50058004E+0000         1
 35200   -0.39389734E+0001   -0.39389734E+0001    0.61426542E+0000         1
 35250   -0.39392808E+0001   -0.39392808E+0001    0.44817163E+0000         1
 35300   -0.39396277E+0001   -0.39396277E+0001    0.36554842E+0000         1
 35350   -0.39391673E+0001   -0.39391673E+0001    0.44676658E+0000         1
 35400   -0.39392080E+0001   -0.39392080E+0001    0.45856973E+0000         1
 35450   -0.39386062E+0001   -0.39386062E+0001    0.62150800E+0000         1
 35500   -0.39391182E+0001   -0.39391182E+0001    0.50571173E+0000         1
 35550   -0.39384190E+0001   -0.39384190E+0001    0.66100380E+0000         1
 35600   -0.39386062E+0001   -0.39386062E+0001    0.61827067E+0000         1
 35650   -0.39374909E+0001   -0.39374909E+0001    0.95608319E+0000         1
 35700   -0.39383120E+0001   -0.39383120E+0001    0.78320212E+0000         1
 35750   -0.39395505E+0001   -0.39395505E+0001    0.45758164E+0000         1
 35800   -0.39393128E+0001   -0.39393128E+0001    0.42859966E+0000         1
 35850   -0.39390946E+0001   -0.39390946E+0001    0.55358204E+0000         1
 35900   -0.39386369E+0001   -0.39386369E+0001    0.65401834E+0000         1
 35950   -0.39391006E+0001   -0.39391006E+0001    0.53263668E+0000         1
 36000   -0.39385791E+0001   -0.39385791E+0001    0.78714877E+0000         1
 36050   -0.39398141E+0001   -0.39398141E+0001    0.27276945E+0000         1
 36100   -0.39395503E+0001   -0.39395503E+0001    0.36614931E+0000         1
 36150   -0.39396983E+0001   -0.39396983E+0001    0.30395823E+0000         1
 36200   -0.39394697E+0001   -0.39394697E+0001    0.48316769E+0000         1
 36250   -0.39393190E+0001   -0.39393190E+0001    0.50297655E+0000         1
 36300   -0.39391649E+0001   -0.39391649E+0001    0.50438747E+0000         1
 36350   -0.39387574E+0001   -0.39387574E+0001    0.61830829E+0000         1
 36400   -0.39390154E+0001   -0.39390154E+0001    0.56594417E+0000         1
 36450   -0.39393059E+0001   -0.39393059E+0001    0.36259255E+0000         1
 36500   -0.39389958E+0001   -0.39389958E+0001    0.46735215E+0000         1
 36550   -0.39388527E+0001   -0.39388527E+0001    0.59027254E+0000         1
 36600   -0.39393342E+0001   -0.39393342E+0001    0.46450308E+0000         1
 36650   -0.39386033E+0001   -0.39386033E+0001    0.56774981E+0000         1
 36700   -0.39390495E+0001   -0.39390495E+0001    0.47884417E+0000         1
 36750   -0.39385791E+0001   -0.39385791E+0001    0.56380184E+0000         1
 36800   -0.39384832E+0001   -0.39384832E+0001    0.67921753E+0000         1
 36850   -0.39390827E+0001   -0.39390827E+0001    0.54404354E+0000         1
 36900   -0.39385491E+0001   -0.39385491E+0001    0.60773979E+0000         1
 36950   -0.39385537E+0001   -0.39385537E+0001    0.73247807E+0000         1
 37000   -0.39378205E+0001   -0.39378205E+0001    0.86982628E+0000         1
 37050   -0.39383234E+0001   -0.39383234E+0001    0.62201035E+0000         1
 37100   -0.39385122E+0001   -0.39385122E+0001    0.52228968E+0000         1
 37150   -0.39381380E+0001   -0.39381380E+0001    0.70036211E+0000         1
 37200   -0.39386144E+0001   -0.39386144E+0001    0.54923453E+0000         1
 37250   -0.39387668E+0001   -0.39387668E+0001    0.52337482E+0000         1
 37300   -0.39393697E+0001   -0.39393697E+0001    0.38737335E+0000         1
 37350   -0.39385601E+0001   -0.39385601E+0001    0.52465875E+0000         1
 37400   -0.39381219E+0001   -0.39381219E+0001    0.62662416E+0000         1
 37450   -0.39390638E+0001   -0.39390638E+0001    0.51493925E+0000         1
 37500   -0.39392614E+0001   -0.39392614E+0001    0.40409505E+0000         1
 37550   -0.39396482E+0001   -0.39396482E+0001    0.29829502E+0000         1
 37600   -0.39389218E+0001   -0.39389218E+0001    0.61602908E+0000         1
 37650   -0.39390284E+0001   -0.39390284E+0001    0.54159189E+0000         1
 37700   -0.39379862E+0001   -0.39379862E+0001    0.84173019E+0000         1
 37750   -0.39385806E+0001   -0.39385806E+0001    0.75089255E+0000         1
 37800   -0.39388740E+0001   -0.39388740E+0001    0.50737203E+0000         1
 37850   -0.39391356E+0001   -0.39391356E+0001    0.40307775E+0000         1
 37900   -0.39392036E+0001   -0.39392036E+0001    0.44688501E+0000         1
 37950   -0.39395753E+0001   -0.39395753E+0001    0.34758237E+0000         1
 38000   -0.39394909E+0001   -0.39394909E+0001    0.38218831E+0000         1
 38050   -0.39390427E+0001   -0.39390427E+0001    0.59788760E+0000         1
 38100   -0.39389436E+0001   -0.39389436E+0001    0.50017815E+0000         1
 38150   -0.39393652E+0001   -0.39393652E+0001    0.43625615E+0000         1
 38200   -0.39392761E+0001   -0.39392761E+0001    0.46310373E+0000         1
 38250   -0.39390305E+0001   -0.39390305E+0001    0.55085339E+0000         1
 38300   -0.39383979E+0001   -0.39383979E+0001    0.68085620E+0000         1
 38350   -0.39389555E+0001   -0.39389555E+0001    0.55997660E+0000         1
 38400   -0.39389155E+0001   -0.39389155E+0001    0.57519561E+0000         1
 38450   -0.39394909E+0001   -0.39394909E+0001    0.40457575E+0000         1
 38500   -0.39393418E+0001   -0.39393418E+0001    0.52590877E+0000         1
 38550   -0.39391800E+0001   -0.39391800E+0001    0.47173455E+0000         1
 38600   -0.39390423E+0001   -0.39390423E+0001    0.49379406E+0000         1
 38650   -0.39392681E+0001   -0.39392681E+0001    0.36920761E+0000         1
 38700   -0.39387896E+0001   -0.39387896E+0001    0.62278814E+0000         1
 38750   -0.39395632E+0001   -0.39395632E+0001    0.42894333E+0000         1
 38800   -0.39391951E+0001   -0.39391951E+0001    0.52833915E+0000         1
 38850   -0.39391801E+0001   -0.39391801E+0001    0.51415136E+0000         1
 38900   -0.39393164E+0001   -0.39393164E+0001    0.42512222E+0000         1
 38950   -0.39392490E+0001   -0.39392490E+0001    0.44417358E+0000         1
 39000   -0.39392751E+0001   -0.39392751E+0001    0.41344658E+0000         1
 39050   -0.39390741E+0001   -0.39390741E+0001    0.51154747E+0000         1
 39100   -0.39388716E+0001   -0.39388716E+0001    0.52669008E+0000         1
 39150   -0.39382520E+0001   -0.39382520E+0001    0.72566035E+0000         1
 39200   -0.39388778E+0001   -0.39388778E+0001    0.62209690E+0000         1
 39250   -0.39392323E+0001   -0.39392323E+0001    0.46722651E+0000         1
 39300   -0.39391547E+0001   -0.39391547E+0001    0.50869483E+0000         1
 39350   -0.39396393E+0001   -0.39396393E+0001    0.39975790E+0000         1
 39400   -0.39391363E+0001   -0.39391363E+0001    0.43159680E+0000         1
 39450   -0.39394222E+0001   -0.39394222E+0001    0.40835467E+0000         1
 39500   -0.39393100E+0001   -0.39393100E+0001    0.45409481E+0000         1
 39550   -0.39390955E+0001   -0.39390955E+0001    0.45190296E+0000         1
 39600   -0.39390563E+0001   -0.39390563E+0001    0.44223241E+0000         1
 39650   -0.39385640E+0001   -0.39385640E+0001    0.61362244E+0000         1
 39700   -0.39384803E+0001   -0.39384803E+0001    0.55713880E+0000         1
 39750   -0.39391049E+0001   -0.39391049E+0001    0.54427406E+0000         1
 39800   -0.39393764E+0001   -0.39393764E+0001    0.44449632E+0000         1
 39850   -0.39392442E+0001   -0.39392442E+0001    0.47855059E+0000         1
 39900   -0.39393754E+0001   -0.39393754E+0001    0.42849796E+0000         1
 39950   -0.39388867E+0001   -0.39388867E+0001    0.58328747E+0000         1
 40000   -0.39390116E+0001   -0.39390116E+0001    0.56493960E+0000         1
 40050   -0.39387472E+0001   -0.39387472E+0001    0.56621748E+0000         1
 40100   -0.39385507E+0001   -0.39385507E+0001    0.65464613E+0000         1
 40150   -0.39393720E+0001   -0.39393720E+0001    0.52385876E+0000         1
 40200   -0.39395737E+0001   -0.39395737E+0001    0.31178232E+0000         1
 40250   -0.39395522E+0001   -0.39395522E+0001    0.36833339E+0000         1
 40300   -0.39388648E+0001   -0.39388648E+0001    0.55874620E+0000         1
 40350   -0.39391414E+0001   -0.39391414E+0001    0.50459205E+0000         1
 40400   -0.39389027E+0001   -0.39389027E+0001    0.57252634E+0000         1
 40450   -0.39386550E+0001   -0.39386550E+0001    0.62746914E+0000         1
 40500   -0.39391383E+0001   -0.39391383E+0001    0.48923049E+0000         1
 40550   -0.39386291E+0001   -0.39386291E+0001    0.55894813E+0000         1
 40600   -0.39390246E+0001   -0.39390246E+0001    0.46989056E+0000         1
 40650   -0.39394653E+0001   -0.39394653E+0001    0.32186477E+0000         1
 40700   -0.39385016E+0001   -0.39385016E+0001    0.68601242E+0000         1
 40750   -0.39392183E+0001   -0.39392183E+0001    0.47315415E+0000         1
 40800   -0.39393856E+0001   -0.39393856E+0001    0.37000720E+0000         1
 40850   -0.39386721E+0001   -0.39386721E+0001    0.63249290E+0000         1
 40900   -0.39390406E+0001   -0.39390406E+0001    0.48448313E+0000         1
 40950   -0.39389239E+0001   -0.39389239E+0001    0.53636103E+0000         1
 41000   -0.39393657E+0001   -0.39393657E+0001    0.34803947E+0000         1
 41050   -0.39394859E+0001   -0.39394859E+0001    0.34372866E+0000         1
 41100   -0.39391659E+0001   -0.39391659E+0001    0.46879865E+0000         1
 41150   -0.39395502E+0001   -0.39395502E+0001    0.43669709E+0000         1
 41200   -0.39392964E+0001   -0.39392964E+0001    0.49825814E+0000         1
 41250   -0.39393731E+0001   -0.39393731E+0001    0.39091095E+0000         1
 41300   -0.39397168E+0001   -0.39397168E+0001    0.26098018E+0000         1
 41350   -0.39390527E+0001   -0.39390527E+0001    0.47685644E+0000         1
 41400   -0.39391481E+0001   -0.39391481E+0001    0.60639596E+0000         1
 41450   -0.39386405E+0001   -0.39386405E+0001    0.55769201E+0000         1
 41500   -0.39385205E+0001   -0.39385205E+0001    0.59831002E+0000         1
 41550   -0.39384528E+0001   -0.39384528E+0001    0.68342871E+0000         1
 41600   -0.39387442E+0001   -0.39387442E+0001    0.56040659E+0000         1
 41650   -0.39394393E+0001   -0.39394393E+0001    0.37127672E+0000         1
 41700   -0.39394157E+0001   -0.39394157E+0001    0.38408447E+0000         1
 41750   -0.39394157E+0001   -0.39394157E+0001    0.43695053E+0000         1
 41800   -0.39387591E+0001   -0.39387591E+0001    0.65471070E+0000         1
 41850   -0.39395204E+0001   -0.39395204E+0001    0.38121565E+0000         1
 41900   -0.39392354E+0001   -0.39392354E+0001    0.43450330E+0000         1
 41950   -0.39395240E+0001   -0.39395240E+0001    0.39897663E+0000         1
 42000   -0.39392467E+0001   -0.39392467E+0001    0.47894198E+0000         1
 42050   -0.39395622E+0001   -0.39395622E+0001    0.33146891E+0000         1
 42100   -0.39394489E+0001   -0.39394489E+0001    0.36961195E+0000         1
 42150   -0.39389120E+0001   -0.39389120E+0001    0.54842987E+0000         1
 42200   -0.39392073E+0001   -0.39392073E+0001    0.44414585E+0000         1
 42250   -0.39389093E+0001   -0.39389093E+0001    0.56567672E+0000         1
 42300   -0.39394680E+0001   -0.39394680E+0001    0.32001748E+0000         1
 42350   -0.39392901E+0001   -0.39392901E+0001    0.47739867E+0000         1
 42400   -0.39388406E+0001   -0.39388406E+0001    0.58312161E+0000         1
 42450   -0.39386315E+0001   -0.39386315E+0001    0.66427999E+0000         1
 42500   -0.39390706E+0001   -0.39390706E+0001    0.57354381E+0000         1
 42550   -0.39389676E+0001   -0.39389676E+0001    0.55867518E+0000         1
 42600   -0.39383081E+0001   -0.39383081E+0001    0.65849021E+0000         1
 42650   -0.39392827E+0001   -0.39392827E+0001    0.40391888E+0000         1
 42700   -0.39387861E+0001   -0.39387861E+0001    0.58944588E+0000         1
 42750   -0.39390867E+0001   -0.39390867E+0001    0.56903081E+0000         1
 42800   -0.39386163E+0001   -0.39386163E+0001    0.59800462E+0000         1
 42850   -0.39390124E+0001   -0.39390124E+0001    0.52375350E+0000         1
 42900   -0.39391707E+0001   -0.39391707E+0001    0.46653898E+0000         1
 42950   -0.39394512E+0001   -0.39394512E+0001    0.33778720E+0000         1
 43000   -0.39392093E+0001   -0.39392093E+0001    0.36356526E+0000         1
 43050   -0.39392377E+0001   -0.39392377E+0001    0.45757245E+0000         1
 43100   -0.39390383E+0001   -0.39390383E+0001    0.55895525E+0000         1
 43150   -0.39391215E+0001   -0.39391215E+0001    0.43422463E+0000         1
 43200   -0.39390150E+0001   -0.39390150E+0001    0.55378542E+0000         1
 43250   -0.39395166E+0001   -0.39395166E+0001    0.40036550E+0000         1
 43300   -0.39394423E+0001   -0.39394423E+0001    0.42504671E+0000         1
 43350   -0.39393295E+0001   -0.39393295E+0001    0.38387112E+0000         1
 43400   -0.39389196E+0001   -0.39389196E+0001    0.54173962E+0000         1
 43450   -0.39388816E+0001   -0.39388816E+0001    0.55824980E+0000         1
 43500   -0.39390030E+0001   -0.39390030E+0001    0.52263166E+0000         1
 43550   -0.39392510E+0001   -0.39392510E+0001    0.39613610E+0000         1
 43600   -0.39394755E+0001   -0.39394755E+0001    0.36606257E+0000         1
 43650   -0.39395355E+0001   -0.39395355E+0001    0.41325284E+0000         1
 43700   -0.39394395E+0001   -0.39394395E+0001    0.45636714E+0000         1
 43750   -0.39386925E+0001   -0.39386925E+0001    0.76509160E+0000         1
 43800   -0.39394052E+0001   -0.39394052E+0001    0.43631909E+0000         1
 43850   -0.39392279E+0001   -0.39392279E+0001    0.36729618E+0000         1
 43900   -0.39391051E+0001   -0.39391051E+0001    0.37789160E+0000         1
 43950   -0.39386898E+0001   -0.39386898E+0001    0.57253719E+0000         1
 44000   -0.39383454E+0001   -0.39383454E+0001    0.76527858E+0000         1
 44050   -0.39388297E+0001   -0.39388297E+0001    0.56527794E+0000         1
 44100   -0.39391964E+0001   -0.39391964E+0001    0.42569259E+0000         1
 44150   -0.39391547E+0001   -0.39391547E+0001    0.37170713E+0000         1
 44200   -0.39388340E+0001   -0.39388340E+0001    0.50143393E+0000         1
 44250   -0.39390570E+0001   -0.39390570E+0001    0.43779279E+0000         1
 44300   -0.39391950E+0001   -0.39391950E+0001    0.37661862E+0000         1
 44350   -0.39389169E+0001   -0.39389169E+0001    0.48243454E+0000         1
 44400   -0.39389974E+0001   -0.39389974E+0001    0.40645144E+0000         1
 44450   -0.39386654E+0001   -0.39386654E+0001    0.51570012E+0000         1
 44500   -0.39390252E+0001   -0.39390252E+0001    0.40257084E+0000         1
 44550   -0.39390304E+0001   -0.39390304E+0001    0.44018262E+0000         1
 44600   -0.39394248E+0001   -0.39394248E+0001    0.38027060E+0000         1
 44650   -0.39392412E+0001   -0.39392412E+0001    0.43943528E+0000         1
 44700   -0.39391855E+0001   -0.39391855E+0001    0.48772459E+0000         1
 44750   -0.39388547E+0001   -0.39388547E+0001    0.60219774E+0000         1
 44800   -0.39395158E+0001   -0.39395158E+0001    0.39216032E+0000         1
 44850   -0.39391889E+0001   -0.39391889E+0001    0.51082985E+0000         1
 44900   -0.39391441E+0001   -0.39391441E+0001    0.51558746E+0000         1
 44950   -0.39394185E+0001   -0.39394185E+0001    0.38447193E+0000         1
 45000   -0.39390862E+0001   -0.39390862E+0001    0.55925877E+0000         1
 45050   -0.39391643E+0001   -0.39391643E+0001    0.54195613E+0000         1
 45100   -0.39389310E+0001   -0.39389310E+0001    0.62575687E+0000         1
 45150   -0.39392006E+0001   -0.39392006E+0001    0.45293246E+0000         1
 45200   -0.39392186E+0001   -0.39392186E+0001    0.43013928E+0000         1
 45250   -0.39387788E+0001   -0.39387788E+0001    0.53404300E+0000         1
 45300   -0.39390170E+0001   -0.39390170E+0001    0.50560077E+0000         1
 45350   -0.39386111E+0001   -0.39386111E+0001    0.59624956E+0000         1
 45400   -0.39389528E+0001   -0.39389528E+0001    0.36591386E+0000         1
 45450   -0.39389242E+0001   -0.39389242E+0001    0.56653681E+0000         1
 45500   -0.39385667E+0001   -0.39385667E+0001    0.67591810E+0000         1
 45550   -0.39389782E+0001   -0.39389782E+0001    0.49173568E+0000         1
 45600   -0.39388802E+0001   -0.39388802E+0001    0.62890407E+0000         1
 45650   -0.39389744E+0001   -0.39389744E+0001    0.65061284E+0000         1
 45700   -0.39393086E+0001   -0.39393086E+0001    0.47700054E+0000         1
 45750   -0.39392761E+0001   -0.39392761E+0001    0.45615766E+0000         1
 45800   -0.39393041E+0001   -0.39393041E+0001    0.54411212E+0000         1
 45850   -0.39395715E+0001   -0.39395715E+0001    0.35776177E+0000         1
 45900   -0.39392472E+0001   -0.39392472E+0001    0.50176782E+0000         1
 45950   -0.39393790E+0001   -0.39393790E+0001    0.44158471E+0000         1
 46000   -0.39398212E+0001   -0.39398212E+0001    0.27946480E+0000         1
 46050   -0.39388506E+0001   -0.39388506E+0001    0.60783919E+0000         1
 46100   -0.39388199E+0001   -0.39388199E+0001    0.68043035E+0000         1
 46150   -0.39387977E+0001   -0.39387977E+0001    0.66621712E+0000         1
 46200   -0.39384642E+0001   -0.39384642E+0001    0.60170406E+0000         1
 46250   -0.39388253E+0001   -0.39388253E+0001    0.48213706E+0000         1
 46300   -0.39390086E+0001   -0.39390086E+0001    0.39140201E+0000         1
 46350   -0.39384229E+0001   -0.39384229E+0001    0.48786132E+0000         1
 46400   -0.39375629E+0001   -0.39375629E+0001    0.69050578E+0000         1
 46450   -0.39379878E+0001   -0.39379878E+0001    0.64430513E+0000         1
 46500   -0.39381447E+0001   -0.39381447E+0001    0.64660151E+0000         1
 46550   -0.39386348E+0001   -0.39386348E+0001    0.57686288E+0000         1
 46600   -0.39386790E+0001   -0.39386790E+0001    0.50875877E+0000         1
 46650   -0.39389265E+0001   -0.39389265E+0001    0.58006871E+0000         1
 46700   -0.39392737E+0001   -0.39392737E+0001    0.48792886E+0000         1
 46750   -0.39390853E+0001   -0.39390853E+0001    0.49182940E+0000         1
 46800   -0.39388558E+0001   -0.39388558E+0001    0.61165951E+0000         1
 46850   -0.39386394E+0001   -0.39386394E+0001    0.65865780E+0000         1
 46900   -0.39392281E+0001   -0.39392281E+0001    0.50639972E+0000         1
 46950   -0.39384303E+0001   -0.39384303E+0001    0.67407364E+0000         1
 47000   -0.39391161E+0001   -0.39391161E+0001    0.45914550E+0000         1
 47050   -0.39396360E+0001   -0.39396360E+0001    0.33367812E+0000         1
 47100   -0.39395160E+0001   -0.39395160E+0001    0.33978626E+0000         1
 47150   -0.39392387E+0001   -0.39392387E+0001    0.45457524E+0000         1
 47200   -0.39391382E+0001   -0.39391382E+0001    0.45774928E+0000         1
 47250   -0.39386920E+0001   -0.39386920E+0001    0.71194656E+0000         1
 47300   -0.39390036E+0001   -0.39390036E+0001    0.55434663E+0000         1
 47350   -0.39386439E+0001   -0.39386439E+0001    0.58686977E+0000         1
 47400   -0.39385316E+0001   -0.39385316E+0001    0.62467077E+0000         1
 47450   -0.39392538E+0001   -0.39392538E+0001    0.45702495E+0000         1
 47500   -0.39391203E+0001   -0.39391203E+0001    0.54576021E+0000         1
 47550   -0.39387012E+0001   -0.39387012E+0001    0.68206728E+0000         1
 47600   -0.39387756E+0001   -0.39387756E+0001    0.59668144E+0000         1
 47650   -0.39390175E+0001   -0.39390175E+0001    0.60135779E+0000         1
 47700   -0.39393171E+0001   -0.39393171E+0001    0.51756381E+0000         1
 47750   -0.39383771E+0001   -0.39383771E+0001    0.67260970E+0000         1
 47800   -0.39391014E+0001   -0.39391014E+0001    0.56603468E+0000         1
 47850   -0.39389136E+0001   -0.39389136E+0001    0.64741677E+0000         1
 47900   -0.39387516E+0001   -0.39387516E+0001    0.64656879E+0000         1
 47950   -0.39392842E+0001   -0.39392842E+0001    0.52931245E+0000         1
 48000   -0.39394083E+0001   -0.39394083E+0001    0.47806236E+0000         1
