     1   -0.39239607E+0001   -0.39245078E+0001    0.18129052E+0001     12005
    50   -0.39244291E+0001   -0.39298874E+0001    0.13254367E+0001     12436
   100   -0.39277297E+0001   -0.39319508E+0001    0.11208565E+0001     13382
   150   -0.39297660E+0001   -0.39333764E+0001    0.96588159E+0000     13854
   200   -0.39313313E+0001   -0.39345206E+0001    0.89595321E+0000     14110
   250   -0.39325451E+0001   -0.39353454E+0001    0.80761247E+0000     14093
   300   -0.39336758E+0001   -0.39361898E+0001    0.75828150E+0000     14377
   350   -0.39346375E+0001   -0.39372527E+0001    0.69783395E+0000     14845
   400   -0.39354039E+0001   -0.39378606E+0001    0.56123560E+0000     15231
     1   -0.39239515E+0001   -0.39245106E+0001    0.18129052E+0001     12004
    50   -0.39239308E+0001   -0.39293118E+0001    0.14034815E+0001     12345
   100   -0.39265413E+0001   -0.39317191E+0001    0.11972331E+0001     13100
   150   -0.39288061E+0001   -0.39336679E+0001    0.96572253E+0000     13715
   200   -0.39314859E+0001   -0.39355243E+0001    0.82788426E+0000     14303
   250   -0.39335363E+0001   -0.39363343E+0001    0.76411000E+0000     14682
   300   -0.39344810E+0001   -0.39373469E+0001    0.63492558E+0000     14931
   350   -0.39353106E+0001   -0.39378120E+0001    0.63889288E+0000     15252
   400   -0.39360979E+0001   -0.39384286E+0001    0.54048175E+0000     15828
     1   -0.39239403E+0001   -0.39244976E+0001    0.18129052E+0001     12003
    50   -0.39235449E+0001   -0.39287435E+0001    0.13642182E+0001     12267
   100   -0.39260232E+0001   -0.39309906E+0001    0.12081838E+0001     12724
   150   -0.39287384E+0001   -0.39327707E+0001    0.10667344E+0001     12890
   200   -0.39304982E+0001   -0.39337282E+0001    0.97525774E+0000     13328
   250   -0.39316771E+0001   -0.39350869E+0001    0.89212871E+0000     13735
   300   -0.39328484E+0001   -0.39355946E+0001    0.85697568E+0000     14542
   350   -0.39337445E+0001   -0.39365657E+0001    0.75492867E+0000     14919
   400   -0.39345797E+0001   -0.39367670E+0001    0.71502870E+0000     15239
     1   -0.39239358E+0001   -0.39245011E+0001    0.18129052E+0001     12007
    50   -0.39233084E+0001   -0.39282755E+0001    0.14189014E+0001     12372
   100   -0.39258822E+0001   -0.39322048E+0001    0.11229119E+0001     13350
   150   -0.39296503E+0001   -0.39338576E+0001    0.95013184E+0000     14096
   200   -0.39311469E+0001   -0.39353980E+0001    0.84601964E+0000     14733
   250   -0.39326455E+0001   -0.39363441E+0001    0.81841243E+0000     15467
   300   -0.39338046E+0001   -0.39370027E+0001    0.76466460E+0000     15822
   350   -0.39345610E+0001   -0.39374030E+0001    0.69392844E+0000     16175
   400   -0.39353409E+0001   -0.39381041E+0001    0.65477402E+0000     16636
     1   -0.39239280E+0001   -0.39245238E+0001    0.18129052E+0001     11997
    50   -0.39229226E+0001   -0.39280009E+0001    0.14800055E+0001     12222
   100   -0.39246890E+0001   -0.39298362E+0001    0.13104705E+0001     12930
   150   -0.39268807E+0001   -0.39311273E+0001    0.11496203E+0001     13511
   200   -0.39283997E+0001   -0.39320144E+0001    0.11355175E+0001     13954
   250   -0.39290906E+0001   -0.39339913E+0001    0.91266014E+0000     14384
   300   -0.39310974E+0001   -0.39353628E+0001    0.82936862E+0000     14816
   350   -0.39335380E+0001   -0.39363104E+0001    0.74361926E+0000     15113
   400   -0.39342253E+0001   -0.39365757E+0001    0.71654527E+0000     15328
     1   -0.39239252E+0001   -0.39245170E+0001    0.18129052E+0001     11998
    50   -0.39226462E+0001   -0.39278994E+0001    0.14722804E+0001     12326
   100   -0.39244170E+0001   -0.39293432E+0001    0.13499539E+0001     12776
   150   -0.39258785E+0001   -0.39306860E+0001    0.12452986E+0001     13603
   200   -0.39269820E+0001   -0.39321729E+0001    0.10646634E+0001     13974
   250   -0.39279640E+0001   -0.39328782E+0001    0.10119040E+0001     14196
   300   -0.39301556E+0001   -0.39345327E+0001    0.88172495E+0000     14621
   350   -0.39318927E+0001   -0.39351936E+0001    0.83829609E+0000     15194
   400   -0.39327388E+0001   -0.39360931E+0001    0.76558845E+0000     15386
     1   -0.39239243E+0001   -0.39244687E+0001    0.18129052E+0001     12002
    50   -0.39223775E+0001   -0.39285537E+0001    0.14930713E+0001     12633
   100   -0.39248087E+0001   -0.39299909E+0001    0.13169792E+0001     13072
   150   -0.39260646E+0001   -0.39305128E+0001    0.12394814E+0001     13880
   200   -0.39270229E+0001   -0.39326513E+0001    0.10949092E+0001     14167
   250   -0.39300419E+0001   -0.39342106E+0001    0.94073834E+0000     15040
   300   -0.39312010E+0001   -0.39349531E+0001    0.82568136E+0000     15569
   350   -0.39324033E+0001   -0.39357654E+0001    0.77046458E+0000     15844
   400   -0.39336818E+0001   -0.39366213E+0001    0.67540354E+0000     16356
     1   -0.39239185E+0001   -0.39245536E+0001    0.18129052E+0001     11990
    50   -0.39220946E+0001   -0.39285840E+0001    0.15281697E+0001     12631
   100   -0.39234611E+0001   -0.39296032E+0001    0.13705312E+0001     13452
   150   -0.39257303E+0001   -0.39313164E+0001    0.12203994E+0001     14332
   200   -0.39280474E+0001   -0.39325698E+0001    0.10437945E+0001     14908
   250   -0.39294312E+0001   -0.39337375E+0001    0.95961215E+0000     15504
   300   -0.39305095E+0001   -0.39345478E+0001    0.92412286E+0000     15863
   350   -0.39314637E+0001   -0.39354319E+0001    0.87470632E+0000     16567
   400   -0.39324659E+0001   -0.39359450E+0001    0.80112731E+0000     17302
     1   -0.39239142E+0001   -0.39245776E+0001    0.18129052E+0001     11997
    50   -0.39218755E+0001   -0.39274452E+0001    0.15138783E+0001     12560
   100   -0.39229889E+0001   -0.39290142E+0001    0.14483898E+0001     13288
   150   -0.39236770E+0001   -0.39285340E+0001    0.13416789E+0001     13922
   200   -0.39242598E+0001   -0.39303585E+0001    0.12266602E+0001     14732
   250   -0.39253212E+0001   -0.39316402E+0001    0.10846248E+0001     15432
   300   -0.39276701E+0001   -0.39322067E+0001    0.10532994E+0001     16228
   350   -0.39287828E+0001   -0.39329914E+0001    0.10068902E+0001     16559
   400   -0.39296227E+0001   -0.39341686E+0001    0.97917765E+0000     16915
     1   -0.39239068E+0001   -0.39245232E+0001    0.18129052E+0001     11998
    50   -0.39217021E+0001   -0.39272086E+0001    0.15041945E+0001     12426
   100   -0.39226264E+0001   -0.39277599E+0001    0.14521600E+0001     13316
   150   -0.39230035E+0001   -0.39284237E+0001    0.13658128E+0001     14121
   200   -0.39240751E+0001   -0.39290214E+0001    0.13110798E+0001     14662
   250   -0.39251979E+0001   -0.39299979E+0001    0.12478937E+0001     15409
   300   -0.39257184E+0001   -0.39306778E+0001    0.11658049E+0001     15729
   350   -0.39257931E+0001   -0.39300371E+0001    0.11814283E+0001     16349
   400   -0.39258649E+0001   -0.39305161E+0001    0.11405012E+0001     16742
     1   -0.39239062E+0001   -0.39245254E+0001    0.18129052E+0001     12007
    50   -0.39214489E+0001   -0.39275702E+0001    0.15532813E+0001     12241
   100   -0.39230727E+0001   -0.39285574E+0001    0.13791477E+0001     13069
   150   -0.39244170E+0001   -0.39287704E+0001    0.13323732E+0001     13923
   200   -0.39247035E+0001   -0.39290066E+0001    0.12195898E+0001     14370
   250   -0.39255489E+0001   -0.39295997E+0001    0.11471993E+0001     14972
   300   -0.39263650E+0001   -0.39300002E+0001    0.11219354E+0001     15330
   350   -0.39265060E+0001   -0.39308113E+0001    0.11050745E+0001     15821
   400   -0.39270978E+0001   -0.39309479E+0001    0.10965415E+0001     16171
     1   -0.39239011E+0001   -0.39245260E+0001    0.18129052E+0001     11992
    50   -0.39211406E+0001   -0.39270279E+0001    0.15182037E+0001     12524
   100   -0.39224966E+0001   -0.39298830E+0001    0.13913883E+0001     13488
   150   -0.39234802E+0001   -0.39295578E+0001    0.13458526E+0001     14330
   200   -0.39247504E+0001   -0.39308182E+0001    0.12318247E+0001     15056
   250   -0.39248736E+0001   -0.39299236E+0001    0.12014335E+0001     15703
   300   -0.39254150E+0001   -0.39298671E+0001    0.11937164E+0001     16277
   350   -0.39253753E+0001   -0.39301325E+0001    0.11395658E+0001     16622
   400   -0.39255881E+0001   -0.39303495E+0001    0.11325072E+0001     16987
     1   -0.39238978E+0001   -0.39245188E+0001    0.18129052E+0001     11997
    50   -0.39210277E+0001   -0.39274433E+0001    0.15379874E+0001     12392
   100   -0.39230171E+0001   -0.39285893E+0001    0.13912833E+0001     13221
   150   -0.39237666E+0001   -0.39298531E+0001    0.12719001E+0001     14344
   200   -0.39251581E+0001   -0.39297631E+0001    0.12052006E+0001     15065
   250   -0.39255663E+0001   -0.39304968E+0001    0.11928216E+0001     15561
   300   -0.39256216E+0001   -0.39303453E+0001    0.11713203E+0001     16047
   350   -0.39259116E+0001   -0.39299959E+0001    0.11805006E+0001     16769
   400   -0.39264838E+0001   -0.39307472E+0001    0.10859197E+0001     17415
     1   -0.39238953E+0001   -0.39245488E+0001    0.18129052E+0001     11994
    50   -0.39209035E+0001   -0.39264901E+0001    0.15786649E+0001     12480
   100   -0.39210391E+0001   -0.39269151E+0001    0.15236184E+0001     13590
   150   -0.39211249E+0001   -0.39268538E+0001    0.14016238E+0001     14420
   200   -0.39212385E+0001   -0.39273562E+0001    0.14476356E+0001     15230
   250   -0.39211343E+0001   -0.39292832E+0001    0.13289860E+0001     15589
   300   -0.39217594E+0001   -0.39281419E+0001    0.12540986E+0001     15982
   350   -0.39232840E+0001   -0.39277848E+0001    0.12593395E+0001     16764
   400   -0.39226967E+0001   -0.39285757E+0001    0.12099122E+0001     16941
   450   -0.39228284E+0001   -0.39277104E+0001    0.11992305E+0001     17708
   500   -0.39232600E+0001   -0.39278750E+0001    0.12748598E+0001     18427
   550   -0.39229213E+0001   -0.39280910E+0001    0.11986469E+0001     19348
   600   -0.39228280E+0001   -0.39269068E+0001    0.12447241E+0001     20016
   650   -0.39227249E+0001   -0.39266718E+0001    0.12340654E+0001     21037
   700   -0.39228146E+0001   -0.39271822E+0001    0.11309333E+0001     21996
   750   -0.39230671E+0001   -0.39285333E+0001    0.11479827E+0001     23030
   800   -0.39232643E+0001   -0.39275884E+0001    0.11071504E+0001     23624
   850   -0.39231629E+0001   -0.39277999E+0001    0.11243161E+0001     24502
   900   -0.39227938E+0001   -0.39286300E+0001    0.11380746E+0001     25381
   950   -0.39224154E+0001   -0.39285593E+0001    0.10999433E+0001     26132
  1000   -0.39223337E+0001   -0.39281248E+0001    0.11026839E+0001     27205
  1050   -0.39223045E+0001   -0.39269473E+0001    0.10929556E+0001     28261
  1100   -0.39217555E+0001   -0.39266751E+0001    0.11344458E+0001     28939
  1150   -0.39213676E+0001   -0.39260056E+0001    0.11115616E+0001     29331
  1200   -0.39212670E+0001   -0.39265612E+0001    0.11365814E+0001     30170
  1250   -0.39210737E+0001   -0.39255186E+0001    0.11355747E+0001     31382
  1300   -0.39206843E+0001   -0.39261686E+0001    0.11217448E+0001     32284
  1350   -0.39204494E+0001   -0.39260129E+0001    0.11325530E+0001     33026
  1400   -0.39201611E+0001   -0.39263122E+0001    0.11026060E+0001     33346
  1450   -0.39194376E+0001   -0.39258721E+0001    0.11308503E+0001     33907
  1500   -0.39187764E+0001   -0.39253871E+0001    0.11114715E+0001     34499
  1550   -0.39189538E+0001   -0.39256979E+0001    0.11244005E+0001     35965
  1600   -0.39192866E+0001   -0.39254508E+0001    0.11286581E+0001     37196
  1601   -0.39193848E+0001   -0.39193848E+0001    0.11846397E+0001     12000
  1650   -0.39214499E+0001   -0.39251795E+0001    0.10546560E+0001     12012
  1700   -0.39201063E+0001   -0.39252712E+0001    0.10592316E+0001     12190
  1750   -0.39192801E+0001   -0.39249490E+0001    0.10932236E+0001     12310
  1800   -0.39190080E+0001   -0.39249124E+0001    0.11118980E+0001     12611
  1850   -0.39192483E+0001   -0.39245645E+0001    0.11391762E+0001     12839
  1900   -0.39192693E+0001   -0.39247151E+0001    0.11367879E+0001     13045
  1950   -0.39189370E+0001   -0.39241776E+0001    0.11458695E+0001     13489
  2000   -0.39188051E+0001   -0.39245714E+0001    0.11535604E+0001     13666
  2050   -0.39187214E+0001   -0.39237127E+0001    0.11829940E+0001     14077
  2100   -0.39181340E+0001   -0.39237347E+0001    0.11858165E+0001     14491
  2150   -0.39175082E+0001   -0.39239050E+0001    0.11872908E+0001     14940
  2200   -0.39169358E+0001   -0.39241788E+0001    0.11909545E+0001     15817
  2250   -0.39166706E+0001   -0.39225619E+0001    0.11869374E+0001     16109
  2300   -0.39169948E+0001   -0.39229491E+0001    0.11975260E+0001     16528
  2350   -0.39166506E+0001   -0.39234261E+0001    0.11888681E+0001     16975
  2400   -0.39160697E+0001   -0.39212257E+0001    0.12170847E+0001     17777
  2450   -0.39155981E+0001   -0.39203982E+0001    0.12428121E+0001     18192
  2500   -0.39145991E+0001   -0.39197553E+0001    0.12607230E+0001     18877
  2550   -0.39134891E+0001   -0.39190588E+0001    0.12925940E+0001     19650
  2600   -0.39126524E+0001   -0.39185955E+0001    0.12613011E+0001     20049
  2650   -0.39118337E+0001   -0.39187819E+0001    0.12687809E+0001     21071
  2700   -0.39111903E+0001   -0.39179599E+0001    0.13160890E+0001     21561
  2750   -0.39101007E+0001   -0.39170333E+0001    0.13124034E+0001     22058
  2800   -0.39084858E+0001   -0.39150492E+0001    0.12955405E+0001     22783
  2850   -0.39071018E+0001   -0.39145795E+0001    0.13395569E+0001     23622
  2900   -0.39065897E+0001   -0.39132225E+0001    0.13435064E+0001     24021
  2950   -0.39061087E+0001   -0.39127632E+0001    0.13839116E+0001     24838
  3000   -0.39048474E+0001   -0.39112560E+0001    0.14048345E+0001     25295
  3050   -0.39031569E+0001   -0.39107909E+0001    0.14333182E+0001     25866
  3100   -0.39014130E+0001   -0.39090775E+0001    0.14470206E+0001     26266
  3150   -0.39002334E+0001   -0.39079646E+0001    0.14608913E+0001     26674
  3200   -0.38990119E+0001   -0.39061893E+0001    0.14825054E+0001     27367
  3201   -0.38991696E+0001   -0.38991696E+0001    0.14944697E+0001     12000
  3250   -0.39025393E+0001   -0.39073279E+0001    0.14098597E+0001     12098
  3300   -0.39000305E+0001   -0.39064899E+0001    0.14464718E+0001     12239
  3350   -0.38979392E+0001   -0.39050988E+0001    0.14786826E+0001     12597
  3400   -0.38960709E+0001   -0.39035594E+0001    0.14933639E+0001     12895
  3450   -0.38941520E+0001   -0.39021436E+0001    0.14978886E+0001     12970
  3500   -0.38922859E+0001   -0.39012066E+0001    0.15270582E+0001     13172
  3550   -0.38908025E+0001   -0.39000261E+0001    0.15250570E+0001     13826
  3600   -0.38894406E+0001   -0.39003068E+0001    0.15507044E+0001     13937
  3650   -0.38884684E+0001   -0.38982369E+0001    0.15645361E+0001     14265
  3700   -0.38873790E+0001   -0.38968589E+0001    0.15646343E+0001     14555
  3750   -0.38860750E+0001   -0.38949597E+0001    0.15747664E+0001     15049
  3800   -0.38843436E+0001   -0.38935190E+0001    0.15937959E+0001     15561
  3850   -0.38821401E+0001   -0.38915586E+0001    0.16143275E+0001     15876
  3900   -0.38795155E+0001   -0.38910785E+0001    0.16377487E+0001     16161
  3950   -0.38769399E+0001   -0.38889087E+0001    0.16362343E+0001     16264
  4000   -0.38742436E+0001   -0.38867829E+0001    0.16545685E+0001     16428
  4050   -0.38711679E+0001   -0.38841720E+0001    0.16579726E+0001     16741
  4100   -0.38679776E+0001   -0.38819678E+0001    0.16413068E+0001     17029
  4150   -0.38646247E+0001   -0.38805305E+0001    0.16403360E+0001     17180
  4200   -0.38605742E+0001   -0.38782046E+0001    0.16542168E+0001     17531
  4250   -0.38557475E+0001   -0.38770816E+0001    0.16533084E+0001     17821
  4300   -0.38509123E+0001   -0.38712042E+0001    0.16488263E+0001     18411
  4350   -0.38463169E+0001   -0.38699753E+0001    0.16417466E+0001     18703
  4400   -0.38417473E+0001   -0.38606890E+0001    0.16240795E+0001     18870
  4450   -0.38373778E+0001   -0.38552660E+0001    0.16123334E+0001     19163
  4500   -0.38328710E+0001   -0.38468798E+0001    0.16096183E+0001     19732
  4550   -0.38281757E+0001   -0.38423470E+0001    0.15744289E+0001     20355
  4600   -0.38235015E+0001   -0.38383894E+0001    0.15635655E+0001     20789
  4650   -0.38190957E+0001   -0.38334730E+0001    0.15751126E+0001     21464
  4700   -0.38149388E+0001   -0.38287235E+0001    0.15316413E+0001     22154
  4750   -0.38106046E+0001   -0.38253026E+0001    0.15010225E+0001     22292
  4800   -0.38048794E+0001   -0.38233292E+0001    0.14557770E+0001     22740
  4801   -0.38050343E+0001   -0.38050343E+0001    0.14844833E+0001     12000
  4850   -0.38083847E+0001   -0.38136675E+0001    0.14848071E+0001     11919
  4900   -0.38052456E+0001   -0.38119478E+0001    0.14706294E+0001     11913
  4950   -0.38020642E+0001   -0.38097366E+0001    0.14677795E+0001     12279
  5000   -0.37988032E+0001   -0.38085406E+0001    0.14578377E+0001     12335
  5050   -0.37952562E+0001   -0.38059515E+0001    0.14456206E+0001     12732
  5100   -0.37917383E+0001   -0.38014947E+0001    0.14204357E+0001     12926
  5150   -0.37883400E+0001   -0.37999817E+0001    0.14062880E+0001     13174
  5200   -0.37847221E+0001   -0.37967982E+0001    0.13762271E+0001     13300
  5250   -0.37816284E+0001   -0.37949769E+0001    0.13905916E+0001     13472
  5300   -0.37789216E+0001   -0.37932761E+0001    0.13710777E+0001     13670
  5350   -0.37761803E+0001   -0.37925756E+0001    0.13512973E+0001     13923
  5400   -0.37733444E+0001   -0.37884158E+0001    0.13252586E+0001     14295
  5450   -0.37703532E+0001   -0.37828753E+0001    0.12962121E+0001     14747
  5500   -0.37674162E+0001   -0.37798842E+0001    0.12881139E+0001     15010
  5550   -0.37647390E+0001   -0.37767760E+0001    0.12644717E+0001     15104
  5600   -0.37621308E+0001   -0.37741247E+0001    0.12619309E+0001     15390
  5650   -0.37593207E+0001   -0.37712827E+0001    0.12279011E+0001     16076
  5700   -0.37565515E+0001   -0.37678435E+0001    0.12111928E+0001     16517
  5750   -0.37538474E+0001   -0.37655098E+0001    0.11862828E+0001     16616
  5800   -0.37510639E+0001   -0.37626223E+0001    0.11639909E+0001     16960
  5850   -0.37483867E+0001   -0.37606523E+0001    0.11459282E+0001     17153
  5900   -0.37456441E+0001   -0.37569829E+0001    0.10903820E+0001     17506
  5950   -0.37424610E+0001   -0.37555659E+0001    0.10927286E+0001     17908
  6000   -0.37387947E+0001   -0.37521622E+0001    0.10694080E+0001     18036
  6050   -0.37356436E+0001   -0.37493635E+0001    0.10571531E+0001     18364
  6100   -0.37334026E+0001   -0.37471675E+0001    0.10525236E+0001     18645
  6150   -0.37315451E+0001   -0.37453018E+0001    0.10281388E+0001     19257
  6200   -0.37296966E+0001   -0.37439025E+0001    0.99908616E+0000     19680
  6250   -0.37282405E+0001   -0.37396805E+0001    0.96600019E+0000     20097
  6300   -0.37268354E+0001   -0.37383268E+0001    0.99988598E+0000     20712
  6350   -0.37257165E+0001   -0.37370725E+0001    0.94987003E+0000     20857
  6400   -0.37244475E+0001   -0.37367564E+0001    0.94926808E+0000     21377
  6401   -0.37245072E+0001   -0.37245072E+0001    0.91575175E+0000     12000
  6450   -0.37258119E+0001   -0.37291051E+0001    0.90979956E+0000     12008
  6500   -0.37246712E+0001   -0.37286361E+0001    0.92526788E+0000     12131
  6550   -0.37235482E+0001   -0.37281132E+0001    0.89726201E+0000     12217
  6600   -0.37224454E+0001   -0.37274724E+0001    0.91111854E+0000     12196
  6650   -0.37213553E+0001   -0.37267864E+0001    0.87799179E+0000     12299
  6700   -0.37200623E+0001   -0.37260128E+0001    0.89059384E+0000     12399
  6750   -0.37188190E+0001   -0.37262540E+0001    0.85784755E+0000     12454
  6800   -0.37175540E+0001   -0.37243641E+0001    0.81690274E+0000     12659
  6850   -0.37163301E+0001   -0.37228437E+0001    0.81617421E+0000     13033
  6900   -0.37151304E+0001   -0.37202728E+0001    0.80508654E+0000     13326
  6950   -0.37140454E+0001   -0.37196682E+0001    0.80193192E+0000     13500
  7000   -0.37130881E+0001   -0.37177987E+0001    0.78802778E+0000     13889
  7050   -0.37122745E+0001   -0.37173631E+0001    0.78761471E+0000     14075
  7100   -0.37114707E+0001   -0.37169734E+0001    0.79623927E+0000     14453
  7150   -0.37107043E+0001   -0.37154838E+0001    0.78093298E+0000     14590
  7200   -0.37098486E+0001   -0.37159523E+0001    0.74352361E+0000     15060
  7250   -0.37089786E+0001   -0.37140628E+0001    0.72463903E+0000     15418
  7300   -0.37079621E+0001   -0.37136634E+0001    0.67554796E+0000     15807
  7350   -0.37069935E+0001   -0.37134043E+0001    0.73885442E+0000     16093
  7400   -0.37060749E+0001   -0.37118780E+0001    0.65661643E+0000     16541
  7450   -0.37051193E+0001   -0.37114886E+0001    0.65887268E+0000     17064
  7500   -0.37040996E+0001   -0.37109239E+0001    0.66085652E+0000     17217
  7550   -0.37032604E+0001   -0.37091726E+0001    0.65240084E+0000     17712
  7600   -0.37027339E+0001   -0.37090256E+0001    0.64008297E+0000     18106
  7650   -0.37021002E+0001   -0.37073418E+0001    0.59452284E+0000     18731
  7700   -0.37015041E+0001   -0.37051688E+0001    0.63031730E+0000     19172
  7750   -0.37009252E+0001   -0.37055817E+0001    0.55893048E+0000     19167
  7800   -0.37002991E+0001   -0.37042808E+0001    0.58472830E+0000     19824
  7850   -0.36996245E+0001   -0.37040095E+0001    0.59668934E+0000     20641
  7900   -0.36990817E+0001   -0.37034035E+0001    0.58413510E+0000     21120
  7950   -0.36985192E+0001   -0.37027962E+0001    0.54264465E+0000     21756
  8000   -0.36979649E+0001   -0.37024362E+0001    0.53279997E+0000     22196
  8001   -0.36979822E+0001   -0.36979822E+0001    0.48158704E+0000     12000
  8050   -0.36983488E+0001   -0.37000055E+0001    0.50134429E+0000     12066
  8100   -0.36980489E+0001   -0.37000779E+0001    0.48719377E+0000     12092
  8150   -0.36977382E+0001   -0.37001526E+0001    0.54134280E+0000     12353
  8200   -0.36973817E+0001   -0.37001816E+0001    0.50348592E+0000     12288
  8250   -0.36970243E+0001   -0.36998488E+0001    0.53089757E+0000     12547
  8300   -0.36966260E+0001   -0.36992964E+0001    0.53776809E+0000     12899
  8350   -0.36962671E+0001   -0.36994138E+0001    0.53429223E+0000     13147
  8400   -0.36958983E+0001   -0.36998894E+0001    0.52511346E+0000     13431
  8450   -0.36954692E+0001   -0.36986968E+0001    0.54238986E+0000     14044
  8500   -0.36950634E+0001   -0.36982969E+0001    0.52464450E+0000     14086
  8550   -0.36947120E+0001   -0.36975546E+0001    0.51648292E+0000     14538
  8600   -0.36943807E+0001   -0.36974076E+0001    0.43570080E+0000     14970
  8650   -0.36940414E+0001   -0.36968190E+0001    0.49725673E+0000     15303
  8700   -0.36936944E+0001   -0.36964869E+0001    0.49352145E+0000     15777
  8750   -0.36933984E+0001   -0.36959606E+0001    0.48255828E+0000     16100
  8800   -0.36931150E+0001   -0.36961318E+0001    0.43511587E+0000     16647
  8850   -0.36928698E+0001   -0.36961889E+0001    0.46856960E+0000     16896
  8900   -0.36926311E+0001   -0.36964354E+0001    0.44008125E+0000     17229
  8950   -0.36923784E+0001   -0.36959737E+0001    0.43678064E+0000     17547
  9000   -0.36921227E+0001   -0.36954069E+0001    0.44338344E+0000     17957
  9050   -0.36918977E+0001   -0.36957889E+0001    0.43441145E+0000     18324
  9100   -0.36915875E+0001   -0.36957771E+0001    0.44763105E+0000     18371
  9150   -0.36913217E+0001   -0.36956367E+0001    0.42158177E+0000     18958
  9200   -0.36911408E+0001   -0.36952008E+0001    0.42533525E+0000     19456
  9250   -0.36909910E+0001   -0.36955557E+0001    0.43413707E+0000     19568
  9300   -0.36908001E+0001   -0.36953865E+0001    0.43425535E+0000     19827
  9350   -0.36906179E+0001   -0.36960858E+0001    0.42630002E+0000     19965
  9400   -0.36905348E+0001   -0.36931378E+0001    0.39367235E+0000     20132
  9450   -0.36904210E+0001   -0.36928543E+0001    0.38761200E+0000     20562
  9500   -0.36902945E+0001   -0.36930649E+0001    0.42946437E+0000     20950
  9550   -0.36901776E+0001   -0.36933383E+0001    0.37560796E+0000     21438
  9600   -0.36901098E+0001   -0.36933549E+0001    0.39288834E+0000     21645
  9601   -0.36901161E+0001   -0.36901161E+0001    0.26553048E+0000     12000
  9650   -0.36902294E+0001   -0.36908754E+0001    0.30249628E+0000     12016
  9700   -0.36901452E+0001   -0.36912362E+0001    0.34092500E+0000     12088
  9750   -0.36900596E+0001   -0.36913489E+0001    0.38026600E+0000     12314
  9800   -0.36899604E+0001   -0.36911830E+0001    0.32546000E+0000     12190
  9850   -0.36898542E+0001   -0.36909962E+0001    0.37108680E+0000     12412
  9900   -0.36897264E+0001   -0.36909371E+0001    0.36505202E+0000     12719
  9950   -0.36896012E+0001   -0.36908663E+0001    0.36383118E+0000     12835
 10000   -0.36895078E+0001   -0.36911150E+0001    0.36188293E+0000     13019
 10050   -0.36894024E+0001   -0.36911980E+0001    0.36154775E+0000     13139
 10100   -0.36893164E+0001   -0.36909158E+0001    0.36183912E+0000     13502
 10150   -0.36892409E+0001   -0.36909246E+0001    0.32424868E+0000     13818
 10200   -0.36891687E+0001   -0.36909225E+0001    0.34336251E+0000     13943
 10250   -0.36891056E+0001   -0.36906248E+0001    0.34922591E+0000     14129
 10300   -0.36889907E+0001   -0.36906567E+0001    0.33578166E+0000     14339
 10350   -0.36888427E+0001   -0.36909543E+0001    0.32768779E+0000     14301
 10400   -0.36886569E+0001   -0.36904433E+0001    0.33557227E+0000     14487
 10450   -0.36885482E+0001   -0.36905018E+0001    0.34776021E+0000     14679
 10500   -0.36884951E+0001   -0.36905179E+0001    0.35254085E+0000     14679
 10550   -0.36884463E+0001   -0.36907745E+0001    0.34003823E+0000     14865
 10600   -0.36884028E+0001   -0.36902971E+0001    0.33885760E+0000     15041
 10650   -0.36883281E+0001   -0.36909297E+0001    0.31108183E+0000     15421
 10700   -0.36882099E+0001   -0.36908474E+0001    0.30510287E+0000     15753
 10750   -0.36880767E+0001   -0.36906433E+0001    0.29816431E+0000     16210
 10800   -0.36879816E+0001   -0.36899316E+0001    0.30158101E+0000     16503
 10850   -0.36879162E+0001   -0.36901769E+0001    0.33986451E+0000     16762
 10900   -0.36878619E+0001   -0.36899344E+0001    0.34378956E+0000     16729
 10950   -0.36877931E+0001   -0.36891979E+0001    0.32300541E+0000     17094
 11000   -0.36877263E+0001   -0.36893042E+0001    0.33543930E+0000     17360
 11050   -0.36876864E+0001   -0.36892491E+0001    0.27026870E+0000     17699
 11100   -0.36876641E+0001   -0.36893291E+0001    0.28597157E+0000     17931
 11150   -0.36876358E+0001   -0.36893165E+0001    0.27072603E+0000     17996
 11200   -0.36876132E+0001   -0.36894659E+0001    0.32681520E+0000     18069
 11201   -0.36876147E+0001   -0.36876147E+0001    0.13865836E+0000     12000
 11250   -0.36876492E+0001   -0.36878103E+0001    0.20211775E+0000     11958
 11300   -0.36876383E+0001   -0.36880123E+0001    0.27109742E+0000     12237
 11350   -0.36876262E+0001   -0.36879796E+0001    0.26065455E+0000     12237
 11400   -0.36876102E+0001   -0.36881172E+0001    0.29619676E+0000     12262
 11450   -0.36875884E+0001   -0.36880453E+0001    0.28358789E+0000     12418
 11500   -0.36875496E+0001   -0.36880569E+0001    0.31822147E+0000     12926
 11550   -0.36875155E+0001   -0.36881959E+0001    0.28367621E+0000     13109
 11600   -0.36874925E+0001   -0.36880728E+0001    0.30234592E+0000     13117
 11650   -0.36874710E+0001   -0.36881239E+0001    0.25357438E+0000     13162
 11700   -0.36874434E+0001   -0.36881036E+0001    0.32097766E+0000     13311
 11750   -0.36874176E+0001   -0.36884010E+0001    0.32720191E+0000     13523
 11800   -0.36873928E+0001   -0.36882300E+0001    0.32015962E+0000     13581
 11850   -0.36873654E+0001   -0.36882579E+0001    0.33906030E+0000     14035
 11900   -0.36873348E+0001   -0.36882205E+0001    0.33432203E+0000     14128
 11950   -0.36872826E+0001   -0.36881638E+0001    0.29258221E+0000     14227
 12000   -0.36872214E+0001   -0.36882410E+0001    0.28810041E+0000     14314
 12050   -0.36871832E+0001   -0.36881687E+0001    0.28245682E+0000     14403
 12100   -0.36871731E+0001   -0.36882235E+0001    0.27155375E+0000     14795
 12150   -0.36871579E+0001   -0.36880629E+0001    0.28162159E+0000     14944
 12200   -0.36871344E+0001   -0.36880583E+0001    0.26613404E+0000     15242
 12250   -0.36871097E+0001   -0.36878720E+0001    0.28658330E+0000     15265
 12300   -0.36870849E+0001   -0.36876235E+0001    0.33558694E+0000     15528
 12350   -0.36870644E+0001   -0.36876875E+0001    0.30231721E+0000     15831
 12400   -0.36870260E+0001   -0.36877579E+0001    0.30764264E+0000     16210
 12450   -0.36870011E+0001   -0.36879137E+0001    0.26764957E+0000     16625
 12500   -0.36869803E+0001   -0.36878578E+0001    0.27755765E+0000     17074
 12550   -0.36869583E+0001   -0.36877050E+0001    0.28923762E+0000     17298
 12600   -0.36869409E+0001   -0.36875639E+0001    0.22966538E+0000     17463
 12650   -0.36869207E+0001   -0.36872480E+0001    0.32789546E+0000     17949
 12700   -0.36869177E+0001   -0.36874253E+0001    0.22509740E+0000     18209
 12750   -0.36869135E+0001   -0.36875801E+0001    0.27594223E+0000     18569
 12800   -0.36869032E+0001   -0.36875797E+0001    0.27026180E+0000     19100
 12801   -0.36869035E+0001   -0.36869035E+0001    0.61360591E-0001     12000
 12850   -0.36869095E+0001   -0.36869210E+0001    0.17222437E+0000     11981
 12900   -0.36869076E+0001   -0.36869253E+0001    0.23134012E+0000     11977
 12950   -0.36869046E+0001   -0.36869193E+0001    0.24111713E+0000     12187
 13000   -0.36869009E+0001   -0.36869311E+0001    0.29176695E+0000     12161
 13050   -0.36869009E+0001   -0.36869530E+0001    0.30576144E+0000     12331
 13100   -0.36868952E+0001   -0.36869273E+0001    0.22101091E+0000     12347
 13150   -0.36868941E+0001   -0.36869820E+0001    0.31183397E+0000     12527
 13200   -0.36868943E+0001   -0.36869625E+0001    0.31810663E+0000     12554
 13250   -0.36868895E+0001   -0.36869762E+0001    0.23716441E+0000     12688
 13300   -0.36868909E+0001   -0.36869566E+0001    0.29742668E+0000     12788
 13350   -0.36868902E+0001   -0.36870773E+0001    0.28683250E+0000     12992
 13400   -0.36868927E+0001   -0.36870894E+0001    0.27195903E+0000     12945
 13450   -0.36868994E+0001   -0.36870920E+0001    0.23313376E+0000     13211
 13500   -0.36869104E+0001   -0.36870103E+0001    0.27754521E+0000     13607
 13550   -0.36869183E+0001   -0.36870737E+0001    0.26717545E+0000     13928
 13600   -0.36869127E+0001   -0.36871369E+0001    0.32457992E+0000     14073
 13650   -0.36869059E+0001   -0.36871905E+0001    0.30999023E+0000     14162
 13700   -0.36869081E+0001   -0.36871974E+0001    0.33359901E+0000     14392
 13750   -0.36869109E+0001   -0.36872060E+0001    0.34017992E+0000     14701
 13800   -0.36869110E+0001   -0.36871876E+0001    0.31191921E+0000     15024
 13850   -0.36869079E+0001   -0.36871758E+0001    0.22081536E+0000     15190
 13900   -0.36869003E+0001   -0.36869892E+0001    0.29561082E+0000     15286
 13950   -0.36868969E+0001   -0.36870269E+0001    0.35263785E+0000     15515
 14000   -0.36868940E+0001   -0.36869234E+0001    0.28518118E+0000     15794
 14050   -0.36868846E+0001   -0.36869596E+0001    0.34812103E+0000     16143
 14100   -0.36868810E+0001   -0.36869273E+0001    0.29752415E+0000     16141
 14150   -0.36868819E+0001   -0.36870734E+0001    0.32751863E+0000     16768
 14200   -0.36868830E+0001   -0.36870745E+0001    0.30625678E+0000     16627
 14250   -0.36868891E+0001   -0.36871812E+0001    0.29429816E+0000     17228
 14300   -0.36868956E+0001   -0.36871998E+0001    0.31523527E+0000     17373
 14350   -0.36868944E+0001   -0.36873101E+0001    0.24089481E+0000     17722
 14400   -0.36868924E+0001   -0.36872232E+0001    0.28253617E+0000     17878
 14450   -0.36868907E+0001   -0.36871915E+0001    0.29565090E+0000     17922
 14500   -0.36868887E+0001   -0.36871276E+0001    0.24456300E+0000     17990
 14550   -0.36868910E+0001   -0.36873809E+0001    0.28433172E+0000     18295
 14600   -0.36868898E+0001   -0.36874089E+0001    0.31237309E+0000     18878
 14650   -0.36868898E+0001   -0.36874364E+0001    0.27705924E+0000     18854
 14700   -0.36868826E+0001   -0.36872418E+0001    0.30119976E+0000     18906
 14750   -0.36868776E+0001   -0.36874052E+0001    0.28559871E+0000     19195
 14800   -0.36868813E+0001   -0.36872395E+0001    0.27986262E+0000     19426
 14850   -0.36868833E+0001   -0.36872186E+0001    0.23054466E+0000     19692
 14900   -0.36868841E+0001   -0.36873586E+0001    0.23857805E+0000     20143
 14950   -0.36868838E+0001   -0.36867321E+0001    0.27025955E+0000     20274
 15000   -0.36868798E+0001   -0.36871405E+0001    0.26946226E+0000     20389
 15050   -0.36868834E+0001   -0.36870633E+0001    0.23742303E+0000     20702
 15100   -0.36868827E+0001   -0.36868395E+0001    0.26009245E+0000     21129
 15150   -0.36868785E+0001   -0.36869193E+0001    0.21857174E+0000     21552
 15200   -0.36868765E+0001   -0.36868313E+0001    0.29078103E+0000     21860
 15250   -0.36868762E+0001   -0.36869679E+0001    0.28163228E+0000     22220
 15300   -0.36868748E+0001   -0.36868994E+0001    0.31468967E+0000     22877
 15350   -0.36868738E+0001   -0.36869603E+0001    0.29972055E+0000     23124
 15400   -0.36868773E+0001   -0.36869145E+0001    0.25046847E+0000     23743
 15450   -0.36868797E+0001   -0.36868680E+0001    0.29039217E+0000     24015
 15500   -0.36868778E+0001   -0.36868145E+0001    0.32214781E+0000     24096
 15550   -0.36868771E+0001   -0.36869186E+0001    0.29566252E+0000     24385
 15600   -0.36868736E+0001   -0.36870733E+0001    0.28870594E+0000     24853
 15650   -0.36868719E+0001   -0.36868164E+0001    0.27904076E+0000     25283
 15700   -0.36868702E+0001   -0.36869836E+0001    0.25091214E+0000     25722
 15750   -0.36868706E+0001   -0.36866283E+0001    0.31714525E+0000     26095
 15800   -0.36868727E+0001   -0.36867447E+0001    0.25701971E+0000     26341
 15850   -0.36868740E+0001   -0.36866943E+0001    0.29579301E+0000     26499
 15900   -0.36868748E+0001   -0.36868607E+0001    0.29687283E+0000     26517
 15950   -0.36868757E+0001   -0.36873267E+0001    0.27104424E+0000     27336
 16000   -0.36868761E+0001   -0.36875270E+0001    0.28636943E+0000     27927
 16001   -0.36868562E+0001   -0.36868562E+0001    0.42130633E-0001         1
 16050   -0.36865963E+0001   -0.36865963E+0001    0.30180383E+0000         1
 16100   -0.36862238E+0001   -0.36862238E+0001    0.40807324E+0000         1
 16150   -0.36857059E+0001   -0.36857059E+0001    0.54104485E+0000         1
 16200   -0.36858739E+0001   -0.36858739E+0001    0.46594787E+0000         1
 16250   -0.36861742E+0001   -0.36861742E+0001    0.40178842E+0000         1
 16300   -0.36863276E+0001   -0.36863276E+0001    0.41720612E+0000         1
 16350   -0.36864690E+0001   -0.36864690E+0001    0.34159365E+0000         1
 16400   -0.36860894E+0001   -0.36860894E+0001    0.45635252E+0000         1
 16450   -0.36857464E+0001   -0.36857464E+0001    0.47641216E+0000         1
 16500   -0.36856566E+0001   -0.36856566E+0001    0.51810151E+0000         1
 16550   -0.36859252E+0001   -0.36859252E+0001    0.48783943E+0000         1
 16600   -0.36859193E+0001   -0.36859193E+0001    0.42896966E+0000         1
 16650   -0.36860611E+0001   -0.36860611E+0001    0.40173575E+0000         1
 16700   -0.36861227E+0001   -0.36861227E+0001    0.44250113E+0000         1
 16750   -0.36861822E+0001   -0.36861822E+0001    0.47064021E+0000         1
 16800   -0.36865596E+0001   -0.36865596E+0001    0.34972119E+0000         1
 16850   -0.36862813E+0001   -0.36862813E+0001    0.38877877E+0000         1
 16900   -0.36859405E+0001   -0.36859405E+0001    0.49449627E+0000         1
 16950   -0.36856800E+0001   -0.36856800E+0001    0.52449305E+0000         1
 17000   -0.36861140E+0001   -0.36861140E+0001    0.39602326E+0000         1
 17050   -0.36855375E+0001   -0.36855375E+0001    0.68199017E+0000         1
 17100   -0.36859219E+0001   -0.36859219E+0001    0.45619892E+0000         1
 17150   -0.36858938E+0001   -0.36858938E+0001    0.53874389E+0000         1
 17200   -0.36858877E+0001   -0.36858877E+0001    0.54156893E+0000         1
 17250   -0.36859955E+0001   -0.36859955E+0001    0.42460509E+0000         1
 17300   -0.36855471E+0001   -0.36855471E+0001    0.59178988E+0000         1
 17350   -0.36856117E+0001   -0.36856117E+0001    0.55805023E+0000         1
 17400   -0.36859051E+0001   -0.36859051E+0001    0.47825363E+0000         1
 17450   -0.36851589E+0001   -0.36851589E+0001    0.63834679E+0000         1
 17500   -0.36860729E+0001   -0.36860729E+0001    0.40619312E+0000         1
 17550   -0.36853280E+0001   -0.36853280E+0001    0.71226293E+0000         1
 17600   -0.36857054E+0001   -0.36857054E+0001    0.62996127E+0000         1
 17650   -0.36854480E+0001   -0.36854480E+0001    0.67494791E+0000         1
 17700   -0.36856731E+0001   -0.36856731E+0001    0.65251753E+0000         1
 17750   -0.36854643E+0001   -0.36854643E+0001    0.60942883E+0000         1
 17800   -0.36853120E+0001   -0.36853120E+0001    0.71643585E+0000         1
 17850   -0.36853931E+0001   -0.36853931E+0001    0.74653011E+0000         1
 17900   -0.36856040E+0001   -0.36856040E+0001    0.52150158E+0000         1
 17950   -0.36854427E+0001   -0.36854427E+0001    0.66369082E+0000         1
 18000   -0.36865859E+0001   -0.36865859E+0001    0.39360000E+0000         1
 18050   -0.36849374E+0001   -0.36849374E+0001    0.92810865E+0000         1
 18100   -0.36862947E+0001   -0.36862947E+0001    0.59094367E+0000         1
 18150   -0.36861383E+0001   -0.36861383E+0001    0.61783133E+0000         1
 18200   -0.36862420E+0001   -0.36862420E+0001    0.61309317E+0000         1
 18250   -0.36867085E+0001   -0.36867085E+0001    0.40015800E+0000         1
 18300   -0.36866141E+0001   -0.36866141E+0001    0.48415658E+0000         1
 18350   -0.36860864E+0001   -0.36860864E+0001    0.65124764E+0000         1
 18400   -0.36861506E+0001   -0.36861506E+0001    0.66462854E+0000         1
 18450   -0.36863674E+0001   -0.36863674E+0001    0.67716363E+0000         1
 18500   -0.36870192E+0001   -0.36870192E+0001    0.43138495E+0000         1
 18550   -0.36866894E+0001   -0.36866894E+0001    0.56364487E+0000         1
 18600   -0.36871063E+0001   -0.36871063E+0001    0.48913930E+0000         1
 18650   -0.36868261E+0001   -0.36868261E+0001    0.57681209E+0000         1
 18700   -0.36868735E+0001   -0.36868735E+0001    0.63500587E+0000         1
 18750   -0.36872382E+0001   -0.36872382E+0001    0.50958042E+0000         1
 18800   -0.36872836E+0001   -0.36872836E+0001    0.45833109E+0000         1
 18850   -0.36876429E+0001   -0.36876429E+0001    0.40459475E+0000         1
 18900   -0.36875118E+0001   -0.36875118E+0001    0.46209070E+0000         1
 18950   -0.36878146E+0001   -0.36878146E+0001    0.52736464E+0000         1
 19000   -0.36880704E+0001   -0.36880704E+0001    0.49849195E+0000         1
 19050   -0.36883016E+0001   -0.36883016E+0001    0.50565643E+0000         1
 19100   -0.36886394E+0001   -0.36886394E+0001    0.60368552E+0000         1
 19150   -0.36891850E+0001   -0.36891850E+0001    0.42601861E+0000         1
 19200   -0.36890224E+0001   -0.36890224E+0001    0.55774078E+0000         1
 19250   -0.36890456E+0001   -0.36890456E+0001    0.51965437E+0000         1
 19300   -0.36893343E+0001   -0.36893343E+0001    0.46357037E+0000         1
 19350   -0.36893786E+0001   -0.36893786E+0001    0.49855043E+0000         1
 19400   -0.36895080E+0001   -0.36895080E+0001    0.54479212E+0000         1
 19450   -0.36896445E+0001   -0.36896445E+0001    0.59805391E+0000         1
 19500   -0.36898243E+0001   -0.36898243E+0001    0.62455467E+0000         1
 19550   -0.36900493E+0001   -0.36900493E+0001    0.66354754E+0000         1
 19600   -0.36898750E+0001   -0.36898750E+0001    0.74287783E+0000         1
 19650   -0.36903904E+0001   -0.36903904E+0001    0.65008471E+0000         1
 19700   -0.36911357E+0001   -0.36911357E+0001    0.51827558E+0000         1
 19750   -0.36921031E+0001   -0.36921031E+0001    0.51653966E+0000         1
 19800   -0.36920882E+0001   -0.36920882E+0001    0.68639549E+0000         1
 19850   -0.36927039E+0001   -0.36927039E+0001    0.70978540E+0000         1
 19900   -0.36941213E+0001   -0.36941213E+0001    0.52751855E+0000         1
 19950   -0.36947829E+0001   -0.36947829E+0001    0.48380700E+0000         1
 20000   -0.36948931E+0001   -0.36948931E+0001    0.61821371E+0000         1
 20050   -0.36954251E+0001   -0.36954251E+0001    0.64101726E+0000         1
 20100   -0.36955903E+0001   -0.36955903E+0001    0.65783469E+0000         1
 20150   -0.36955670E+0001   -0.36955670E+0001    0.78822055E+0000         1
 20200   -0.36962570E+0001   -0.36962570E+0001    0.65651744E+0000         1
 20250   -0.36975599E+0001   -0.36975599E+0001    0.66915369E+0000         1
 20300   -0.36976464E+0001   -0.36976464E+0001    0.88614112E+0000         1
 20350   -0.36994785E+0001   -0.36994785E+0001    0.66805771E+0000         1
 20400   -0.36998257E+0001   -0.36998257E+0001    0.64130696E+0000         1
 20450   -0.36994468E+0001   -0.36994468E+0001    0.83405816E+0000         1
 20500   -0.36998387E+0001   -0.36998387E+0001    0.76593128E+0000         1
 20550   -0.37001487E+0001   -0.37001487E+0001    0.79510074E+0000         1
 20600   -0.37015792E+0001   -0.37015792E+0001    0.76131722E+0000         1
 20650   -0.37020009E+0001   -0.37020009E+0001    0.84097756E+0000         1
 20700   -0.37038269E+0001   -0.37038269E+0001    0.80820963E+0000         1
 20750   -0.37053280E+0001   -0.37053280E+0001    0.73779536E+0000         1
 20800   -0.37060014E+0001   -0.37060014E+0001    0.73912827E+0000         1
 20850   -0.37084148E+0001   -0.37084148E+0001    0.78542442E+0000         1
 20900   -0.37106010E+0001   -0.37106010E+0001    0.88288922E+0000         1
 20950   -0.37107251E+0001   -0.37107251E+0001    0.10773772E+0001         1
 21000   -0.37131392E+0001   -0.37131392E+0001    0.96180140E+0000         1
 21050   -0.37154689E+0001   -0.37154689E+0001    0.89330253E+0000         1
 21100   -0.37181142E+0001   -0.37181142E+0001    0.97791910E+0000         1
 21150   -0.37195010E+0001   -0.37195010E+0001    0.10600312E+0001         1
 21200   -0.37221339E+0001   -0.37221339E+0001    0.99567913E+0000         1
 21250   -0.37266860E+0001   -0.37266860E+0001    0.10579487E+0001         1
 21300   -0.37290457E+0001   -0.37290457E+0001    0.11540207E+0001         1
 21350   -0.37320048E+0001   -0.37320048E+0001    0.11820585E+0001         1
 21400   -0.37342339E+0001   -0.37342339E+0001    0.11105318E+0001         1
 21450   -0.37362838E+0001   -0.37362838E+0001    0.11383770E+0001         1
 21500   -0.37382889E+0001   -0.37382889E+0001    0.11726259E+0001         1
 21550   -0.37426887E+0001   -0.37426887E+0001    0.11680138E+0001         1
 21600   -0.37472252E+0001   -0.37472252E+0001    0.11552864E+0001         1
 21650   -0.37527436E+0001   -0.37527436E+0001    0.11974194E+0001         1
 21700   -0.37581366E+0001   -0.37581366E+0001    0.12156430E+0001         1
 21750   -0.37623476E+0001   -0.37623476E+0001    0.12693879E+0001         1
 21800   -0.37659054E+0001   -0.37659054E+0001    0.13598450E+0001         1
 21850   -0.37701369E+0001   -0.37701369E+0001    0.13829351E+0001         1
 21900   -0.37760600E+0001   -0.37760600E+0001    0.13329596E+0001         1
 21950   -0.37807754E+0001   -0.37807754E+0001    0.14398929E+0001         1
 22000   -0.37841438E+0001   -0.37841438E+0001    0.14924405E+0001         1
 22050   -0.37927685E+0001   -0.37927685E+0001    0.15112685E+0001         1
 22100   -0.38008279E+0001   -0.38008279E+0001    0.15394565E+0001         1
 22150   -0.38055289E+0001   -0.38055289E+0001    0.15204199E+0001         1
 22200   -0.38137942E+0001   -0.38137942E+0001    0.15706649E+0001         1
 22250   -0.38252443E+0001   -0.38252443E+0001    0.16116135E+0001         1
 22300   -0.38339210E+0001   -0.38339210E+0001    0.16447578E+0001         1
 22350   -0.38429501E+0001   -0.38429501E+0001    0.16664397E+0001         1
 22400   -0.38564336E+0001   -0.38564336E+0001    0.16848004E+0001         1
 22450   -0.38677356E+0001   -0.38677356E+0001    0.17147164E+0001         1
 22500   -0.38802333E+0001   -0.38802333E+0001    0.16662190E+0001         1
 22550   -0.38871187E+0001   -0.38871187E+0001    0.16397977E+0001         1
 22600   -0.38944375E+0001   -0.38944375E+0001    0.15601875E+0001         1
 22650   -0.39020868E+0001   -0.39020868E+0001    0.15156595E+0001         1
 22700   -0.39091643E+0001   -0.39091643E+0001    0.14886443E+0001         1
 22750   -0.39175912E+0001   -0.39175912E+0001    0.12656452E+0001         1
 22800   -0.39199180E+0001   -0.39199180E+0001    0.13202529E+0001         1
 22850   -0.39252693E+0001   -0.39252693E+0001    0.11211845E+0001         1
 22900   -0.39285331E+0001   -0.39285331E+0001    0.10480000E+0001         1
 22950   -0.39307145E+0001   -0.39307145E+0001    0.86074606E+0000         1
 23000   -0.39320416E+0001   -0.39320416E+0001    0.91310387E+0000         1
 23050   -0.39340283E+0001   -0.39340283E+0001    0.77022431E+0000         1
 23100   -0.39355989E+0001   -0.39355989E+0001    0.64960555E+0000         1
 23150   -0.39363228E+0001   -0.39363228E+0001    0.71848645E+0000         1
 23200   -0.39369022E+0001   -0.39369022E+0001    0.80072170E+0000         1
 23250   -0.39373814E+0001   -0.39373814E+0001    0.58564821E+0000         1
 23300   -0.39384299E+0001   -0.39384299E+0001    0.53189467E+0000         1
 23350   -0.39383039E+0001   -0.39383039E+0001    0.58684996E+0000         1
 23400   -0.39381145E+0001   -0.39381145E+0001    0.64188489E+0000         1
 23450   -0.39382457E+0001   -0.39382457E+0001    0.62191037E+0000         1
 23500   -0.39381418E+0001   -0.39381418E+0001    0.64751394E+0000         1
 23550   -0.39380285E+0001   -0.39380285E+0001    0.67522652E+0000         1
 23600   -0.39389540E+0001   -0.39389540E+0001    0.43216489E+0000         1
 23650   -0.39392350E+0001   -0.39392350E+0001    0.41788571E+0000         1
 23700   -0.39389417E+0001   -0.39389417E+0001    0.55351094E+0000         1
 23750   -0.39387253E+0001   -0.39387253E+0001    0.61348659E+0000         1
 23800   -0.39391457E+0001   -0.39391457E+0001    0.39701303E+0000         1
 23850   -0.39392003E+0001   -0.39392003E+0001    0.47214380E+0000         1
 23900   -0.39393084E+0001   -0.39393084E+0001    0.33842925E+0000         1
 23950   -0.39392109E+0001   -0.39392109E+0001    0.44860402E+0000         1
 24000   -0.39391467E+0001   -0.39391467E+0001    0.45209981E+0000         1
 24050   -0.39390245E+0001   -0.39390245E+0001    0.45378140E+0000         1
 24100   -0.39392828E+0001   -0.39392828E+0001    0.49787444E+0000         1
 24150   -0.39394667E+0001   -0.39394667E+0001    0.36170541E+0000         1
 24200   -0.39394482E+0001   -0.39394482E+0001    0.38255224E+0000         1
 24250   -0.39387992E+0001   -0.39387992E+0001    0.56342243E+0000         1
 24300   -0.39386603E+0001   -0.39386603E+0001    0.66304736E+0000         1
 24350   -0.39389828E+0001   -0.39389828E+0001    0.52578872E+0000         1
 24400   -0.39391775E+0001   -0.39391775E+0001    0.33844611E+0000         1
 24450   -0.39387897E+0001   -0.39387897E+0001    0.45729044E+0000         1
 24500   -0.39387260E+0001   -0.39387260E+0001    0.58435878E+0000         1
 24550   -0.39388046E+0001   -0.39388046E+0001    0.62123024E+0000         1
 24600   -0.39392146E+0001   -0.39392146E+0001    0.55512927E+0000         1
 24650   -0.39388566E+0001   -0.39388566E+0001    0.59936971E+0000         1
 24700   -0.39391851E+0001   -0.39391851E+0001    0.45924913E+0000         1
 24750   -0.39396666E+0001   -0.39396666E+0001    0.30843714E+0000         1
 24800   -0.39394702E+0001   -0.39394702E+0001    0.39556642E+0000         1
 24850   -0.39391584E+0001   -0.39391584E+0001    0.50089150E+0000         1
 24900   -0.39395944E+0001   -0.39395944E+0001    0.36501005E+0000         1
 24950   -0.39386288E+0001   -0.39386288E+0001    0.76948636E+0000         1
 25000   -0.39384280E+0001   -0.39384280E+0001    0.71249051E+0000         1
 25050   -0.39391410E+0001   -0.39391410E+0001    0.48020236E+0000         1
 25100   -0.39394618E+0001   -0.39394618E+0001    0.38643356E+0000         1
 25150   -0.39389640E+0001   -0.39389640E+0001    0.57108972E+0000         1
 25200   -0.39387583E+0001   -0.39387583E+0001    0.66803610E+0000         1
 25250   -0.39386469E+0001   -0.39386469E+0001    0.71321312E+0000         1
 25300   -0.39392495E+0001   -0.39392495E+0001    0.50382871E+0000         1
 25350   -0.39385548E+0001   -0.39385548E+0001    0.62904408E+0000         1
 25400   -0.39388424E+0001   -0.39388424E+0001    0.53964098E+0000         1
 25450   -0.39390477E+0001   -0.39390477E+0001    0.49173483E+0000         1
 25500   -0.39389739E+0001   -0.39389739E+0001    0.51377036E+0000         1
 25550   -0.39388734E+0001   -0.39388734E+0001    0.59046455E+0000         1
 25600   -0.39387143E+0001   -0.39387143E+0001    0.49790682E+0000         1
 25650   -0.39387944E+0001   -0.39387944E+0001    0.52767919E+0000         1
 25700   -0.39390584E+0001   -0.39390584E+0001    0.51138604E+0000         1
 25750   -0.39391112E+0001   -0.39391112E+0001    0.45516905E+0000         1
 25800   -0.39392445E+0001   -0.39392445E+0001    0.46906307E+0000         1
 25850   -0.39393483E+0001   -0.39393483E+0001    0.49243512E+0000         1
 25900   -0.39392996E+0001   -0.39392996E+0001    0.50884346E+0000         1
 25950   -0.39382678E+0001   -0.39382678E+0001    0.68626913E+0000         1
 26000   -0.39390743E+0001   -0.39390743E+0001    0.45183930E+0000         1
 26050   -0.39383818E+0001   -0.39383818E+0001    0.60050063E+0000         1
 26100   -0.39388622E+0001   -0.39388622E+0001    0.54945293E+0000         1
 26150   -0.39382950E+0001   -0.39382950E+0001    0.57418997E+0000         1
 26200   -0.39386604E+0001   -0.39386604E+0001    0.47120443E+0000         1
 26250   -0.39387995E+0001   -0.39387995E+0001    0.63964452E+0000         1
 26300   -0.39387208E+0001   -0.39387208E+0001    0.69328300E+0000         1
 26350   -0.39390988E+0001   -0.39390988E+0001    0.60245510E+0000         1
 26400   -0.39391358E+0001   -0.39391358E+0001    0.54099941E+0000         1
 26450   -0.39393167E+0001   -0.39393167E+0001    0.51875206E+0000         1
 26500   -0.39389198E+0001   -0.39389198E+0001    0.62260697E+0000         1
 26550   -0.39392781E+0001   -0.39392781E+0001    0.51090758E+0000         1
 26600   -0.39384384E+0001   -0.39384384E+0001    0.65739956E+0000         1
 26650   -0.39377813E+0001   -0.39377813E+0001    0.82130917E+0000         1
 26700   -0.39381537E+0001   -0.39381537E+0001    0.77743885E+0000         1
 26750   -0.39387823E+0001   -0.39387823E+0001    0.63926392E+0000         1
 26800   -0.39385565E+0001   -0.39385565E+0001    0.65177664E+0000         1
 26850   -0.39390156E+0001   -0.39390156E+0001    0.56662881E+0000         1
 26900   -0.39391326E+0001   -0.39391326E+0001    0.55578455E+0000         1
 26950   -0.39390495E+0001   -0.39390495E+0001    0.58587762E+0000         1
 27000   -0.39388944E+0001   -0.39388944E+0001    0.60048182E+0000         1
 27050   -0.39391919E+0001   -0.39391919E+0001    0.51840779E+0000         1
 27100   -0.39394944E+0001   -0.39394944E+0001    0.37557560E+0000         1
 27150   -0.39394684E+0001   -0.39394684E+0001    0.44810601E+0000         1
 27200   -0.39387970E+0001   -0.39387970E+0001    0.74653913E+0000         1
 27250   -0.39385456E+0001   -0.39385456E+0001    0.69670570E+0000         1
 27300   -0.39389315E+0001   -0.39389315E+0001    0.59818427E+0000         1
 27350   -0.39396344E+0001   -0.39396344E+0001    0.26916208E+0000         1
 27400   -0.39388036E+0001   -0.39388036E+0001    0.61153410E+0000         1
 27450   -0.39387921E+0001   -0.39387921E+0001    0.71340775E+0000         1
 27500   -0.39394080E+0001   -0.39394080E+0001    0.49240611E+0000         1
 27550   -0.39390834E+0001   -0.39390834E+0001    0.47393662E+0000         1
 27600   -0.39390272E+0001   -0.39390272E+0001    0.48928874E+0000         1
 27650   -0.39385770E+0001   -0.39385770E+0001    0.60050430E+0000         1
 27700   -0.39386255E+0001   -0.39386255E+0001    0.62007112E+0000         1
 27750   -0.39393313E+0001   -0.39393313E+0001    0.39726386E+0000         1
 27800   -0.39389718E+0001   -0.39389718E+0001    0.55236519E+0000         1
 27850   -0.39392427E+0001   -0.39392427E+0001    0.41372482E+0000         1
 27900   -0.39392433E+0001   -0.39392433E+0001    0.46790694E+0000         1
 27950   -0.39390851E+0001   -0.39390851E+0001    0.43805507E+0000         1
 28000   -0.39390386E+0001   -0.39390386E+0001    0.47005592E+0000         1
 28050   -0.39390139E+0001   -0.39390139E+0001    0.48543539E+0000         1
 28100   -0.39389511E+0001   -0.39389511E+0001    0.56046489E+0000         1
 28150   -0.39385754E+0001   -0.39385754E+0001    0.68276373E+0000         1
 28200   -0.39387972E+0001   -0.39387972E+0001    0.52166532E+0000         1
 28250   -0.39386568E+0001   -0.39386568E+0001    0.58724359E+0000         1
 28300   -0.39383374E+0001   -0.39383374E+0001    0.57062600E+0000         1
 28350   -0.39385000E+0001   -0.39385000E+0001    0.54261213E+0000         1
 28400   -0.39384687E+0001   -0.39384687E+0001    0.58632685E+0000         1
 28450   -0.39389706E+0001   -0.39389706E+0001    0.56872800E+0000         1
 28500   -0.39389199E+0001   -0.39389199E+0001    0.52918721E+0000         1
 28550   -0.39383025E+0001   -0.39383025E+0001    0.74688123E+0000         1
 28600   -0.39389448E+0001   -0.39389448E+0001    0.53808956E+0000         1
 28650   -0.39390085E+0001   -0.39390085E+0001    0.56359063E+0000         1
 28700   -0.39390794E+0001   -0.39390794E+0001    0.47824203E+0000         1
 28750   -0.39385732E+0001   -0.39385732E+0001    0.62012261E+0000         1
 28800   -0.39388951E+0001   -0.39388951E+0001    0.54357097E+0000         1
 28850   -0.39385000E+0001   -0.39385000E+0001    0.57990826E+0000         1
 28900   -0.39386130E+0001   -0.39386130E+0001    0.62659173E+0000         1
 28950   -0.39391432E+0001   -0.39391432E+0001    0.42000856E+0000         1
 29000   -0.39396968E+0001   -0.39396968E+0001    0.35802389E+0000         1
 29050   -0.39394781E+0001   -0.39394781E+0001    0.45551254E+0000         1
 29100   -0.39389948E+0001   -0.39389948E+0001    0.60517800E+0000         1
 29150   -0.39386657E+0001   -0.39386657E+0001    0.54785605E+0000         1
 29200   -0.39385813E+0001   -0.39385813E+0001    0.56153515E+0000         1
 29250   -0.39387216E+0001   -0.39387216E+0001    0.59923085E+0000         1
 29300   -0.39391650E+0001   -0.39391650E+0001    0.47978323E+0000         1
 29350   -0.39390465E+0001   -0.39390465E+0001    0.47285938E+0000         1
 29400   -0.39390375E+0001   -0.39390375E+0001    0.38386431E+0000         1
 29450   -0.39392773E+0001   -0.39392773E+0001    0.37047424E+0000         1
 29500   -0.39388956E+0001   -0.39388956E+0001    0.40845480E+0000         1
 29550   -0.39387357E+0001   -0.39387357E+0001    0.56132847E+0000         1
 29600   -0.39388956E+0001   -0.39388956E+0001    0.43930753E+0000         1
 29650   -0.39391985E+0001   -0.39391985E+0001    0.35897236E+0000         1
 29700   -0.39390299E+0001   -0.39390299E+0001    0.39263919E+0000         1
 29750   -0.39390996E+0001   -0.39390996E+0001    0.38155988E+0000         1
 29800   -0.39383615E+0001   -0.39383615E+0001    0.61339549E+0000         1
 29850   -0.39382038E+0001   -0.39382038E+0001    0.60224327E+0000         1
 29900   -0.39382502E+0001   -0.39382502E+0001    0.64668414E+0000         1
 29950   -0.39381977E+0001   -0.39381977E+0001    0.68242625E+0000         1
 30000   -0.39387350E+0001   -0.39387350E+0001    0.49920016E+0000         1
 30050   -0.39379162E+0001   -0.39379162E+0001    0.61897308E+0000         1
 30100   -0.39389570E+0001   -0.39389570E+0001    0.47722045E+0000         1
 30150   -0.39390674E+0001   -0.39390674E+0001    0.42276501E+0000         1
 30200   -0.39387395E+0001   -0.39387395E+0001    0.56838192E+0000         1
 30250   -0.39382064E+0001   -0.39382064E+0001    0.70062811E+0000         1
 30300   -0.39382292E+0001   -0.39382292E+0001    0.65879729E+0000         1
 30350   -0.39384326E+0001   -0.39384326E+0001    0.54821062E+0000         1
 30400   -0.39382266E+0001   -0.39382266E+0001    0.68455775E+0000         1
 30450   -0.39387152E+0001   -0.39387152E+0001    0.67896766E+0000         1
 30500   -0.39390044E+0001   -0.39390044E+0001    0.50624993E+0000         1
 30550   -0.39390488E+0001   -0.39390488E+0001    0.46424844E+0000         1
 30600   -0.39393193E+0001   -0.39393193E+0001    0.44687249E+0000         1
 30650   -0.39394165E+0001   -0.39394165E+0001    0.39095988E+0000         1
 30700   -0.39395999E+0001   -0.39395999E+0001    0.29671148E+0000         1
 30750   -0.39390455E+0001   -0.39390455E+0001    0.57881962E+0000         1
 30800   -0.39396896E+0001   -0.39396896E+0001    0.36993734E+0000         1
 30850   -0.39394584E+0001   -0.39394584E+0001    0.42913507E+0000         1
 30900   -0.39390039E+0001   -0.39390039E+0001    0.56431608E+0000         1
 30950   -0.39385075E+0001   -0.39385075E+0001    0.66965858E+0000         1
 31000   -0.39391823E+0001   -0.39391823E+0001    0.47454232E+0000         1
 31050   -0.39387568E+0001   -0.39387568E+0001    0.59193850E+0000         1
 31100   -0.39395404E+0001   -0.39395404E+0001    0.38978519E+0000         1
 31150   -0.39393521E+0001   -0.39393521E+0001    0.40430743E+0000         1
 31200   -0.39390445E+0001   -0.39390445E+0001    0.43342852E+0000         1
 31250   -0.39393332E+0001   -0.39393332E+0001    0.38658470E+0000         1
 31300   -0.39393030E+0001   -0.39393030E+0001    0.41433995E+0000         1
 31350   -0.39393703E+0001   -0.39393703E+0001    0.35406573E+0000         1
 31400   -0.39395653E+0001   -0.39395653E+0001    0.36239508E+0000         1
 31450   -0.39392061E+0001   -0.39392061E+0001    0.46530049E+0000         1
 31500   -0.39390195E+0001   -0.39390195E+0001    0.48332730E+0000         1
 31550   -0.39395953E+0001   -0.39395953E+0001    0.37454634E+0000         1
 31600   -0.39395528E+0001   -0.39395528E+0001    0.39664954E+0000         1
 31650   -0.39395490E+0001   -0.39395490E+0001    0.37248348E+0000         1
 31700   -0.39389969E+0001   -0.39389969E+0001    0.60842306E+0000         1
 31750   -0.39392056E+0001   -0.39392056E+0001    0.51992149E+0000         1
 31800   -0.39395606E+0001   -0.39395606E+0001    0.40597366E+0000         1
 31850   -0.39393186E+0001   -0.39393186E+0001    0.43929072E+0000         1
 31900   -0.39394809E+0001   -0.39394809E+0001    0.41181053E+0000         1
 31950   -0.39392195E+0001   -0.39392195E+0001    0.43322974E+0000         1
 32000   -0.39389607E+0001   -0.39389607E+0001    0.67202021E+0000         1
 32050   -0.39387616E+0001   -0.39387616E+0001    0.62106801E+0000         1
 32100   -0.39391688E+0001   -0.39391688E+0001    0.46352238E+0000         1
 32150   -0.39386969E+0001   -0.39386969E+0001    0.58903762E+0000         1
 32200   -0.39384755E+0001   -0.39384755E+0001    0.58519452E+0000         1
 32250   -0.39391064E+0001   -0.39391064E+0001    0.52584169E+0000         1
 32300   -0.39391774E+0001   -0.39391774E+0001    0.44227139E+0000         1
 32350   -0.39389379E+0001   -0.39389379E+0001    0.54823558E+0000         1
 32400   -0.39391969E+0001   -0.39391969E+0001    0.43335704E+0000         1
 32450   -0.39386830E+0001   -0.39386830E+0001    0.56660986E+0000         1
 32500   -0.39390443E+0001   -0.39390443E+0001    0.53369660E+0000         1
 32550   -0.39396182E+0001   -0.39396182E+0001    0.34554018E+0000         1
 32600   -0.39393237E+0001   -0.39393237E+0001    0.44197376E+0000         1
 32650   -0.39387682E+0001   -0.39387682E+0001    0.58810847E+0000         1
 32700   -0.39388143E+0001   -0.39388143E+0001    0.58319883E+0000         1
 32750   -0.39385548E+0001   -0.39385548E+0001    0.60456352E+0000         1
 32800   -0.39390112E+0001   -0.39390112E+0001    0.47528848E+0000         1
 32850   -0.39390889E+0001   -0.39390889E+0001    0.45151093E+0000         1
 32900   -0.39388927E+0001   -0.39388927E+0001    0.51187081E+0000         1
 32950   -0.39385077E+0001   -0.39385077E+0001    0.69860500E+0000         1
 33000   -0.39396928E+0001   -0.39396928E+0001    0.34683083E+0000         1
 33050   -0.39396220E+0001   -0.39396220E+0001    0.35712385E+0000         1
 33100   -0.39385630E+0001   -0.39385630E+0001    0.53964212E+0000         1
 33150   -0.39382831E+0001   -0.39382831E+0001    0.65590139E+0000         1
 33200   -0.39387703E+0001   -0.39387703E+0001    0.53128574E+0000         1
 33250   -0.39390369E+0001   -0.39390369E+0001    0.47520053E+0000         1
 33300   -0.39390883E+0001   -0.39390883E+0001    0.45807711E+0000         1
 33350   -0.39393231E+0001   -0.39393231E+0001    0.43185315E+0000         1
 33400   -0.39393633E+0001   -0.39393633E+0001    0.47533388E+0000         1
 33450   -0.39391345E+0001   -0.39391345E+0001    0.51985051E+0000         1
 33500   -0.39395258E+0001   -0.39395258E+0001    0.36504978E+0000         1
 33550   -0.39392954E+0001   -0.39392954E+0001    0.41223090E+0000         1
 33600   -0.39393683E+0001   -0.39393683E+0001    0.45747088E+0000         1
 33650   -0.39391827E+0001   -0.39391827E+0001    0.44544071E+0000         1
 33700   -0.39393921E+0001   -0.39393921E+0001    0.42700780E+0000         1
 33750   -0.39385374E+0001   -0.39385374E+0001    0.72768899E+0000         1
 33800   -0.39387903E+0001   -0.39387903E+0001    0.60537330E+0000         1
 33850   -0.39387787E+0001   -0.39387787E+0001    0.64804643E+0000         1
 33900   -0.39390910E+0001   -0.39390910E+0001    0.55118759E+0000         1
 33950   -0.39393251E+0001   -0.39393251E+0001    0.44875935E+0000         1
 34000   -0.39387737E+0001   -0.39387737E+0001    0.57084578E+0000         1
 34050   -0.39384606E+0001   -0.39384606E+0001    0.65331692E+0000         1
 34100   -0.39378630E+0001   -0.39378630E+0001    0.76513539E+0000         1
 34150   -0.39387461E+0001   -0.39387461E+0001    0.57021568E+0000         1
 34200   -0.39389859E+0001   -0.39389859E+0001    0.60997027E+0000         1
 34250   -0.39388508E+0001   -0.39388508E+0001    0.62759864E+0000         1
 34300   -0.39381844E+0001   -0.39381844E+0001    0.70646315E+0000         1
 34350   -0.39381787E+0001   -0.39381787E+0001    0.71085301E+0000         1
 34400   -0.39380957E+0001   -0.39380957E+0001    0.81604612E+0000         1
 34450   -0.39383812E+0001   -0.39383812E+0001    0.77447456E+0000         1
 34500   -0.39380073E+0001   -0.39380073E+0001    0.79375201E+0000         1
 34550   -0.39387868E+0001   -0.39387868E+0001    0.63760377E+0000         1
 34600   -0.39391729E+0001   -0.39391729E+0001    0.59722524E+0000         1
 34650   -0.39394031E+0001   -0.39394031E+0001    0.40020909E+0000         1
 34700   -0.39386542E+0001   -0.39386542E+0001    0.54327816E+0000         1
 34750   -0.39388288E+0001   -0.39388288E+0001    0.55245012E+0000         1
 34800   -0.39391383E+0001   -0.39391383E+0001    0.45308720E+0000         1
 34850   -0.39390356E+0001   -0.39390356E+0001    0.51184793E+0000         1
 34900   -0.39384098E+0001   -0.39384098E+0001    0.67352452E+0000         1
 34950   -0.39390812E+0001   -0.39390812E+0001    0.56274102E+0000         1
 35000   -0.39394153E+0001   -0.39394153E+0001    0.41016608E+0000         1
 35050   -0.39391283E+0001   -0.39391283E+0001    0.52091960E+0000         1
 35100   -0.39391950E+0001   -0.39391950E+0001    0.51333443E+0000         1
 35150   -0.39394133E+0001   -0.39394133E+0001    0.40909251E+0000         1
 35200   -0.39393010E+0001   -0.39393010E+0001    0.46200022E+0000         1
 35250   -0.39393723E+0001   -0.39393723E+0001    0.35708120E+0000         1
 35300   -0.39396068E+0001   -0.39396068E+0001    0.29453818E+0000         1
 35350   -0.39391692E+0001   -0.39391692E+0001    0.47314424E+0000         1
 35400   -0.39392839E+0001   -0.39392839E+0001    0.51880890E+0000         1
 35450   -0.39388250E+0001   -0.39388250E+0001    0.57343116E+0000         1
 35500   -0.39390830E+0001   -0.39390830E+0001    0.50553022E+0000         1
 35550   -0.39392149E+0001   -0.39392149E+0001    0.45430569E+0000         1
 35600   -0.39396841E+0001   -0.39396841E+0001    0.29959565E+0000         1
 35650   -0.39391406E+0001   -0.39391406E+0001    0.54240469E+0000         1
 35700   -0.39389361E+0001   -0.39389361E+0001    0.54860987E+0000         1
 35750   -0.39388756E+0001   -0.39388756E+0001    0.58511267E+0000         1
 35800   -0.39390988E+0001   -0.39390988E+0001    0.46132129E+0000         1
 35850   -0.39384954E+0001   -0.39384954E+0001    0.54718005E+0000         1
 35900   -0.39387584E+0001   -0.39387584E+0001    0.67508662E+0000         1
 35950   -0.39390970E+0001   -0.39390970E+0001    0.46202523E+0000         1
 36000   -0.39378461E+0001   -0.39378461E+0001    0.75627581E+0000         1
 36050   -0.39385489E+0001   -0.39385489E+0001    0.64427992E+0000         1
 36100   -0.39387250E+0001   -0.39387250E+0001    0.63957736E+0000         1
 36150   -0.39379417E+0001   -0.39379417E+0001    0.72593567E+0000         1
 36200   -0.39385293E+0001   -0.39385293E+0001    0.59245584E+0000         1
 36250   -0.39390649E+0001   -0.39390649E+0001    0.42213200E+0000         1
 36300   -0.39385875E+0001   -0.39385875E+0001    0.53241840E+0000         1
 36350   -0.39383162E+0001   -0.39383162E+0001    0.71368765E+0000         1
 36400   -0.39381526E+0001   -0.39381526E+0001    0.64844398E+0000         1
 36450   -0.39386748E+0001   -0.39386748E+0001    0.50624794E+0000         1
 36500   -0.39391492E+0001   -0.39391492E+0001    0.44433524E+0000         1
 36550   -0.39387114E+0001   -0.39387114E+0001    0.62276267E+0000         1
 36600   -0.39386712E+0001   -0.39386712E+0001    0.63286916E+0000         1
 36650   -0.39389725E+0001   -0.39389725E+0001    0.55101831E+0000         1
 36700   -0.39390863E+0001   -0.39390863E+0001    0.62324032E+0000         1
 36750   -0.39393395E+0001   -0.39393395E+0001    0.42995272E+0000         1
 36800   -0.39386809E+0001   -0.39386809E+0001    0.48255640E+0000         1
 36850   -0.39389692E+0001   -0.39389692E+0001    0.45129477E+0000         1
 36900   -0.39389658E+0001   -0.39389658E+0001    0.53006750E+0000         1
 36950   -0.39389903E+0001   -0.39389903E+0001    0.49141292E+0000         1
 37000   -0.39389160E+0001   -0.39389160E+0001    0.49497426E+0000         1
 37050   -0.39387710E+0001   -0.39387710E+0001    0.62817855E+0000         1
 37100   -0.39387962E+0001   -0.39387962E+0001    0.58411302E+0000         1
 37150   -0.39386034E+0001   -0.39386034E+0001    0.59712101E+0000         1
 37200   -0.39389826E+0001   -0.39389826E+0001    0.55150869E+0000         1
 37250   -0.39388992E+0001   -0.39388992E+0001    0.65102563E+0000         1
 37300   -0.39394098E+0001   -0.39394098E+0001    0.37486395E+0000         1
 37350   -0.39387077E+0001   -0.39387077E+0001    0.69276460E+0000         1
 37400   -0.39393991E+0001   -0.39393991E+0001    0.41211871E+0000         1
 37450   -0.39391709E+0001   -0.39391709E+0001    0.50384570E+0000         1
 37500   -0.39391736E+0001   -0.39391736E+0001    0.41378221E+0000         1
 37550   -0.39391099E+0001   -0.39391099E+0001    0.44683656E+0000         1
 37600   -0.39389151E+0001   -0.39389151E+0001    0.53303377E+0000         1
 37650   -0.39389974E+0001   -0.39389974E+0001    0.57634111E+0000         1
 37700   -0.39384568E+0001   -0.39384568E+0001    0.71698138E+0000         1
 37750   -0.39382106E+0001   -0.39382106E+0001    0.76062841E+0000         1
 37800   -0.39391175E+0001   -0.39391175E+0001    0.44610809E+0000         1
 37850   -0.39392724E+0001   -0.39392724E+0001    0.39032227E+0000         1
 37900   -0.39396372E+0001   -0.39396372E+0001    0.30859995E+0000         1
 37950   -0.39394022E+0001   -0.39394022E+0001    0.50995507E+0000         1
 38000   -0.39394199E+0001   -0.39394199E+0001    0.36578196E+0000         1
 38050   -0.39395119E+0001   -0.39395119E+0001    0.40740917E+0000         1
 38100   -0.39395397E+0001   -0.39395397E+0001    0.29518997E+0000         1
 38150   -0.39394331E+0001   -0.39394331E+0001    0.35709593E+0000         1
 38200   -0.39393043E+0001   -0.39393043E+0001    0.44844024E+0000         1
 38250   -0.39384664E+0001   -0.39384664E+0001    0.65723753E+0000         1
 38300   -0.39388353E+0001   -0.39388353E+0001    0.50335376E+0000         1
 38350   -0.39388710E+0001   -0.39388710E+0001    0.47611439E+0000         1
 38400   -0.39391798E+0001   -0.39391798E+0001    0.45763063E+0000         1
 38450   -0.39389258E+0001   -0.39389258E+0001    0.62456239E+0000         1
 38500   -0.39388762E+0001   -0.39388762E+0001    0.58075739E+0000         1
 38550   -0.39391648E+0001   -0.39391648E+0001    0.49371680E+0000         1
 38600   -0.39386060E+0001   -0.39386060E+0001    0.65011062E+0000         1
 38650   -0.39388181E+0001   -0.39388181E+0001    0.51546264E+0000         1
 38700   -0.39384295E+0001   -0.39384295E+0001    0.59557293E+0000         1
 38750   -0.39392590E+0001   -0.39392590E+0001    0.44885730E+0000         1
 38800   -0.39389461E+0001   -0.39389461E+0001    0.51699556E+0000         1
 38850   -0.39393323E+0001   -0.39393323E+0001    0.43743092E+0000         1
 38900   -0.39394180E+0001   -0.39394180E+0001    0.40681511E+0000         1
 38950   -0.39393102E+0001   -0.39393102E+0001    0.43750582E+0000         1
 39000   -0.39391234E+0001   -0.39391234E+0001    0.52627783E+0000         1
 39050   -0.39391630E+0001   -0.39391630E+0001    0.54728703E+0000         1
 39100   -0.39393821E+0001   -0.39393821E+0001    0.35814858E+0000         1
 39150   -0.39386714E+0001   -0.39386714E+0001    0.60216463E+0000         1
 39200   -0.39379829E+0001   -0.39379829E+0001    0.76908523E+0000         1
 39250   -0.39384710E+0001   -0.39384710E+0001    0.61501183E+0000         1
 39300   -0.39389958E+0001   -0.39389958E+0001    0.48517294E+0000         1
 39350   -0.39389845E+0001   -0.39389845E+0001    0.45594334E+0000         1
 39400   -0.39386434E+0001   -0.39386434E+0001    0.54394858E+0000         1
 39450   -0.39391545E+0001   -0.39391545E+0001    0.44361826E+0000         1
 39500   -0.39391396E+0001   -0.39391396E+0001    0.51545640E+0000         1
 39550   -0.39393239E+0001   -0.39393239E+0001    0.46395745E+0000         1
 39600   -0.39389207E+0001   -0.39389207E+0001    0.56350737E+0000         1
 39650   -0.39390554E+0001   -0.39390554E+0001    0.48700927E+0000         1
 39700   -0.39390009E+0001   -0.39390009E+0001    0.46912725E+0000         1
 39750   -0.39390644E+0001   -0.39390644E+0001    0.46261773E+0000         1
 39800   -0.39385941E+0001   -0.39385941E+0001    0.63106577E+0000         1
 39850   -0.39382696E+0001   -0.39382696E+0001    0.64711068E+0000         1
 39900   -0.39393652E+0001   -0.39393652E+0001    0.40574259E+0000         1
 39950   -0.39384750E+0001   -0.39384750E+0001    0.66237815E+0000         1
 40000   -0.39391873E+0001   -0.39391873E+0001    0.45828451E+0000         1
 40050   -0.39387757E+0001   -0.39387757E+0001    0.59318828E+0000         1
 40100   -0.39389800E+0001   -0.39389800E+0001    0.48650789E+0000         1
 40150   -0.39391234E+0001   -0.39391234E+0001    0.42538111E+0000         1
 40200   -0.39392928E+0001   -0.39392928E+0001    0.37988330E+0000         1
 40250   -0.39390873E+0001   -0.39390873E+0001    0.58354493E+0000         1
 40300   -0.39381313E+0001   -0.39381313E+0001    0.63716374E+0000         1
 40350   -0.39386006E+0001   -0.39386006E+0001    0.59849433E+0000         1
 40400   -0.39391857E+0001   -0.39391857E+0001    0.45922346E+0000         1
 40450   -0.39383952E+0001   -0.39383952E+0001    0.61544567E+0000         1
 40500   -0.39390890E+0001   -0.39390890E+0001    0.42582033E+0000         1
 40550   -0.39389096E+0001   -0.39389096E+0001    0.56341744E+0000         1
 40600   -0.39387020E+0001   -0.39387020E+0001    0.50159260E+0000         1
 40650   -0.39388431E+0001   -0.39388431E+0001    0.45663534E+0000         1
 40700   -0.39387334E+0001   -0.39387334E+0001    0.52510451E+0000         1
 40750   -0.39390683E+0001   -0.39390683E+0001    0.48091608E+0000         1
 40800   -0.39382099E+0001   -0.39382099E+0001    0.74811554E+0000         1
 40850   -0.39388703E+0001   -0.39388703E+0001    0.49902664E+0000         1
 40900   -0.39387966E+0001   -0.39387966E+0001    0.45682363E+0000         1
 40950   -0.39388518E+0001   -0.39388518E+0001    0.49165259E+0000         1
 41000   -0.39386195E+0001   -0.39386195E+0001    0.55738573E+0000         1
 41050   -0.39389331E+0001   -0.39389331E+0001    0.51094475E+0000         1
 41100   -0.39390495E+0001   -0.39390495E+0001    0.52697097E+0000         1
 41150   -0.39392086E+0001   -0.39392086E+0001    0.42628760E+0000         1
 41200   -0.39389785E+0001   -0.39389785E+0001    0.52443134E+0000         1
 41250   -0.39390987E+0001   -0.39390987E+0001    0.44609558E+0000         1
 41300   -0.39384712E+0001   -0.39384712E+0001    0.59079808E+0000         1
 41350   -0.39386007E+0001   -0.39386007E+0001    0.58389699E+0000         1
 41400   -0.39392160E+0001   -0.39392160E+0001    0.40409743E+0000         1
 41450   -0.39391341E+0001   -0.39391341E+0001    0.40009607E+0000         1
 41500   -0.39389116E+0001   -0.39389116E+0001    0.58642500E+0000         1
 41550   -0.39390991E+0001   -0.39390991E+0001    0.44314651E+0000         1
 41600   -0.39394640E+0001   -0.39394640E+0001    0.33645006E+0000         1
 41650   -0.39392873E+0001   -0.39392873E+0001    0.39841217E+0000         1
 41700   -0.39388947E+0001   -0.39388947E+0001    0.52652299E+0000         1
 41750   -0.39393602E+0001   -0.39393602E+0001    0.43129524E+0000         1
 41800   -0.39387927E+0001   -0.39387927E+0001    0.52265997E+0000         1
 41850   -0.39387861E+0001   -0.39387861E+0001    0.56885700E+0000         1
 41900   -0.39391578E+0001   -0.39391578E+0001    0.53675489E+0000         1
 41950   -0.39386169E+0001   -0.39386169E+0001    0.58652685E+0000         1
 42000   -0.39382011E+0001   -0.39382011E+0001    0.66440979E+0000         1
 42050   -0.39382610E+0001   -0.39382610E+0001    0.70254336E+0000         1
 42100   -0.39388423E+0001   -0.39388423E+0001    0.51403554E+0000         1
 42150   -0.39387838E+0001   -0.39387838E+0001    0.54717561E+0000         1
 42200   -0.39388930E+0001   -0.39388930E+0001    0.58634346E+0000         1
 42250   -0.39384795E+0001   -0.39384795E+0001    0.62484805E+0000         1
 42300   -0.39382467E+0001   -0.39382467E+0001    0.68194607E+0000         1
 42350   -0.39390862E+0001   -0.39390862E+0001    0.47768249E+0000         1
 42400   -0.39387790E+0001   -0.39387790E+0001    0.52589834E+0000         1
 42450   -0.39387888E+0001   -0.39387888E+0001    0.61397104E+0000         1
 42500   -0.39385461E+0001   -0.39385461E+0001    0.62429723E+0000         1
 42550   -0.39384818E+0001   -0.39384818E+0001    0.67257967E+0000         1
 42600   -0.39381157E+0001   -0.39381157E+0001    0.76596616E+0000         1
 42650   -0.39384243E+0001   -0.39384243E+0001    0.64487103E+0000         1
 42700   -0.39385054E+0001   -0.39385054E+0001    0.68413899E+0000         1
 42750   -0.39391409E+0001   -0.39391409E+0001    0.60493513E+0000         1
 42800   -0.39388358E+0001   -0.39388358E+0001    0.69021321E+0000         1
 42850   -0.39389732E+0001   -0.39389732E+0001    0.56035578E+0000         1
 42900   -0.39387693E+0001   -0.39387693E+0001    0.58576383E+0000         1
 42950   -0.39386336E+0001   -0.39386336E+0001    0.60827948E+0000         1
 43000   -0.39383799E+0001   -0.39383799E+0001    0.64781930E+0000         1
 43050   -0.39390789E+0001   -0.39390789E+0001    0.44858905E+0000         1
 43100   -0.39391612E+0001   -0.39391612E+0001    0.48933155E+0000         1
 43150   -0.39395380E+0001   -0.39395380E+0001    0.37550208E+0000         1
 43200   -0.39388003E+0001   -0.39388003E+0001    0.55960611E+0000         1
 43250   -0.39390875E+0001   -0.39390875E+0001    0.50910367E+0000         1
 43300   -0.39394341E+0001   -0.39394341E+0001    0.50197077E+0000         1
 43350   -0.39396529E+0001   -0.39396529E+0001    0.33903036E+0000         1
 43400   -0.39393495E+0001   -0.39393495E+0001    0.45971121E+0000         1
 43450   -0.39391494E+0001   -0.39391494E+0001    0.49485423E+0000         1
 43500   -0.39390058E+0001   -0.39390058E+0001    0.54631001E+0000         1
 43550   -0.39389254E+0001   -0.39389254E+0001    0.55195552E+0000         1
 43600   -0.39393038E+0001   -0.39393038E+0001    0.40341752E+0000         1
 43650   -0.39389319E+0001   -0.39389319E+0001    0.55406690E+0000         1
 43700   -0.39382897E+0001   -0.39382897E+0001    0.72091964E+0000         1
 43750   -0.39383909E+0001   -0.39383909E+0001    0.60540191E+0000         1
 43800   -0.39385853E+0001   -0.39385853E+0001    0.60128047E+0000         1
 43850   -0.39384183E+0001   -0.39384183E+0001    0.65008845E+0000         1
 43900   -0.39390957E+0001   -0.39390957E+0001    0.47852739E+0000         1
 43950   -0.39391537E+0001   -0.39391537E+0001    0.46098325E+0000         1
 44000   -0.39389670E+0001   -0.39389670E+0001    0.53746901E+0000         1
 44050   -0.39389663E+0001   -0.39389663E+0001    0.48758625E+0000         1
 44100   -0.39394543E+0001   -0.39394543E+0001    0.31246906E+0000         1
 44150   -0.39392853E+0001   -0.39392853E+0001    0.52587083E+0000         1
 44200   -0.39396083E+0001   -0.39396083E+0001    0.30736703E+0000         1
 44250   -0.39386220E+0001   -0.39386220E+0001    0.59196986E+0000         1
 44300   -0.39382867E+0001   -0.39382867E+0001    0.66906968E+0000         1
 44350   -0.39383831E+0001   -0.39383831E+0001    0.67214644E+0000         1
 44400   -0.39388755E+0001   -0.39388755E+0001    0.55093939E+0000         1
 44450   -0.39387791E+0001   -0.39387791E+0001    0.57506225E+0000         1
 44500   -0.39390513E+0001   -0.39390513E+0001    0.60612758E+0000         1
 44550   -0.39397281E+0001   -0.39397281E+0001    0.30494131E+0000         1
 44600   -0.39394087E+0001   -0.39394087E+0001    0.40670635E+0000         1
 44650   -0.39391621E+0001   -0.39391621E+0001    0.47239185E+0000         1
 44700   -0.39391774E+0001   -0.39391774E+0001    0.41266367E+0000         1
 44750   -0.39387677E+0001   -0.39387677E+0001    0.59077143E+0000         1
 44800   -0.39393866E+0001   -0.39393866E+0001    0.45255460E+0000         1
 44850   -0.39391976E+0001   -0.39391976E+0001    0.51846715E+0000         1
 44900   -0.39380872E+0001   -0.39380872E+0001    0.90412324E+0000         1
 44950   -0.39383700E+0001   -0.39383700E+0001    0.72793541E+0000         1
 45000   -0.39385421E+0001   -0.39385421E+0001    0.73231971E+0000         1
 45050   -0.39391829E+0001   -0.39391829E+0001    0.48952409E+0000         1
 45100   -0.39393487E+0001   -0.39393487E+0001    0.45083130E+0000         1
 45150   -0.39391358E+0001   -0.39391358E+0001    0.56261684E+0000         1
 45200   -0.39390604E+0001   -0.39390604E+0001    0.62869952E+0000         1
 45250   -0.39387239E+0001   -0.39387239E+0001    0.63223478E+0000         1
 45300   -0.39388451E+0001   -0.39388451E+0001    0.55810096E+0000         1
 45350   -0.39383813E+0001   -0.39383813E+0001    0.73543971E+0000         1
 45400   -0.39390625E+0001   -0.39390625E+0001    0.52487747E+0000         1
 45450   -0.39390881E+0001   -0.39390881E+0001    0.48123625E+0000         1
 45500   -0.39387943E+0001   -0.39387943E+0001    0.59109008E+0000         1
 45550   -0.39389446E+0001   -0.39389446E+0001    0.48606033E+0000         1
 45600   -0.39388077E+0001   -0.39388077E+0001    0.55847483E+0000         1
 45650   -0.39389507E+0001   -0.39389507E+0001    0.51090205E+0000         1
 45700   -0.39386894E+0001   -0.39386894E+0001    0.57708015E+0000         1
 45750   -0.39384236E+0001   -0.39384236E+0001    0.69136303E+0000         1
 45800   -0.39381163E+0001   -0.39381163E+0001    0.71282637E+0000         1
 45850   -0.39386606E+0001   -0.39386606E+0001    0.53721696E+0000         1
 45900   -0.39380906E+0001   -0.39380906E+0001    0.65878216E+0000         1
 45950   -0.39387295E+0001   -0.39387295E+0001    0.52147604E+0000         1
 46000   -0.39383748E+0001   -0.39383748E+0001    0.60716089E+0000         1
 46050   -0.39380188E+0001   -0.39380188E+0001    0.60080274E+0000         1
 46100   -0.39386225E+0001   -0.39386225E+0001    0.47305734E+0000         1
 46150   -0.39388448E+0001   -0.39388448E+0001    0.44066833E+0000         1
 46200   -0.39392385E+0001   -0.39392385E+0001    0.38375227E+0000         1
 46250   -0.39393461E+0001   -0.39393461E+0001    0.43935513E+0000         1
 46300   -0.39393151E+0001   -0.39393151E+0001    0.47601148E+0000         1
 46350   -0.39392168E+0001   -0.39392168E+0001    0.45591132E+0000         1
 46400   -0.39390435E+0001   -0.39390435E+0001    0.51567086E+0000         1
 46450   -0.39392427E+0001   -0.39392427E+0001    0.49762700E+0000         1
 46500   -0.39393823E+0001   -0.39393823E+0001    0.44861765E+0000         1
 46550   -0.39396570E+0001   -0.39396570E+0001    0.28746736E+0000         1
 46600   -0.39393934E+0001   -0.39393934E+0001    0.40636023E+0000         1
 46650   -0.39385913E+0001   -0.39385913E+0001    0.59678272E+0000         1
 46700   -0.39383387E+0001   -0.39383387E+0001    0.62334179E+0000         1
 46750   -0.39391585E+0001   -0.39391585E+0001    0.44513341E+0000         1
 46800   -0.39391843E+0001   -0.39391843E+0001    0.50138007E+0000         1
 46850   -0.39391848E+0001   -0.39391848E+0001    0.52011913E+0000         1
 46900   -0.39395140E+0001   -0.39395140E+0001    0.44758053E+0000         1
 46950   -0.39395431E+0001   -0.39395431E+0001    0.39006405E+0000         1
 47000   -0.39393866E+0001   -0.39393866E+0001    0.38588645E+0000         1
 47050   -0.39389153E+0001   -0.39389153E+0001    0.57561162E+0000         1
 47100   -0.39388888E+0001   -0.39388888E+0001    0.49239830E+0000         1
 47150   -0.39392217E+0001   -0.39392217E+0001    0.40241531E+0000         1
 47200   -0.39385176E+0001   -0.39385176E+0001    0.59003137E+0000         1
 47250   -0.39386928E+0001   -0.39386928E+0001    0.61068293E+0000         1
 47300   -0.39392211E+0001   -0.39392211E+0001    0.47993306E+0000         1
 47350   -0.39392289E+0001   -0.39392289E+0001    0.45926534E+0000         1
 47400   -0.39391920E+0001   -0.39391920E+0001    0.51590727E+0000         1
 47450   -0.39393551E+0001   -0.39393551E+0001    0.41027195E+0000         1
 47500   -0.39391281E+0001   -0.39391281E+0001    0.48059889E+0000         1
 47550   -0.39390510E+0001   -0.39390510E+0001    0.57559646E+0000         1
 47600   -0.39387473E+0001   -0.39387473E+0001    0.58966026E+0000         1
 47650   -0.39388232E+0001   -0.39388232E+0001    0.64041520E+0000         1
 47700   -0.39389181E+0001   -0.39389181E+0001    0.60072366E+0000         1
 47750   -0.39393738E+0001   -0.39393738E+0001    0.45685762E+0000         1
 47800   -0.39393932E+0001   -0.39393932E+0001    0.44134509E+0000         1
 47850   -0.39392808E+0001   -0.39392808E+0001    0.41707232E+0000         1
 47900   -0.39390052E+0001   -0.39390052E+0001    0.60061793E+0000         1
 47950   -0.39387448E+0001   -0.39387448E+0001    0.53971270E+0000         1
 48000   -0.39387120E+0001   -0.39387120E+0001    0.52231114E+0000         1
